lengthMiddleSegment: 17148.06875
step_energy: 0.05
electrostatic_force_factor: 1.0
spring_force_factor: 0.1
reject_force_factor: 2.0
distanceRejectRadius: 4287.0171875
distanceSamePosition: 4287.0171875
Iteration;time;energy;num nodes;reject force is enabled;spring force is enabled;electrostatic force is enabled;str_force;rep_force;elec_force
1;0;13,38;261;false;true;true;5,95;0;7,58
2;0,04;15,55;246;false;true;true;6,02;0;10,17
3;0,08;12,54;232;false;true;true;5,96;0;7,67
4;0,09;10,35;216;false;true;true;4,46;0;7,11
5;0,09;9,71;203;false;true;true;4,6;0;6,42
6;0,09;9,68;194;false;true;true;4,28;0;6,17
7;0,1;9,28;187;false;true;true;4,02;0;6,36
8;0,1;8,93;178;false;true;true;4,02;0;6,38
9;0,1;8,74;169;false;true;true;4,2;0;6,13
10;0,11;7,93;163;false;true;true;4,15;0;5,55
11;0,11;7,82;154;false;true;true;4,1;0;5,7
12;0,11;7,49;147;false;true;true;3,96;0;5,93
13;0,11;6,41;141;false;true;true;3,43;0;4,7
14;0,11;4,55;136;false;true;true;2,96;0;3,04
15;0,11;4,21;134;false;true;true;2,77;0;3,03
16;0,12;4,01;132;false;true;true;2,71;0;3,05
17;0,12;3,11;130;false;true;true;2,5;0;2,64
18;0,12;3,12;129;false;true;true;2,63;0;2,9
19;0,12;3,27;127;false;true;true;2,36;0;2,31
20;0,12;3;125;false;true;true;2,29;0;1,77
21;0,12;1,89;124;false;true;true;1,88;0;1,18
22;0,12;1,72;124;false;true;true;1,8;0;1,24
23;0,12;1,62;124;false;true;true;1,79;0;1,29
24;0,12;1,57;124;false;true;true;1,86;0;1,35
25;0,13;1,53;124;false;true;true;1,96;0;1,42
26;0,13;1,52;124;false;true;true;2,06;0;1,5
27;0,13;1,54;124;false;true;true;2,16;0;1,6
28;0,13;1,61;124;false;true;true;2,26;0;1,75
29;0,13;1,8;124;false;true;true;2,38;0;2,03
30;0,13;1,69;123;false;true;true;2,2;0;1,43
31;0,13;1,65;123;false;true;true;2,16;0;1,53
32;0,13;1,67;123;false;true;true;2,21;0;1,67
33;0,14;1,76;123;false;true;true;2,28;0;1,86
34;0,14;1,98;123;false;true;true;2,4;0;2,2
35;0,14;1,98;121;false;true;true;2,13;0;1,09
36;0,14;1,78;121;false;true;true;1,87;0;1,16
37;0,14;1,69;121;false;true;true;1,76;0;1,24
38;0,14;1,65;121;false;true;true;1,76;0;1,33
39;0,14;1,65;121;false;true;true;1,84;0;1,46
40;0,14;1,74;121;false;true;true;1,96;0;1,66
41;0,14;1,62;120;false;true;true;1,98;0;1,19
42;0,14;1,54;120;false;true;true;1,9;0;1,25
43;0,14;1,49;120;false;true;true;1,87;0;1,32
44;0,15;1,47;120;false;true;true;1,88;0;1,39
45;0,15;1,48;120;false;true;true;1,94;0;1,49
46;0,15;1,53;120;false;true;true;2,03;0;1,63
47;0,15;1,67;120;false;true;true;2,15;0;1,87
48;0,15;1,52;119;false;true;true;2,1;0;1,32
49;0,15;1,46;119;false;true;true;2,02;0;1,38
50;0,15;1,43;119;false;true;true;1,99;0;1,46
51;0,15;1,43;119;false;true;true;2,01;0;1,55
52;0,15;1,45;119;false;true;true;2,08;0;1,66
53;0,16;1,5;119;false;true;true;2,18;0;1,8
54;0,16;1,63;119;false;true;true;2,32;0;2,02
55;0,16;1,93;119;false;true;true;2,5;0;2,43
56;0,16;1,8;117;false;true;true;1,97;0;1,04
57;0,16;1,61;117;false;true;true;1,76;0;1,1
58;0,16;1,52;117;false;true;true;1,64;0;1,15
59;0,16;1,45;117;false;true;true;1,6;0;1,21
60;0,16;1,41;117;false;true;true;1,66;0;1,27
61;0,16;1,39;117;false;true;true;1,74;0;1,34
62;0,16;1,39;117;false;true;true;1,83;0;1,43
63;0,17;1,43;117;false;true;true;1,91;0;1,56
64;0,17;1,58;117;false;true;true;2,02;0;1,81
65;0,17;1,37;116;false;true;true;1,85;0;1,15
66;0,17;1,27;116;false;true;true;1,75;0;1,19
67;0,17;1,19;116;false;true;true;1,67;0;1,23
68;0,17;1,12;116;false;true;true;1,65;0;1,27
69;0,17;1,08;116;false;true;true;1,69;0;1,31
70;0,17;1,04;116;false;true;true;1,75;0;1,36
71;0,18;1,01;116;false;true;true;1,8;0;1,4
72;0,18;0,99;116;false;true;true;1,85;0;1,45
73;0,18;0,98;116;false;true;true;1,9;0;1,51
74;0,18;0,97;116;false;true;true;1,95;0;1,57
75;0,18;0,98;116;false;true;true;2,01;0;1,65
76;0,18;1,01;116;false;true;true;2,07;0;1,75
77;0,18;1,08;116;false;true;true;2,14;0;1,9
78;0,18;0,89;115;false;true;true;1,82;0;1,15
79;0,18;0,85;115;false;true;true;1,79;0;1,18
80;0,19;0,84;115;false;true;true;1,79;0;1,22
81;0,19;0,84;115;false;true;true;1,81;0;1,28
82;0,19;0,87;115;false;true;true;1,84;0;1,35
83;0,19;0,94;115;false;true;true;1,89;0;1,47
84;0,19;1,1;114;false;true;true;1,53;0;0,8
85;0,19;0,97;114;false;true;true;1,38;0;0,82
86;0,19;0,91;114;false;true;true;1,32;0;0,83
87;0,19;0,86;114;false;true;true;1,3;0;0,84
88;0,19;0,83;114;false;true;true;1,32;0;0,85
89;0,19;0,8;114;false;true;true;1,35;0;0,86
90;0,19;0,77;114;false;true;true;1,37;0;0,87
91;0,2;0,76;114;false;true;true;1,39;0;0,88
92;0,2;0,74;114;false;true;true;1,4;0;0,89
93;0,2;0,72;114;false;true;true;1,41;0;0,9
94;0,2;0,71;114;false;true;true;1,42;0;0,91
95;0,2;0,7;114;false;true;true;1,43;0;0,92
96;0,2;0,68;114;false;true;true;1,43;0;0,93
97;0,2;0,67;114;false;true;true;1,44;0;0,94
98;0,2;0,66;114;false;true;true;1,44;0;0,95
99;0,2;0,66;114;false;true;true;1,45;0;0,96
100;0,21;0,65;114;false;true;true;1,46;0;0,97
101;0,21;0,64;114;false;true;true;1,46;0;0,98
102;0,21;0,63;114;false;true;true;1,47;0;0,99
103;0,21;0,63;114;false;true;true;1,48;0;1
104;0,21;0,63;114;false;true;true;1,49;0;1,01
105;0,21;0,62;114;false;true;true;1,49;0;1,02
106;0,21;0,62;114;false;true;true;1,5;0;1,03
107;0,22;0,61;114;false;true;true;1,51;0;1,05
108;0,22;0,61;114;false;true;true;1,52;0;1,06
109;0,22;0,61;114;false;true;true;1,53;0;1,07
110;0,22;0,61;114;false;true;true;1,54;0;1,09
111;0,22;0,61;114;false;true;true;1,56;0;1,11
112;0,22;0,62;114;false;true;true;1,57;0;1,13
113;0,22;0,62;114;false;true;true;1,59;0;1,16
114;0,22;0,63;114;false;true;true;1,61;0;1,18
115;0,22;0,65;114;false;true;true;1,63;0;1,22
116;0,23;0,67;114;false;true;true;1,67;0;1,26
117;0,23;0,7;114;false;true;true;1,7;0;1,32
118;0,23;0,76;114;false;true;true;1,76;0;1,41
119;0,23;0,87;114;false;true;true;1,83;0;1,57
120;0,23;0,96;113;false;true;true;1,4;0;0,8
121;0,23;0,85;113;false;true;true;1,27;0;0,81
122;0,23;0,8;113;false;true;true;1,23;0;0,82
123;0,23;0,76;113;false;true;true;1,22;0;0,84
124;0,23;0,73;113;false;true;true;1,25;0;0,85
125;0,23;0,71;113;false;true;true;1,27;0;0,85
126;0,24;0,69;113;false;true;true;1,3;0;0,86
127;0,24;0,68;113;false;true;true;1,32;0;0,87
128;0,24;0,66;113;false;true;true;1,33;0;0,88
129;0,24;0,65;113;false;true;true;1,34;0;0,89
130;0,24;0,64;113;false;true;true;1,35;0;0,89
131;0,24;0,63;113;false;true;true;1,36;0;0,9
132;0,24;0,62;113;false;true;true;1,37;0;0,91
133;0,24;0,61;113;false;true;true;1,37;0;0,92
134;0,24;0,61;113;false;true;true;1,38;0;0,92
135;0,25;0,6;113;false;true;true;1,38;0;0,93
136;0,25;0,59;113;false;true;true;1,39;0;0,94
137;0,25;0,58;113;false;true;true;1,4;0;0,95
138;0,25;0,58;113;false;true;true;1,4;0;0,95
139;0,25;0,57;113;false;true;true;1,41;0;0,96
140;0,25;0,57;113;false;true;true;1,41;0;0,97
141;0,25;0,56;113;false;true;true;1,42;0;0,98
142;0,25;0,56;113;false;true;true;1,42;0;0,98
143;0,25;0,56;113;false;true;true;1,43;0;0,99
144;0,25;0,55;113;false;true;true;1,43;0;1
145;0,26;0,55;113;false;true;true;1,44;0;1,01
146;0,26;0,55;113;false;true;true;1,45;0;1,02
147;0,26;0,55;113;false;true;true;1,46;0;1,03
148;0,26;0,54;113;false;true;true;1,46;0;1,04
149;0,26;0,54;113;false;true;true;1,47;0;1,05
150;0,26;0,54;113;false;true;true;1,48;0;1,06
151;0,26;0,54;113;false;true;true;1,49;0;1,08
152;0,27;0,54;113;false;true;true;1,5;0;1,09
153;0,27;0,55;113;false;true;true;1,52;0;1,11
154;0,27;0,55;113;false;true;true;1,53;0;1,13
155;0,27;0,56;113;false;true;true;1,54;0;1,14
156;0,27;0,56;113;false;true;true;1,56;0;1,17
157;0,27;0,57;113;false;true;true;1,58;0;1,19
158;0,27;0,59;113;false;true;true;1,61;0;1,23
159;0,28;0,61;113;false;true;true;1,64;0;1,27
160;0,28;0,64;113;false;true;true;1,68;0;1,33
161;0,28;0,7;113;false;true;true;1,72;0;1,41
162;0,28;0,8;113;false;true;true;1,79;0;1,55
163;0,28;0,93;112;false;true;true;1,36;0;0,79
164;0,28;0,81;112;false;true;true;1,24;0;0,81
165;0,28;0,76;112;false;true;true;1,2;0;0,82
166;0,28;0,73;112;false;true;true;1,19;0;0,83
167;0,28;0,7;112;false;true;true;1,22;0;0,84
168;0,28;0,67;112;false;true;true;1,24;0;0,85
169;0,29;0,66;112;false;true;true;1,27;0;0,85
170;0,29;0,64;112;false;true;true;1,28;0;0,86
171;0,29;0,63;112;false;true;true;1,29;0;0,87
172;0,29;0,62;112;false;true;true;1,31;0;0,87
173;0,29;0,61;112;false;true;true;1,32;0;0,88
174;0,29;0,6;112;false;true;true;1,32;0;0,89
175;0,29;0,59;112;false;true;true;1,33;0;0,89
176;0,29;0,58;112;false;true;true;1,33;0;0,9
177;0,29;0,58;112;false;true;true;1,34;0;0,91
178;0,29;0,57;112;false;true;true;1,35;0;0,91
179;0,3;0,56;112;false;true;true;1,35;0;0,92
180;0,3;0,55;112;false;true;true;1,36;0;0,92
181;0,3;0,55;112;false;true;true;1,36;0;0,93
182;0,3;0,55;112;false;true;true;1,37;0;0,94
183;0,3;0,54;112;false;true;true;1,37;0;0,94
184;0,3;0,54;112;false;true;true;1,38;0;0,95
185;0,3;0,53;112;false;true;true;1,38;0;0,95
186;0,31;0,53;112;false;true;true;1,38;0;0,96
187;0,31;0,53;112;false;true;true;1,39;0;0,97
188;0,31;0,52;112;false;true;true;1,39;0;0,97
189;0,31;0,52;112;false;true;true;1,4;0;0,98
190;0,31;0,52;112;false;true;true;1,4;0;0,99
191;0,31;0,51;112;false;true;true;1,41;0;0,99
192;0,31;0,51;112;false;true;true;1,41;0;1
193;0,31;0,51;112;false;true;true;1,42;0;1,01
194;0,31;0,51;112;false;true;true;1,42;0;1,02
195;0,31;0,5;112;false;true;true;1,43;0;1,02
196;0,31;0,5;112;false;true;true;1,44;0;1,03
197;0,32;0,5;112;false;true;true;1,44;0;1,04
198;0,32;0,5;112;false;true;true;1,45;0;1,05
199;0,32;0,5;112;false;true;true;1,46;0;1,06
200;0,32;0,5;112;false;true;true;1,46;0;1,07
201;0,32;0,5;112;false;true;true;1,47;0;1,08
202;0,32;0,5;112;false;true;true;1,48;0;1,1
203;0,32;0,51;112;false;true;true;1,49;0;1,11
204;0,32;0,51;112;false;true;true;1,51;0;1,13
205;0,32;0,51;112;false;true;true;1,52;0;1,14
206;0,32;0,52;112;false;true;true;1,54;0;1,16
207;0,33;0,53;112;false;true;true;1,56;0;1,19
208;0,33;0,54;112;false;true;true;1,58;0;1,21
209;0,33;0,56;112;false;true;true;1,6;0;1,25
210;0,33;0,59;112;false;true;true;1,64;0;1,29
211;0,33;0,62;112;false;true;true;1,67;0;1,35
212;0,33;0,68;112;false;true;true;1,72;0;1,44
213;0,33;0,8;112;false;true;true;1,8;0;1,59
214;0,33;0,89;111;false;true;true;1,32;0;0,79
215;0,33;0,78;111;false;true;true;1,21;0;0,8
216;0,34;0,73;111;false;true;true;1,17;0;0,82
217;0,34;0,7;111;false;true;true;1,17;0;0,82
218;0,34;0,67;111;false;true;true;1,2;0;0,83
219;0,34;0,65;111;false;true;true;1,23;0;0,84
220;0,34;0,64;111;false;true;true;1,25;0;0,85
221;0,34;0,62;111;false;true;true;1,27;0;0,85
222;0,34;0,61;111;false;true;true;1,28;0;0,86
223;0,34;0,6;111;false;true;true;1,29;0;0,87
224;0,34;0,59;111;false;true;true;1,3;0;0,87
225;0,34;0,58;111;false;true;true;1,3;0;0,88
226;0,34;0,57;111;false;true;true;1,31;0;0,88
227;0,35;0,56;111;false;true;true;1,32;0;0,89
228;0,35;0,55;111;false;true;true;1,32;0;0,89
229;0,35;0,55;111;false;true;true;1,33;0;0,9
230;0,35;0,54;111;false;true;true;1,33;0;0,9
231;0,35;0,53;111;false;true;true;1,33;0;0,91
232;0,35;0,53;111;false;true;true;1,34;0;0,91
233;0,35;0,53;111;false;true;true;1,34;0;0,92
234;0,35;0,52;111;false;true;true;1,34;0;0,92
235;0,35;0,52;111;false;true;true;1,35;0;0,93
236;0,35;0,52;111;false;true;true;1,35;0;0,93
237;0,36;0,51;111;false;true;true;1,35;0;0,94
238;0,36;0,51;111;false;true;true;1,36;0;0,94
239;0,36;0,5;111;false;true;true;1,36;0;0,95
240;0,36;0,5;111;false;true;true;1,36;0;0,95
241;0,36;0,5;111;false;true;true;1,37;0;0,96
242;0,36;0,5;111;false;true;true;1,37;0;0,97
243;0,36;0,49;111;false;true;true;1,38;0;0,97
244;0,36;0,49;111;false;true;true;1,38;0;0,98
245;0,36;0,49;111;false;true;true;1,38;0;0,98
246;0,37;0,48;111;false;true;true;1,39;0;0,99
247;0,37;0,48;111;false;true;true;1,39;0;0,99
248;0,37;0,48;111;false;true;true;1,4;0;1
249;0,37;0,48;111;false;true;true;1,4;0;1,01
250;0,37;0,48;111;false;true;true;1,41;0;1,01
251;0,37;0,48;111;false;true;true;1,41;0;1,02
252;0,37;0,48;111;false;true;true;1,42;0;1,03
253;0,37;0,48;111;false;true;true;1,42;0;1,03
254;0,37;0,47;111;false;true;true;1,43;0;1,04
255;0,37;0,48;111;false;true;true;1,44;0;1,05
256;0,38;0,48;111;false;true;true;1,44;0;1,06
257;0,38;0,48;111;false;true;true;1,45;0;1,07
258;0,38;0,48;111;false;true;true;1,46;0;1,08
259;0,38;0,48;111;false;true;true;1,47;0;1,09
260;0,38;0,48;111;false;true;true;1,48;0;1,1
261;0,38;0,48;111;false;true;true;1,49;0;1,11
262;0,38;0,49;111;false;true;true;1,5;0;1,12
263;0,38;0,49;111;false;true;true;1,51;0;1,14
264;0,38;0,5;111;false;true;true;1,52;0;1,15
265;0,38;0,5;111;false;true;true;1,54;0;1,17
266;0,38;0,51;111;false;true;true;1,56;0;1,2
267;0,39;0,53;111;false;true;true;1,58;0;1,22
268;0,39;0,55;111;false;true;true;1,61;0;1,25
269;0,39;0,57;111;false;true;true;1,64;0;1,3
270;0,39;0,61;111;false;true;true;1,68;0;1,35
271;0,39;0,66;111;false;true;true;1,72;0;1,44
272;0,39;0,78;111;false;true;true;1,8;0;1,59
273;0,39;0,88;110;false;true;true;1,32;0;0,79
274;0,39;0,77;110;false;true;true;1,21;0;0,8
275;0,39;0,73;110;false;true;true;1,17;0;0,81
276;0,4;0,69;110;false;true;true;1,17;0;0,82
277;0,4;0,67;110;false;true;true;1,2;0;0,83
278;0,4;0,65;110;false;true;true;1,23;0;0,84
279;0,4;0,63;110;false;true;true;1,24;0;0,84
280;0,4;0,61;110;false;true;true;1,26;0;0,85
281;0,4;0,6;110;false;true;true;1,27;0;0,85
282;0,4;0,59;110;false;true;true;1,28;0;0,86
283;0,4;0,58;110;false;true;true;1,29;0;0,87
284;0,4;0,57;110;false;true;true;1,3;0;0,87
285;0,4;0,57;110;false;true;true;1,31;0;0,88
286;0,41;0,56;110;false;true;true;1,31;0;0,88
287;0,41;0,55;110;false;true;true;1,31;0;0,88
288;0,41;0,54;110;false;true;true;1,32;0;0,89
289;0,41;0,54;110;false;true;true;1,32;0;0,89
290;0,41;0,53;110;false;true;true;1,33;0;0,9
291;0,41;0,53;110;false;true;true;1,33;0;0,9
292;0,41;0,52;110;false;true;true;1,33;0;0,91
293;0,41;0,52;110;false;true;true;1,33;0;0,91
294;0,41;0,52;110;false;true;true;1,34;0;0,92
295;0,41;0,51;110;false;true;true;1,34;0;0,92
296;0,41;0,51;110;false;true;true;1,34;0;0,92
297;0,42;0,5;110;false;true;true;1,35;0;0,93
298;0,42;0,5;110;false;true;true;1,35;0;0,93
299;0,42;0,49;110;false;true;true;1,35;0;0,94
300;0,42;0,49;110;false;true;true;1,35;0;0,94
301;0,42;0,49;110;false;true;true;1,36;0;0,94
302;0,42;0,49;110;false;true;true;1,36;0;0,95
303;0,42;0,48;110;false;true;true;1,36;0;0,95
304;0,42;0,48;110;false;true;true;1,37;0;0,96
305;0,42;0,48;110;false;true;true;1,37;0;0,96
306;0,43;0,48;110;false;true;true;1,37;0;0,97
307;0,43;0,47;110;false;true;true;1,37;0;0,97
308;0,43;0,47;110;false;true;true;1,37;0;0,98
309;0,43;0,47;110;false;true;true;1,38;0;0,98
310;0,43;0,47;110;false;true;true;1,38;0;0,99
311;0,43;0,47;110;false;true;true;1,39;0;0,99
312;0,43;0,47;110;false;true;true;1,39;0;1
313;0,43;0,47;110;false;true;true;1,39;0;1
314;0,43;0,46;110;false;true;true;1,4;0;1,01
315;0,43;0,46;110;false;true;true;1,4;0;1,01
316;0,44;0,46;110;false;true;true;1,41;0;1,02
317;0,44;0,46;110;false;true;true;1,41;0;1,02
318;0,44;0,46;110;false;true;true;1,42;0;1,03
319;0,44;0,46;110;false;true;true;1,42;0;1,04
320;0,44;0,46;110;false;true;true;1,43;0;1,04
321;0,44;0,46;110;false;true;true;1,43;0;1,05
322;0,44;0,46;110;false;true;true;1,44;0;1,06
323;0,44;0,46;110;false;true;true;1,44;0;1,07
324;0,44;0,46;110;false;true;true;1,45;0;1,07
325;0,44;0,46;110;false;true;true;1,46;0;1,08
326;0,44;0,46;110;false;true;true;1,47;0;1,09
327;0,45;0,47;110;false;true;true;1,48;0;1,1
328;0,45;0,47;110;false;true;true;1,49;0;1,11
329;0,45;0,47;110;false;true;true;1,5;0;1,13
330;0,45;0,48;110;false;true;true;1,51;0;1,14
331;0,45;0,48;110;false;true;true;1,52;0;1,15
332;0,45;0,49;110;false;true;true;1,53;0;1,17
333;0,45;0,5;110;false;true;true;1,55;0;1,19
334;0,45;0,5;110;false;true;true;1,57;0;1,21
335;0,45;0,52;110;false;true;true;1,59;0;1,24
336;0,46;0,54;110;false;true;true;1,62;0;1,28
337;0,46;0,57;110;false;true;true;1,65;0;1,32
338;0,46;0,61;110;false;true;true;1,69;0;1,39
339;0,46;0,69;110;false;true;true;1,75;0;1,49
340;0,46;0,89;109;false;true;true;1,33;0;0,78
341;0,46;0,77;109;false;true;true;1,21;0;0,8
342;0,46;0,72;109;false;true;true;1,16;0;0,81
343;0,46;0,69;109;false;true;true;1,16;0;0,82
344;0,46;0,66;109;false;true;true;1,19;0;0,82
345;0,46;0,64;109;false;true;true;1,22;0;0,83
346;0,47;0,62;109;false;true;true;1,24;0;0,84
347;0,47;0,61;109;false;true;true;1,25;0;0,84
348;0,47;0,6;109;false;true;true;1,27;0;0,85
349;0,47;0,59;109;false;true;true;1,28;0;0,85
350;0,47;0,58;109;false;true;true;1,29;0;0,86
351;0,47;0,57;109;false;true;true;1,29;0;0,86
352;0,47;0,56;109;false;true;true;1,3;0;0,87
353;0,47;0,55;109;false;true;true;1,3;0;0,87
354;0,47;0,54;109;false;true;true;1,3;0;0,88
355;0,47;0,54;109;false;true;true;1,31;0;0,88
356;0,47;0,53;109;false;true;true;1,31;0;0,88
357;0,48;0,53;109;false;true;true;1,31;0;0,89
358;0,48;0,52;109;false;true;true;1,32;0;0,89
359;0,48;0,52;109;false;true;true;1,32;0;0,9
360;0,48;0,51;109;false;true;true;1,32;0;0,9
361;0,48;0,51;109;false;true;true;1,32;0;0,9
362;0,48;0,5;109;false;true;true;1,33;0;0,91
363;0,48;0,5;109;false;true;true;1,33;0;0,91
364;0,48;0,49;109;false;true;true;1,33;0;0,91
365;0,48;0,49;109;false;true;true;1,33;0;0,92
366;0,49;0,49;109;false;true;true;1,33;0;0,92
367;0,49;0,49;109;false;true;true;1,34;0;0,93
368;0,49;0,48;109;false;true;true;1,34;0;0,93
369;0,49;0,48;109;false;true;true;1,34;0;0,93
370;0,49;0,48;109;false;true;true;1,34;0;0,94
371;0,49;0,48;109;false;true;true;1,35;0;0,94
372;0,49;0,47;109;false;true;true;1,35;0;0,94
373;0,49;0,47;109;false;true;true;1,35;0;0,95
374;0,49;0,47;109;false;true;true;1,35;0;0,95
375;0,49;0,46;109;false;true;true;1,35;0;0,95
376;0,5;0,46;109;false;true;true;1,35;0;0,96
377;0,5;0,46;109;false;true;true;1,36;0;0,96
378;0,5;0,46;109;false;true;true;1,36;0;0,97
379;0,5;0,46;109;false;true;true;1,36;0;0,97
380;0,5;0,45;109;false;true;true;1,37;0;0,97
381;0,5;0,45;109;false;true;true;1,37;0;0,98
382;0,5;0,45;109;false;true;true;1,37;0;0,98
383;0,5;0,45;109;false;true;true;1,37;0;0,99
384;0,5;0,45;109;false;true;true;1,38;0;0,99
385;0,5;0,45;109;false;true;true;1,38;0;0,99
386;0,5;0,44;109;false;true;true;1,38;0;1
387;0,51;0,44;109;false;true;true;1,38;0;1
388;0,51;0,44;109;false;true;true;1,39;0;1,01
389;0,51;0,44;109;false;true;true;1,39;0;1,01
390;0,51;0,44;109;false;true;true;1,39;0;1,02
391;0,51;0,44;109;false;true;true;1,4;0;1,02
392;0,51;0,44;109;false;true;true;1,4;0;1,03
393;0,51;0,44;109;false;true;true;1,41;0;1,03
394;0,51;0,44;109;false;true;true;1,41;0;1,04
395;0,51;0,44;109;false;true;true;1,42;0;1,05
396;0,51;0,44;109;false;true;true;1,42;0;1,05
397;0,52;0,44;109;false;true;true;1,43;0;1,06
398;0,52;0,44;109;false;true;true;1,43;0;1,07
399;0,52;0,44;109;false;true;true;1,44;0;1,07
400;0,52;0,44;109;false;true;true;1,45;0;1,08
401;0,52;0,44;109;false;true;true;1,45;0;1,09
402;0,52;0,44;109;false;true;true;1,46;0;1,1
403;0,52;0,45;109;false;true;true;1,47;0;1,11
404;0,52;0,45;109;false;true;true;1,48;0;1,12
405;0,52;0,45;109;false;true;true;1,48;0;1,13
406;0,52;0,45;109;false;true;true;1,5;0;1,14
407;0,53;0,46;109;false;true;true;1,51;0;1,15
408;0,53;0,46;109;false;true;true;1,52;0;1,17
409;0,53;0,47;109;false;true;true;1,54;0;1,19
410;0,53;0,48;109;false;true;true;1,55;0;1,21
411;0,53;0,49;109;false;true;true;1,57;0;1,23
412;0,53;0,51;109;false;true;true;1,6;0;1,26
413;0,53;0,53;109;false;true;true;1,62;0;1,3
414;0,53;0,56;109;false;true;true;1,66;0;1,36
415;0,54;0,62;109;false;true;true;1,71;0;1,43
416;0,54;0,72;109;false;true;true;1,78;0;1,57
417;0,54;0,85;108;false;true;true;1,3;0;0,78
418;0,54;0,75;108;false;true;true;1,19;0;0,8
419;0,54;0,7;108;false;true;true;1,15;0;0,81
420;0,54;0,67;108;false;true;true;1,15;0;0,82
421;0,54;0,64;108;false;true;true;1,18;0;0,82
422;0,54;0,62;108;false;true;true;1,21;0;0,83
423;0,54;0,61;108;false;true;true;1,23;0;0,84
424;0,54;0,6;108;false;true;true;1,24;0;0,84
425;0,55;0,58;108;false;true;true;1,25;0;0,85
426;0,55;0,57;108;false;true;true;1,26;0;0,85
427;0,55;0,56;108;false;true;true;1,27;0;0,85
428;0,55;0,55;108;false;true;true;1,27;0;0,86
429;0,55;0,54;108;false;true;true;1,28;0;0,86
430;0,55;0,54;108;false;true;true;1,28;0;0,87
431;0,55;0,53;108;false;true;true;1,29;0;0,87
432;0,55;0,52;108;false;true;true;1,29;0;0,87
433;0,55;0,52;108;false;true;true;1,3;0;0,88
434;0,56;0,51;108;false;true;true;1,3;0;0,88
435;0,56;0,51;108;false;true;true;1,3;0;0,89
436;0,56;0,5;108;false;true;true;1,3;0;0,89
437;0,56;0,5;108;false;true;true;1,3;0;0,89
438;0,56;0,49;108;false;true;true;1,31;0;0,9
439;0,56;0,49;108;false;true;true;1,31;0;0,9
440;0,56;0,48;108;false;true;true;1,31;0;0,9
441;0,56;0,48;108;false;true;true;1,31;0;0,91
442;0,56;0,48;108;false;true;true;1,31;0;0,91
443;0,56;0,47;108;false;true;true;1,31;0;0,91
444;0,56;0,47;108;false;true;true;1,32;0;0,91
445;0,57;0,47;108;false;true;true;1,32;0;0,92
446;0,57;0,47;108;false;true;true;1,32;0;0,92
447;0,57;0,46;108;false;true;true;1,32;0;0,92
448;0,57;0,46;108;false;true;true;1,32;0;0,93
449;0,57;0,46;108;false;true;true;1,32;0;0,93
450;0,57;0,45;108;false;true;true;1,32;0;0,93
451;0,57;0,45;108;false;true;true;1,33;0;0,94
452;0,57;0,45;108;false;true;true;1,33;0;0,94
453;0,57;0,45;108;false;true;true;1,33;0;0,94
454;0,57;0,45;108;false;true;true;1,33;0;0,95
455;0,58;0,44;108;false;true;true;1,34;0;0,95
456;0,58;0,44;108;false;true;true;1,34;0;0,95
457;0,58;0,44;108;false;true;true;1,34;0;0,96
458;0,58;0,44;108;false;true;true;1,34;0;0,96
459;0,58;0,43;108;false;true;true;1,34;0;0,96
460;0,58;0,43;108;false;true;true;1,34;0;0,97
461;0,58;0,43;108;false;true;true;1,34;0;0,97
462;0,58;0,43;108;false;true;true;1,34;0;0,97
463;0,58;0,43;108;false;true;true;1,35;0;0,98
464;0,58;0,42;108;false;true;true;1,35;0;0,98
465;0,59;0,42;108;false;true;true;1,35;0;0,98
466;0,59;0,42;108;false;true;true;1,35;0;0,99
467;0,59;0,42;108;false;true;true;1,36;0;0,99
468;0,59;0,42;108;false;true;true;1,36;0;0,99
469;0,59;0,42;108;false;true;true;1,36;0;1
470;0,59;0,42;108;false;true;true;1,37;0;1
471;0,59;0,42;108;false;true;true;1,37;0;1,01
472;0,59;0,42;108;false;true;true;1,37;0;1,01
473;0,6;0,42;108;false;true;true;1,37;0;1,01
474;0,6;0,41;108;false;true;true;1,38;0;1,02
475;0,6;0,41;108;false;true;true;1,38;0;1,02
476;0,6;0,41;108;false;true;true;1,39;0;1,03
477;0,6;0,41;108;false;true;true;1,39;0;1,03
478;0,6;0,41;108;false;true;true;1,39;0;1,04
479;0,6;0,41;108;false;true;true;1,39;0;1,04
480;0,61;0,41;108;false;true;true;1,4;0;1,05
481;0,61;0,41;108;false;true;true;1,4;0;1,05
482;0,61;0,41;108;false;true;true;1,41;0;1,06
483;0,61;0,41;108;false;true;true;1,41;0;1,06
484;0,61;0,41;108;false;true;true;1,42;0;1,07
485;0,61;0,41;108;false;true;true;1,42;0;1,08
486;0,61;0,41;108;false;true;true;1,43;0;1,08
487;0,61;0,41;108;false;true;true;1,43;0;1,09
488;0,61;0,42;108;false;true;true;1,44;0;1,1
489;0,61;0,42;108;false;true;true;1,45;0;1,11
490;0,62;0,42;108;false;true;true;1,46;0;1,12
491;0,62;0,42;108;false;true;true;1,47;0;1,13
492;0,62;0,42;108;false;true;true;1,48;0;1,14
493;0,62;0,43;108;false;true;true;1,49;0;1,15
494;0,62;0,43;108;false;true;true;1,5;0;1,16
495;0,62;0,44;108;false;true;true;1,51;0;1,18
496;0,62;0,44;108;false;true;true;1,52;0;1,2
497;0,62;0,45;108;false;true;true;1,54;0;1,22
498;0,62;0,47;108;false;true;true;1,56;0;1,24
499;0,62;0,48;108;false;true;true;1,58;0;1,27
500;0,62;0,51;108;false;true;true;1,61;0;1,31
501;0,63;0,54;108;false;true;true;1,65;0;1,36
502;0,63;0,6;108;false;true;true;1,7;0;1,44
503;0,63;0,7;108;false;true;true;1,77;0;1,57
504;0,63;0,83;107;false;true;true;1,28;0;0,78
505;0,63;0,73;107;false;true;true;1,17;0;0,8
506;0,63;0,68;107;false;true;true;1,13;0;0,81
507;0,63;0,64;107;false;true;true;1,13;0;0,81
508;0,63;0,62;107;false;true;true;1,16;0;0,82
509;0,63;0,6;107;false;true;true;1,19;0;0,83
510;0,63;0,59;107;false;true;true;1,21;0;0,83
511;0,64;0,57;107;false;true;true;1,22;0;0,84
512;0,64;0,56;107;false;true;true;1,24;0;0,84
513;0,64;0,55;107;false;true;true;1,24;0;0,85
514;0,64;0,54;107;false;true;true;1,25;0;0,85
515;0,64;0,53;107;false;true;true;1,26;0;0,85
516;0,64;0,53;107;false;true;true;1,26;0;0,86
517;0,64;0,52;107;false;true;true;1,27;0;0,86
518;0,64;0,51;107;false;true;true;1,27;0;0,87
519;0,64;0,51;107;false;true;true;1,27;0;0,87
520;0,64;0,5;107;false;true;true;1,28;0;0,87
521;0,65;0,49;107;false;true;true;1,28;0;0,88
522;0,65;0,49;107;false;true;true;1,28;0;0,88
523;0,65;0,48;107;false;true;true;1,28;0;0,88
524;0,65;0,48;107;false;true;true;1,28;0;0,89
525;0,65;0,47;107;false;true;true;1,28;0;0,89
526;0,65;0,47;107;false;true;true;1,29;0;0,89
527;0,65;0,47;107;false;true;true;1,29;0;0,89
528;0,65;0,47;107;false;true;true;1,29;0;0,9
529;0,65;0,46;107;false;true;true;1,29;0;0,9
530;0,65;0,46;107;false;true;true;1,29;0;0,9
531;0,66;0,46;107;false;true;true;1,3;0;0,9
532;0,66;0,45;107;false;true;true;1,3;0;0,91
533;0,66;0,45;107;false;true;true;1,3;0;0,91
534;0,66;0,45;107;false;true;true;1,3;0;0,91
535;0,66;0,44;107;false;true;true;1,3;0;0,92
536;0,66;0,44;107;false;true;true;1,3;0;0,92
537;0,66;0,44;107;false;true;true;1,3;0;0,92
538;0,66;0,44;107;false;true;true;1,3;0;0,92
539;0,66;0,43;107;false;true;true;1,3;0;0,93
540;0,67;0,43;107;false;true;true;1,31;0;0,93
541;0,67;0,43;107;false;true;true;1,31;0;0,93
542;0,67;0,42;107;false;true;true;1,31;0;0,93
543;0,67;0,42;107;false;true;true;1,31;0;0,94
544;0,67;0,42;107;false;true;true;1,31;0;0,94
545;0,67;0,42;107;false;true;true;1,31;0;0,94
546;0,67;0,42;107;false;true;true;1,31;0;0,94
547;0,67;0,41;107;false;true;true;1,31;0;0,95
548;0,67;0,41;107;false;true;true;1,31;0;0,95
549;0,67;0,41;107;false;true;true;1,31;0;0,95
550;0,68;0,41;107;false;true;true;1,32;0;0,96
551;0,68;0,41;107;false;true;true;1,32;0;0,96
552;0,68;0,41;107;false;true;true;1,32;0;0,96
553;0,68;0,4;107;false;true;true;1,32;0;0,96
554;0,68;0,4;107;false;true;true;1,32;0;0,97
555;0,68;0,4;107;false;true;true;1,32;0;0,97
556;0,68;0,4;107;false;true;true;1,33;0;0,97
557;0,68;0,4;107;false;true;true;1,33;0;0,98
558;0,68;0,4;107;false;true;true;1,33;0;0,98
559;0,68;0,4;107;false;true;true;1,33;0;0,98
560;0,69;0,4;107;false;true;true;1,33;0;0,98
561;0,69;0,39;107;false;true;true;1,34;0;0,99
562;0,69;0,39;107;false;true;true;1,34;0;0,99
563;0,69;0,39;107;false;true;true;1,34;0;0,99
564;0,69;0,39;107;false;true;true;1,34;0;1
565;0,69;0,39;107;false;true;true;1,35;0;1
566;0,69;0,39;107;false;true;true;1,35;0;1
567;0,69;0,39;107;false;true;true;1,35;0;1,01
568;0,69;0,39;107;false;true;true;1,35;0;1,01
569;0,69;0,38;107;false;true;true;1,35;0;1,01
570;0,69;0,38;107;false;true;true;1,36;0;1,02
571;0,7;0,38;107;false;true;true;1,36;0;1,02
572;0,7;0,38;107;false;true;true;1,36;0;1,03
573;0,7;0,38;107;false;true;true;1,36;0;1,03
574;0,7;0,38;107;false;true;true;1,37;0;1,03
575;0,7;0,38;107;false;true;true;1,37;0;1,04
576;0,7;0,38;107;false;true;true;1,37;0;1,04
577;0,7;0,38;107;false;true;true;1,38;0;1,05
578;0,7;0,38;107;false;true;true;1,38;0;1,05
579;0,7;0,38;107;false;true;true;1,39;0;1,06
580;0,7;0,38;107;false;true;true;1,39;0;1,06
581;0,71;0,38;107;false;true;true;1,4;0;1,07
582;0,71;0,38;107;false;true;true;1,4;0;1,07
583;0,71;0,38;107;false;true;true;1,41;0;1,08
584;0,71;0,38;107;false;true;true;1,41;0;1,09
585;0,71;0,38;107;false;true;true;1,41;0;1,09
586;0,71;0,38;107;false;true;true;1,42;0;1,1
587;0,71;0,39;107;false;true;true;1,43;0;1,11
588;0,71;0,39;107;false;true;true;1,44;0;1,11
589;0,71;0,39;107;false;true;true;1,44;0;1,12
590;0,71;0,39;107;false;true;true;1,45;0;1,13
591;0,72;0,4;107;false;true;true;1,46;0;1,14
592;0,72;0,4;107;false;true;true;1,47;0;1,15
593;0,72;0,4;107;false;true;true;1,48;0;1,17
594;0,72;0,41;107;false;true;true;1,49;0;1,18
595;0,72;0,42;107;false;true;true;1,51;0;1,2
596;0,72;0,43;107;false;true;true;1,52;0;1,22
597;0,72;0,44;107;false;true;true;1,54;0;1,24
598;0,72;0,45;107;false;true;true;1,56;0;1,27
599;0,72;0,47;107;false;true;true;1,58;0;1,3
600;0,73;0,5;107;false;true;true;1,62;0;1,35
601;0,73;0,54;107;false;true;true;1,66;0;1,41
602;0,73;0,62;107;false;true;true;1,72;0;1,52
603;0,73;0,81;106;false;true;true;1,26;0;0,78
604;0,73;0,71;106;false;true;true;1,15;0;0,79
605;0,73;0,66;106;false;true;true;1,11;0;0,8
606;0,73;0,62;106;false;true;true;1,11;0;0,81
607;0,73;0,6;106;false;true;true;1,14;0;0,82
608;0,73;0,58;106;false;true;true;1,17;0;0,82
609;0,73;0,57;106;false;true;true;1,19;0;0,83
610;0,74;0,55;106;false;true;true;1,2;0;0,83
611;0,74;0,54;106;false;true;true;1,21;0;0,84
612;0,74;0,53;106;false;true;true;1,22;0;0,84
613;0,74;0,52;106;false;true;true;1,23;0;0,85
614;0,74;0,51;106;false;true;true;1,24;0;0,85
615;0,74;0,51;106;false;true;true;1,24;0;0,85
616;0,74;0,5;106;false;true;true;1,25;0;0,86
617;0,74;0,5;106;false;true;true;1,25;0;0,86
618;0,74;0,49;106;false;true;true;1,26;0;0,86
619;0,74;0,48;106;false;true;true;1,26;0;0,87
620;0,75;0,48;106;false;true;true;1,26;0;0,87
621;0,75;0,47;106;false;true;true;1,26;0;0,87
622;0,75;0,47;106;false;true;true;1,26;0;0,88
623;0,75;0,46;106;false;true;true;1,26;0;0,88
624;0,75;0,46;106;false;true;true;1,26;0;0,88
625;0,75;0,45;106;false;true;true;1,27;0;0,88
626;0,75;0,45;106;false;true;true;1,27;0;0,89
627;0,75;0,44;106;false;true;true;1,27;0;0,89
628;0,75;0,44;106;false;true;true;1,27;0;0,89
629;0,75;0,44;106;false;true;true;1,27;0;0,89
630;0,75;0,44;106;false;true;true;1,27;0;0,9
631;0,76;0,44;106;false;true;true;1,28;0;0,9
632;0,76;0,43;106;false;true;true;1,28;0;0,9
633;0,76;0,43;106;false;true;true;1,28;0;0,9
634;0,76;0,42;106;false;true;true;1,28;0;0,9
635;0,76;0,42;106;false;true;true;1,28;0;0,91
636;0,76;0,42;106;false;true;true;1,28;0;0,91
637;0,76;0,42;106;false;true;true;1,28;0;0,91
638;0,76;0,42;106;false;true;true;1,28;0;0,91
639;0,76;0,41;106;false;true;true;1,28;0;0,92
640;0,76;0,41;106;false;true;true;1,28;0;0,92
641;0,77;0,41;106;false;true;true;1,28;0;0,92
642;0,77;0,41;106;false;true;true;1,28;0;0,92
643;0,77;0,4;106;false;true;true;1,28;0;0,93
644;0,77;0,4;106;false;true;true;1,29;0;0,93
645;0,77;0,4;106;false;true;true;1,29;0;0,93
646;0,77;0,4;106;false;true;true;1,28;0;0,93
647;0,77;0,4;106;false;true;true;1,29;0;0,93
648;0,77;0,39;106;false;true;true;1,29;0;0,94
649;0,77;0,39;106;false;true;true;1,29;0;0,94
650;0,77;0,39;106;false;true;true;1,29;0;0,94
651;0,78;0,39;106;false;true;true;1,29;0;0,94
652;0,78;0,39;106;false;true;true;1,29;0;0,95
653;0,78;0,38;106;false;true;true;1,29;0;0,95
654;0,78;0,38;106;false;true;true;1,29;0;0,95
655;0,78;0,38;106;false;true;true;1,3;0;0,95
656;0,78;0,38;106;false;true;true;1,3;0;0,95
657;0,78;0,38;106;false;true;true;1,3;0;0,96
658;0,78;0,38;106;false;true;true;1,3;0;0,96
659;0,78;0,38;106;false;true;true;1,3;0;0,96
660;0,79;0,37;106;false;true;true;1,3;0;0,96
661;0,79;0,37;106;false;true;true;1,3;0;0,97
662;0,79;0,37;106;false;true;true;1,3;0;0,97
663;0,79;0,37;106;false;true;true;1,3;0;0,97
664;0,79;0,37;106;false;true;true;1,3;0;0,97
665;0,79;0,37;106;false;true;true;1,3;0;0,98
666;0,79;0,36;106;false;true;true;1,3;0;0,98
667;0,79;0,37;106;false;true;true;1,31;0;0,98
668;0,79;0,36;106;false;true;true;1,31;0;0,98
669;0,79;0,36;106;false;true;true;1,31;0;0,99
670;0,8;0,36;106;false;true;true;1,31;0;0,99
671;0,8;0,36;106;false;true;true;1,31;0;0,99
672;0,8;0,36;106;false;true;true;1,32;0;0,99
673;0,8;0,36;106;false;true;true;1,31;0;1
674;0,8;0,36;106;false;true;true;1,32;0;1
675;0,8;0,36;106;false;true;true;1,32;0;1
676;0,8;0,36;106;false;true;true;1,32;0;1
677;0,8;0,36;106;false;true;true;1,33;0;1,01
678;0,8;0,36;106;false;true;true;1,33;0;1,01
679;0,8;0,36;106;false;true;true;1,33;0;1,01
680;0,81;0,36;106;false;true;true;1,33;0;1,02
681;0,81;0,35;106;false;true;true;1,33;0;1,02
682;0,81;0,35;106;false;true;true;1,33;0;1,02
683;0,81;0,35;106;false;true;true;1,34;0;1,03
684;0,81;0,35;106;false;true;true;1,34;0;1,03
685;0,81;0,35;106;false;true;true;1,34;0;1,03
686;0,81;0,35;106;false;true;true;1,35;0;1,04
687;0,81;0,35;106;false;true;true;1,35;0;1,04
688;0,81;0,35;106;false;true;true;1,35;0;1,04
689;0,81;0,35;106;false;true;true;1,35;0;1,05
690;0,81;0,35;106;false;true;true;1,36;0;1,05
691;0,82;0,35;106;false;true;true;1,36;0;1,05
692;0,82;0,35;106;false;true;true;1,36;0;1,06
693;0,82;0,35;106;false;true;true;1,37;0;1,06
694;0,82;0,35;106;false;true;true;1,37;0;1,07
695;0,82;0,35;106;false;true;true;1,37;0;1,07
696;0,82;0,35;106;false;true;true;1,38;0;1,08
697;0,82;0,35;106;false;true;true;1,38;0;1,08
698;0,82;0,35;106;false;true;true;1,39;0;1,09
699;0,82;0,35;106;false;true;true;1,4;0;1,09
700;0,82;0,36;106;false;true;true;1,4;0;1,1
701;0,83;0,36;106;false;true;true;1,41;0;1,11
702;0,83;0,36;106;false;true;true;1,41;0;1,11
703;0,83;0,36;106;false;true;true;1,41;0;1,12
704;0,83;0,36;106;false;true;true;1,42;0;1,13
705;0,83;0,36;106;false;true;true;1,43;0;1,14
706;0,83;0,37;106;false;true;true;1,44;0;1,15
707;0,83;0,37;106;false;true;true;1,45;0;1,16
708;0,83;0,37;106;false;true;true;1,46;0;1,17
709;0,83;0,38;106;false;true;true;1,47;0;1,18
710;0,83;0,38;106;false;true;true;1,48;0;1,19
711;0,84;0,39;106;false;true;true;1,49;0;1,21
712;0,84;0,4;106;false;true;true;1,51;0;1,23
713;0,84;0,41;106;false;true;true;1,53;0;1,25
714;0,84;0,43;106;false;true;true;1,55;0;1,28
715;0,84;0,45;106;false;true;true;1,58;0;1,32
716;0,84;0,48;106;false;true;true;1,61;0;1,37
717;0,84;0,53;106;false;true;true;1,66;0;1,44
718;0,84;0,63;106;false;true;true;1,72;0;1,57
719;0,84;0,78;105;false;true;true;1,23;0;0,78
720;0,85;0,68;105;false;true;true;1,12;0;0,79
721;0,85;0,63;105;false;true;true;1,08;0;0,8
722;0,85;0,6;105;false;true;true;1,09;0;0,81
723;0,85;0,57;105;false;true;true;1,12;0;0,82
724;0,85;0,56;105;false;true;true;1,15;0;0,82
725;0,85;0,54;105;false;true;true;1,17;0;0,83
726;0,85;0,53;105;false;true;true;1,18;0;0,83
727;0,85;0,52;105;false;true;true;1,2;0;0,84
728;0,85;0,51;105;false;true;true;1,2;0;0,84
729;0,85;0,5;105;false;true;true;1,21;0;0,84
730;0,86;0,49;105;false;true;true;1,21;0;0,85
731;0,86;0,48;105;false;true;true;1,22;0;0,85
732;0,86;0,48;105;false;true;true;1,23;0;0,85
733;0,86;0,47;105;false;true;true;1,23;0;0,86
734;0,86;0,47;105;false;true;true;1,23;0;0,86
735;0,86;0,46;105;false;true;true;1,23;0;0,86
736;0,86;0,45;105;false;true;true;1,24;0;0,86
737;0,86;0,45;105;false;true;true;1,24;0;0,87
738;0,86;0,44;105;false;true;true;1,24;0;0,87
739;0,86;0,44;105;false;true;true;1,24;0;0,87
740;0,87;0,44;105;false;true;true;1,24;0;0,87
741;0,87;0,44;105;false;true;true;1,25;0;0,88
742;0,87;0,43;105;false;true;true;1,25;0;0,88
743;0,87;0,43;105;false;true;true;1,25;0;0,88
744;0,87;0,42;105;false;true;true;1,25;0;0,88
745;0,87;0,42;105;false;true;true;1,25;0;0,89
746;0,87;0,42;105;false;true;true;1,25;0;0,89
747;0,87;0,41;105;false;true;true;1,25;0;0,89
748;0,87;0,41;105;false;true;true;1,25;0;0,89
749;0,87;0,41;105;false;true;true;1,25;0;0,89
750;0,88;0,41;105;false;true;true;1,25;0;0,9
751;0,88;0,41;105;false;true;true;1,25;0;0,9
752;0,88;0,4;105;false;true;true;1,25;0;0,9
753;0,88;0,4;105;false;true;true;1,25;0;0,9
754;0,88;0,4;105;false;true;true;1,25;0;0,9
755;0,88;0,39;105;false;true;true;1,25;0;0,91
756;0,88;0,39;105;false;true;true;1,26;0;0,91
757;0,88;0,39;105;false;true;true;1,26;0;0,91
758;0,88;0,39;105;false;true;true;1,26;0;0,91
759;0,88;0,39;105;false;true;true;1,26;0;0,91
760;0,88;0,38;105;false;true;true;1,26;0;0,91
761;0,89;0,38;105;false;true;true;1,26;0;0,92
762;0,89;0,38;105;false;true;true;1,26;0;0,92
763;0,89;0,38;105;false;true;true;1,26;0;0,92
764;0,89;0,38;105;false;true;true;1,26;0;0,92
765;0,89;0,38;105;false;true;true;1,26;0;0,92
766;0,89;0,37;105;false;true;true;1,26;0;0,93
767;0,89;0,37;105;false;true;true;1,26;0;0,93
768;0,89;0,37;105;false;true;true;1,26;0;0,93
769;0,89;0,37;105;false;true;true;1,26;0;0,93
770;0,89;0,36;105;false;true;true;1,26;0;0,93
771;0,9;0,37;105;false;true;true;1,26;0;0,93
772;0,9;0,36;105;false;true;true;1,27;0;0,94
773;0,9;0,36;105;false;true;true;1,27;0;0,94
774;0,9;0,36;105;false;true;true;1,27;0;0,94
775;0,9;0,36;105;false;true;true;1,27;0;0,94
776;0,9;0,36;105;false;true;true;1,27;0;0,94
777;0,9;0,36;105;false;true;true;1,27;0;0,94
778;0,9;0,35;105;false;true;true;1,27;0;0,95
779;0,9;0,35;105;false;true;true;1,27;0;0,95
780;0,9;0,35;105;false;true;true;1,27;0;0,95
781;0,91;0,35;105;false;true;true;1,27;0;0,95
782;0,91;0,35;105;false;true;true;1,27;0;0,95
783;0,91;0,35;105;false;true;true;1,27;0;0,96
784;0,91;0,35;105;false;true;true;1,27;0;0,96
785;0,91;0,35;105;false;true;true;1,27;0;0,96
786;0,91;0,34;105;false;true;true;1,27;0;0,96
787;0,91;0,34;105;false;true;true;1,27;0;0,96
788;0,91;0,34;105;false;true;true;1,28;0;0,96
789;0,91;0,34;105;false;true;true;1,28;0;0,97
790;0,92;0,34;105;false;true;true;1,28;0;0,97
791;0,92;0,34;105;false;true;true;1,28;0;0,97
792;0,92;0,34;105;false;true;true;1,28;0;0,97
793;0,92;0,34;105;false;true;true;1,28;0;0,97
794;0,92;0,34;105;false;true;true;1,28;0;0,98
795;0,92;0,33;105;false;true;true;1,28;0;0,98
796;0,92;0,33;105;false;true;true;1,28;0;0,98
797;0,92;0,33;105;false;true;true;1,28;0;0,98
798;0,92;0,33;105;false;true;true;1,28;0;0,98
799;0,92;0,33;105;false;true;true;1,29;0;0,99
800;0,93;0,33;105;false;true;true;1,29;0;0,99
801;0,93;0,33;105;false;true;true;1,29;0;0,99
802;0,93;0,33;105;false;true;true;1,29;0;0,99
803;0,93;0,33;105;false;true;true;1,29;0;0,99
804;0,93;0,33;105;false;true;true;1,3;0;1
805;0,93;0,33;105;false;true;true;1,3;0;1
806;0,93;0,33;105;false;true;true;1,3;0;1
807;0,93;0,32;105;false;true;true;1,3;0;1
808;0,93;0,32;105;false;true;true;1,3;0;1,01
809;0,93;0,32;105;false;true;true;1,3;0;1,01
810;0,94;0,32;105;false;true;true;1,3;0;1,01
811;0,94;0,33;105;false;true;true;1,31;0;1,01
812;0,94;0,32;105;false;true;true;1,31;0;1,01
813;0,94;0,32;105;false;true;true;1,31;0;1,02
814;0,94;0,32;105;false;true;true;1,31;0;1,02
815;0,94;0,32;105;false;true;true;1,31;0;1,02
816;0,94;0,32;105;false;true;true;1,31;0;1,02
817;0,94;0,32;105;false;true;true;1,32;0;1,03
818;0,94;0,32;105;false;true;true;1,32;0;1,03
819;0,94;0,32;105;false;true;true;1,32;0;1,03
820;0,94;0,32;105;false;true;true;1,32;0;1,04
821;0,95;0,32;105;false;true;true;1,32;0;1,04
822;0,95;0,32;105;false;true;true;1,33;0;1,04
823;0,95;0,32;105;false;true;true;1,33;0;1,04
824;0,95;0,32;105;false;true;true;1,33;0;1,05
825;0,95;0,32;105;false;true;true;1,33;0;1,05
826;0,95;0,32;105;false;true;true;1,33;0;1,05
827;0,95;0,32;105;false;true;true;1,34;0;1,06
828;0,95;0,32;105;false;true;true;1,34;0;1,06
829;0,95;0,32;105;false;true;true;1,35;0;1,06
830;0,96;0,32;105;false;true;true;1,35;0;1,07
831;0,96;0,32;105;false;true;true;1,35;0;1,07
832;0,96;0,32;105;false;true;true;1,35;0;1,08
833;0,96;0,32;105;false;true;true;1,36;0;1,08
834;0,96;0,32;105;false;true;true;1,36;0;1,08
835;0,96;0,32;105;false;true;true;1,37;0;1,09
836;0,96;0,32;105;false;true;true;1,37;0;1,09
837;0,96;0,32;105;false;true;true;1,37;0;1,1
838;0,96;0,32;105;false;true;true;1,38;0;1,1
839;0,96;0,32;105;false;true;true;1,38;0;1,11
840;0,97;0,33;105;false;true;true;1,39;0;1,12
841;0,97;0,33;105;false;true;true;1,4;0;1,12
842;0,97;0,33;105;false;true;true;1,4;0;1,13
843;0,97;0,33;105;false;true;true;1,41;0;1,14
844;0,97;0,33;105;false;true;true;1,41;0;1,14
845;0,97;0,33;105;false;true;true;1,42;0;1,15
846;0,97;0,34;105;false;true;true;1,43;0;1,16
847;0,97;0,34;105;false;true;true;1,44;0;1,17
848;0,97;0,35;105;false;true;true;1,45;0;1,18
849;0,98;0,35;105;false;true;true;1,46;0;1,2
850;0,98;0,36;105;false;true;true;1,48;0;1,21
851;0,98;0,37;105;false;true;true;1,49;0;1,23
852;0,98;0,38;105;false;true;true;1,51;0;1,25
853;0,98;0,39;105;false;true;true;1,53;0;1,28
854;0,98;0,41;105;false;true;true;1,55;0;1,31
855;0,98;0,44;105;false;true;true;1,58;0;1,35
856;0,98;0,48;105;false;true;true;1,62;0;1,41
857;0,98;0,55;105;false;true;true;1,68;0;1,51
858;0,98;0,76;104;false;true;true;1,21;0;0,78
859;0,99;0,66;104;false;true;true;1,1;0;0,79
860;0,99;0,61;104;false;true;true;1,06;0;0,8
861;0,99;0,58;104;false;true;true;1,07;0;0,81
862;0,99;0,55;104;false;true;true;1,1;0;0,81
863;0,99;0,53;104;false;true;true;1,13;0;0,82
864;0,99;0,52;104;false;true;true;1,15;0;0,82
865;0,99;0,51;104;false;true;true;1,16;0;0,83
866;0,99;0,5;104;false;true;true;1,17;0;0,83
867;0,99;0,49;104;false;true;true;1,18;0;0,83
868;0,99;0,48;104;false;true;true;1,19;0;0,84
869;1;0,47;104;false;true;true;1,19;0;0,84
870;1;0,46;104;false;true;true;1,2;0;0,84
871;1;0,46;104;false;true;true;1,21;0;0,85
872;1;0,45;104;false;true;true;1,21;0;0,85
873;1;0,45;104;false;true;true;1,21;0;0,85
874;1;0,44;104;false;true;true;1,21;0;0,86
875;1;0,44;104;false;true;true;1,22;0;0,86
876;1;0,43;104;false;true;true;1,22;0;0,86
877;1;0,43;104;false;true;true;1,22;0;0,86
878;1;0,42;104;false;true;true;1,22;0;0,86
879;1;0,42;104;false;true;true;1,22;0;0,87
880;1,01;0,42;104;false;true;true;1,22;0;0,87
881;1,01;0,41;104;false;true;true;1,22;0;0,87
882;1,01;0,41;104;false;true;true;1,22;0;0,87
883;1,01;0,41;104;false;true;true;1,23;0;0,87
884;1,01;0,4;104;false;true;true;1,23;0;0,88
885;1,01;0,4;104;false;true;true;1,23;0;0,88
886;1,01;0,4;104;false;true;true;1,23;0;0,88
887;1,01;0,39;104;false;true;true;1,23;0;0,88
888;1,01;0,39;104;false;true;true;1,23;0;0,88
889;1,01;0,39;104;false;true;true;1,23;0;0,89
890;1,02;0,39;104;false;true;true;1,23;0;0,89
891;1,02;0,39;104;false;true;true;1,23;0;0,89
892;1,02;0,38;104;false;true;true;1,23;0;0,89
893;1,02;0,38;104;false;true;true;1,23;0;0,89
894;1,02;0,38;104;false;true;true;1,23;0;0,89
895;1,02;0,38;104;false;true;true;1,23;0;0,9
896;1,02;0,37;104;false;true;true;1,23;0;0,9
897;1,02;0,37;104;false;true;true;1,23;0;0,9
898;1,02;0,37;104;false;true;true;1,23;0;0,9
899;1,02;0,37;104;false;true;true;1,23;0;0,9
900;1,03;0,37;104;false;true;true;1,23;0;0,9
901;1,03;0,36;104;false;true;true;1,23;0;0,9
902;1,03;0,36;104;false;true;true;1,23;0;0,91
903;1,03;0,36;104;false;true;true;1,23;0;0,91
904;1,03;0,36;104;false;true;true;1,23;0;0,91
905;1,03;0,36;104;false;true;true;1,24;0;0,91
906;1,03;0,36;104;false;true;true;1,23;0;0,91
907;1,03;0,35;104;false;true;true;1,23;0;0,91
908;1,03;0,35;104;false;true;true;1,24;0;0,91
909;1,03;0,35;104;false;true;true;1,23;0;0,92
910;1,04;0,35;104;false;true;true;1,23;0;0,92
911;1,04;0,35;104;false;true;true;1,24;0;0,92
912;1,04;0,35;104;false;true;true;1,24;0;0,92
913;1,04;0,35;104;false;true;true;1,24;0;0,92
914;1,04;0,34;104;false;true;true;1,24;0;0,92
915;1,04;0,34;104;false;true;true;1,24;0;0,92
916;1,04;0,34;104;false;true;true;1,24;0;0,93
917;1,04;0,34;104;false;true;true;1,24;0;0,93
918;1,04;0,34;104;false;true;true;1,24;0;0,93
919;1,04;0,34;104;false;true;true;1,24;0;0,93
920;1,05;0,34;104;false;true;true;1,24;0;0,93
921;1,05;0,33;104;false;true;true;1,24;0;0,93
922;1,05;0,33;104;false;true;true;1,24;0;0,93
923;1,05;0,33;104;false;true;true;1,24;0;0,93
924;1,05;0,33;104;false;true;true;1,24;0;0,94
925;1,05;0,33;104;false;true;true;1,24;0;0,94
926;1,05;0,33;104;false;true;true;1,24;0;0,94
927;1,05;0,32;104;false;true;true;1,24;0;0,94
928;1,05;0,32;104;false;true;true;1,24;0;0,94
929;1,05;0,33;104;false;true;true;1,24;0;0,94
930;1,06;0,32;104;false;true;true;1,24;0;0,94
931;1,06;0,32;104;false;true;true;1,24;0;0,95
932;1,06;0,32;104;false;true;true;1,24;0;0,95
933;1,06;0,32;104;false;true;true;1,24;0;0,95
934;1,06;0,32;104;false;true;true;1,24;0;0,95
935;1,06;0,32;104;false;true;true;1,24;0;0,95
936;1,06;0,32;104;false;true;true;1,25;0;0,95
937;1,06;0,32;104;false;true;true;1,24;0;0,95
938;1,07;0,31;104;false;true;true;1,25;0;0,96
939;1,07;0,32;104;false;true;true;1,25;0;0,96
940;1,07;0,31;104;false;true;true;1,25;0;0,96
941;1,07;0,31;104;false;true;true;1,25;0;0,96
942;1,07;0,31;104;false;true;true;1,25;0;0,96
943;1,07;0,31;104;false;true;true;1,25;0;0,96
944;1,07;0,31;104;false;true;true;1,25;0;0,96
945;1,08;0,31;104;false;true;true;1,25;0;0,96
946;1,08;0,31;104;false;true;true;1,25;0;0,97
947;1,08;0,31;104;false;true;true;1,25;0;0,97
948;1,08;0,31;104;false;true;true;1,25;0;0,97
949;1,08;0,31;104;false;true;true;1,25;0;0,97
950;1,08;0,3;104;false;true;true;1,25;0;0,97
951;1,08;0,3;104;false;true;true;1,26;0;0,97
952;1,08;0,3;104;false;true;true;1,25;0;0,97
953;1,09;0,3;104;false;true;true;1,25;0;0,98
954;1,09;0,3;104;false;true;true;1,26;0;0,98
955;1,09;0,3;104;false;true;true;1,26;0;0,98
956;1,09;0,3;104;false;true;true;1,26;0;0,98
957;1,09;0,3;104;false;true;true;1,26;0;0,98
958;1,09;0,3;104;false;true;true;1,26;0;0,98
959;1,09;0,3;104;false;true;true;1,26;0;0,98
960;1,09;0,3;104;false;true;true;1,26;0;0,99
961;1,09;0,3;104;false;true;true;1,26;0;0,99
962;1,09;0,3;104;false;true;true;1,26;0;0,99
963;1,1;0,3;104;false;true;true;1,27;0;0,99
964;1,1;0,3;104;false;true;true;1,27;0;0,99
965;1,1;0,3;104;false;true;true;1,27;0;0,99
966;1,1;0,29;104;false;true;true;1,27;0;1
967;1,1;0,29;104;false;true;true;1,27;0;1
968;1,1;0,29;104;false;true;true;1,27;0;1
969;1,1;0,29;104;false;true;true;1,27;0;1
970;1,1;0,29;104;false;true;true;1,27;0;1
971;1,1;0,29;104;false;true;true;1,27;0;1
972;1,1;0,29;104;false;true;true;1,27;0;1,01
973;1,11;0,29;104;false;true;true;1,28;0;1,01
974;1,11;0,29;104;false;true;true;1,28;0;1,01
975;1,11;0,29;104;false;true;true;1,28;0;1,01
976;1,11;0,29;104;false;true;true;1,28;0;1,01
977;1,11;0,29;104;false;true;true;1,28;0;1,01
978;1,11;0,29;104;false;true;true;1,28;0;1,02
979;1,11;0,29;104;false;true;true;1,28;0;1,02
980;1,11;0,29;104;false;true;true;1,28;0;1,02
981;1,11;0,29;104;false;true;true;1,29;0;1,02
982;1,11;0,29;104;false;true;true;1,29;0;1,02
983;1,12;0,29;104;false;true;true;1,29;0;1,03
984;1,12;0,29;104;false;true;true;1,29;0;1,03
985;1,12;0,29;104;false;true;true;1,29;0;1,03
986;1,12;0,29;104;false;true;true;1,29;0;1,03
987;1,12;0,28;104;false;true;true;1,29;0;1,03
988;1,12;0,28;104;false;true;true;1,3;0;1,04
989;1,12;0,28;104;false;true;true;1,3;0;1,04
990;1,12;0,28;104;false;true;true;1,3;0;1,04
991;1,12;0,29;104;false;true;true;1,3;0;1,04
992;1,12;0,28;104;false;true;true;1,3;0;1,05
993;1,12;0,29;104;false;true;true;1,31;0;1,05
994;1,13;0,28;104;false;true;true;1,31;0;1,05
995;1,13;0,29;104;false;true;true;1,31;0;1,05
996;1,13;0,28;104;false;true;true;1,31;0;1,06
997;1,13;0,29;104;false;true;true;1,32;0;1,06
998;1,13;0,28;104;false;true;true;1,32;0;1,06
999;1,13;0,29;104;false;true;true;1,32;0;1,06
1000;1,13;0,28;104;false;true;true;1,32;0;1,07
1001;1,13;0,29;104;false;true;true;1,33;0;1,07
1002;1,13;0,29;104;false;true;true;1,33;0;1,07
1003;1,13;0,29;104;false;true;true;1,33;0;1,08
1004;1,14;0,29;104;false;true;true;1,33;0;1,08
1005;1,14;0,29;104;false;true;true;1,34;0;1,08
1006;1,14;0,29;104;false;true;true;1,34;0;1,09
1007;1,14;0,29;104;false;true;true;1,34;0;1,09
1008;1,14;0,29;104;false;true;true;1,35;0;1,09
1009;1,14;0,29;104;false;true;true;1,35;0;1,1
1010;1,14;0,29;104;false;true;true;1,36;0;1,1
1011;1,14;0,29;104;false;true;true;1,36;0;1,11
1012;1,14;0,29;104;false;true;true;1,36;0;1,11
1013;1,14;0,29;104;false;true;true;1,37;0;1,12
1014;1,15;0,29;104;false;true;true;1,37;0;1,12
1015;1,15;0,29;104;false;true;true;1,38;0;1,13
1016;1,15;0,3;104;false;true;true;1,38;0;1,13
1017;1,15;0,3;104;false;true;true;1,39;0;1,14
1018;1,15;0,3;104;false;true;true;1,4;0;1,15
1019;1,15;0,3;104;false;true;true;1,4;0;1,15
1020;1,15;0,31;104;false;true;true;1,41;0;1,16
1021;1,15;0,31;104;false;true;true;1,42;0;1,17
1022;1,15;0,31;104;false;true;true;1,43;0;1,18
1023;1,15;0,32;104;false;true;true;1,43;0;1,19
1024;1,16;0,32;104;false;true;true;1,45;0;1,2
1025;1,16;0,33;104;false;true;true;1,46;0;1,22
1026;1,16;0,34;104;false;true;true;1,47;0;1,23
1027;1,16;0,35;104;false;true;true;1,49;0;1,25
1028;1,16;0,36;104;false;true;true;1,51;0;1,27
1029;1,16;0,38;104;false;true;true;1,53;0;1,3
1030;1,16;0,4;104;false;true;true;1,55;0;1,34
1031;1,16;0,43;104;false;true;true;1,59;0;1,39
1032;1,16;0,48;104;false;true;true;1,63;0;1,46
1033;1,16;0,59;104;false;true;true;1,7;0;1,6
1034;1,17;0,72;103;false;true;true;1,17;0;0,78
1035;1,17;0,62;103;false;true;true;1,07;0;0,79
1036;1,17;0,58;103;false;true;true;1,04;0;0,8
1037;1,17;0,55;103;false;true;true;1,05;0;0,8
1038;1,17;0,53;103;false;true;true;1,08;0;0,81
1039;1,17;0,51;103;false;true;true;1,11;0;0,81
1040;1,17;0,5;103;false;true;true;1,13;0;0,82
1041;1,17;0,49;103;false;true;true;1,14;0;0,82
1042;1,17;0,48;103;false;true;true;1,16;0;0,83
1043;1,17;0,46;103;false;true;true;1,16;0;0,83
1044;1,18;0,46;103;false;true;true;1,17;0;0,83
1045;1,18;0,45;103;false;true;true;1,18;0;0,84
1046;1,18;0,44;103;false;true;true;1,18;0;0,84
1047;1,18;0,44;103;false;true;true;1,18;0;0,84
1048;1,18;0,43;103;false;true;true;1,19;0;0,84
1049;1,18;0,43;103;false;true;true;1,19;0;0,85
1050;1,18;0,42;103;false;true;true;1,19;0;0,85
1051;1,18;0,42;103;false;true;true;1,19;0;0,85
1052;1,18;0,41;103;false;true;true;1,2;0;0,85
1053;1,18;0,41;103;false;true;true;1,2;0;0,86
1054;1,19;0,41;103;false;true;true;1,2;0;0,86
1055;1,19;0,4;103;false;true;true;1,2;0;0,86
1056;1,19;0,4;103;false;true;true;1,2;0;0,86
1057;1,19;0,4;103;false;true;true;1,2;0;0,86
1058;1,19;0,39;103;false;true;true;1,2;0;0,86
1059;1,19;0,39;103;false;true;true;1,2;0;0,87
1060;1,19;0,38;103;false;true;true;1,2;0;0,87
1061;1,19;0,38;103;false;true;true;1,21;0;0,87
1062;1,19;0,38;103;false;true;true;1,2;0;0,87
1063;1,2;0,38;103;false;true;true;1,2;0;0,87
1064;1,2;0,37;103;false;true;true;1,2;0;0,87
1065;1,2;0,37;103;false;true;true;1,21;0;0,88
1066;1,2;0,37;103;false;true;true;1,21;0;0,88
1067;1,2;0,37;103;false;true;true;1,2;0;0,88
1068;1,2;0,37;103;false;true;true;1,21;0;0,88
1069;1,2;0,36;103;false;true;true;1,21;0;0,88
1070;1,2;0,36;103;false;true;true;1,21;0;0,88
1071;1,2;0,36;103;false;true;true;1,21;0;0,88
1072;1,2;0,36;103;false;true;true;1,21;0;0,89
1073;1,21;0,35;103;false;true;true;1,21;0;0,89
1074;1,21;0,35;103;false;true;true;1,21;0;0,89
1075;1,21;0,35;103;false;true;true;1,21;0;0,89
1076;1,21;0,35;103;false;true;true;1,21;0;0,89
1077;1,21;0,35;103;false;true;true;1,21;0;0,89
1078;1,21;0,35;103;false;true;true;1,21;0;0,89
1079;1,21;0,34;103;false;true;true;1,21;0;0,89
1080;1,21;0,34;103;false;true;true;1,21;0;0,9
1081;1,21;0,34;103;false;true;true;1,21;0;0,9
1082;1,21;0,34;103;false;true;true;1,21;0;0,9
1083;1,22;0,34;103;false;true;true;1,21;0;0,9
1084;1,22;0,34;103;false;true;true;1,21;0;0,9
1085;1,22;0,33;103;false;true;true;1,21;0;0,9
1086;1,22;0,33;103;false;true;true;1,21;0;0,9
1087;1,22;0,33;103;false;true;true;1,21;0;0,9
1088;1,22;0,33;103;false;true;true;1,21;0;0,9
1089;1,22;0,33;103;false;true;true;1,21;0;0,91
1090;1,22;0,33;103;false;true;true;1,21;0;0,91
1091;1,22;0,33;103;false;true;true;1,21;0;0,91
1092;1,22;0,32;103;false;true;true;1,21;0;0,91
1093;1,23;0,32;103;false;true;true;1,21;0;0,91
1094;1,23;0,32;103;false;true;true;1,21;0;0,91
1095;1,23;0,32;103;false;true;true;1,21;0;0,91
1096;1,23;0,32;103;false;true;true;1,21;0;0,91
1097;1,23;0,32;103;false;true;true;1,21;0;0,91
1098;1,23;0,32;103;false;true;true;1,21;0;0,92
1099;1,23;0,31;103;false;true;true;1,21;0;0,92
1100;1,23;0,31;103;false;true;true;1,21;0;0,92
1101;1,23;0,31;103;false;true;true;1,21;0;0,92
1102;1,24;0,31;103;false;true;true;1,21;0;0,92
1103;1,24;0,31;103;false;true;true;1,21;0;0,92
1104;1,24;0,31;103;false;true;true;1,21;0;0,92
1105;1,24;0,31;103;false;true;true;1,21;0;0,92
1106;1,24;0,31;103;false;true;true;1,21;0;0,92
1107;1,24;0,31;103;false;true;true;1,21;0;0,92
1108;1,24;0,31;103;false;true;true;1,21;0;0,93
1109;1,24;0,3;103;false;true;true;1,21;0;0,93
1110;1,24;0,3;103;false;true;true;1,21;0;0,93
1111;1,24;0,3;103;false;true;true;1,21;0;0,93
1112;1,25;0,3;103;false;true;true;1,21;0;0,93
1113;1,25;0,3;103;false;true;true;1,21;0;0,93
1114;1,25;0,3;103;false;true;true;1,21;0;0,93
1115;1,25;0,3;103;false;true;true;1,21;0;0,93
1116;1,25;0,3;103;false;true;true;1,21;0;0,93
1117;1,25;0,3;103;false;true;true;1,21;0;0,93
1118;1,25;0,3;103;false;true;true;1,21;0;0,94
1119;1,25;0,29;103;false;true;true;1,21;0;0,94
1120;1,25;0,29;103;false;true;true;1,21;0;0,94
1121;1,25;0,29;103;false;true;true;1,21;0;0,94
1122;1,25;0,29;103;false;true;true;1,21;0;0,94
1123;1,26;0,29;103;false;true;true;1,21;0;0,94
1124;1,26;0,29;103;false;true;true;1,21;0;0,94
1125;1,26;0,29;103;false;true;true;1,21;0;0,94
1126;1,26;0,29;103;false;true;true;1,21;0;0,94
1127;1,26;0,29;103;false;true;true;1,21;0;0,94
1128;1,26;0,29;103;false;true;true;1,21;0;0,94
1129;1,26;0,28;103;false;true;true;1,21;0;0,95
1130;1,26;0,29;103;false;true;true;1,21;0;0,95
1131;1,26;0,29;103;false;true;true;1,22;0;0,95
1132;1,26;0,28;103;false;true;true;1,21;0;0,95
1133;1,27;0,28;103;false;true;true;1,22;0;0,95
1134;1,27;0,28;103;false;true;true;1,22;0;0,95
1135;1,27;0,28;103;false;true;true;1,22;0;0,95
1136;1,27;0,28;103;false;true;true;1,22;0;0,95
1137;1,27;0,28;103;false;true;true;1,22;0;0,95
1138;1,27;0,28;103;false;true;true;1,22;0;0,95
1139;1,27;0,28;103;false;true;true;1,22;0;0,96
1140;1,27;0,28;103;false;true;true;1,22;0;0,96
1141;1,27;0,28;103;false;true;true;1,22;0;0,96
1142;1,27;0,28;103;false;true;true;1,22;0;0,96
1143;1,28;0,28;103;false;true;true;1,22;0;0,96
1144;1,28;0,27;103;false;true;true;1,22;0;0,96
1145;1,28;0,28;103;false;true;true;1,22;0;0,96
1146;1,28;0,27;103;false;true;true;1,22;0;0,96
1147;1,28;0,28;103;false;true;true;1,22;0;0,96
1148;1,28;0,27;103;false;true;true;1,22;0;0,96
1149;1,28;0,27;103;false;true;true;1,22;0;0,96
1150;1,28;0,27;103;false;true;true;1,22;0;0,97
1151;1,28;0,27;103;false;true;true;1,22;0;0,97
1152;1,28;0,27;103;false;true;true;1,22;0;0,97
1153;1,29;0,27;103;false;true;true;1,22;0;0,97
1154;1,29;0,27;103;false;true;true;1,22;0;0,97
1155;1,29;0,27;103;false;true;true;1,22;0;0,97
1156;1,29;0,27;103;false;true;true;1,23;0;0,97
1157;1,29;0,27;103;false;true;true;1,22;0;0,97
1158;1,29;0,27;103;false;true;true;1,23;0;0,97
1159;1,29;0,27;103;false;true;true;1,23;0;0,97
1160;1,29;0,27;103;false;true;true;1,23;0;0,98
1161;1,29;0,27;103;false;true;true;1,23;0;0,98
1162;1,29;0,27;103;false;true;true;1,23;0;0,98
1163;1,3;0,27;103;false;true;true;1,23;0;0,98
1164;1,3;0,27;103;false;true;true;1,23;0;0,98
1165;1,3;0,26;103;false;true;true;1,23;0;0,98
1166;1,3;0,27;103;false;true;true;1,23;0;0,98
1167;1,3;0,26;103;false;true;true;1,23;0;0,98
1168;1,3;0,26;103;false;true;true;1,23;0;0,98
1169;1,3;0,26;103;false;true;true;1,23;0;0,98
1170;1,3;0,26;103;false;true;true;1,23;0;0,99
1171;1,3;0,26;103;false;true;true;1,23;0;0,99
1172;1,3;0,26;103;false;true;true;1,23;0;0,99
1173;1,31;0,26;103;false;true;true;1,23;0;0,99
1174;1,31;0,26;103;false;true;true;1,24;0;0,99
1175;1,31;0,26;103;false;true;true;1,24;0;0,99
1176;1,31;0,26;103;false;true;true;1,24;0;0,99
1177;1,31;0,26;103;false;true;true;1,24;0;0,99
1178;1,31;0,26;103;false;true;true;1,24;0;0,99
1179;1,31;0,26;103;false;true;true;1,24;0;1
1180;1,31;0,26;103;false;true;true;1,24;0;1
1181;1,31;0,26;103;false;true;true;1,24;0;1
1182;1,32;0,26;103;false;true;true;1,24;0;1
1183;1,32;0,25;103;false;true;true;1,24;0;1
1184;1,32;0,25;103;false;true;true;1,24;0;1
1185;1,32;0,25;103;false;true;true;1,24;0;1
1186;1,32;0,26;103;false;true;true;1,24;0;1
1187;1,32;0,25;103;false;true;true;1,24;0;1
1188;1,32;0,25;103;false;true;true;1,24;0;1,01
1189;1,32;0,25;103;false;true;true;1,24;0;1,01
1190;1,32;0,25;103;false;true;true;1,24;0;1,01
1191;1,32;0,25;103;false;true;true;1,25;0;1,01
1192;1,33;0,25;103;false;true;true;1,24;0;1,01
1193;1,33;0,25;103;false;true;true;1,24;0;1,01
1194;1,33;0,25;103;false;true;true;1,25;0;1,01
1195;1,33;0,25;103;false;true;true;1,25;0;1,01
1196;1,33;0,25;103;false;true;true;1,25;0;1,02
1197;1,33;0,25;103;false;true;true;1,25;0;1,02
1198;1,33;0,25;103;false;true;true;1,25;0;1,02
1199;1,33;0,25;103;false;true;true;1,25;0;1,02
1200;1,33;0,25;103;false;true;true;1,25;0;1,02
1201;1,33;0,25;103;false;true;true;1,25;0;1,02
1202;1,34;0,25;103;false;true;true;1,26;0;1,02
1203;1,34;0,25;103;false;true;true;1,26;0;1,02
1204;1,34;0,25;103;false;true;true;1,26;0;1,03
1205;1,34;0,25;103;false;true;true;1,26;0;1,03
1206;1,34;0,25;103;false;true;true;1,26;0;1,03
1207;1,34;0,25;103;false;true;true;1,26;0;1,03
1208;1,34;0,25;103;false;true;true;1,26;0;1,03
1209;1,34;0,25;103;false;true;true;1,26;0;1,03
1210;1,34;0,25;103;false;true;true;1,27;0;1,03
1211;1,34;0,25;103;false;true;true;1,27;0;1,04
1212;1,35;0,25;103;false;true;true;1,27;0;1,04
1213;1,35;0,25;103;false;true;true;1,27;0;1,04
1214;1,35;0,25;103;false;true;true;1,27;0;1,04
1215;1,35;0,25;103;false;true;true;1,27;0;1,04
1216;1,35;0,25;103;false;true;true;1,27;0;1,04
1217;1,35;0,25;103;false;true;true;1,28;0;1,05
1218;1,35;0,25;103;false;true;true;1,28;0;1,05
1219;1,35;0,25;103;false;true;true;1,28;0;1,05
1220;1,35;0,25;103;false;true;true;1,28;0;1,05
1221;1,35;0,25;103;false;true;true;1,28;0;1,05
1222;1,36;0,25;103;false;true;true;1,28;0;1,05
1223;1,36;0,25;103;false;true;true;1,28;0;1,06
1224;1,36;0,25;103;false;true;true;1,28;0;1,06
1225;1,36;0,25;103;false;true;true;1,29;0;1,06
1226;1,36;0,25;103;false;true;true;1,29;0;1,06
1227;1,36;0,25;103;false;true;true;1,29;0;1,06
1228;1,36;0,25;103;false;true;true;1,29;0;1,07
1229;1,36;0,25;103;false;true;true;1,3;0;1,07
1230;1,36;0,25;103;false;true;true;1,3;0;1,07
1231;1,36;0,25;103;false;true;true;1,3;0;1,07
1232;1,37;0,26;103;false;true;true;1,31;0;1,07
1233;1,37;0,25;103;false;true;true;1,31;0;1,08
1234;1,37;0,25;103;false;true;true;1,31;0;1,08
1235;1,37;0,25;103;false;true;true;1,31;0;1,08
1236;1,37;0,25;103;false;true;true;1,31;0;1,08
1237;1,37;0,25;103;false;true;true;1,31;0;1,09
1238;1,37;0,25;103;false;true;true;1,32;0;1,09
1239;1,37;0,25;103;false;true;true;1,32;0;1,09
1240;1,37;0,25;103;false;true;true;1,32;0;1,1
1241;1,37;0,25;103;false;true;true;1,33;0;1,1
1242;1,38;0,26;103;false;true;true;1,33;0;1,1
1243;1,38;0,26;103;false;true;true;1,33;0;1,1
1244;1,38;0,26;103;false;true;true;1,34;0;1,11
1245;1,38;0,26;103;false;true;true;1,34;0;1,11
1246;1,38;0,26;103;false;true;true;1,34;0;1,12
1247;1,38;0,26;103;false;true;true;1,35;0;1,12
1248;1,38;0,26;103;false;true;true;1,35;0;1,12
1249;1,38;0,26;103;false;true;true;1,36;0;1,13
1250;1,38;0,26;103;false;true;true;1,36;0;1,13
1251;1,38;0,26;103;false;true;true;1,36;0;1,14
1252;1,38;0,27;103;false;true;true;1,37;0;1,14
1253;1,39;0,27;103;false;true;true;1,38;0;1,15
1254;1,39;0,27;103;false;true;true;1,38;0;1,16
1255;1,39;0,28;103;false;true;true;1,39;0;1,16
1256;1,39;0,28;103;false;true;true;1,4;0;1,17
1257;1,39;0,28;103;false;true;true;1,4;0;1,18
1258;1,39;0,28;103;false;true;true;1,41;0;1,19
1259;1,39;0,29;103;false;true;true;1,42;0;1,2
1260;1,39;0,3;103;false;true;true;1,43;0;1,21
1261;1,39;0,3;103;false;true;true;1,44;0;1,22
1262;1,39;0,31;103;false;true;true;1,46;0;1,24
1263;1,4;0,32;103;false;true;true;1,47;0;1,26
1264;1,4;0,33;103;false;true;true;1,49;0;1,28
1265;1,4;0,35;103;false;true;true;1,51;0;1,3
1266;1,4;0,37;103;false;true;true;1,53;0;1,34
1267;1,4;0,4;103;false;true;true;1,57;0;1,39
1268;1,4;0,45;103;false;true;true;1,61;0;1,46
1269;1,4;0,54;103;false;true;true;1,67;0;1,57
1270;1,4;0,7;102;false;true;true;1,15;0;0,77
1271;1,4;0,6;102;false;true;true;1,04;0;0,78
1272;1,4;0,56;102;false;true;true;1,01;0;0,79
1273;1,41;0,53;102;false;true;true;1,03;0;0,8
1274;1,41;0,51;102;false;true;true;1,06;0;0,81
1275;1,41;0,49;102;false;true;true;1,09;0;0,81
1276;1,41;0,47;102;false;true;true;1,11;0;0,81
1277;1,41;0,46;102;false;true;true;1,12;0;0,82
1278;1,41;0,46;102;false;true;true;1,13;0;0,82
1279;1,41;0,44;102;false;true;true;1,14;0;0,83
1280;1,41;0,44;102;false;true;true;1,15;0;0,83
1281;1,41;0,43;102;false;true;true;1,15;0;0,83
1282;1,41;0,42;102;false;true;true;1,16;0;0,83
1283;1,42;0,42;102;false;true;true;1,16;0;0,84
1284;1,42;0,41;102;false;true;true;1,17;0;0,84
1285;1,42;0,41;102;false;true;true;1,17;0;0,84
1286;1,42;0,4;102;false;true;true;1,17;0;0,84
1287;1,42;0,4;102;false;true;true;1,17;0;0,85
1288;1,42;0,39;102;false;true;true;1,17;0;0,85
1289;1,42;0,39;102;false;true;true;1,18;0;0,85
1290;1,42;0,39;102;false;true;true;1,18;0;0,85
1291;1,42;0,38;102;false;true;true;1,18;0;0,85
1292;1,42;0,38;102;false;true;true;1,18;0;0,85
1293;1,43;0,38;102;false;true;true;1,18;0;0,86
1294;1,43;0,37;102;false;true;true;1,18;0;0,86
1295;1,43;0,37;102;false;true;true;1,18;0;0,86
1296;1,43;0,37;102;false;true;true;1,18;0;0,86
1297;1,43;0,36;102;false;true;true;1,18;0;0,86
1298;1,43;0,36;102;false;true;true;1,18;0;0,86
1299;1,43;0,36;102;false;true;true;1,18;0;0,86
1300;1,43;0,36;102;false;true;true;1,18;0;0,87
1301;1,44;0,35;102;false;true;true;1,18;0;0,87
1302;1,44;0,35;102;false;true;true;1,18;0;0,87
1303;1,44;0,35;102;false;true;true;1,18;0;0,87
1304;1,44;0,35;102;false;true;true;1,18;0;0,87
1305;1,44;0,34;102;false;true;true;1,18;0;0,87
1306;1,44;0,34;102;false;true;true;1,18;0;0,87
1307;1,44;0,34;102;false;true;true;1,18;0;0,87
1308;1,44;0,34;102;false;true;true;1,18;0;0,88
1309;1,44;0,33;102;false;true;true;1,18;0;0,88
1310;1,45;0,33;102;false;true;true;1,18;0;0,88
1311;1,45;0,33;102;false;true;true;1,18;0;0,88
1312;1,45;0,33;102;false;true;true;1,18;0;0,88
1313;1,45;0,33;102;false;true;true;1,18;0;0,88
1314;1,45;0,32;102;false;true;true;1,18;0;0,88
1315;1,45;0,32;102;false;true;true;1,18;0;0,88
1316;1,45;0,32;102;false;true;true;1,18;0;0,88
1317;1,45;0,32;102;false;true;true;1,18;0;0,89
1318;1,45;0,32;102;false;true;true;1,18;0;0,89
1319;1,45;0,32;102;false;true;true;1,18;0;0,89
1320;1,46;0,32;102;false;true;true;1,18;0;0,89
1321;1,46;0,31;102;false;true;true;1,18;0;0,89
1322;1,46;0,31;102;false;true;true;1,18;0;0,89
1323;1,46;0,31;102;false;true;true;1,18;0;0,89
1324;1,46;0,31;102;false;true;true;1,18;0;0,89
1325;1,46;0,31;102;false;true;true;1,18;0;0,89
1326;1,46;0,31;102;false;true;true;1,18;0;0,89
1327;1,46;0,31;102;false;true;true;1,18;0;0,89
1328;1,46;0,3;102;false;true;true;1,18;0;0,9
1329;1,46;0,3;102;false;true;true;1,18;0;0,9
1330;1,47;0,3;102;false;true;true;1,18;0;0,9
1331;1,47;0,3;102;false;true;true;1,18;0;0,9
1332;1,47;0,3;102;false;true;true;1,18;0;0,9
1333;1,47;0,3;102;false;true;true;1,18;0;0,9
1334;1,47;0,3;102;false;true;true;1,18;0;0,9
1335;1,47;0,3;102;false;true;true;1,18;0;0,9
1336;1,47;0,29;102;false;true;true;1,18;0;0,9
1337;1,47;0,29;102;false;true;true;1,17;0;0,9
1338;1,47;0,29;102;false;true;true;1,17;0;0,9
1339;1,47;0,29;102;false;true;true;1,17;0;0,9
1340;1,48;0,29;102;false;true;true;1,18;0;0,91
1341;1,48;0,29;102;false;true;true;1,18;0;0,91
1342;1,48;0,29;102;false;true;true;1,18;0;0,91
1343;1,48;0,29;102;false;true;true;1,18;0;0,91
1344;1,48;0,29;102;false;true;true;1,18;0;0,91
1345;1,48;0,28;102;false;true;true;1,17;0;0,91
1346;1,48;0,28;102;false;true;true;1,18;0;0,91
1347;1,48;0,28;102;false;true;true;1,17;0;0,91
1348;1,48;0,28;102;false;true;true;1,18;0;0,91
1349;1,48;0,28;102;false;true;true;1,18;0;0,91
1350;1,49;0,28;102;false;true;true;1,18;0;0,91
1351;1,49;0,28;102;false;true;true;1,18;0;0,91
1352;1,49;0,28;102;false;true;true;1,18;0;0,91
1353;1,49;0,28;102;false;true;true;1,17;0;0,91
1354;1,49;0,28;102;false;true;true;1,18;0;0,92
1355;1,49;0,27;102;false;true;true;1,17;0;0,92
1356;1,49;0,28;102;false;true;true;1,18;0;0,92
1357;1,49;0,27;102;false;true;true;1,17;0;0,92
1358;1,49;0,27;102;false;true;true;1,18;0;0,92
1359;1,49;0,27;102;false;true;true;1,18;0;0,92
1360;1,5;0,27;102;false;true;true;1,17;0;0,92
1361;1,5;0,27;102;false;true;true;1,17;0;0,92
1362;1,5;0,27;102;false;true;true;1,18;0;0,92
1363;1,5;0,27;102;false;true;true;1,17;0;0,92
1364;1,5;0,27;102;false;true;true;1,18;0;0,92
1365;1,5;0,27;102;false;true;true;1,17;0;0,92
1366;1,5;0,27;102;false;true;true;1,18;0;0,92
1367;1,5;0,27;102;false;true;true;1,17;0;0,92
1368;1,5;0,27;102;false;true;true;1,18;0;0,93
1369;1,5;0,26;102;false;true;true;1,17;0;0,93
1370;1,5;0,27;102;false;true;true;1,18;0;0,93
1371;1,51;0,26;102;false;true;true;1,17;0;0,93
1372;1,51;0,26;102;false;true;true;1,18;0;0,93
1373;1,51;0,26;102;false;true;true;1,18;0;0,93
1374;1,51;0,26;102;false;true;true;1,18;0;0,93
1375;1,51;0,26;102;false;true;true;1,18;0;0,93
1376;1,51;0,26;102;false;true;true;1,18;0;0,93
1377;1,51;0,26;102;false;true;true;1,18;0;0,93
1378;1,51;0,26;102;false;true;true;1,18;0;0,93
1379;1,51;0,26;102;false;true;true;1,18;0;0,93
1380;1,51;0,26;102;false;true;true;1,18;0;0,93
1381;1,52;0,26;102;false;true;true;1,18;0;0,93
1382;1,52;0,26;102;false;true;true;1,18;0;0,93
1383;1,52;0,26;102;false;true;true;1,18;0;0,94
1384;1,52;0,26;102;false;true;true;1,18;0;0,94
1385;1,52;0,25;102;false;true;true;1,18;0;0,94
1386;1,52;0,25;102;false;true;true;1,18;0;0,94
1387;1,52;0,25;102;false;true;true;1,18;0;0,94
1388;1,52;0,25;102;false;true;true;1,18;0;0,94
1389;1,52;0,25;102;false;true;true;1,18;0;0,94
1390;1,52;0,25;102;false;true;true;1,18;0;0,94
1391;1,53;0,25;102;false;true;true;1,17;0;0,94
1392;1,53;0,25;102;false;true;true;1,18;0;0,94
1393;1,53;0,25;102;false;true;true;1,18;0;0,94
1394;1,53;0,25;102;false;true;true;1,18;0;0,94
1395;1,53;0,25;102;false;true;true;1,18;0;0,94
1396;1,53;0,25;102;false;true;true;1,18;0;0,94
1397;1,53;0,25;102;false;true;true;1,18;0;0,94
1398;1,53;0,25;102;false;true;true;1,18;0;0,95
1399;1,53;0,25;102;false;true;true;1,18;0;0,95
1400;1,53;0,25;102;false;true;true;1,18;0;0,95
1401;1,54;0,25;102;false;true;true;1,18;0;0,95
1402;1,54;0,25;102;false;true;true;1,18;0;0,95
1403;1,54;0,24;102;false;true;true;1,18;0;0,95
1404;1,54;0,24;102;false;true;true;1,18;0;0,95
1405;1,54;0,24;102;false;true;true;1,18;0;0,95
1406;1,54;0,25;102;false;true;true;1,18;0;0,95
1407;1,54;0,24;102;false;true;true;1,18;0;0,95
1408;1,54;0,24;102;false;true;true;1,18;0;0,95
1409;1,54;0,24;102;false;true;true;1,18;0;0,95
1410;1,54;0,24;102;false;true;true;1,18;0;0,95
1411;1,55;0,24;102;false;true;true;1,18;0;0,95
1412;1,55;0,24;102;false;true;true;1,18;0;0,95
1413;1,55;0,24;102;false;true;true;1,18;0;0,95
1414;1,55;0,24;102;false;true;true;1,19;0;0,96
1415;1,55;0,24;102;false;true;true;1,19;0;0,96
1416;1,55;0,24;102;false;true;true;1,19;0;0,96
1417;1,55;0,24;102;false;true;true;1,19;0;0,96
1418;1,55;0,24;102;false;true;true;1,19;0;0,96
1419;1,55;0,24;102;false;true;true;1,19;0;0,96
1420;1,55;0,24;102;false;true;true;1,19;0;0,96
1421;1,56;0,24;102;false;true;true;1,19;0;0,96
1422;1,56;0,24;102;false;true;true;1,19;0;0,96
1423;1,56;0,24;102;false;true;true;1,19;0;0,96
1424;1,56;0,24;102;false;true;true;1,19;0;0,96
1425;1,56;0,24;102;false;true;true;1,19;0;0,96
1426;1,56;0,24;102;false;true;true;1,19;0;0,96
1427;1,56;0,24;102;false;true;true;1,19;0;0,96
1428;1,56;0,24;102;false;true;true;1,19;0;0,96
1429;1,56;0,24;102;false;true;true;1,19;0;0,96
1430;1,57;0,24;102;false;true;true;1,19;0;0,97
1431;1,57;0,24;102;false;true;true;1,19;0;0,97
1432;1,57;0,24;102;false;true;true;1,19;0;0,97
1433;1,57;0,24;102;false;true;true;1,19;0;0,97
1434;1,57;0,24;102;false;true;true;1,19;0;0,97
1435;1,57;0,24;102;false;true;true;1,19;0;0,97
1436;1,57;0,24;102;false;true;true;1,19;0;0,97
1437;1,57;0,24;102;false;true;true;1,19;0;0,97
1438;1,57;0,24;102;false;true;true;1,19;0;0,97
1439;1,57;0,24;102;false;true;true;1,2;0;0,97
1440;1,58;0,24;102;false;true;true;1,19;0;0,97
1441;1,58;0,24;102;false;true;true;1,19;0;0,97
1442;1,58;0,24;102;false;true;true;1,2;0;0,97
1443;1,58;0,24;102;false;true;true;1,2;0;0,97
1444;1,58;0,24;102;false;true;true;1,2;0;0,97
1445;1,58;0,24;102;false;true;true;1,2;0;0,98
1446;1,58;0,24;102;false;true;true;1,2;0;0,98
1447;1,58;0,23;102;false;true;true;1,2;0;0,98
1448;1,58;0,23;102;false;true;true;1,2;0;0,98
1449;1,58;0,23;102;false;true;true;1,2;0;0,98
1450;1,59;0,23;102;false;true;true;1,2;0;0,98
1451;1,59;0,23;102;false;true;true;1,2;0;0,98
1452;1,59;0,23;102;false;true;true;1,2;0;0,98
1453;1,59;0,24;102;false;true;true;1,2;0;0,98
1454;1,59;0,24;102;false;true;true;1,21;0;0,98
1455;1,59;0,23;102;false;true;true;1,2;0;0,98
1456;1,59;0,23;102;false;true;true;1,2;0;0,98
1457;1,59;0,23;102;false;true;true;1,2;0;0,98
1458;1,59;0,23;102;false;true;true;1,2;0;0,98
1459;1,6;0,23;102;false;true;true;1,2;0;0,98
1460;1,6;0,23;102;false;true;true;1,21;0;0,99
1461;1,6;0,23;102;false;true;true;1,21;0;0,99
1462;1,6;0,23;102;false;true;true;1,21;0;0,99
1463;1,6;0,23;102;false;true;true;1,21;0;0,99
1464;1,6;0,23;102;false;true;true;1,21;0;0,99
1465;1,6;0,23;102;false;true;true;1,21;0;0,99
1466;1,6;0,23;102;false;true;true;1,21;0;0,99
1467;1,6;0,23;102;false;true;true;1,21;0;0,99
1468;1,61;0,23;102;false;true;true;1,21;0;0,99
1469;1,61;0,23;102;false;true;true;1,21;0;0,99
1470;1,61;0,23;102;false;true;true;1,21;0;0,99
1471;1,61;0,23;102;false;true;true;1,21;0;0,99
1472;1,61;0,23;102;false;true;true;1,21;0;0,99
1473;1,61;0,23;102;false;true;true;1,21;0;0,99
1474;1,61;0,23;102;false;true;true;1,21;0;1
1475;1,61;0,23;102;false;true;true;1,21;0;1
1476;1,61;0,23;102;false;true;true;1,21;0;1
1477;1,61;0,23;102;false;true;true;1,21;0;1
1478;1,62;0,23;102;false;true;true;1,22;0;1
1479;1,62;0,23;102;false;true;true;1,21;0;1
1480;1,62;0,23;102;false;true;true;1,22;0;1
1481;1,62;0,23;102;false;true;true;1,21;0;1
1482;1,62;0,23;102;false;true;true;1,22;0;1
1483;1,62;0,23;102;false;true;true;1,22;0;1
1484;1,62;0,23;102;false;true;true;1,22;0;1
1485;1,62;0,23;102;false;true;true;1,22;0;1
1486;1,62;0,23;102;false;true;true;1,22;0;1
1487;1,62;0,23;102;false;true;true;1,22;0;1,01
1488;1,62;0,23;102;false;true;true;1,22;0;1,01
1489;1,63;0,23;102;false;true;true;1,22;0;1,01
1490;1,63;0,23;102;false;true;true;1,22;0;1,01
1491;1,63;0,22;102;false;true;true;1,22;0;1,01
1492;1,63;0,22;102;false;true;true;1,22;0;1,01
1493;1,63;0,23;102;false;true;true;1,22;0;1,01
1494;1,63;0,23;102;false;true;true;1,22;0;1,01
1495;1,63;0,23;102;false;true;true;1,22;0;1,01
1496;1,63;0,23;102;false;true;true;1,23;0;1,01
1497;1,63;0,23;102;false;true;true;1,23;0;1,01
1498;1,63;0,23;102;false;true;true;1,23;0;1,01
1499;1,64;0,22;102;false;true;true;1,23;0;1,02
1500;1,64;0,23;102;false;true;true;1,23;0;1,02
1501;1,64;0,22;102;false;true;true;1,23;0;1,02
1502;1,64;0,22;102;false;true;true;1,23;0;1,02
1503;1,64;0,22;102;false;true;true;1,23;0;1,02
1504;1,65;0,22;102;false;true;true;1,23;0;1,02
1505;1,65;0,22;102;false;true;true;1,23;0;1,02
1506;1,65;0,22;102;false;true;true;1,23;0;1,02
1507;1,65;0,23;102;false;true;true;1,24;0;1,02
1508;1,65;0,23;102;false;true;true;1,24;0;1,02
1509;1,65;0,22;102;false;true;true;1,24;0;1,02
1510;1,65;0,23;102;false;true;true;1,24;0;1,03
1511;1,65;0,22;102;false;true;true;1,24;0;1,03
1512;1,66;0,22;102;false;true;true;1,24;0;1,03
1513;1,66;0,22;102;false;true;true;1,24;0;1,03
1514;1,66;0,22;102;false;true;true;1,24;0;1,03
1515;1,66;0,22;102;false;true;true;1,24;0;1,03
1516;1,66;0,22;102;false;true;true;1,24;0;1,03
1517;1,66;0,22;102;false;true;true;1,24;0;1,03
1518;1,66;0,22;102;false;true;true;1,24;0;1,03
1519;1,66;0,22;102;false;true;true;1,24;0;1,04
1520;1,66;0,22;102;false;true;true;1,25;0;1,04
1521;1,67;0,22;102;false;true;true;1,25;0;1,04
1522;1,67;0,22;102;false;true;true;1,25;0;1,04
1523;1,67;0,22;102;false;true;true;1,25;0;1,04
1524;1,67;0,22;102;false;true;true;1,25;0;1,04
1525;1,67;0,22;102;false;true;true;1,25;0;1,04
1526;1,67;0,22;102;false;true;true;1,25;0;1,04
1527;1,67;0,22;102;false;true;true;1,25;0;1,04
1528;1,67;0,22;102;false;true;true;1,25;0;1,05
1529;1,67;0,22;102;false;true;true;1,25;0;1,05
1530;1,67;0,22;102;false;true;true;1,25;0;1,05
1531;1,68;0,22;102;false;true;true;1,25;0;1,05
1532;1,68;0,22;102;false;true;true;1,26;0;1,05
1533;1,68;0,22;102;false;true;true;1,26;0;1,05
1534;1,68;0,22;102;false;true;true;1,26;0;1,05
1535;1,68;0,22;102;false;true;true;1,26;0;1,05
1536;1,68;0,22;102;false;true;true;1,26;0;1,06
1537;1,68;0,22;102;false;true;true;1,26;0;1,06
1538;1,68;0,22;102;false;true;true;1,26;0;1,06
1539;1,68;0,22;102;false;true;true;1,26;0;1,06
1540;1,68;0,22;102;false;true;true;1,27;0;1,06
1541;1,69;0,22;102;false;true;true;1,27;0;1,06
1542;1,69;0,22;102;false;true;true;1,27;0;1,07
1543;1,69;0,22;102;false;true;true;1,27;0;1,07
1544;1,69;0,22;102;false;true;true;1,27;0;1,07
1545;1,69;0,22;102;false;true;true;1,27;0;1,07
1546;1,69;0,22;102;false;true;true;1,27;0;1,07
1547;1,69;0,22;102;false;true;true;1,28;0;1,07
1548;1,69;0,22;102;false;true;true;1,28;0;1,08
1549;1,69;0,22;102;false;true;true;1,28;0;1,08
1550;1,7;0,22;102;false;true;true;1,28;0;1,08
1551;1,7;0,22;102;false;true;true;1,28;0;1,08
1552;1,7;0,22;102;false;true;true;1,28;0;1,08
1553;1,7;0,22;102;false;true;true;1,28;0;1,09
1554;1,7;0,22;102;false;true;true;1,29;0;1,09
1555;1,7;0,22;102;false;true;true;1,29;0;1,09
1556;1,7;0,22;102;false;true;true;1,29;0;1,09
1557;1,7;0,22;102;false;true;true;1,3;0;1,09
1558;1,7;0,22;102;false;true;true;1,3;0;1,1
1559;1,7;0,22;102;false;true;true;1,3;0;1,1
1560;1,71;0,22;102;false;true;true;1,3;0;1,1
1561;1,71;0,22;102;false;true;true;1,3;0;1,11
1562;1,71;0,22;102;false;true;true;1,31;0;1,11
1563;1,71;0,22;102;false;true;true;1,31;0;1,11
1564;1,71;0,22;102;false;true;true;1,31;0;1,11
1565;1,71;0,23;102;false;true;true;1,32;0;1,12
1566;1,71;0,23;102;false;true;true;1,32;0;1,12
1567;1,71;0,23;102;false;true;true;1,32;0;1,12
1568;1,71;0,23;102;false;true;true;1,33;0;1,13
1569;1,71;0,23;102;false;true;true;1,33;0;1,13
1570;1,72;0,23;102;false;true;true;1,33;0;1,14
1571;1,72;0,23;102;false;true;true;1,34;0;1,14
1572;1,72;0,23;102;false;true;true;1,34;0;1,15
1573;1,72;0,23;102;false;true;true;1,35;0;1,15
1574;1,72;0,24;102;false;true;true;1,35;0;1,16
1575;1,72;0,24;102;false;true;true;1,36;0;1,16
1576;1,72;0,24;102;false;true;true;1,36;0;1,17
1577;1,72;0,24;102;false;true;true;1,37;0;1,17
1578;1,72;0,25;102;false;true;true;1,38;0;1,18
1579;1,72;0,25;102;false;true;true;1,39;0;1,19
1580;1,73;0,25;102;false;true;true;1,39;0;1,2
1581;1,73;0,26;102;false;true;true;1,4;0;1,21
1582;1,73;0,26;102;false;true;true;1,41;0;1,22
1583;1,73;0,27;102;false;true;true;1,43;0;1,23
1584;1,73;0,28;102;false;true;true;1,44;0;1,25
1585;1,73;0,29;102;false;true;true;1,45;0;1,27
1586;1,73;0,3;102;false;true;true;1,47;0;1,29
1587;1,73;0,32;102;false;true;true;1,49;0;1,32
1588;1,73;0,34;102;false;true;true;1,52;0;1,36
1589;1,73;0,38;102;false;true;true;1,56;0;1,42
1590;1,74;0,45;102;false;true;true;1,61;0;1,5
1591;1,74;0,68;101;false;true;true;1,12;0;0,77
1592;1,74;0,57;101;false;true;true;1,01;0;0,78
1593;1,74;0,53;101;false;true;true;0,98;0;0,79
1594;1,74;0,5;101;false;true;true;0,99;0;0,8
1595;1,74;0,48;101;false;true;true;1,03;0;0,8
1596;1,74;0,46;101;false;true;true;1,05;0;0,81
1597;1,74;0,45;101;false;true;true;1,07;0;0,81
1598;1,74;0,43;101;false;true;true;1,09;0;0,81
1599;1,74;0,42;101;false;true;true;1,1;0;0,82
1600;1,75;0,41;101;false;true;true;1,11;0;0,82
1601;1,75;0,4;101;false;true;true;1,11;0;0,82
1602;1,75;0,4;101;false;true;true;1,12;0;0,83
1603;1,75;0,39;101;false;true;true;1,12;0;0,83
1604;1,75;0,39;101;false;true;true;1,13;0;0,83
1605;1,75;0,38;101;false;true;true;1,13;0;0,83
1606;1,75;0,38;101;false;true;true;1,13;0;0,84
1607;1,75;0,37;101;false;true;true;1,14;0;0,84
1608;1,75;0,37;101;false;true;true;1,14;0;0,84
1609;1,75;0,36;101;false;true;true;1,14;0;0,84
1610;1,75;0,36;101;false;true;true;1,14;0;0,84
1611;1,76;0,35;101;false;true;true;1,14;0;0,84
1612;1,76;0,35;101;false;true;true;1,14;0;0,85
1613;1,76;0,35;101;false;true;true;1,14;0;0,85
1614;1,76;0,34;101;false;true;true;1,14;0;0,85
1615;1,76;0,34;101;false;true;true;1,14;0;0,85
1616;1,76;0,34;101;false;true;true;1,14;0;0,85
1617;1,76;0,33;101;false;true;true;1,14;0;0,85
1618;1,76;0,33;101;false;true;true;1,14;0;0,85
1619;1,76;0,33;101;false;true;true;1,14;0;0,86
1620;1,76;0,33;101;false;true;true;1,14;0;0,86
1621;1,77;0,32;101;false;true;true;1,14;0;0,86
1622;1,77;0,32;101;false;true;true;1,15;0;0,86
1623;1,77;0,32;101;false;true;true;1,14;0;0,86
1624;1,77;0,32;101;false;true;true;1,14;0;0,86
1625;1,77;0,31;101;false;true;true;1,14;0;0,86
1626;1,77;0,31;101;false;true;true;1,14;0;0,86
1627;1,77;0,31;101;false;true;true;1,14;0;0,87
1628;1,77;0,31;101;false;true;true;1,14;0;0,87
1629;1,77;0,3;101;false;true;true;1,14;0;0,87
1630;1,77;0,3;101;false;true;true;1,14;0;0,87
1631;1,78;0,3;101;false;true;true;1,14;0;0,87
1632;1,78;0,3;101;false;true;true;1,14;0;0,87
1633;1,78;0,3;101;false;true;true;1,14;0;0,87
1634;1,78;0,3;101;false;true;true;1,14;0;0,87
1635;1,78;0,29;101;false;true;true;1,14;0;0,87
1636;1,78;0,29;101;false;true;true;1,14;0;0,87
1637;1,78;0,29;101;false;true;true;1,14;0;0,87
1638;1,78;0,29;101;false;true;true;1,14;0;0,88
1639;1,78;0,29;101;false;true;true;1,14;0;0,88
1640;1,78;0,29;101;false;true;true;1,14;0;0,88
1641;1,79;0,29;101;false;true;true;1,14;0;0,88
1642;1,79;0,28;101;false;true;true;1,14;0;0,88
1643;1,79;0,28;101;false;true;true;1,14;0;0,88
1644;1,79;0,28;101;false;true;true;1,14;0;0,88
1645;1,79;0,28;101;false;true;true;1,14;0;0,88
1646;1,79;0,28;101;false;true;true;1,14;0;0,88
1647;1,79;0,28;101;false;true;true;1,14;0;0,88
1648;1,79;0,28;101;false;true;true;1,14;0;0,88
1649;1,79;0,27;101;false;true;true;1,14;0;0,88
1650;1,79;0,27;101;false;true;true;1,14;0;0,89
1651;1,8;0,27;101;false;true;true;1,14;0;0,89
1652;1,8;0,27;101;false;true;true;1,14;0;0,89
1653;1,8;0,27;101;false;true;true;1,14;0;0,89
1654;1,8;0,27;101;false;true;true;1,14;0;0,89
1655;1,8;0,26;101;false;true;true;1,14;0;0,89
1656;1,8;0,27;101;false;true;true;1,14;0;0,89
1657;1,8;0,26;101;false;true;true;1,14;0;0,89
1658;1,8;0,26;101;false;true;true;1,14;0;0,89
1659;1,8;0,26;101;false;true;true;1,14;0;0,89
1660;1,8;0,26;101;false;true;true;1,14;0;0,89
1661;1,81;0,26;101;false;true;true;1,14;0;0,89
1662;1,81;0,26;101;false;true;true;1,13;0;0,89
1663;1,81;0,26;101;false;true;true;1,14;0;0,89
1664;1,81;0,26;101;false;true;true;1,14;0;0,89
1665;1,81;0,26;101;false;true;true;1,13;0;0,9
1666;1,81;0,25;101;false;true;true;1,13;0;0,9
1667;1,81;0,25;101;false;true;true;1,13;0;0,9
1668;1,81;0,25;101;false;true;true;1,13;0;0,9
1669;1,81;0,25;101;false;true;true;1,13;0;0,9
1670;1,82;0,25;101;false;true;true;1,13;0;0,9
1671;1,82;0,25;101;false;true;true;1,13;0;0,9
1672;1,82;0,25;101;false;true;true;1,14;0;0,9
1673;1,82;0,25;101;false;true;true;1,13;0;0,9
1674;1,82;0,25;101;false;true;true;1,13;0;0,9
1675;1,82;0,25;101;false;true;true;1,14;0;0,9
1676;1,82;0,24;101;false;true;true;1,13;0;0,9
1677;1,82;0,25;101;false;true;true;1,13;0;0,9
1678;1,82;0,25;101;false;true;true;1,13;0;0,9
1679;1,82;0,25;101;false;true;true;1,13;0;0,9
1680;1,83;0,24;101;false;true;true;1,13;0;0,9
1681;1,83;0,24;101;false;true;true;1,13;0;0,9
1682;1,83;0,24;101;false;true;true;1,13;0;0,91
1683;1,83;0,24;101;false;true;true;1,13;0;0,91
1684;1,83;0,24;101;false;true;true;1,13;0;0,91
1685;1,83;0,24;101;false;true;true;1,13;0;0,91
1686;1,83;0,24;101;false;true;true;1,13;0;0,91
1687;1,83;0,24;101;false;true;true;1,13;0;0,91
1688;1,83;0,24;101;false;true;true;1,13;0;0,91
1689;1,83;0,24;101;false;true;true;1,13;0;0,91
1690;1,84;0,24;101;false;true;true;1,13;0;0,91
1691;1,84;0,24;101;false;true;true;1,13;0;0,91
1692;1,84;0,24;101;false;true;true;1,13;0;0,91
1693;1,84;0,24;101;false;true;true;1,13;0;0,91
1694;1,84;0,24;101;false;true;true;1,13;0;0,91
1695;1,84;0,23;101;false;true;true;1,13;0;0,91
1696;1,84;0,23;101;false;true;true;1,13;0;0,91
1697;1,84;0,23;101;false;true;true;1,13;0;0,91
1698;1,84;0,23;101;false;true;true;1,13;0;0,91
1699;1,84;0,23;101;false;true;true;1,13;0;0,91
1700;1,85;0,23;101;false;true;true;1,13;0;0,91
1701;1,85;0,23;101;false;true;true;1,13;0;0,91
1702;1,85;0,23;101;false;true;true;1,13;0;0,92
1703;1,85;0,23;101;false;true;true;1,13;0;0,92
1704;1,85;0,23;101;false;true;true;1,13;0;0,92
1705;1,85;0,23;101;false;true;true;1,13;0;0,92
1706;1,85;0,23;101;false;true;true;1,13;0;0,92
1707;1,85;0,23;101;false;true;true;1,13;0;0,92
1708;1,85;0,23;101;false;true;true;1,13;0;0,92
1709;1,85;0,23;101;false;true;true;1,13;0;0,92
1710;1,86;0,22;101;false;true;true;1,13;0;0,92
1711;1,86;0,23;101;false;true;true;1,13;0;0,92
1712;1,86;0,23;101;false;true;true;1,13;0;0,92
1713;1,86;0,23;101;false;true;true;1,14;0;0,92
1714;1,86;0,23;101;false;true;true;1,14;0;0,92
1715;1,86;0,23;101;false;true;true;1,13;0;0,92
1716;1,86;0,22;101;false;true;true;1,13;0;0,92
1717;1,86;0,23;101;false;true;true;1,14;0;0,92
1718;1,86;0,23;101;false;true;true;1,14;0;0,92
1719;1,86;0,23;101;false;true;true;1,14;0;0,92
1720;1,87;0,23;101;false;true;true;1,14;0;0,92
1721;1,87;0,23;101;false;true;true;1,14;0;0,92
1722;1,87;0,22;101;false;true;true;1,14;0;0,92
1723;1,87;0,22;101;false;true;true;1,14;0;0,93
1724;1,87;0,22;101;false;true;true;1,14;0;0,93
1725;1,87;0,22;101;false;true;true;1,14;0;0,93
1726;1,87;0,22;101;false;true;true;1,14;0;0,93
1727;1,87;0,22;101;false;true;true;1,14;0;0,93
1728;1,87;0,23;101;false;true;true;1,14;0;0,93
1729;1,87;0,22;101;false;true;true;1,14;0;0,93
1730;1,88;0,22;101;false;true;true;1,14;0;0,93
1731;1,88;0,22;101;false;true;true;1,14;0;0,93
1732;1,88;0,22;101;false;true;true;1,14;0;0,93
1733;1,88;0,22;101;false;true;true;1,14;0;0,93
1734;1,88;0,22;101;false;true;true;1,14;0;0,93
1735;1,88;0,22;101;false;true;true;1,14;0;0,93
1736;1,88;0,22;101;false;true;true;1,14;0;0,93
1737;1,88;0,22;101;false;true;true;1,14;0;0,93
1738;1,88;0,22;101;false;true;true;1,14;0;0,93
1739;1,88;0,22;101;false;true;true;1,14;0;0,93
1740;1,88;0,22;101;false;true;true;1,14;0;0,93
1741;1,89;0,22;101;false;true;true;1,14;0;0,93
1742;1,89;0,22;101;false;true;true;1,14;0;0,93
1743;1,89;0,22;101;false;true;true;1,14;0;0,93
1744;1,89;0,22;101;false;true;true;1,14;0;0,93
1745;1,89;0,22;101;false;true;true;1,14;0;0,93
1746;1,89;0,22;101;false;true;true;1,14;0;0,94
1747;1,89;0,22;101;false;true;true;1,14;0;0,94
1748;1,89;0,22;101;false;true;true;1,14;0;0,94
1749;1,89;0,22;101;false;true;true;1,14;0;0,94
1750;1,89;0,22;101;false;true;true;1,14;0;0,94
1751;1,9;0,22;101;false;true;true;1,14;0;0,94
1752;1,9;0,22;101;false;true;true;1,14;0;0,94
1753;1,9;0,22;101;false;true;true;1,14;0;0,94
1754;1,9;0,22;101;false;true;true;1,15;0;0,94
1755;1,9;0,22;101;false;true;true;1,15;0;0,94
1756;1,9;0,22;101;false;true;true;1,15;0;0,94
1757;1,9;0,22;101;false;true;true;1,14;0;0,94
1758;1,9;0,22;101;false;true;true;1,14;0;0,94
1759;1,9;0,22;101;false;true;true;1,14;0;0,94
1760;1,9;0,22;101;false;true;true;1,15;0;0,94
1761;1,91;0,22;101;false;true;true;1,15;0;0,94
1762;1,91;0,22;101;false;true;true;1,15;0;0,94
1763;1,91;0,22;101;false;true;true;1,15;0;0,94
1764;1,91;0,22;101;false;true;true;1,15;0;0,94
1765;1,91;0,21;101;false;true;true;1,15;0;0,94
1766;1,91;0,21;101;false;true;true;1,14;0;0,94
1767;1,91;0,21;101;false;true;true;1,15;0;0,94
1768;1,91;0,21;101;false;true;true;1,15;0;0,94
1769;1,91;0,21;101;false;true;true;1,15;0;0,94
1770;1,91;0,21;101;false;true;true;1,15;0;0,94
1771;1,92;0,21;101;false;true;true;1,15;0;0,95
1772;1,92;0,21;101;false;true;true;1,15;0;0,95
1773;1,92;0,21;101;false;true;true;1,15;0;0,95
1774;1,92;0,21;101;false;true;true;1,15;0;0,95
1775;1,92;0,21;101;false;true;true;1,15;0;0,95
1776;1,92;0,21;101;false;true;true;1,15;0;0,95
1777;1,92;0,21;101;false;true;true;1,15;0;0,95
1778;1,92;0,21;101;false;true;true;1,15;0;0,95
1779;1,92;0,21;101;false;true;true;1,15;0;0,95
1780;1,92;0,21;101;false;true;true;1,15;0;0,95
1781;1,93;0,21;101;false;true;true;1,15;0;0,95
1782;1,93;0,21;101;false;true;true;1,15;0;0,95
1783;1,93;0,21;101;false;true;true;1,15;0;0,95
1784;1,93;0,21;101;false;true;true;1,15;0;0,95
1785;1,93;0,21;101;false;true;true;1,15;0;0,95
1786;1,93;0,21;101;false;true;true;1,15;0;0,95
1787;1,93;0,21;101;false;true;true;1,15;0;0,95
1788;1,93;0,21;101;false;true;true;1,15;0;0,95
1789;1,93;0,21;101;false;true;true;1,15;0;0,95
1790;1,93;0,21;101;false;true;true;1,15;0;0,95
1791;1,94;0,21;101;false;true;true;1,15;0;0,95
1792;1,94;0,21;101;false;true;true;1,15;0;0,95
1793;1,94;0,21;101;false;true;true;1,15;0;0,95
1794;1,94;0,21;101;false;true;true;1,15;0;0,95
1795;1,94;0,21;101;false;true;true;1,15;0;0,95
1796;1,94;0,21;101;false;true;true;1,15;0;0,96
1797;1,94;0,21;101;false;true;true;1,16;0;0,96
1798;1,94;0,21;101;false;true;true;1,16;0;0,96
1799;1,94;0,21;101;false;true;true;1,16;0;0,96
1800;1,95;0,21;101;false;true;true;1,16;0;0,96
1801;1,95;0,21;101;false;true;true;1,15;0;0,96
1802;1,95;0,21;101;false;true;true;1,15;0;0,96
1803;1,95;0,21;101;false;true;true;1,15;0;0,96
1804;1,95;0,21;101;false;true;true;1,16;0;0,96
1805;1,95;0,21;101;false;true;true;1,16;0;0,96
1806;1,95;0,21;101;false;true;true;1,16;0;0,96
1807;1,95;0,21;101;false;true;true;1,16;0;0,96
1808;1,95;0,21;101;false;true;true;1,16;0;0,96
1809;1,95;0,21;101;false;true;true;1,16;0;0,96
1810;1,96;0,21;101;false;true;true;1,16;0;0,96
1811;1,96;0,2;101;false;true;true;1,16;0;0,96
1812;1,96;0,21;101;false;true;true;1,16;0;0,96
1813;1,96;0,21;101;false;true;true;1,16;0;0,96
1814;1,96;0,21;101;false;true;true;1,16;0;0,96
1815;1,96;0,21;101;false;true;true;1,16;0;0,96
1816;1,96;0,2;101;false;true;true;1,16;0;0,96
1817;1,96;0,21;101;false;true;true;1,16;0;0,96
1818;1,96;0,21;101;false;true;true;1,16;0;0,96
1819;1,96;0,2;101;false;true;true;1,16;0;0,96
1820;1,97;0,2;101;false;true;true;1,16;0;0,97
1821;1,97;0,2;101;false;true;true;1,16;0;0,97
1822;1,97;0,2;101;false;true;true;1,16;0;0,97
1823;1,97;0,2;101;false;true;true;1,16;0;0,97
1824;1,97;0,2;101;false;true;true;1,16;0;0,97
1825;1,97;0,2;101;false;true;true;1,16;0;0,97
1826;1,97;0,2;101;false;true;true;1,16;0;0,97
1827;1,97;0,2;101;false;true;true;1,16;0;0,97
1828;1,97;0,2;101;false;true;true;1,16;0;0,97
1829;1,97;0,2;101;false;true;true;1,16;0;0,97
1830;1,98;0,2;101;false;true;true;1,16;0;0,97
1831;1,98;0,2;101;false;true;true;1,16;0;0,97
1832;1,98;0,2;101;false;true;true;1,16;0;0,97
1833;1,98;0,2;101;false;true;true;1,16;0;0,97
1834;1,98;0,2;101;false;true;true;1,16;0;0,97
1835;1,98;0,2;101;false;true;true;1,16;0;0,97
1836;1,98;0,2;101;false;true;true;1,16;0;0,97
1837;1,98;0,2;101;false;true;true;1,16;0;0,97
1838;1,98;0,2;101;false;true;true;1,16;0;0,97
1839;1,98;0,2;101;false;true;true;1,16;0;0,97
1840;1,99;0,2;101;false;true;true;1,17;0;0,97
1841;1,99;0,2;101;false;true;true;1,17;0;0,97
1842;1,99;0,2;101;false;true;true;1,17;0;0,97
1843;1,99;0,2;101;false;true;true;1,16;0;0,97
1844;1,99;0,2;101;false;true;true;1,17;0;0,98
1845;1,99;0,2;101;false;true;true;1,16;0;0,98
1846;1,99;0,2;101;false;true;true;1,17;0;0,98
1847;1,99;0,2;101;false;true;true;1,17;0;0,98
1848;1,99;0,2;101;false;true;true;1,17;0;0,98
1849;1,99;0,2;101;false;true;true;1,17;0;0,98
1850;2;0,2;101;false;true;true;1,17;0;0,98
1851;2;0,2;101;false;true;true;1,17;0;0,98
1852;2;0,2;101;false;true;true;1,17;0;0,98
1853;2;0,2;101;false;true;true;1,17;0;0,98
1854;2;0,2;101;false;true;true;1,17;0;0,98
1855;2;0,2;101;false;true;true;1,17;0;0,98
1856;2;0,2;101;false;true;true;1,17;0;0,98
1857;2;0,2;101;false;true;true;1,17;0;0,98
1858;2;0,2;101;false;true;true;1,17;0;0,98
1859;2;0,2;101;false;true;true;1,17;0;0,98
1860;2,01;0,2;101;false;true;true;1,17;0;0,98
1861;2,01;0,2;101;false;true;true;1,17;0;0,98
1862;2,01;0,2;101;false;true;true;1,17;0;0,98
1863;2,01;0,2;101;false;true;true;1,17;0;0,98
1864;2,01;0,2;101;false;true;true;1,17;0;0,98
1865;2,01;0,2;101;false;true;true;1,17;0;0,98
1866;2,01;0,2;101;false;true;true;1,17;0;0,98
1867;2,01;0,2;101;false;true;true;1,17;0;0,99
1868;2,01;0,2;101;false;true;true;1,17;0;0,99
1869;2,02;0,2;101;false;true;true;1,17;0;0,99
1870;2,02;0,2;101;false;true;true;1,17;0;0,99
1871;2,02;0,2;101;false;true;true;1,17;0;0,99
1872;2,02;0,19;101;false;true;true;1,17;0;0,99
1873;2,02;0,19;101;false;true;true;1,17;0;0,99
1874;2,02;0,2;101;false;true;true;1,17;0;0,99
1875;2,02;0,2;101;false;true;true;1,18;0;0,99
1876;2,02;0,2;101;false;true;true;1,17;0;0,99
1877;2,03;0,19;101;false;true;true;1,17;0;0,99
1878;2,03;0,19;101;false;true;true;1,17;0;0,99
1879;2,03;0,19;101;false;true;true;1,17;0;0,99
1880;2,03;0,19;101;false;true;true;1,17;0;0,99
1881;2,03;0,19;101;false;true;true;1,18;0;0,99
1882;2,03;0,19;101;false;true;true;1,18;0;0,99
1883;2,03;0,19;101;false;true;true;1,18;0;0,99
1884;2,03;0,19;101;false;true;true;1,18;0;0,99
1885;2,03;0,19;101;false;true;true;1,17;0;0,99
1886;2,03;0,19;101;false;true;true;1,18;0;0,99
1887;2,04;0,19;101;false;true;true;1,18;0;1
1888;2,04;0,19;101;false;true;true;1,18;0;1
1889;2,04;0,19;101;false;true;true;1,18;0;1
1890;2,04;0,19;101;false;true;true;1,18;0;1
1891;2,04;0,19;101;false;true;true;1,18;0;1
1892;2,04;0,19;101;false;true;true;1,18;0;1
1893;2,04;0,19;101;false;true;true;1,18;0;1
1894;2,04;0,19;101;false;true;true;1,18;0;1
1895;2,04;0,19;101;false;true;true;1,18;0;1
1896;2,04;0,19;101;false;true;true;1,18;0;1
1897;2,05;0,19;101;false;true;true;1,18;0;1
1898;2,05;0,19;101;false;true;true;1,18;0;1
1899;2,05;0,19;101;false;true;true;1,18;0;1
1900;2,05;0,19;101;false;true;true;1,18;0;1
1901;2,05;0,19;101;false;true;true;1,18;0;1
1902;2,05;0,19;101;false;true;true;1,18;0;1
1903;2,05;0,19;101;false;true;true;1,18;0;1
1904;2,05;0,19;101;false;true;true;1,18;0;1
1905;2,05;0,19;101;false;true;true;1,18;0;1
1906;2,05;0,19;101;false;true;true;1,19;0;1,01
1907;2,06;0,19;101;false;true;true;1,18;0;1,01
1908;2,06;0,19;101;false;true;true;1,18;0;1,01
1909;2,06;0,19;101;false;true;true;1,19;0;1,01
1910;2,06;0,19;101;false;true;true;1,19;0;1,01
1911;2,06;0,19;101;false;true;true;1,19;0;1,01
1912;2,06;0,19;101;false;true;true;1,19;0;1,01
1913;2,06;0,19;101;false;true;true;1,19;0;1,01
1914;2,06;0,19;101;false;true;true;1,19;0;1,01
1915;2,06;0,19;101;false;true;true;1,19;0;1,01
1916;2,06;0,19;101;false;true;true;1,19;0;1,01
1917;2,07;0,19;101;false;true;true;1,19;0;1,01
1918;2,07;0,19;101;false;true;true;1,19;0;1,01
1919;2,07;0,19;101;false;true;true;1,19;0;1,01
1920;2,07;0,19;101;false;true;true;1,19;0;1,01
1921;2,07;0,19;101;false;true;true;1,19;0;1,01
1922;2,07;0,19;101;false;true;true;1,19;0;1,01
1923;2,07;0,18;101;false;true;true;1,19;0;1,02
1924;2,07;0,18;101;false;true;true;1,19;0;1,02
1925;2,07;0,19;101;false;true;true;1,19;0;1,02
1926;2,08;0,19;101;false;true;true;1,19;0;1,02
1927;2,08;0,19;101;false;true;true;1,19;0;1,02
1928;2,08;0,19;101;false;true;true;1,19;0;1,02
1929;2,08;0,18;101;false;true;true;1,19;0;1,02
1930;2,08;0,18;101;false;true;true;1,19;0;1,02
1931;2,08;0,18;101;false;true;true;1,19;0;1,02
1932;2,08;0,18;101;false;true;true;1,19;0;1,02
1933;2,08;0,18;101;false;true;true;1,2;0;1,02
1934;2,09;0,19;101;false;true;true;1,2;0;1,02
1935;2,09;0,19;101;false;true;true;1,2;0;1,02
1936;2,09;0,19;101;false;true;true;1,2;0;1,02
1937;2,09;0,18;101;false;true;true;1,2;0;1,02
1938;2,09;0,18;101;false;true;true;1,2;0;1,02
1939;2,09;0,18;101;false;true;true;1,2;0;1,03
1940;2,09;0,18;101;false;true;true;1,2;0;1,03
1941;2,09;0,18;101;false;true;true;1,2;0;1,03
1942;2,09;0,18;101;false;true;true;1,2;0;1,03
1943;2,09;0,18;101;false;true;true;1,2;0;1,03
1944;2,1;0,18;101;false;true;true;1,2;0;1,03
1945;2,1;0,18;101;false;true;true;1,2;0;1,03
1946;2,1;0,18;101;false;true;true;1,2;0;1,03
1947;2,1;0,18;101;false;true;true;1,2;0;1,03
1948;2,1;0,18;101;false;true;true;1,2;0;1,03
1949;2,1;0,18;101;false;true;true;1,2;0;1,03
1950;2,1;0,18;101;false;true;true;1,2;0;1,03
1951;2,1;0,18;101;false;true;true;1,21;0;1,03
1952;2,1;0,18;101;false;true;true;1,21;0;1,04
1953;2,1;0,18;101;false;true;true;1,21;0;1,04
1954;2,11;0,18;101;false;true;true;1,21;0;1,04
1955;2,11;0,18;101;false;true;true;1,21;0;1,04
1956;2,11;0,18;101;false;true;true;1,21;0;1,04
1957;2,11;0,18;101;false;true;true;1,21;0;1,04
1958;2,11;0,18;101;false;true;true;1,21;0;1,04
1959;2,11;0,18;101;false;true;true;1,21;0;1,04
1960;2,11;0,18;101;false;true;true;1,21;0;1,04
1961;2,11;0,18;101;false;true;true;1,21;0;1,04
1962;2,11;0,18;101;false;true;true;1,21;0;1,04
1963;2,11;0,18;101;false;true;true;1,21;0;1,04
1964;2,12;0,18;101;false;true;true;1,22;0;1,05
1965;2,12;0,18;101;false;true;true;1,22;0;1,05
1966;2,12;0,18;101;false;true;true;1,22;0;1,05
1967;2,12;0,18;101;false;true;true;1,22;0;1,05
1968;2,12;0,18;101;false;true;true;1,22;0;1,05
1969;2,12;0,18;101;false;true;true;1,22;0;1,05
1970;2,12;0,18;101;false;true;true;1,22;0;1,05
1971;2,12;0,18;101;false;true;true;1,22;0;1,05
1972;2,12;0,18;101;false;true;true;1,22;0;1,05
1973;2,12;0,18;101;false;true;true;1,22;0;1,05
1974;2,13;0,18;101;false;true;true;1,22;0;1,06
1975;2,13;0,18;101;false;true;true;1,22;0;1,06
1976;2,13;0,17;101;false;true;true;1,22;0;1,06
1977;2,13;0,17;101;false;true;true;1,22;0;1,06
1978;2,13;0,18;101;false;true;true;1,22;0;1,06
1979;2,13;0,18;101;false;true;true;1,22;0;1,06
1980;2,13;0,18;101;false;true;true;1,23;0;1,06
1981;2,13;0,18;101;false;true;true;1,23;0;1,06
1982;2,13;0,18;101;false;true;true;1,23;0;1,07
1983;2,13;0,18;101;false;true;true;1,23;0;1,07
1984;2,14;0,17;101;false;true;true;1,23;0;1,07
1985;2,14;0,17;101;false;true;true;1,23;0;1,07
1986;2,14;0,18;101;false;true;true;1,23;0;1,07
1987;2,14;0,18;101;false;true;true;1,23;0;1,07
1988;2,14;0,18;101;false;true;true;1,24;0;1,07
1989;2,14;0,18;101;false;true;true;1,24;0;1,07
1990;2,14;0,18;101;false;true;true;1,24;0;1,08
1991;2,14;0,18;101;false;true;true;1,24;0;1,08
1992;2,14;0,18;101;false;true;true;1,24;0;1,08
1993;2,14;0,17;101;false;true;true;1,24;0;1,08
1994;2,15;0,18;101;false;true;true;1,24;0;1,08
1995;2,15;0,18;101;false;true;true;1,24;0;1,08
1996;2,15;0,18;101;false;true;true;1,25;0;1,09
1997;2,15;0,18;101;false;true;true;1,25;0;1,09
1998;2,15;0,18;101;false;true;true;1,25;0;1,09
1999;2,15;0,18;101;false;true;true;1,25;0;1,09
2000;2,15;0,18;101;false;true;true;1,25;0;1,09
2001;2,15;0,18;101;false;true;true;1,25;0;1,1
2002;2,15;0,18;101;false;true;true;1,26;0;1,1
2003;2,15;0,18;101;false;true;true;1,26;0;1,1
2004;2,16;0,18;101;false;true;true;1,26;0;1,1
2005;2,16;0,18;101;false;true;true;1,26;0;1,1
2006;2,16;0,18;101;false;true;true;1,27;0;1,11
2007;2,16;0,18;101;false;true;true;1,27;0;1,11
2008;2,16;0,18;101;false;true;true;1,27;0;1,11
2009;2,16;0,18;101;false;true;true;1,27;0;1,11
2010;2,16;0,18;101;false;true;true;1,28;0;1,12
2011;2,16;0,18;101;false;true;true;1,28;0;1,12
2012;2,16;0,18;101;false;true;true;1,28;0;1,12
2013;2,16;0,18;101;false;true;true;1,28;0;1,12
2014;2,17;0,18;101;false;true;true;1,29;0;1,13
2015;2,17;0,19;101;false;true;true;1,29;0;1,13
2016;2,17;0,18;101;false;true;true;1,29;0;1,13
2017;2,17;0,19;101;false;true;true;1,3;0;1,14
2018;2,17;0,19;101;false;true;true;1,3;0;1,14
2019;2,17;0,19;101;false;true;true;1,3;0;1,15
2020;2,17;0,19;101;false;true;true;1,31;0;1,15
2021;2,17;0,19;101;false;true;true;1,31;0;1,16
2022;2,17;0,19;101;false;true;true;1,32;0;1,16
2023;2,17;0,2;101;false;true;true;1,32;0;1,17
2024;2,18;0,2;101;false;true;true;1,33;0;1,17
2025;2,18;0,2;101;false;true;true;1,33;0;1,18
2026;2,18;0,2;101;false;true;true;1,34;0;1,19
2027;2,18;0,21;101;false;true;true;1,35;0;1,19
2028;2,18;0,21;101;false;true;true;1,36;0;1,2
2029;2,18;0,22;101;false;true;true;1,37;0;1,21
2030;2,18;0,22;101;false;true;true;1,38;0;1,22
2031;2,18;0,23;101;false;true;true;1,39;0;1,24
2032;2,18;0,23;101;false;true;true;1,4;0;1,25
2033;2,18;0,24;101;false;true;true;1,42;0;1,27
2034;2,19;0,26;101;false;true;true;1,44;0;1,29
2035;2,19;0,28;101;false;true;true;1,46;0;1,32
2036;2,19;0,3;101;false;true;true;1,48;0;1,36
2037;2,19;0,34;101;false;true;true;1,52;0;1,41
2038;2,19;0,4;101;false;true;true;1,57;0;1,5
2039;2,19;0,63;100;false;true;true;1,08;0;0,77
2040;2,19;0,53;100;false;true;true;0,97;0;0,78
2041;2,19;0,48;100;false;true;true;0,94;0;0,79
2042;2,19;0,46;100;false;true;true;0,95;0;0,79
2043;2,19;0,44;100;false;true;true;0,98;0;0,8
2044;2,2;0,42;100;false;true;true;1,01;0;0,8
2045;2,2;0,4;100;false;true;true;1,03;0;0,81
2046;2,2;0,39;100;false;true;true;1,04;0;0,81
2047;2,2;0,38;100;false;true;true;1,05;0;0,81
2048;2,2;0,37;100;false;true;true;1,06;0;0,82
2049;2,2;0,36;100;false;true;true;1,07;0;0,82
2050;2,2;0,36;100;false;true;true;1,08;0;0,82
2051;2,2;0,35;100;false;true;true;1,08;0;0,83
2052;2,2;0,34;100;false;true;true;1,08;0;0,83
2053;2,2;0,34;100;false;true;true;1,09;0;0,83
2054;2,21;0,33;100;false;true;true;1,09;0;0,83
2055;2,21;0,33;100;false;true;true;1,09;0;0,83
2056;2,21;0,32;100;false;true;true;1,09;0;0,84
2057;2,21;0,32;100;false;true;true;1,09;0;0,84
2058;2,21;0,31;100;false;true;true;1,09;0;0,84
2059;2,21;0,31;100;false;true;true;1,09;0;0,84
2060;2,21;0,31;100;false;true;true;1,1;0;0,84
2061;2,21;0,3;100;false;true;true;1,1;0;0,84
2062;2,21;0,3;100;false;true;true;1,1;0;0,84
2063;2,21;0,3;100;false;true;true;1,1;0;0,85
2064;2,22;0,29;100;false;true;true;1,1;0;0,85
2065;2,22;0,29;100;false;true;true;1,1;0;0,85
2066;2,22;0,29;100;false;true;true;1,1;0;0,85
2067;2,22;0,28;100;false;true;true;1,09;0;0,85
2068;2,22;0,28;100;false;true;true;1,09;0;0,85
2069;2,22;0,28;100;false;true;true;1,09;0;0,85
2070;2,22;0,28;100;false;true;true;1,1;0;0,85
2071;2,22;0,27;100;false;true;true;1,09;0;0,86
2072;2,22;0,27;100;false;true;true;1,1;0;0,86
2073;2,23;0,27;100;false;true;true;1,1;0;0,86
2074;2,23;0,27;100;false;true;true;1,1;0;0,86
2075;2,23;0,26;100;false;true;true;1,09;0;0,86
2076;2,23;0,26;100;false;true;true;1,09;0;0,86
2077;2,23;0,26;100;false;true;true;1,09;0;0,86
2078;2,23;0,26;100;false;true;true;1,09;0;0,86
2079;2,23;0,26;100;false;true;true;1,09;0;0,86
2080;2,23;0,25;100;false;true;true;1,09;0;0,86
2081;2,23;0,25;100;false;true;true;1,09;0;0,86
2082;2,23;0,25;100;false;true;true;1,09;0;0,87
2083;2,24;0,25;100;false;true;true;1,09;0;0,87
2084;2,24;0,25;100;false;true;true;1,09;0;0,87
208