lengthMiddleSegment: 3989.835416666667
step_energy: 0.05
electrostatic_force_factor: 1.0
spring_force_factor: 0.1
reject_force_factor: 2.0
distanceRejectRadius: 2393.90125
distanceSamePosition: 2393.90125
Iteration;time;energy;num nodes;reject force is enabled;spring force is enabled;electrostatic force is enabled;str_force;rep_force;elec_force
1;4,1;4,49;235;true;true;true;0;2,7;0
2;0,01;4,49;235;true;true;true;0;2,71;0
3;0,04;4,49;235;true;true;true;0;2,7;0
4;0,05;4,49;235;true;true;true;0;2,71;0
5;0,05;4,49;235;true;true;true;0;2,7;0
6;0,05;4,49;235;true;true;true;0;2,71;0
7;0,05;4,49;235;true;true;true;0;2,7;0
8;0,06;4,49;235;true;true;true;0;2,71;0
9;0,06;4,49;235;true;true;true;0;2,7;0
10;0,06;4,49;235;true;true;true;0;2,71;0
11;0,07;4,49;235;true;true;true;0;2,7;0
12;0,07;4,49;235;true;true;true;0;2,71;0
13;0,07;4,49;235;true;true;true;0;2,7;0
14;0,08;4,49;235;true;true;true;0;2,71;0
15;0,08;4,49;235;true;true;true;0;2,7;0
16;0,08;4,49;235;true;true;true;0;2,71;0
17;0,09;4,49;235;true;true;true;0;2,7;0
18;0,09;4,49;235;true;true;true;0;2,71;0
19;0,09;4,49;235;true;true;true;0;2,7;0
20;0,09;4,49;235;true;true;true;0;2,71;0
21;0,1;4,49;235;true;true;true;0;2,7;0
22;0,1;4,49;235;true;true;true;0;2,71;0
23;0,11;4,49;235;true;true;true;0;2,7;0
24;0,11;4,49;235;true;true;true;0;2,71;0
25;0,11;4,49;235;true;true;true;0;2,7;0
26;0,12;4,49;235;true;true;true;0;2,71;0
27;0,12;4,49;235;true;true;true;0;2,7;0
28;0,12;4,49;235;true;true;true;0;2,71;0
29;0,12;4,49;235;true;true;true;0;2,7;0
30;0,13;4,49;235;true;true;true;0;2,71;0
31;0,13;4,49;235;true;true;true;0;2,7;0
32;0,13;4,49;235;true;true;true;0;2,71;0
33;0,14;4,49;235;true;true;true;0;2,7;0
34;0,14;4,49;235;true;true;true;0;2,71;0
35;0,14;4,49;235;true;true;true;0;2,7;0
36;0,15;4,49;235;true;true;true;0;2,71;0
37;0,15;4,49;235;true;true;true;0;2,7;0
38;0,15;4,49;235;true;true;true;0;2,71;0
39;0,16;4,49;235;true;true;true;0;2,7;0
40;0,16;4,49;235;true;true;true;0;2,71;0
41;0,16;4,49;235;true;true;true;0;2,7;0
42;0,17;4,49;235;true;true;true;0;2,71;0
43;0,17;4,49;235;true;true;true;0;2,7;0
44;0,17;4,49;235;true;true;true;0;2,71;0
45;0,18;4,49;235;true;true;true;0;2,7;0
46;0,18;4,49;235;true;true;true;0;2,71;0
47;0,19;4,49;235;true;true;true;0;2,7;0
48;0,19;4,49;235;true;true;true;0;2,71;0
49;0,19;4,49;235;true;true;true;0;2,7;0
50;0,19;4,49;235;true;true;true;0;2,71;0
51;0,2;4,49;235;true;true;true;0;2,7;0
52;0,2;4,49;235;true;true;true;0;2,71;0
53;0,2;4,49;235;true;true;true;0;2,7;0
54;0,21;4,49;235;true;true;true;0;2,71;0
55;0,21;4,49;235;true;true;true;0;2,7;0
56;0,21;4,49;235;true;true;true;0;2,71;0
57;0,22;4,49;235;true;true;true;0;2,7;0
58;0,22;4,49;235;true;true;true;0;2,71;0
59;0,22;4,49;235;true;true;true;0;2,7;0
60;0,23;4,49;235;true;true;true;0;2,71;0
61;0,23;4,49;235;true;true;true;0;2,7;0
62;0,23;4,49;235;true;true;true;0;2,71;0
63;0,24;4,49;235;true;true;true;0;2,7;0
64;0,24;4,49;235;true;true;true;0;2,71;0
65;0,25;4,49;235;true;true;true;0;2,7;0
66;0,25;4,49;235;true;true;true;0;2,71;0
67;0,25;4,49;235;true;true;true;0;2,7;0
68;0,25;4,49;235;true;true;true;0;2,71;0
69;0,26;4,49;235;true;true;true;0;2,7;0
70;0,26;4,49;235;true;true;true;0;2,71;0
71;0,26;4,49;235;true;true;true;0;2,7;0
72;0,27;4,49;235;true;true;true;0;2,71;0
73;0,27;4,49;235;true;true;true;0;2,7;0
74;0,27;4,49;235;true;true;true;0;2,71;0
75;0,28;4,49;235;true;true;true;0;2,7;0
76;0,28;4,49;235;true;true;true;0;2,7;0
77;0,28;4,49;235;true;true;true;0;2,7;0
78;0,28;4,49;235;true;true;true;0;2,7;0
79;0,29;4,49;235;true;true;true;0;2,7;0
80;0,29;4,49;235;true;true;true;0;2,7;0
81;0,29;4,49;235;true;true;true;0;2,7;0
82;0,3;4,49;235;true;true;true;0;2,7;0
83;0,3;4,49;235;true;true;true;0;2,7;0
84;0,3;4,49;235;true;true;true;0;2,71;0
85;0,31;4,49;235;true;true;true;0;2,7;0
86;0,31;4,49;235;true;true;true;0;2,71;0
87;0,31;4,49;235;true;true;true;0;2,7;0
88;0,32;4,49;235;true;true;true;0;2,71;0
89;0,32;4,49;235;true;true;true;0;2,7;0
90;0,32;4,49;235;true;true;true;0;2,71;0
91;0,33;4,49;235;true;true;true;0;2,7;0
92;0,33;4,49;235;true;true;true;0;2,71;0
93;0,33;4,49;235;true;true;true;0;2,7;0
94;0,34;4,49;235;true;true;true;0;2,71;0
95;0,34;4,49;235;true;true;true;0;2,7;0
96;0,34;4,49;235;true;true;true;0;2,71;0
97;0,34;4,49;235;true;true;true;0;2,7;0
98;0,35;4,49;235;true;true;true;0;2,71;0
99;0,35;4,49;235;true;true;true;0;2,7;0
100;0,35;4,49;235;true;true;true;0;2,71;0
101;0,36;4,49;235;true;true;true;0;2,7;0
102;0,36;4,49;235;true;true;true;0;2,71;0
103;0,36;4,49;235;true;true;true;0;2,7;0
104;0,37;4,49;235;true;true;true;0;2,71;0
105;0,37;4,49;235;true;true;true;0;2,7;0
106;0,37;4,49;235;true;true;true;0;2,71;0
107;0,37;4,49;235;true;true;true;0;2,7;0
108;0,38;4,49;235;true;true;true;0;2,71;0
109;0,38;4,49;235;true;true;true;0;2,7;0
110;0,38;4,49;235;true;true;true;0;2,71;0
111;0,39;4,49;235;true;true;true;0;2,7;0
112;0,39;4,49;235;true;true;true;0;2,71;0
113;0,39;4,49;235;true;true;true;0;2,7;0
114;0,4;4,49;235;true;true;true;0;2,71;0
115;0,4;4,49;235;true;true;true;0;2,7;0
116;0,4;4,49;235;true;true;true;0;2,71;0
117;0,4;4,49;235;true;true;true;0;2,7;0
118;0,41;4,49;235;true;true;true;0;2,71;0
119;0,41;4,49;235;true;true;true;0;2,7;0
120;0,41;4,49;235;true;true;true;0;2,71;0
121;0,42;4,49;235;true;true;true;0;2,7;0
122;0,42;4,49;235;true;true;true;0;2,71;0
123;0,42;4,49;235;true;true;true;0;2,7;0
124;0,43;4,49;235;true;true;true;0;2,71;0
125;0,43;4,49;235;true;true;true;0;2,7;0
126;0,43;4,49;235;true;true;true;0;2,71;0
127;0,44;4,49;235;true;true;true;0;2,7;0
128;0,44;4,49;235;true;true;true;0;2,71;0
129;0,44;4,49;235;true;true;true;0;2,7;0
130;0,45;4,49;235;true;true;true;0;2,71;0
131;0,45;4,49;235;true;true;true;0;2,7;0
132;0,45;4,49;235;true;true;true;0;2,71;0
133;0,46;4,49;235;true;true;true;0;2,7;0
134;0,46;4,49;235;true;true;true;0;2,71;0
135;0,47;4,49;235;true;true;true;0;2,7;0
136;0,47;4,49;235;true;true;true;0;2,71;0
137;0,47;4,49;235;true;true;true;0;2,7;0
138;0,47;4,49;235;true;true;true;0;2,71;0
139;0,48;4,49;235;true;true;true;0;2,7;0
140;0,48;4,49;235;true;true;true;0;2,71;0
141;0,48;4,49;235;true;true;true;0;2,7;0
142;0,49;4,49;235;true;true;true;0;2,71;0
143;0,49;4,49;235;true;true;true;0;2,7;0
144;0,49;4,49;235;true;true;true;0;2,71;0
145;0,5;4,49;235;true;true;true;0;2,7;0
146;0,5;4,49;235;true;true;true;0;2,71;0
147;0,5;4,49;235;true;true;true;0;2,7;0
148;0,5;4,49;235;true;true;true;0;2,71;0
149;0,51;4,49;235;true;true;true;0;2,7;0
150;0,51;4,49;235;true;true;true;0;2,71;0
151;0,51;4,49;235;true;true;true;0;2,7;0
152;0,52;4,49;235;true;true;true;0;2,71;0
153;0,52;4,49;235;true;true;true;0;2,7;0
154;0,52;4,49;235;true;true;true;0;2,71;0
155;0,52;4,49;235;true;true;true;0;2,7;0
156;0,53;4,49;235;true;true;true;0;2,71;0
157;0,53;4,49;235;true;true;true;0;2,7;0
158;0,53;4,49;235;true;true;true;0;2,71;0
159;0,54;4,49;235;true;true;true;0;2,7;0
160;0,54;4,49;235;true;true;true;0;2,71;0
161;0,54;4,49;235;true;true;true;0;2,7;0
162;0,55;4,49;235;true;true;true;0;2,71;0
163;0,55;4,49;235;true;true;true;0;2,7;0
164;0,55;4,49;235;true;true;true;0;2,71;0
165;0,56;4,49;235;true;true;true;0;2,7;0
166;0,56;4,49;235;true;true;true;0;2,71;0
167;0,56;4,49;235;true;true;true;0;2,7;0
168;0,56;4,49;235;true;true;true;0;2,71;0
169;0,57;4,49;235;true;true;true;0;2,7;0
170;0,57;4,49;235;true;true;true;0;2,71;0
171;0,57;4,49;235;true;true;true;0;2,7;0
172;0,58;4,49;235;true;true;true;0;2,71;0
173;0,58;4,49;235;true;true;true;0;2,7;0
174;0,58;4,49;235;true;true;true;0;2,71;0
175;0,58;4,49;235;true;true;true;0;2,7;0
176;0,59;4,49;235;true;true;true;0;2,71;0
177;0,59;4,49;235;true;true;true;0;2,7;0
178;0,6;4,49;235;true;true;true;0;2,71;0
179;0,6;4,49;235;true;true;true;0;2,7;0
180;0,6;4,49;235;true;true;true;0;2,71;0
181;0,6;4,49;235;true;true;true;0;2,7;0
182;0,61;4,49;235;true;true;true;0;2,71;0
183;0,61;4,49;235;true;true;true;0;2,7;0
184;0,61;4,49;235;true;true;true;0;2,71;0
185;0,62;4,49;235;true;true;true;0;2,7;0
186;0,62;4,49;235;true;true;true;0;2,71;0
187;0,62;4,49;235;true;true;true;0;2,7;0
188;0,63;4,49;235;true;true;true;0;2,71;0
189;0,63;4,49;235;true;true;true;0;2,7;0
190;0,63;4,49;235;true;true;true;0;2,71;0
191;0,64;4,49;235;true;true;true;0;2,7;0
192;0,64;4,49;235;true;true;true;0;2,71;0
193;0,64;4,49;235;true;true;true;0;2,7;0
194;0,64;4,49;235;true;true;true;0;2,71;0
195;0,65;4,49;235;true;true;true;0;2,7;0
196;0,65;4,49;235;true;true;true;0;2,71;0
197;0,65;4,49;235;true;true;true;0;2,7;0
198;0,66;4,49;235;true;true;true;0;2,71;0
199;0,66;4,49;235;true;true;true;0;2,7;0
200;0,66;4,49;235;true;true;true;0;2,71;0
201;0,67;4,49;235;true;true;true;0;2,7;0
202;0,67;4,49;235;true;true;true;0;2,71;0
203;0,67;4,49;235;true;true;true;0;2,7;0
204;0,68;4,49;235;true;true;true;0;2,71;0
205;0,68;4,49;235;true;true;true;0;2,7;0
206;0,68;4,49;235;true;true;true;0;2,71;0
207;0,69;4,49;235;true;true;true;0;2,7;0
208;0,69;4,49;235;true;true;true;0;2,71;0
209;0,69;4,49;235;true;true;true;0;2,7;0
210;0,69;4,49;235;true;true;true;0;2,71;0
211;0,7;4,49;235;true;true;true;0;2,7;0
212;0,7;4,49;235;true;true;true;0;2,71;0
213;0,7;4,49;235;true;true;true;0;2,7;0
214;0,71;4,49;235;true;true;true;0;2,71;0
215;0,71;4,49;235;true;true;true;0;2,7;0
216;0,71;4,49;235;true;true;true;0;2,71;0
217;0,72;4,49;235;true;true;true;0;2,7;0
218;0,72;4,49;235;true;true;true;0;2,71;0
219;0,72;4,49;235;true;true;true;0;2,7;0
220;0,73;4,49;235;true;true;true;0;2,71;0
221;0,73;4,49;235;true;true;true;0;2,7;0
222;0,73;4,49;235;true;true;true;0;2,71;0
223;0,74;4,49;235;true;true;true;0;2,7;0
224;0,74;4,49;235;true;true;true;0;2,71;0
225;0,74;4,49;235;true;true;true;0;2,7;0
226;0,75;4,49;235;true;true;true;0;2,71;0
227;0,75;4,49;235;true;true;true;0;2,7;0
228;0,75;4,49;235;true;true;true;0;2,71;0
229;0,75;4,49;235;true;true;true;0;2,7;0
230;0,76;4,49;235;true;true;true;0;2,71;0
231;0,76;4,49;235;true;true;true;0;2,7;0
232;0,76;4,49;235;true;true;true;0;2,71;0
233;0,77;4,49;235;true;true;true;0;2,7;0
234;0,77;4,49;235;true;true;true;0;2,71;0
235;0,77;4,49;235;true;true;true;0;2,7;0
236;0,78;4,49;235;true;true;true;0;2,71;0
237;0,78;4,49;235;true;true;true;0;2,7;0
238;0,78;4,49;235;true;true;true;0;2,71;0
239;0,79;4,49;235;true;true;true;0;2,7;0
240;0,79;4,49;235;true;true;true;0;2,71;0
241;0,8;4,49;235;true;true;true;0;2,7;0
242;0,8;4,49;235;true;true;true;0;2,71;0
243;0,8;4,49;235;true;true;true;0;2,7;0
244;0,81;4,49;235;true;true;true;0;2,71;0
245;0,81;4,49;235;true;true;true;0;2,7;0
246;0,81;4,49;235;true;true;true;0;2,71;0
247;0,81;4,49;235;true;true;true;0;2,7;0
248;0,82;4,49;235;true;true;true;0;2,71;0
249;0,82;4,49;235;true;true;true;0;2,7;0
250;0,82;4,49;235;true;true;true;0;2,71;0
251;0,83;4,49;235;true;true;true;0;2,7;0
252;0,83;4,49;235;true;true;true;0;2,71;0
253;0,83;4,49;235;true;true;true;0;2,7;0
254;0,83;4,49;235;true;true;true;0;2,71;0
255;0,84;4,49;235;true;true;true;0;2,7;0
256;0,84;4,49;235;true;true;true;0;2,71;0
257;0,84;4,49;235;true;true;true;0;2,7;0
258;0,85;4,49;235;true;true;true;0;2,71;0
259;0,85;4,49;235;true;true;true;0;2,7;0
260;0,85;4,49;235;true;true;true;0;2,71;0
261;0,86;4,49;235;true;true;true;0;2,7;0
262;0,86;4,49;235;true;true;true;0;2,71;0
263;0,86;4,49;235;true;true;true;0;2,7;0
264;0,87;4,49;235;true;true;true;0;2,71;0
265;0,87;4,49;235;true;true;true;0;2,7;0
266;0,87;4,49;235;true;true;true;0;2,71;0
267;0,87;4,49;235;true;true;true;0;2,7;0
268;0,88;4,49;235;true;true;true;0;2,71;0
269;0,88;4,49;235;true;true;true;0;2,7;0
270;0,88;4,49;235;true;true;true;0;2,71;0
271;0,89;4,49;235;true;true;true;0;2,7;0
272;0,89;4,49;235;true;true;true;0;2,71;0
273;0,89;4,49;235;true;true;true;0;2,7;0
274;0,89;4,49;235;true;true;true;0;2,71;0
275;0,9;4,49;235;true;true;true;0;2,7;0
276;0,9;4,49;235;true;true;true;0;2,71;0
277;0,9;4,49;235;true;true;true;0;2,7;0
278;0,91;4,49;235;true;true;true;0;2,71;0
279;0,91;4,49;235;true;true;true;0;2,7;0
280;0,91;4,49;235;true;true;true;0;2,71;0
281;0,92;4,49;235;true;true;true;0;2,7;0
282;0,92;4,49;235;true;true;true;0;2,71;0
283;0,92;4,49;235;true;true;true;0;2,7;0
284;0,93;4,49;235;true;true;true;0;2,71;0
285;0,93;4,49;235;true;true;true;0;2,7;0
286;0,93;4,49;235;true;true;true;0;2,71;0
287;0,93;4,49;235;true;true;true;0;2,7;0
288;0,94;4,49;235;true;true;true;0;2,71;0
289;0,94;4,49;235;true;true;true;0;2,7;0
290;0,94;4,49;235;true;true;true;0;2,71;0
291;0,95;4,49;235;true;true;true;0;2,7;0
292;0,95;4,49;235;true;true;true;0;2,71;0
293;0,95;4,49;235;true;true;true;0;2,7;0
294;0,96;4,49;235;true;true;true;0;2,71;0
295;0,96;4,49;235;true;true;true;0;2,7;0
296;0,96;4,49;235;true;true;true;0;2,71;0
297;0,97;4,49;235;true;true;true;0;2,71;0
298;0,97;4,49;235;true;true;true;0;2,71;0
299;0,97;4,49;235;true;true;true;0;2,71;0
300;0,98;4,49;235;true;true;true;0;2,71;0
301;0,98;4,49;235;true;true;true;0;2,71;0
302;0,98;4,49;235;true;true;true;0;2,71;0
303;0,99;4,49;235;true;true;true;0;2,71;0
304;0,99;4,49;235;true;true;true;0;2,71;0
305;0,99;4,49;235;true;true;true;0;2,71;0
306;0,99;4,49;235;true;true;true;0;2,71;0
307;1;4,49;235;true;true;true;0;2,71;0
308;1;4,49;235;true;true;true;0;2,71;0
309;1;4,49;235;true;true;true;0;2,71;0
310;1,01;4,49;235;true;true;true;0;2,71;0
311;1,01;4,49;235;true;true;true;0;2,71;0
312;1,01;4,49;235;true;true;true;0;2,71;0
313;1,02;4,49;235;true;true;true;0;2,71;0
314;1,02;4,49;235;true;true;true;0;2,71;0
315;1,02;4,49;235;true;true;true;0;2,71;0
316;1,02;4,49;235;true;true;true;0;2,71;0
317;1,03;4,49;235;true;true;true;0;2,71;0
318;1,03;4,49;235;true;true;true;0;2,71;0
319;1,03;4,49;235;true;true;true;0;2,71;0
320;1,04;4,49;235;true;true;true;0;2,71;0
321;1,04;4,49;235;true;true;true;0;2,71;0
322;1,04;4,49;235;true;true;true;0;2,71;0
323;1,05;4,49;235;true;true;true;0;2,71;0
324;1,05;4,49;235;true;true;true;0;2,71;0
325;1,05;4,49;235;true;true;true;0;2,71;0
326;1,06;4,49;235;true;true;true;0;2,71;0
327;1,06;4,49;235;true;true;true;0;2,71;0
328;1,06;4,49;235;true;true;true;0;2,71;0
329;1,07;4,49;235;true;true;true;0;2,71;0
330;1,07;4,49;235;true;true;true;0;2,71;0
331;1,07;4,49;235;true;true;true;0;2,71;0
332;1,08;4,49;235;true;true;true;0;2,71;0
333;1,08;4,49;235;true;true;true;0;2,71;0
334;1,08;4,49;235;true;true;true;0;2,71;0
335;1,09;4,49;235;true;true;true;0;2,71;0
336;1,09;4,49;235;true;true;true;0;2,71;0
337;1,09;4,49;235;true;true;true;0;2,71;0
338;1,1;4,49;235;true;true;true;0;2,71;0
339;1,1;4,49;235;true;true;true;0;2,71;0
340;1,1;4,49;235;true;true;true;0;2,71;0
341;1,1;4,49;235;true;true;true;0;2,71;0
342;1,11;4,49;235;true;true;true;0;2,71;0
343;1,11;4,49;235;true;true;true;0;2,71;0
344;1,11;4,49;235;true;true;true;0;2,71;0
345;1,12;4,49;235;true;true;true;0;2,71;0
346;1,12;4,49;235;true;true;true;0;2,71;0
347;1,12;4,49;235;true;true;true;0;2,71;0
348;1,12;4,49;235;true;true;true;0;2,71;0
349;1,13;4,49;235;true;true;true;0;2,71;0
350;1,13;4,49;235;true;true;true;0;2,71;0
351;1,14;4,49;235;true;true;true;0;2,71;0
352;1,14;4,49;235;true;true;true;0;2,71;0
353;1,14;4,49;235;true;true;true;0;2,71;0
354;1,14;4,49;235;true;true;true;0;2,71;0
355;1,15;4,49;235;true;true;true;0;2,71;0
356;1,15;4,49;235;true;true;true;0;2,71;0
357;1,15;4,49;235;true;true;true;0;2,71;0
358;1,18;4,49;235;true;true;true;0;2,71;0
359;1,18;4,49;235;true;true;true;0;2,71;0
360;1,18;4,49;235;true;true;true;0;2,71;0
361;1,19;4,49;235;true;true;true;0;2,71;0
362;1,19;4,49;235;true;true;true;0;2,71;0
363;1,19;4,49;235;true;true;true;0;2,71;0
364;1,2;4,49;235;true;true;true;0;2,71;0
365;1,2;4,49;235;true;true;true;0;2,71;0
366;1,2;4,49;235;true;true;true;0;2,71;0
367;1,21;4,49;235;true;true;true;0;2,71;0
368;1,21;4,49;235;true;true;true;0;2,71;0
369;1,21;4,49;235;true;true;true;0;2,71;0
370;1,22;4,49;235;true;true;true;0;2,71;0
371;1,22;4,49;235;true;true;true;0;2,71;0
372;1,22;4,49;235;true;true;true;0;2,71;0
373;1,22;4,49;235;true;true;true;0;2,71;0
374;1,23;4,49;235;true;true;true;0;2,71;0
375;1,23;4,49;235;true;true;true;0;2,71;0
376;1,23;4,49;235;true;true;true;0;2,71;0
377;1,24;4,49;235;true;true;true;0;2,71;0
378;1,24;4,49;235;true;true;true;0;2,71;0
379;1,24;4,49;235;true;true;true;0;2,71;0
380;1,25;4,49;235;true;true;true;0;2,71;0
381;1,25;4,49;235;true;true;true;0;2,71;0
382;1,25;4,49;235;true;true;true;0;2,71;0
383;1,25;4,49;235;true;true;true;0;2,71;0
384;1,26;4,49;235;true;true;true;0;2,71;0
385;1,26;4,49;235;true;true;true;0;2,71;0
386;1,26;4,49;235;true;true;true;0;2,71;0
387;1,27;4,49;235;true;true;true;0;2,71;0
388;1,27;4,49;235;true;true;true;0;2,71;0
389;1,27;4,49;235;true;true;true;0;2,71;0
390;1,28;4,49;235;true;true;true;0;2,71;0
391;1,28;4,49;235;true;true;true;0;2,71;0
392;1,28;4,49;235;true;true;true;0;2,71;0
393;1,29;4,49;235;true;true;true;0;2,71;0
394;1,29;4,49;235;true;true;true;0;2,71;0
395;1,29;4,49;235;true;true;true;0;2,71;0
396;1,3;4,49;235;true;true;true;0;2,71;0
397;1,3;4,49;235;true;true;true;0;2,71;0
398;1,3;4,49;235;true;true;true;0;2,71;0
399;1,31;4,49;235;true;true;true;0;2,71;0
400;1,31;4,49;235;true;true;true;0;2,71;0
401;1,31;4,49;235;true;true;true;0;2,71;0
402;1,32;4,49;235;true;true;true;0;2,71;0
403;1,32;4,49;235;true;true;true;0;2,71;0
404;1,32;4,49;235;true;true;true;0;2,71;0
405;1,33;4,49;235;true;true;true;0;2,71;0
406;1,33;4,49;235;true;true;true;0;2,71;0
407;1,33;4,49;235;true;true;true;0;2,71;0
408;1,33;4,49;235;true;true;true;0;2,71;0
409;1,34;4,49;235;true;true;true;0;2,71;0
410;1,34;4,49;235;true;true;true;0;2,71;0
411;1,34;4,49;235;true;true;true;0;2,71;0
412;1,35;4,49;235;true;true;true;0;2,71;0
413;1,35;4,49;235;true;true;true;0;2,71;0
414;1,35;4,49;235;true;true;true;0;2,71;0
415;1,36;4,49;235;true;true;true;0;2,71;0
416;1,36;4,49;235;true;true;true;0;2,71;0
417;1,36;4,49;235;true;true;true;0;2,71;0
418;1,37;4,49;235;true;true;true;0;2,71;0
419;1,37;4,49;235;true;true;true;0;2,71;0
420;1,37;4,49;235;true;true;true;0;2,71;0
421;1,38;4,49;235;true;true;true;0;2,71;0
422;1,38;4,49;235;true;true;true;0;2,71;0
423;1,38;4,49;235;true;true;true;0;2,71;0
424;1,39;4,49;235;true;true;true;0;2,71;0
425;1,39;4,49;235;true;true;true;0;2,71;0
426;1,39;4,49;235;true;true;true;0;2,71;0
427;1,39;4,49;235;true;true;true;0;2,71;0
428;1,4;4,49;235;true;true;true;0;2,71;0
429;1,4;4,49;235;true;true;true;0;2,71;0
430;1,41;4,49;235;true;true;true;0;2,71;0
431;1,41;4,49;235;true;true;true;0;2,71;0
432;1,41;4,49;235;true;true;true;0;2,71;0
433;1,41;4,49;235;true;true;true;0;2,71;0
434;1,42;4,49;235;true;true;true;0;2,71;0
435;1,42;4,49;235;true;true;true;0;2,71;0
436;1,43;4,49;235;true;true;true;0;2,71;0
437;1,43;4,49;235;true;true;true;0;2,71;0
438;1,43;4,49;235;true;true;true;0;2,71;0
439;1,43;4,49;235;true;true;true;0;2,71;0
440;1,44;4,49;235;true;true;true;0;2,71;0
441;1,44;4,49;235;true;true;true;0;2,71;0
442;1,45;4,49;235;true;true;true;0;2,71;0
443;1,45;4,49;235;true;true;true;0;2,71;0
444;1,45;4,49;235;true;true;true;0;2,71;0
445;1,46;4,49;235;true;true;true;0;2,71;0
446;1,46;4,49;235;true;true;true;0;2,71;0
447;1,46;4,49;235;true;true;true;0;2,71;0
448;1,47;4,49;235;true;true;true;0;2,71;0
449;1,47;4,49;235;true;true;true;0;2,71;0
450;1,47;4,49;235;true;true;true;0;2,71;0
451;1,48;4,49;235;true;true;true;0;2,71;0
452;1,48;4,49;235;true;true;true;0;2,71;0
453;1,48;4,49;235;true;true;true;0;2,71;0
454;1,49;4,49;235;true;true;true;0;2,71;0
455;1,49;4,49;235;true;true;true;0;2,71;0
456;1,49;4,49;235;true;true;true;0;2,71;0
457;1,5;4,49;235;true;true;true;0;2,71;0
458;1,5;4,49;235;true;true;true;0;2,71;0
459;1,5;4,49;235;true;true;true;0;2,71;0
460;1,5;4,49;235;true;true;true;0;2,71;0
461;1,51;4,49;235;true;true;true;0;2,71;0
462;1,51;4,49;235;true;true;true;0;2,71;0
463;1,51;4,49;235;true;true;true;0;2,71;0
464;1,52;4,49;235;true;true;true;0;2,71;0
465;1,52;4,49;235;true;true;true;0;2,71;0
466;1,52;4,49;235;true;true;true;0;2,71;0
467;1,53;4,49;235;true;true;true;0;2,71;0
468;1,53;4,49;235;true;true;true;0;2,71;0
469;1,53;4,49;235;true;true;true;0;2,71;0
470;1,54;4,49;235;true;true;true;0;2,71;0
471;1,54;4,49;235;true;true;true;0;2,71;0
472;1,54;4,49;235;true;true;true;0;2,71;0
473;1,54;4,49;235;true;true;true;0;2,71;0
474;1,55;4,49;235;true;true;true;0;2,71;0
475;1,55;4,49;235;true;true;true;0;2,71;0
476;1,55;4,49;235;true;true;true;0;2,71;0
477;1,56;4,49;235;true;true;true;0;2,71;0
478;1,56;4,49;235;true;true;true;0;2,71;0
479;1,56;4,49;235;true;true;true;0;2,71;0
480;1,57;4,49;235;true;true;true;0;2,71;0
481;1,57;4,49;235;true;true;true;0;2,71;0
482;1,57;4,49;235;true;true;true;0;2,71;0
483;1,58;4,49;235;true;true;true;0;2,71;0
484;1,58;4,49;235;true;true;true;0;2,71;0
485;1,58;4,49;235;true;true;true;0;2,71;0
486;1,59;4,49;235;true;true;true;0;2,71;0
487;1,59;4,49;235;true;true;true;0;2,71;0
488;1,59;4,49;235;true;true;true;0;2,71;0
489;1,6;4,49;235;true;true;true;0;2,71;0
490;1,6;4,49;235;true;true;true;0;2,71;0
491;1,6;4,49;235;true;true;true;0;2,71;0
492;1,6;4,49;235;true;true;true;0;2,71;0
493;1,61;4,49;235;true;true;true;0;2,71;0
494;1,61;4,49;235;true;true;true;0;2,71;0
495;1,61;4,49;235;true;true;true;0;2,71;0
496;1,62;4,49;235;true;true;true;0;2,71;0
497;1,62;4,49;235;true;true;true;0;2,71;0
498;1,62;4,49;235;true;true;true;0;2,71;0
499;1,63;4,49;235;true;true;true;0;2,71;0
500;1,63;4,49;235;true;true;true;0;2,71;0
501;1,63;4,49;235;true;true;true;0;2,71;0
502;1,63;4,49;235;true;true;true;0;2,71;0
503;1,64;4,49;235;true;true;true;0;2,71;0
504;1,64;4,49;235;true;true;true;0;2,71;0
505;1,64;4,49;235;true;true;true;0;2,71;0
506;1,65;4,49;235;true;true;true;0;2,71;0
507;1,65;4,49;235;true;true;true;0;2,71;0
508;1,65;4,49;235;true;true;true;0;2,71;0
509;1,66;4,49;235;true;true;true;0;2,71;0
510;1,66;4,49;235;true;true;true;0;2,71;0
511;1,66;4,49;235;true;true;true;0;2,71;0
512;1,67;4,49;235;true;true;true;0;2,71;0
513;1,67;4,49;235;true;true;true;0;2,71;0
514;1,67;4,49;235;true;true;true;0;2,71;0
515;1,67;4,49;235;true;true;true;0;2,71;0
516;1,68;4,49;235;true;true;true;0;2,71;0
517;1,68;4,49;235;true;true;true;0;2,71;0
518;1,68;4,49;235;true;true;true;0;2,71;0
519;1,69;4,49;235;true;true;true;0;2,71;0
520;1,69;4,49;235;true;true;true;0;2,71;0
521;1,69;4,49;235;true;true;true;0;2,71;0
522;1,7;4,49;235;true;true;true;0;2,71;0
523;1,7;4,49;235;true;true;true;0;2,71;0
524;1,7;4,49;235;true;true;true;0;2,71;0
525;1,71;4,49;235;true;true;true;0;2,71;0
526;1,71;4,49;235;true;true;true;0;2,71;0
527;1,71;4,49;235;true;true;true;0;2,71;0
528;1,72;4,49;235;true;true;true;0;2,71;0
529;1,72;4,49;235;true;true;true;0;2,71;0
530;1,72;4,49;235;true;true;true;0;2,71;0
531;1,73;4,49;235;true;true;true;0;2,71;0
532;1,73;4,49;235;true;true;true;0;2,71;0
533;1,73;4,49;235;true;true;true;0;2,71;0
534;1,74;4,49;235;true;true;true;0;2,71;0
535;1,74;4,49;235;true;true;true;0;2,71;0
536;1,74;4,49;235;true;true;true;0;2,71;0
537;1,74;4,49;235;true;true;true;0;2,71;0
538;1,75;4,49;235;true;true;true;0;2,71;0
539;1,75;4,49;235;true;true;true;0;2,71;0
540;1,75;4,49;235;true;true;true;0;2,71;0
541;1,76;4,49;235;true;true;true;0;2,71;0
542;1,76;4,49;235;true;true;true;0;2,71;0
543;1,76;4,49;235;true;true;true;0;2,71;0
544;1,77;4,49;235;true;true;true;0;2,71;0
545;1,77;4,49;235;true;true;true;0;2,71;0
546;1,77;4,49;235;true;true;true;0;2,71;0
547;1,78;4,49;235;true;true;true;0;2,71;0
548;1,78;4,49;235;true;true;true;0;2,71;0
549;1,78;4,49;235;true;true;true;0;2,71;0
550;1,79;4,49;235;true;true;true;0;2,71;0
551;1,79;4,49;235;true;true;true;0;2,71;0
552;1,79;4,49;235;true;true;true;0;2,71;0
553;1,8;4,49;235;true;true;true;0;2,71;0
554;1,8;4,49;235;true;true;true;0;2,71;0
555;1,8;4,49;235;true;true;true;0;2,71;0
556;1,8;4,49;235;true;true;true;0;2,71;0
557;1,81;4,49;235;true;true;true;0;2,71;0
558;1,81;4,49;235;true;true;true;0;2,71;0
559;1,81;4,49;235;true;true;true;0;2,71;0
560;1,82;4,49;235;true;true;true;0;2,71;0
561;1,82;4,49;235;true;true;true;0;2,71;0
562;1,82;4,49;235;true;true;true;0;2,71;0
563;1,83;4,49;235;true;true;true;0;2,71;0
564;1,83;4,49;235;true;true;true;0;2,71;0
565;1,83;4,49;235;true;true;true;0;2,71;0
566;1,84;4,49;235;true;true;true;0;2,71;0
567;1,84;4,49;235;true;true;true;0;2,71;0
568;1,84;4,49;235;true;true;true;0;2,71;0
569;1,85;4,49;235;true;true;true;0;2,71;0
570;1,85;4,49;235;true;true;true;0;2,71;0
571;1,85;4,49;235;true;true;true;0;2,71;0
572;1,86;4,49;235;true;true;true;0;2,71;0
573;1,86;4,49;235;true;true;true;0;2,71;0
574;1,86;4,49;235;true;true;true;0;2,71;0
575;1,86;4,49;235;true;true;true;0;2,71;0
576;1,87;4,49;235;true;true;true;0;2,71;0
577;1,87;4,49;235;true;true;true;0;2,71;0
578;1,87;4,49;235;true;true;true;0;2,71;0
579;1,88;4,49;235;true;true;true;0;2,71;0
580;1,88;4,49;235;true;true;true;0;2,71;0
581;1,88;4,49;235;true;true;true;0;2,71;0
582;1,88;4,49;235;true;true;true;0;2,71;0
583;1,89;4,49;235;true;true;true;0;2,71;0
584;1,89;4,49;235;true;true;true;0;2,71;0
585;1,89;4,49;235;true;true;true;0;2,71;0
586;1,9;4,49;235;true;true;true;0;2,71;0
587;1,9;4,49;235;true;true;true;0;2,71;0
588;1,9;4,49;235;true;true;true;0;2,71;0
589;1,91;4,49;235;true;true;true;0;2,71;0
590;1,91;4,49;235;true;true;true;0;2,71;0
591;1,91;4,49;235;true;true;true;0;2,71;0
592;1,92;4,49;235;true;true;true;0;2,71;0
593;1,92;4,49;235;true;true;true;0;2,71;0
594;1,92;4,49;235;true;true;true;0;2,71;0
595;1,93;4,49;235;true;true;true;0;2,71;0
596;1,93;4,49;235;true;true;true;0;2,71;0
597;1,93;4,49;235;true;true;true;0;2,71;0
598;1,93;4,49;235;true;true;true;0;2,71;0
599;1,94;4,49;235;true;true;true;0;2,71;0
600;1,94;4,49;235;true;true;true;0;2,71;0
601;1,94;4,49;235;true;true;true;0;2,71;0
602;1,95;4,49;235;true;true;true;0;2,71;0
603;1,95;4,49;235;true;true;true;0;2,71;0
604;1,95;4,49;235;true;true;true;0;2,71;0
605;1,96;4,49;235;true;true;true;0;2,71;0
606;1,96;4,49;235;true;true;true;0;2,71;0
607;1,96;4,49;235;true;true;true;0;2,71;0
608;1,97;4,49;235;true;true;true;0;2,71;0
609;1,97;4,49;235;true;true;true;0;2,71;0
610;1,97;4,49;235;true;true;true;0;2,71;0
611;1,98;4,49;235;true;true;true;0;2,71;0
612;1,98;4,49;235;true;true;true;0;2,71;0
613;1,98;4,49;235;true;true;true;0;2,71;0
614;1,99;4,49;235;true;true;true;0;2,71;0
615;1,99;4,49;235;true;true;true;0;2,71;0
616;1,99;4,49;235;true;true;true;0;2,71;0
617;1,99;4,49;235;true;true;true;0;2,71;0
618;2;4,49;235;true;true;true;0;2,71;0
619;2;4,49;235;true;true;true;0;2,71;0
620;2;4,49;235;true;true;true;0;2,71;0
621;2,01;4,49;235;true;true;true;0;2,71;0
622;2,01;4,49;235;true;true;true;0;2,71;0
623;2,01;4,49;235;true;true;true;0;2,71;0
624;2,02;4,49;235;true;true;true;0;2,71;0
625;2,02;4,49;235;true;true;true;0;2,71;0
626;2,02;4,49;235;true;true;true;0;2,71;0
627;2,02;4,49;235;true;true;true;0;2,71;0
628;2,03;4,49;235;true;true;true;0;2,71;0
629;2,03;4,49;235;true;true;true;0;2,71;0
630;2,03;4,49;235;true;true;true;0;2,71;0
631;2,04;4,49;235;true;true;true;0;2,71;0
632;2,04;4,49;235;true;true;true;0;2,71;0
633;2,04;4,49;235;true;true;true;0;2,71;0
634;2,05;4,49;235;true;true;true;0;2,71;0
635;2,05;4,49;235;true;true;true;0;2,71;0
636;2,05;4,49;235;true;true;true;0;2,71;0
637;2,06;4,49;235;true;true;true;0;2,71;0
638;2,06;4,49;235;true;true;true;0;2,71;0
639;2,06;4,49;235;true;true;true;0;2,71;0
640;2,07;4,49;235;true;true;true;0;2,71;0
641;2,07;4,49;235;true;true;true;0;2,71;0
642;2,07;4,49;235;true;true;true;0;2,71;0
643;2,08;4,49;235;true;true;true;0;2,71;0
644;2,08;4,49;235;true;true;true;0;2,71;0
645;2,08;4,49;235;true;true;true;0;2,71;0
646;2,08;4,49;235;true;true;true;0;2,71;0
647;2,09;4,49;235;true;true;true;0;2,71;0
648;2,09;4,49;235;true;true;true;0;2,71;0
649;2,09;4,49;235;true;true;true;0;2,71;0
650;2,1;4,49;235;true;true;true;0;2,71;0
651;2,1;4,49;235;true;true;true;0;2,71;0
652;2,1;4,49;235;true;true;true;0;2,71;0
653;2,11;4,49;235;true;true;true;0;2,71;0
654;2,11;4,49;235;true;true;true;0;2,71;0
655;2,11;4,49;235;true;true;true;0;2,71;0
656;2,12;4,49;235;true;true;true;0;2,71;0
657;2,12;4,49;235;true;true;true;0;2,71;0
658;2,12;4,49;235;true;true;true;0;2,71;0
659;2,12;4,49;235;true;true;true;0;2,71;0
660;2,13;4,49;235;true;true;true;0;2,71;0
661;2,13;4,49;235;true;true;true;0;2,71;0
662;2,13;4,49;235;true;true;true;0;2,71;0
663;2,14;4,49;235;true;true;true;0;2,71;0
664;2,14;4,49;235;true;true;true;0;2,71;0
665;2,14;4,49;235;true;true;true;0;2,71;0
666;2,15;4,49;235;true;true;true;0;2,71;0
667;2,15;4,49;235;true;true;true;0;2,71;0
668;2,15;4,49;235;true;true;true;0;2,71;0
669;2,15;4,49;235;true;true;true;0;2,71;0
670;2,16;4,49;235;true;true;true;0;2,71;0
671;2,16;4,49;235;true;true;true;0;2,71;0
672;2,16;4,49;235;true;true;true;0;2,71;0
673;2,17;4,49;235;true;true;true;0;2,71;0
674;2,17;4,49;235;true;true;true;0;2,71;0
675;2,17;4,49;235;true;true;true;0;2,71;0
676;2,18;4,49;235;true;true;true;0;2,71;0
677;2,18;4,49;235;true;true;true;0;2,71;0
678;2,18;4,49;235;true;true;true;0;2,71;0
679;2,18;4,49;235;true;true;true;0;2,71;0
680;2,19;4,49;235;true;true;true;0;2,71;0
681;2,19;4,49;235;true;true;true;0;2,71;0
682;2,19;4,49;235;true;true;true;0;2,71;0
683;2,2;4,49;235;true;true;true;0;2,71;0
684;2,2;4,49;235;true;true;true;0;2,71;0
685;2,2;4,49;235;true;true;true;0;2,71;0
686;2,21;4,49;235;true;true;true;0;2,71;0
687;2,21;4,49;235;true;true;true;0;2,71;0
688;2,21;4,49;235;true;true;true;0;2,71;0
689;2,21;4,49;235;true;true;true;0;2,71;0
690;2,22;4,49;235;true;true;true;0;2,71;0
691;2,22;4,49;235;true;true;true;0;2,71;0
692;2,22;4,49;235;true;true;true;0;2,71;0
693;2,23;4,49;235;true;true;true;0;2,71;0
694;2,23;4,49;235;true;true;true;0;2,71;0
695;2,23;4,49;235;true;true;true;0;2,71;0
696;2,24;4,49;235;true;true;true;0;2,71;0
697;2,24;4,49;235;true;true;true;0;2,71;0
698;2,24;4,49;235;true;true;true;0;2,71;0
699;2,25;4,49;235;true;true;true;0;2,71;0
700;2,25;4,49;235;true;true;true;0;2,71;0
701;2,25;4,49;235;true;true;true;0;2,71;0
702;2,26;4,49;235;true;true;true;0;2,71;0
703;2,26;4,49;235;true;true;true;0;2,71;0
704;2,26;4,49;235;true;true;true;0;2,71;0
705;2,27;4,49;235;true;true;true;0;2,71;0
706;2,27;4,49;235;true;true;true;0;2,71;0
707;2,27;4,49;235;true;true;true;0;2,71;0
708;2,28;4,49;235;true;true;true;0;2,71;0
709;2,28;4,49;235;true;true;true;0;2,71;0
710;2,28;4,49;235;true;true;true;0;2,71;0
711;2,28;4,49;235;true;true;true;0;2,71;0
712;2,29;4,49;235;true;true;true;0;2,71;0
713;2,29;4,49;235;true;true;true;0;2,71;0
714;2,29;4,49;235;true;true;true;0;2,71;0
715;2,3;4,49;235;true;true;true;0;2,71;0
716;2,3;4,49;235;true;true;true;0;2,71;0
717;2,3;4,49;235;true;true;true;0;2,71;0
718;2,31;4,49;235;true;true;true;0;2,71;0
719;2,31;4,49;235;true;true;true;0;2,71;0
720;2,31;4,49;235;true;true;true;0;2,71;0
721;2,32;4,49;235;true;true;true;0;2,71;0
722;2,32;4,49;235;true;true;true;0;2,71;0
723;2,32;4,49;235;true;true;true;0;2,71;0
724;2,33;4,49;235;true;true;true;0;2,71;0
725;2,33;4,49;235;true;true;true;0;2,71;0
726;2,33;4,49;235;true;true;true;0;2,71;0
727;2,33;4,49;235;true;true;true;0;2,71;0
728;2,34;4,49;235;true;true;true;0;2,71;0
729;2,34;4,49;235;true;true;true;0;2,71;0
730;2,34;4,49;235;true;true;true;0;2,71;0
731;2,35;4,49;235;true;true;true;0;2,71;0
732;2,35;4,49;235;true;true;true;0;2,71;0
733;2,35;4,49;235;true;true;true;0;2,71;0
734;2,36;4,49;235;true;true;true;0;2,71;0
735;2,36;4,49;235;true;true;true;0;2,71;0
736;2,36;4,49;235;true;true;true;0;2,71;0
737;2,37;4,49;235;true;true;true;0;2,71;0
738;2,37;4,49;235;true;true;true;0;2,71;0
739;2,37;4,49;235;true;true;true;0;2,71;0
740;2,38;4,49;235;true;true;true;0;2,71;0
741;2,38;4,49;235;true;true;true;0;2,71;0
742;2,38;4,49;235;true;true;true;0;2,71;0
743;2,39;4,49;235;true;true;true;0;2,71;0
744;2,39;4,49;235;true;true;true;0;2,71;0
745;2,39;4,49;235;true;true;true;0;2,71;0
746;2,39;4,49;235;true;true;true;0;2,71;0
747;2,4;4,49;235;true;true;true;0;2,71;0
748;2,4;4,49;235;true;true;true;0;2,71;0
749;2,4;4,49;235;true;true;true;0;2,71;0
750;2,41;4,49;235;true;true;true;0;2,71;0
751;2,41;4,49;235;true;true;true;0;2,71;0
752;2,41;4,49;235;true;true;true;0;2,71;0
753;2,42;4,49;235;true;true;true;0;2,71;0
754;2,42;4,49;235;true;true;true;0;2,71;0
755;2,42;4,49;235;true;true;true;0;2,71;0
756;2,43;4,49;235;true;true;true;0;2,71;0
757;2,43;4,49;235;true;true;true;0;2,71;0
758;2,43;4,49;235;true;true;true;0;2,71;0
759;2,44;4,49;235;true;true;true;0;2,71;0
760;2,44;4,49;235;true;true;true;0;2,71;0
761;2,44;4,49;235;true;true;true;0;2,71;0
762;2,44;4,49;235;true;true;true;0;2,71;0
763;2,45;4,49;235;true;true;true;0;2,71;0
764;2,45;4,49;235;true;true;true;0;2,71;0
765;2,45;4,49;235;true;true;true;0;2,71;0
766;2,46;4,49;235;true;true;true;0;2,71;0
767;2,46;4,49;235;true;true;true;0;2,71;0
768;2,46;4,49;235;true;true;true;0;2,71;0
769;2,47;4,49;235;true;true;true;0;2,71;0
770;2,47;4,49;235;true;true;true;0;2,71;0
771;2,47;4,49;235;true;true;true;0;2,71;0
772;2,48;4,49;235;true;true;true;0;2,71;0
773;2,48;4,49;235;true;true;true;0;2,71;0
774;2,48;4,49;235;true;true;true;0;2,71;0
775;2,48;4,49;235;true;true;true;0;2,71;0
776;2,49;4,49;235;true;true;true;0;2,71;0
777;2,49;4,49;235;true;true;true;0;2,71;0
778;2,49;4,49;235;true;true;true;0;2,71;0
779;2,5;4,49;235;true;true;true;0;2,71;0
780;2,5;4,49;235;true;true;true;0;2,71;0
781;2,5;4,49;235;true;true;true;0;2,71;0
782;2,51;4,49;235;true;true;true;0;2,71;0
783;2,51;4,49;235;true;true;true;0;2,71;0
784;2,51;4,49;235;true;true;true;0;2,71;0
785;2,52;4,49;235;true;true;true;0;2,71;0
786;2,52;4,49;235;true;true;true;0;2,71;0
787;2,52;4,49;235;true;true;true;0;2,71;0
788;2,53;4,49;235;true;true;true;0;2,71;0
789;2,53;4,49;235;true;true;true;0;2,71;0
790;2,53;4,49;235;true;true;true;0;2,71;0
791;2,54;4,49;235;true;true;true;0;2,71;0
792;2,54;4,49;235;true;true;true;0;2,71;0
793;2,54;4,49;235;true;true;true;0;2,71;0
794;2,55;4,49;235;true;true;true;0;2,71;0
795;2,55;4,49;235;true;true;true;0;2,71;0
796;2,55;4,49;235;true;true;true;0;2,71;0
797;2,56;4,49;235;true;true;true;0;2,71;0
798;2,56;4,49;235;true;true;true;0;2,71;0
799;2,56;4,49;235;true;true;true;0;2,71;0
800;2,56;4,49;235;true;true;true;0;2,71;0
801;2,57;4,49;235;true;true;true;0;2,71;0
802;2,57;4,49;235;true;true;true;0;2,71;0
803;2,57;4,49;235;true;true;true;0;2,71;0
804;2,58;4,49;235;true;true;true;0;2,71;0
805;2,58;4,49;235;true;true;true;0;2,71;0
806;2,58;4,49;235;true;true;true;0;2,71;0
807;2,59;4,49;235;true;true;true;0;2,71;0
808;2,59;4,49;235;true;true;true;0;2,71;0
809;2,59;4,49;235;true;true;true;0;2,71;0
810;2,6;4,49;235;true;true;true;0;2,71;0
811;2,6;4,49;235;true;true;true;0;2,71;0
812;2,6;4,49;235;true;true;true;0;2,71;0
813;2,6;4,49;235;true;true;true;0;2,71;0
814;2,61;4,49;235;true;true;true;0;2,71;0
815;2,61;4,49;235;true;true;true;0;2,71;0
816;2,61;4,49;235;true;true;true;0;2,71;0
817;2,62;4,49;235;true;true;true;0;2,71;0
818;2,62;4,49;235;true;true;true;0;2,71;0
819;2,62;4,49;235;true;true;true;0;2,71;0
820;2,62;4,49;235;true;true;true;0;2,71;0
821;2,63;4,49;235;true;true;true;0;2,71;0
822;2,63;4,49;235;true;true;true;0;2,71;0
823;2,64;4,49;235;true;true;true;0;2,71;0
824;2,64;4,49;235;true;true;true;0;2,71;0
825;2,64;4,49;235;true;true;true;0;2,71;0
826;2,64;4,49;235;true;true;true;0;2,71;0
827;2,65;4,49;235;true;true;true;0;2,71;0
828;2,65;4,49;235;true;true;true;0;2,71;0
829;2,65;4,49;235;true;true;true;0;2,71;0
830;2,66;4,49;235;true;true;true;0;2,71;0
831;2,66;4,49;235;true;true;true;0;2,71;0
832;2,66;4,49;235;true;true;true;0;2,71;0
833;2,67;4,49;235;true;true;true;0;2,71;0
834;2,67;4,49;235;true;true;true;0;2,71;0
835;2,67;4,49;235;true;true;true;0;2,71;0
836;2,68;4,49;235;true;true;true;0;2,71;0
837;2,68;4,49;235;true;true;true;0;2,71;0
838;2,68;4,49;235;true;true;true;0;2,71;0
839;2,69;4,49;235;true;true;true;0;2,71;0
840;2,69;4,49;235;true;true;true;0;2,71;0
841;2,69;4,49;235;true;true;true;0;2,71;0
842;2,69;4,49;235;true;true;true;0;2,71;0
843;2,7;4,49;235;true;true;true;0;2,71;0
844;2,7;4,49;235;true;true;true;0;2,71;0
845;2,7;4,49;235;true;true;true;0;2,71;0
846;2,71;4,49;235;true;true;true;0;2,71;0
847;2,71;4,49;235;true;true;true;0;2,71;0
848;2,71;4,49;235;true;true;true;0;2,71;0
849;2,72;4,49;235;true;true;true;0;2,71;0
850;2,72;4,49;235;true;true;true;0;2,71;0
851;2,72;4,49;235;true;true;true;0;2,71;0
852;2,72;4,49;235;true;true;true;0;2,71;0
853;2,73;4,49;235;true;true;true;0;2,71;0
854;2,73;4,49;235;true;true;true;0;2,71;0
855;2,73;4,49;235;true;true;true;0;2,71;0
856;2,74;4,49;235;true;true;true;0;2,71;0
857;2,74;4,49;235;true;true;true;0;2,71;0
858;2,74;4,49;235;true;true;true;0;2,71;0
859;2,75;4,49;235;true;true;true;0;2,71;0
860;2,75;4,49;235;true;true;true;0;2,71;0
861;2,75;4,49;235;true;true;true;0;2,71;0
862;2,76;4,49;235;true;true;true;0;2,71;0
863;2,76;4,49;235;true;true;true;0;2,71;0
864;2,76;4,49;235;true;true;true;0;2,71;0
865;2,77;4,49;235;true;true;true;0;2,71;0
866;2,77;4,49;235;true;true;true;0;2,71;0
867;2,77;4,49;235;true;true;true;0;2,71;0
868;2,78;4,49;235;true;true;true;0;2,71;0
869;2,78;4,49;235;true;true;true;0;2,71;0
870;2,78;4,49;235;true;true;true;0;2,71;0
871;2,78;4,49;235;true;true;true;0;2,71;0
872;2,79;4,49;235;true;true;true;0;2,71;0
873;2,79;4,49;235;true;true;true;0;2,71;0
874;2,79;4,49;235;true;true;true;0;2,71;0
875;2,8;4,49;235;true;true;true;0;2,71;0
876;2,8;4,49;235;true;true;true;0;2,71;0
877;2,8;4,49;235;true;true;true;0;2,71;0
878;2,81;4,49;235;true;true;true;0;2,71;0
879;2,81;4,49;235;true;true;true;0;2,71;0
880;2,81;4,49;235;true;true;true;0;2,71;0
881;2,81;4,49;235;true;true;true;0;2,71;0
882;2,82;4,49;235;true;true;true;0;2,71;0
883;2,82;4,49;235;true;true;true;0;2,71;0
884;2,82;4,49;235;true;true;true;0;2,71;0
885;2,83;4,49;235;true;true;true;0;2,71;0
886;2,83;4,49;235;true;true;true;0;2,71;0
887;2,83;4,49;235;true;true;true;0;2,71;0
888;2,84;4,49;235;true;true;true;0;2,71;0
889;2,84;4,49;235;true;true;true;0;2,71;0
890;2,84;4,49;235;true;true;true;0;2,71;0
891;2,84;4,49;235;true;true;true;0;2,71;0
892;2,85;4,49;235;true;true;true;0;2,71;0
893;2,85;4,49;235;true;true;true;0;2,71;0
894;2,85;4,49;235;true;true;true;0;2,71;0
895;2,87;4,49;235;true;true;true;0;2,71;0
896;2,88;4,49;235;true;true;true;0;2,71;0
897;2,88;4,49;235;true;true;true;0;2,71;0
898;2,88;4,49;235;true;true;true;0;2,71;0
899;2,89;4,49;235;true;true;true;0;2,71;0
900;2,89;4,49;235;true;true;true;0;2,71;0
901;2,89;4,49;235;true;true;true;0;2,71;0
902;2,89;4,49;235;true;true;true;0;2,71;0
903;2,9;4,49;235;true;true;true;0;2,71;0
904;2,9;4,49;235;true;true;true;0;2,71;0
905;2,9;4,49;235;true;true;true;0;2,71;0
906;2,91;4,49;235;true;true;true;0;2,71;0
907;2,91;4,49;235;true;true;true;0;2,71;0
908;2,91;4,49;235;true;true;true;0;2,71;0
909;2,92;4,49;235;true;true;true;0;2,71;0
910;2,92;4,49;235;true;true;true;0;2,71;0
911;2,92;4,49;235;true;true;true;0;2,71;0
912;2,92;4,49;235;true;true;true;0;2,71;0
913;2,93;4,49;235;true;true;true;0;2,71;0
914;2,93;4,49;235;true;true;true;0;2,71;0
915;2,94;4,49;235;true;true;true;0;2,71;0
916;2,94;4,49;235;true;true;true;0;2,71;0
917;2,94;4,49;235;true;true;true;0;2,71;0
918;2,94;4,49;235;true;true;true;0;2,71;0
919;2,95;4,49;235;true;true;true;0;2,71;0
920;2,95;4,49;235;true;true;true;0;2,71;0
921;2,95;4,49;235;true;true;true;0;2,71;0
922;2,96;4,49;235;true;true;true;0;2,71;0
923;2,96;4,49;235;true;true;true;0;2,71;0
924;2,96;4,49;235;true;true;true;0;2,71;0
925;2,97;4,49;235;true;true;true;0;2,71;0
926;2,97;4,49;235;true;true;true;0;2,71;0
927;2,97;4,49;235;true;true;true;0;2,71;0
928;2,98;4,49;235;true;true;true;0;2,71;0
929;2,98;4,49;235;true;true;true;0;2,71;0
930;2,98;4,49;235;true;true;true;0;2,71;0
931;2,99;4,49;235;true;true;true;0;2,71;0
932;2,99;4,49;235;true;true;true;0;2,71;0
933;2,99;4,49;235;true;true;true;0;2,71;0
934;2,99;4,49;235;true;true;true;0;2,71;0
935;3;4,49;235;true;true;true;0;2,71;0
936;3;4,49;235;true;true;true;0;2,71;0
937;3;4,49;235;true;true;true;0;2,71;0
938;3,01;4,49;235;true;true;true;0;2,71;0
939;3,01;4,49;235;true;true;true;0;2,71;0
940;3,01;4,49;235;true;true;true;0;2,71;0
941;3,02;4,49;235;true;true;true;0;2,71;0
942;3,02;4,49;235;true;true;true;0;2,71;0
943;3,02;4,49;235;true;true;true;0;2,71;0
944;3,03;4,49;235;true;true;true;0;2,71;0
945;3,03;4,49;235;true;true;true;0;2,71;0
946;3,03;4,49;235;true;true;true;0;2,71;0
947;3,04;4,49;235;true;true;true;0;2,71;0
948;3,04;4,49;235;true;true;true;0;2,71;0
949;3,04;4,49;235;true;true;true;0;2,71;0
950;3,04;4,49;235;true;true;true;0;2,71;0
951;3,05;4,49;235;true;true;true;0;2,71;0
952;3,05;4,49;235;true;true;true;0;2,71;0
953;3,05;4,49;235;true;true;true;0;2,71;0
954;3,06;4,49;235;true;true;true;0;2,71;0
955;3,06;4,49;235;true;true;true;0;2,71;0
956;3,06;4,49;235;true;true;true;0;2,71;0
957;3,07;4,49;235;true;true;true;0;2,71;0
958;3,07;4,49;235;true;true;true;0;2,71;0
959;3,07;4,49;235;true;true;true;0;2,71;0
960;3,08;4,49;235;true;true;true;0;2,71;0
961;3,08;4,49;235;true;true;true;0;2,71;0
962;3,08;4,49;235;true;true;true;0;2,71;0
963;3,08;4,49;235;true;true;true;0;2,71;0
964;3,09;4,49;235;true;true;true;0;2,71;0
965;3,09;4,49;235;true;true;true;0;2,71;0
966;3,09;4,49;235;true;true;true;0;2,71;0
967;3,1;4,49;235;true;true;true;0;2,71;0
968;3,1;4,49;235;true;true;true;0;2,71;0
969;3,1;4,49;235;true;true;true;0;2,71;0
970;3,11;4,49;235;true;true;true;0;2,71;0
971;3,11;4,49;235;true;true;true;0;2,71;0
972;3,11;4,49;235;true;true;true;0;2,71;0
973;3,11;4,49;235;true;true;true;0;2,71;0
974;3,12;4,49;235;true;true;true;0;2,71;0
975;3,12;4,49;235;true;true;true;0;2,71;0
976;3,12;4,49;235;true;true;true;0;2,71;0
977;3,13;4,49;235;true;true;true;0;2,71;0
978;3,13;4,49;235;true;true;true;0;2,71;0
979;3,13;4,49;235;true;true;true;0;2,71;0
980;3,13;4,49;235;true;true;true;0;2,71;0
981;3,14;4,49;235;true;true;true;0;2,71;0
982;3,14;4,49;235;true;true;true;0;2,71;0
983;3,14;4,49;235;true;true;true;0;2,71;0
984;3,15;4,49;235;true;true;true;0;2,71;0
985;3,15;4,49;235;true;true;true;0;2,71;0
986;3,15;4,49;235;true;true;true;0;2,71;0
987;3,16;4,49;235;true;true;true;0;2,71;0
988;3,16;4,49;235;true;true;true;0;2,71;0
989;3,16;4,49;235;true;true;true;0;2,71;0
990;3,16;4,49;235;true;true;true;0;2,71;0
991;3,17;4,49;235;true;true;true;0;2,71;0
992;3,17;4,49;235;true;true;true;0;2,71;0
993;3,17;4,49;235;true;true;true;0;2,71;0
994;3,18;4,49;235;true;true;true;0;2,71;0
995;3,18;4,49;235;true;true;true;0;2,71;0
996;3,18;4,49;235;true;true;true;0;2,71;0
997;3,19;4,49;235;true;true;true;0;2,71;0
998;3,19;4,49;235;true;true;true;0;2,71;0
999;3,19;4,49;235;true;true;true;0;2,71;0
1000;3,2;4,49;235;true;true;true;0;2,71;0
1001;3,2;4,49;235;true;true;true;0;2,71;0
1002;3,2;4,49;235;true;true;true;0;2,71;0
1003;3,2;4,49;235;true;true;true;0;2,71;0
1004;3,21;4,49;235;true;true;true;0;2,71;0
1005;3,21;4,49;235;true;true;true;0;2,71;0
1006;3,21;4,49;235;true;true;true;0;2,71;0
1007;3,22;4,49;235;true;true;true;0;2,71;0
1008;3,22;4,49;235;true;true;true;0;2,71;0
1009;3,22;4,49;235;true;true;true;0;2,71;0
1010;3,23;4,49;235;true;true;true;0;2,71;0
1011;3,23;4,49;235;true;true;true;0;2,71;0
1012;3,23;4,49;235;true;true;true;0;2,71;0
1013;3,24;4,49;235;true;true;true;0;2,71;0
1014;3,24;4,49;235;true;true;true;0;2,71;0
1015;3,24;4,49;235;true;true;true;0;2,71;0
1016;3,24;4,49;235;true;true;true;0;2,71;0
1017;3,25;4,49;235;true;true;true;0;2,71;0
1018;3,25;4,49;235;true;true;true;0;2,71;0
1019;3,25;4,49;235;true;true;true;0;2,71;0
1020;3,26;4,49;235;true;true;true;0;2,71;0
1021;3,26;4,49;235;true;true;true;0;2,71;0
1022;3,26;4,49;235;true;true;true;0;2,71;0
1023;3,27;4,49;235;true;true;true;0;2,71;0
1024;3,27;4,49;235;true;true;true;0;2,71;0
1025;3,27;4,49;235;true;true;true;0;2,71;0
1026;3,28;4,49;235;true;true;true;0;2,71;0
1027;3,28;4,49;235;true;true;true;0;2,71;0
1028;3,28;4,49;235;true;true;true;0;2,71;0
1029;3,29;4,49;235;true;true;true;0;2,71;0
1030;3,29;4,49;235;true;true;true;0;2,71;0
1031;3,29;4,49;235;true;true;true;0;2,71;0
1032;3,29;4,49;235;true;true;true;0;2,71;0
1033;3,3;4,49;235;true;true;true;0;2,71;0
1034;3,3;4,49;235;true;true;true;0;2,71;0
1035;3,3;4,49;235;true;true;true;0;2,71;0
1036;3,31;4,49;235;true;true;true;0;2,71;0
1037;3,31;4,49;235;true;true;true;0;2,71;0
1038;3,31;4,49;235;true;true;true;0;2,71;0
1039;3,32;4,49;235;true;true;true;0;2,71;0
1040;3,32;4,49;235;true;true;true;0;2,71;0
1041;3,32;4,49;235;true;true;true;0;2,71;0
1042;3,33;4,49;235;true;true;true;0;2,71;0
1043;3,33;4,49;235;true;true;true;0;2,71;0
1044;3,33;4,49;235;true;true;true;0;2,71;0
1045;3,34;4,49;235;true;true;true;0;2,71;0
1046;3,34;4,49;235;true;true;true;0;2,71;0
1047;3,34;4,49;235;true;true;true;0;2,71;0
1048;3,35;4,49;235;true;true;true;0;2,71;0
1049;3,35;4,49;235;true;true;true;0;2,71;0
1050;3,35;4,49;235;true;true;true;0;2,71;0
1051;3,35;4,49;235;true;true;true;0;2,71;0
1052;3,36;4,49;235;true;true;true;0;2,71;0
1053;3,36;4,49;235;true;true;true;0;2,71;0
1054;3,36;4,49;235;true;true;true;0;2,71;0
1055;3,37;4,49;235;true;true;true;0;2,71;0
1056;3,37;4,49;235;true;true;true;0;2,71;0
1057;3,37;4,49;235;true;true;true;0;2,71;0
1058;3,38;4,49;235;true;true;true;0;2,71;0
1059;3,38;4,49;235;true;true;true;0;2,71;0
1060;3,38;4,49;235;true;true;true;0;2,71;0
1061;3,38;4,49;235;true;true;true;0;2,71;0
1062;3,39;4,49;235;true;true;true;0;2,71;0
1063;3,39;4,49;235;true;true;true;0;2,71;0
1064;3,39;4,49;235;true;true;true;0;2,71;0
1065;3,4;4,49;235;true;true;true;0;2,71;0
1066;3,4;4,49;235;true;true;true;0;2,71;0
1067;3,4;4,49;235;true;true;true;0;2,71;0
1068;3,41;4,49;235;true;true;true;0;2,71;0
1069;3,41;4,49;235;true;true;true;0;2,71;0
1070;3,41;4,49;235;true;true;true;0;2,71;0
1071;3,41;4,49;235;true;true;true;0;2,71;0
1072;3,42;4,49;235;true;true;true;0;2,71;0
1073;3,42;4,49;235;true;true;true;0;2,71;0
1074;3,42;4,49;235;true;true;true;0;2,71;0
1075;3,43;4,49;235;true;true;true;0;2,71;0
1076;3,43;4,49;235;true;true;true;0;2,71;0
1077;3,43;4,49;235;true;true;true;0;2,71;0
1078;3,44;4,49;235;true;true;true;0;2,71;0
1079;3,44;4,49;235;true;true;true;0;2,71;0
1080;3,44;4,49;235;true;true;true;0;2,71;0
1081;3,45;4,49;235;true;true;true;0;2,71;0
1082;3,45;4,49;235;true;true;true;0;2,71;0
1083;3,45;4,49;235;true;true;true;0;2,71;0
1084;3,46;4,49;235;true;true;true;0;2,71;0
1085;3,46;4,49;235;true;true;true;0;2,71;0
1086;3,46;4,49;235;true;true;true;0;2,71;0
1087;3,46;4,49;235;true;true;true;0;2,71;0
1088;3,47;4,49;235;true;true;true;0;2,71;0
1089;3,47;4,49;235;true;true;true;0;2,71;0
1090;3,48;4,49;235;true;true;true;0;2,71;0
1091;3,48;4,49;235;true;true;true;0;2,71;0
1092;3,48;4,49;235;true;true;true;0;2,71;0
1093;3,49;4,49;235;true;true;true;0;2,71;0
1094;3,49;4,49;235;true;true;true;0;2,71;0
1095;3,49;4,49;235;true;true;true;0;2,71;0
1096;3,5;4,49;235;true;true;true;0;2,71;0
1097;3,5;4,49;235;true;true;true;0;2,71;0
1098;3,5;4,49;235;true;true;true;0;2,71;0
1099;3,51;4,49;235;true;true;true;0;2,71;0
1100;3,51;4,49;235;true;true;true;0;2,71;0
1101;3,51;4,49;235;true;true;true;0;2,71;0
1102;3,51;4,49;235;true;true;true;0;2,71;0
1103;3,52;4,49;235;true;true;true;0;2,71;0
1104;3,52;4,49;235;true;true;true;0;2,71;0
1105;3,52;4,49;235;true;true;true;0;2,71;0
1106;3,53;4,49;235;true;true;true;0;2,71;0
1107;3,53;4,49;235;true;true;true;0;2,71;0
1108;3,53;4,49;235;true;true;true;0;2,71;0
1109;3,54;4,49;235;true;true;true;0;2,71;0
1110;3,54;4,49;235;true;true;true;0;2,71;0
1111;3,54;4,49;235;true;true;true;0;2,71;0
1112;3,54;4,49;235;true;true;true;0;2,71;0
1113;3,55;4,49;235;true;true;true;0;2,71;0
1114;3,55;4,49;235;true;true;true;0;2,71;0
1115;3,55;4,49;235;true;true;true;0;2,71;0
1116;3,56;4,49;235;true;true;true;0;2,71;0
1117;3,56;4,49;235;true;true;true;0;2,71;0
1118;3,56;4,49;235;true;true;true;0;2,71;0
1119;3,57;4,49;235;true;true;true;0;2,71;0
1120;3,57;4,49;235;true;true;true;0;2,71;0
1121;3,57;4,49;235;true;true;true;0;2,71;0
1122;3,58;4,49;235;true;true;true;0;2,71;0
1123;3,58;4,49;235;true;true;true;0;2,71;0
1124;3,58;4,49;235;true;true;true;0;2,71;0
1125;3,59;4,49;235;true;true;true;0;2,71;0
1126;3,59;4,49;235;true;true;true;0;2,71;0
1127;3,59;4,49;235;true;true;true;0;2,71;0
1128;3,59;4,49;235;true;true;true;0;2,71;0
1129;3,6;4,49;235;true;true;true;0;2,71;0
1130;3,6;4,49;235;true;true;true;0;2,71;0
1131;3,6;4,49;235;true;true;true;0;2,71;0
1132;3,61;4,49;235;true;true;true;0;2,71;0
1133;3,61;4,49;235;true;true;true;0;2,71;0
1134;3,61;4,49;235;true;true;true;0;2,71;0
1135;3,62;4,49;235;true;true;true;0;2,71;0
1136;3,62;4,49;235;true;true;true;0;2,71;0
1137;3,62;4,49;235;true;true;true;0;2,71;0
1138;3,62;4,49;235;true;true;true;0;2,71;0
1139;3,63;4,49;235;true;true;true;0;2,71;0
1140;3,63;4,49;235;true;true;true;0;2,71;0
1141;3,63;4,49;235;true;true;true;0;2,71;0
1142;3,64;4,49;235;true;true;true;0;2,71;0
1143;3,64;4,49;235;true;true;true;0;2,71;0
1144;3,64;4,49;235;true;true;true;0;2,71;0
1145;3,65;4,49;235;true;true;true;0;2,71;0
1146;3,65;4,49;235;true;true;true;0;2,71;0
1147;3,65;4,49;235;true;true;true;0;2,71;0
1148;3,66;4,49;235;true;true;true;0;2,71;0
1149;3,66;4,49;235;true;true;true;0;2,71;0
1150;3,66;4,49;235;true;true;true;0;2,71;0
1151;3,66;4,49;235;true;true;true;0;2,71;0
1152;3,67;4,49;235;true;true;true;0;2,71;0
1153;3,67;4,49;235;true;true;true;0;2,71;0
1154;3,67;4,49;235;true;true;true;0;2,71;0
1155;3,68;4,49;235;true;true;true;0;2,71;0
1156;3,68;4,49;235;true;true;true;0;2,71;0
1157;3,68;4,49;235;true;true;true;0;2,71;0
1158;3,69;4,49;235;true;true;true;0;2,71;0
1159;3,69;4,49;235;true;true;true;0;2,71;0
1160;3,69;4,49;235;true;true;true;0;2,71;0
1161;3,7;4,49;235;true;true;true;0;2,71;0
1162;3,7;4,49;235;true;true;true;0;2,71;0
1163;3,7;4,49;235;true;true;true;0;2,71;0
1164;3,7;4,49;235;true;true;true;0;2,71;0
1165;3,71;4,49;235;true;true;true;0;2,71;0
1166;3,71;4,49;235;true;true;true;0;2,71;0
1167;3,71;4,49;235;true;true;true;0;2,71;0
1168;3,72;4,49;235;true;true;true;0;2,71;0
1169;3,72;4,49;235;true;true;true;0;2,71;0
1170;3,72;4,49;235;true;true;true;0;2,71;0
1171;3,73;4,49;235;true;true;true;0;2,71;0
1172;3,73;4,49;235;true;true;true;0;2,71;0
1173;3,73;4,49;235;true;true;true;0;2,71;0
1174;3,74;4,49;235;true;true;true;0;2,71;0
1175;3,74;4,49;235;true;true;true;0;2,71;0
1176;3,74;4,49;235;true;true;true;0;2,71;0
1177;3,74;4,49;235;true;true;true;0;2,71;0
1178;3,75;4,49;235;true;true;true;0;2,71;0
1179;3,75;4,49;235;true;true;true;0;2,71;0
1180;3,75;4,49;235;true;true;true;0;2,71;0
1181;3,76;4,49;235;true;true;true;0;2,71;0
1182;3,76;4,49;235;true;true;true;0;2,71;0
1183;3,76;4,49;235;true;true;true;0;2,71;0
1184;3,77;4,49;235;true;true;true;0;2,71;0
1185;3,77;4,49;235;true;true;true;0;2,71;0
1186;3,77;4,49;235;true;true;true;0;2,71;0
1187;3,78;4,49;235;true;true;true;0;2,71;0
1188;3,78;4,49;235;true;true;true;0;2,71;0
1189;3,78;4,49;235;true;true;true;0;2,71;0
1190;3,79;4,49;235;true;true;true;0;2,71;0
1191;3,79;4,49;235;true;true;true;0;2,71;0
1192;3,79;4,49;235;true;true;true;0;2,71;0
1193;3,79;4,49;235;true;true;true;0;2,71;0
1194;3,8;4,49;235;true;true;true;0;2,71;0
1195;3,8;4,49;235;true;true;true;0;2,71;0
1196;3,8;4,49;235;true;true;true;0;2,71;0
1197;3,81;4,49;235;true;true;true;0;2,71;0
1198;3,81;4,49;235;true;true;true;0;2,71;0
1199;3,81;4,49;235;true;true;true;0;2,71;0
1200;3,82;4,49;235;true;true;true;0;2,71;0
1201;3,82;4,49;235;true;true;true;0;2,71;0
1202;3,82;4,49;235;true;true;true;0;2,71;0
1203;3,82;4,49;235;true;true;true;0;2,71;0
1204;3,83;4,49;235;true;true;true;0;2,71;0
1205;3,83;4,49;235;true;true;true;0;2,71;0
1206;3,83;4,49;235;true;true;true;0;2,71;0
1207;3,84;4,49;235;true;true;true;0;2,71;0
1208;3,84;4,49;235;true;true;true;0;2,71;0
1209;3,84;4,49;235;true;true;true;0;2,71;0
1210;3,85;4,49;235;true;true;true;0;2,71;0
1211;3,85;4,49;235;true;true;true;0;2,71;0
1212;3,85;4,49;235;true;true;true;0;2,71;0
1213;3,86;4,49;235;true;true;true;0;2,71;0
1214;3,86;4,49;235;true;true;true;0;2,71;0
1215;3,86;4,49;235;true;true;true;0;2,71;0
1216;3,86;4,49;235;true;true;true;0;2,71;0
1217;3,87;4,49;235;true;true;true;0;2,71;0
1218;3,87;4,49;235;true;true;true;0;2,71;0
1219;3,87;4,49;235;true;true;true;0;2,71;0
1220;3,88;4,49;235;true;true;true;0;2,71;0
1221;3,88;4,49;235;true;true;true;0;2,71;0
1222;3,88;4,49;235;true;true;true;0;2,71;0
1223;3,89;4,49;235;true;true;true;0;2,71;0
1224;3,89;4,49;235;true;true;true;0;2,71;0
1225;3,89;4,49;235;true;true;true;0;2,71;0
1226;3,9;4,49;235;true;true;true;0;2,71;0
1227;3,9;4,49;235;true;true;true;0;2,71;0
1228;3,9;4,49;235;true;true;true;0;2,71;0
1229;3,91;4,49;235;true;true;true;0;2,71;0
1230;3,91;4,49;235;true;true;true;0;2,71;0
1231;3,91;4,49;235;true;true;true;0;2,71;0
1232;3,92;4,49;235;true;true;true;0;2,71;0
1233;3,92;4,49;235;true;true;true;0;2,71;0
1234;3,92;4,49;235;true;true;true;0;2,71;0
1235;3,93;4,49;235;true;true;true;0;2,71;0
1236;3,93;4,49;235;true;true;true;0;2,71;0
1237;3,93;4,49;235;true;true;true;0;2,71;0
1238;3,93;4,49;235;true;true;true;0;2,71;0
1239;3,94;4,49;235;true;true;true;0;2,71;0
1240;3,94;4,49;235;true;true;true;0;2,71;0
1241;3,95;4,49;235;true;true;true;0;2,71;0
1242;3,95;4,49;235;true;true;true;0;2,71;0
1243;3,96;4,49;235;true;true;true;0;2,71;0
1244;3,96;4,49;235;true;true;true;0;2,71;0
1245;3,96;4,49;235;true;true;true;0;2,71;0
1246;3,97;4,49;235;true;true;true;0;2,71;0
1247;3,97;4,49;235;true;true;true;0;2,71;0
1248;3,97;4,49;235;true;true;true;0;2,71;0
1249;3,98;4,49;235;true;true;true;0;2,71;0
1250;3,98;4,49;235;true;true;true;0;2,71;0
1251;3,98;4,49;235;true;true;true;0;2,71;0
1252;3,99;4,49;235;true;true;true;0;2,71;0
1253;3,99;4,49;235;true;true;true;0;2,71;0
1254;3,99;4,49;235;true;true;true;0;2,71;0
1255;4;4,49;235;true;true;true;0;2,71;0
1256;4;4,49;235;true;true;true;0;2,71;0
1257;4;4,49;235;true;true;true;0;2,71;0
1258;4,01;4,49;235;true;true;true;0;2,71;0
1259;4,01;4,49;235;true;true;true;0;2,71;0
1260;4,01;4,49;235;true;true;true;0;2,71;0
1261;4,02;4,49;235;true;true;true;0;2,71;0
1262;4,02;4,49;235;true;true;true;0;2,71;0
1263;4,02;4,49;235;true;true;true;0;2,71;0
1264;4,03;4,49;235;true;true;true;0;2,71;0
1265;4,03;4,49;235;true;true;true;0;2,71;0
1266;4,03;4,49;235;true;true;true;0;2,71;0
1267;4,03;4,49;235;true;true;true;0;2,71;0
1268;4,04;4,49;235;true;true;true;0;2,71;0
1269;4,04;4,49;235;true;true;true;0;2,71;0
1270;4,04;4,49;235;true;true;true;0;2,71;0
1271;4,05;4,49;235;true;true;true;0;2,71;0
1272;4,05;4,49;235;true;true;true;0;2,71;0
1273;4,05;4,49;235;true;true;true;0;2,71;0
1274;4,06;4,49;235;true;true;true;0;2,71;0
1275;4,06;4,49;235;true;true;true;0;2,71;0
1276;4,06;4,49;235;true;true;true;0;2,71;0
1277;4,07;4,49;235;true;true;true;0;2,71;0
1278;4,07;4,49;235;true;true;true;0;2,71;0
1279;4,07;4,49;235;true;true;true;0;2,71;0
1280;4,07;4,49;235;true;true;true;0;2,71;0
1281;4,08;4,49;235;true;true;true;0;2,71;0
1282;4,08;4,49;235;true;true;true;0;2,71;0
1283;4,09;4,49;235;true;true;true;0;2,71;0
1284;4,09;4,49;235;true;true;true;0;2,71;0
1285;4,09;4,49;235;true;true;true;0;2,71;0
1286;4,1;4,49;235;true;true;true;0;2,71;0
1287;4,1;4,49;235;true;true;true;0;2,71;0
1288;4,1;4,49;235;true;true;true;0;2,71;0
1289;4,11;4,49;235;true;true;true;0;2,71;0
1290;4,11;4,49;235;true;true;true;0;2,71;0
1291;4,11;4,49;235;true;true;true;0;2,71;0
1292;4,11;4,49;235;true;true;true;0;2,71;0
1293;4,12;4,49;235;true;true;true;0;2,71;0
1294;4,12;4,49;235;true;true;true;0;2,71;0
1295;4,12;4,49;235;true;true;true;0;2,71;0
1296;4,13;4,49;235;true;true;true;0;2,71;0
1297;4,13;4,49;235;true;true;true;0;2,71;0
1298;4,13;4,49;235;true;true;true;0;2,71;0
1299;4,14;4,49;235;true;true;true;0;2,71;0
1300;4,14;4,49;235;true;true;true;0;2,71;0
1301;4,14;4,49;235;true;true;true;0;2,71;0
1302;4,14;4,49;235;true;true;true;0;2,71;0
1303;4,15;4,49;235;true;true;true;0;2,71;0
1304;4,15;4,49;235;true;true;true;0;2,71;0
1305;4,15;4,49;235;true;true;true;0;2,71;0
1306;4,16;4,49;235;true;true;true;0;2,71;0
1307;4,16;4,49;235;true;true;true;0;2,71;0
1308;4,16;4,49;235;true;true;true;0;2,71;0
1309;4,16;4,49;235;true;true;true;0;2,71;0
1310;4,17;4,49;235;true;true;true;0;2,71;0
1311;4,17;4,49;235;true;true;true;0;2,71;0
1312;4,17;4,49;235;true;true;true;0;2,71;0
1313;4,18;4,49;235;true;true;true;0;2,71;0
1314;4,18;4,49;235;true;true;true;0;2,71;0
1315;4,18;4,49;235;true;true;true;0;2,71;0
1316;4,19;4,49;235;true;true;true;0;2,71;0
1317;4,19;4,49;235;true;true;true;0;2,71;0
1318;4,19;4,49;235;true;true;true;0;2,71;0
1319;4,2;4,49;235;true;true;true;0;2,71;0
1320;4,2;4,49;235;true;true;true;0;2,71;0
1321;4,2;4,49;235;true;true;true;0;2,71;0
1322;4,2;4,49;235;true;true;true;0;2,71;0
1323;4,21;4,49;235;true;true;true;0;2,71;0
1324;4,21;4,49;235;true;true;true;0;2,71;0
1325;4,21;4,49;235;true;true;true;0;2,71;0
1326;4,22;4,49;235;true;true;true;0;2,71;0
1327;4,22;4,49;235;true;true;true;0;2,71;0
1328;4,22;4,49;235;true;true;true;0;2,71;0
1329;4,23;4,49;235;true;true;true;0;2,71;0
1330;4,23;4,49;235;true;true;true;0;2,71;0
1331;4,23;4,49;235;true;true;true;0;2,71;0
1332;4,24;4,49;235;true;true;true;0;2,71;0
1333;4,24;4,49;235;true;true;true;0;2,71;0
1334;4,24;4,49;235;true;true;true;0;2,71;0
1335;4,24;4,49;235;true;true;true;0;2,71;0
1336;4,25;4,49;235;true;true;true;0;2,71;0
1337;4,25;4,49;235;true;true;true;0;2,71;0
1338;4,25;4,49;235;true;true;true;0;2,71;0
1339;4,26;4,49;235;true;true;true;0;2,71;0
1340;4,26;4,49;235;true;true;true;0;2,71;0
1341;4,26;4,49;235;true;true;true;0;2,71;0
1342;4,27;4,49;235;true;true;true;0;2,71;0
1343;4,27;4,49;235;true;true;true;0;2,71;0
1344;4,27;4,49;235;true;true;true;0;2,71;0
1345;4,28;4,49;235;true;true;true;0;2,71;0
1346;4,28;4,49;235;true;true;true;0;2,71;0
1347;4,28;4,49;235;true;true;true;0;2,71;0
1348;4,28;4,49;235;true;true;true;0;2,71;0
1349;4,29;4,49;235;true;true;true;0;2,71;0
1350;4,29;4,49;235;true;true;true;0;2,71;0
1351;4,29;4,49;235;true;true;true;0;2,71;0
1352;4,3;4,49;235;true;true;true;0;2,71;0
1353;4,3;4,49;235;true;true;true;0;2,71;0
1354;4,3;4,49;235;true;true;true;0;2,71;0
1355;4,31;4,49;235;true;true;true;0;2,71;0
1356;4,31;4,49;235;true;true;true;0;2,71;0
1357;4,31;4,49;235;true;true;true;0;2,71;0
1358;4,32;4,49;235;true;true;true;0;2,71;0
1359;4,32;4,49;235;true;true;true;0;2,71;0
1360;4,32;4,49;235;true;true;true;0;2,71;0
1361;4,33;4,49;235;true;true;true;0;2,71;0
1362;4,33;4,49;235;true;true;true;0;2,71;0
1363;4,33;4,49;235;true;true;true;0;2,71;0
1364;4,34;4,49;235;true;true;true;0;2,71;0
1365;4,34;4,49;235;true;true;true;0;2,71;0
1366;4,34;4,49;235;true;true;true;0;2,71;0
1367;4,34;4,49;235;true;true;true;0;2,71;0
1368;4,35;4,49;235;true;true;true;0;2,71;0
1369;4,35;4,49;235;true;true;true;0;2,71;0
1370;4,35;4,49;235;true;true;true;0;2,71;0
1371;4,36;4,49;235;true;true;true;0;2,71;0
1372;4,36;4,49;235;true;true;true;0;2,71;0
1373;4,36;4,49;235;true;true;true;0;2,71;0
1374;4,37;4,49;235;true;true;true;0;2,71;0
1375;4,37;4,49;235;true;true;true;0;2,71;0
1376;4,37;4,49;235;true;true;true;0;2,71;0
1377;4,38;4,49;235;true;true;true;0;2,71;0
1378;4,38;4,49;235;true;true;true;0;2,71;0
1379;4,38;4,49;235;true;true;true;0;2,71;0
1380;4,39;4,49;235;true;true;true;0;2,71;0
1381;4,39;4,49;235;true;true;true;0;2,71;0
1382;4,39;4,49;235;true;true;true;0;2,71;0
1383;4,39;4,49;235;true;true;true;0;2,71;0
1384;4,4;4,49;235;true;true;true;0;2,71;0
1385;4,4;4,49;235;true;true;true;0;2,71;0
1386;4,4;4,49;235;true;true;true;0;2,71;0
1387;4,41;4,49;235;true;true;true;0;2,71;0
1388;4,41;4,49;235;true;true;true;0;2,71;0
1389;4,41;4,49;235;true;true;true;0;2,71;0
1390;4,42;4,49;235;true;true;true;0;2,71;0
1391;4,42;4,49;235;true;true;true;0;2,71;0
1392;4,42;4,49;235;true;true;true;0;2,71;0
1393;4,43;4,49;235;true;true;true;0;2,71;0
1394;4,43;4,49;235;true;true;true;0;2,71;0
1395;4,43;4,49;235;true;true;true;0;2,71;0
1396;4,43;4,49;235;true;true;true;0;2,71;0
1397;4,44;4,49;235;true;true;true;0;2,71;0
1398;4,44;4,49;235;true;true;true;0;2,71;0
1399;4,44;4,49;235;true;true;true;0;2,71;0
1400;4,45;4,49;235;true;true;true;0;2,71;0
1401;4,45;4,49;235;true;true;true;0;2,71;0
1402;4,45;4,49;235;true;true;true;0;2,71;0
1403;4,46;4,49;235;true;true;true;0;2,71;0
1404;4,46;4,49;235;true;true;true;0;2,71;0
1405;4,46;4,49;235;true;true;true;0;2,71;0
1406;4,47;4,49;235;true;true;true;0;2,71;0
1407;4,47;4,49;235;true;true;true;0;2,71;0
1408;4,47;4,49;235;true;true;true;0;2,71;0
1409;4,47;4,49;235;true;true;true;0;2,71;0
1410;4,48;4,49;235;true;true;true;0;2,71;0
1411;4,48;4,49;235;true;true;true;0;2,71;0
1412;4,48;4,49;235;true;true;true;0;2,71;0
1413;4,49;4,49;235;true;true;true;0;2,71;0
1414;4,49;4,49;235;true;true;true;0;2,71;0
1415;4,49;4,49;235;true;true;true;0;2,71;0
1416;4,49;4,49;235;true;true;true;0;2,71;0
1417;4,5;4,49;235;true;true;true;0;2,71;0
1418;4,5;4,49;235;true;true;true;0;2,71;0
1419;4,51;4,49;235;true;true;true;0;2,71;0
1420;4,51;4,49;235;true;true;true;0;2,71;0
1421;4,51;4,49;235;true;true;true;0;2,71;0
1422;4,51;4,49;235;true;true;true;0;2,71;0
1423;4,52;4,49;235;true;true;true;0;2,71;0
1424;4,52;4,49;235;true;true;true;0;2,71;0
1425;4,52;4,49;235;true;true;true;0;2,71;0
1426;4,53;4,49;235;true;true;true;0;2,71;0
1427;4,53;4,49;235;true;true;true;0;2,71;0
1428;4,53;4,49;235;true;true;true;0;2,71;0
1429;4,54;4,49;235;true;true;true;0;2,71;0
1430;4,54;4,49;235;true;true;true;0;2,71;0
1431;4,54;4,49;235;true;true;true;0;2,71;0
1432;4,55;4,49;235;true;true;true;0;2,71;0
1433;4,55;4,49;235;true;true;true;0;2,71;0
1434;4,55;4,49;235;true;true;true;0;2,71;0
1435;4,55;4,49;235;true;true;true;0;2,71;0
1436;4,56;4,49;235;true;true;true;0;2,71;0
1437;4,56;4,49;235;true;true;true;0;2,71;0
1438;4,56;4,49;235;true;true;true;0;2,71;0
1439;4,57;4,49;235;true;true;true;0;2,71;0
1440;4,57;4,49;235;true;true;true;0;2,71;0
1441;4,57;4,49;235;true;true;true;0;2,71;0
1442;4,58;4,49;235;true;true;true;0;2,71;0
1443;4,58;4,49;235;true;true;true;0;2,71;0
1444;4,58;4,49;235;true;true;true;0;2,71;0
1445;4,59;4,49;235;true;true;true;0;2,71;0
1446;4,59;4,49;235;true;true;true;0;2,71;0
1447;4,59;4,49;235;true;true;true;0;2,71;0
1448;4,6;4,49;235;true;true;true;0;2,71;0
1449;4,6;4,49;235;true;true;true;0;2,71;0
1450;4,6;4,49;235;true;true;true;0;2,71;0
1451;4,61;4,49;235;true;true;true;0;2,71;0
1452;4,61;4,49;235;true;true;true;0;2,71;0
1453;4,61;4,49;235;true;true;true;0;2,71;0
1454;4,61;4,49;235;true;true;true;0;2,71;0
1455;4,62;4,49;235;true;true;true;0;2,71;0
1456;4,62;4,49;235;true;true;true;0;2,71;0
1457;4,62;4,49;235;true;true;true;0;2,71;0
1458;4,63;4,49;235;true;true;true;0;2,71;0
1459;4,63;4,49;235;true;true;true;0;2,71;0
1460;4,63;4,49;235;true;true;true;0;2,71;0
1461;4,64;4,49;235;true;true;true;0;2,71;0
1462;4,64;4,49;235;true;true;true;0;2,71;0
1463;4,64;4,49;235;true;true;true;0;2,71;0
1464;4,64;4,49;235;true;true;true;0;2,71;0
1465;4,65;4,49;235;true;true;true;0;2,71;0
1466;4,65;4,49;235;true;true;true;0;2,71;0
1467;4,65;4,49;235;true;true;true;0;2,71;0
1468;4,66;4,49;235;true;true;true;0;2,71;0
1469;4,66;4,49;235;true;true;true;0;2,71;0
1470;4,66;4,49;235;true;true;true;0;2,71;0
1471;4,66;4,49;235;true;true;true;0;2,71;0
1472;4,67;4,49;235;true;true;true;0;2,71;0
1473;4,67;4,49;235;true;true;true;0;2,71;0
1474;4,67;4,49;235;true;true;true;0;2,71;0
1475;4,68;4,49;235;true;true;true;0;2,71;0
1476;4,68;4,49;235;true;true;true;0;2,71;0
1477;4,68;4,49;235;true;true;true;0;2,71;0
1478;4,69;4,49;235;true;true;true;0;2,71;0
1479;4,69;4,49;235;true;true;true;0;2,71;0
1480;4,69;4,49;235;true;true;true;0;2,71;0
1481;4,7;4,49;235;true;true;true;0;2,71;0
1482;4,7;4,49;235;true;true;true;0;2,71;0
1483;4,7;4,49;235;true;true;true;0;2,71;0
1484;4,71;4,49;235;true;true;true;0;2,71;0
1485;4,71;4,49;235;true;true;true;0;2,71;0
1486;4,71;4,49;235;true;true;true;0;2,71;0
1487;4,72;4,49;235;true;true;true;0;2,71;0
1488;4,72;4,49;235;true;true;true;0;2,71;0
1489;4,72;4,49;235;true;true;true;0;2,71;0
1490;4,74;4,49;235;true;true;true;0;2,71;0
1491;4,74;4,49;235;true;true;true;0;2,71;0
1492;4,75;4,49;235;true;true;true;0;2,71;0
1493;4,75;4,49;235;true;true;true;0;2,71;0
1494;4,75;4,49;235;true;true;true;0;2,71;0
1495;4,76;4,49;235;true;true;true;0;2,71;0
1496;4,76;4,49;235;true;true;true;0;2,71;0
1497;4,76;4,49;235;true;true;true;0;2,71;0
1498;4,76;4,49;235;true;true;true;0;2,71;0
1499;4,77;4,49;235;true;true;true;0;2,71;0
1500;4,77;4,49;235;true;true;true;0;2,71;0
1501;4,77;4,49;235;true;true;true;0;2,71;0
1502;4,78;4,49;235;true;true;true;0;2,71;0
1503;4,78;4,49;235;true;true;true;0;2,71;0
1504;4,78;4,49;235;true;true;true;0;2,71;0
1505;4,79;4,49;235;true;true;true;0;2,71;0
1506;4,79;4,49;235;true;true;true;0;2,71;0
1507;4,79;4,49;235;true;true;true;0;2,71;0
1508;4,8;4,49;235;true;true;true;0;2,71;0
1509;4,8;4,49;235;true;true;true;0;2,71;0
1510;4,8;4,49;235;true;true;true;0;2,71;0
1511;4,8;4,49;235;true;true;true;0;2,71;0
1512;4,81;4,49;235;true;true;true;0;2,71;0
1513;4,81;4,49;235;true;true;true;0;2,71;0
1514;4,81;4,49;235;true;true;true;0;2,71;0
1515;4,82;4,49;235;true;true;true;0;2,71;0
1516;4,82;4,49;235;true;true;true;0;2,71;0
1517;4,82;4,49;235;true;true;true;0;2,71;0
1518;4,83;4,49;235;true;true;true;0;2,71;0
1519;4,83;4,49;235;true;true;true;0;2,71;0
1520;4,83;4,49;235;true;true;true;0;2,71;0
1521;4,84;4,49;235;true;true;true;0;2,71;0
1522;4,84;4,49;235;true;true;true;0;2,71;0
1523;4,84;4,49;235;true;true;true;0;2,71;0
1524;4,84;4,49;235;true;true;true;0;2,71;0
1525;4,85;4,49;235;true;true;true;0;2,71;0
1526;4,85;4,49;235;true;true;true;0;2,71;0
1527;4,85;4,49;235;true;true;true;0;2,71;0
1528;4,86;4,49;235;true;true;true;0;2,71;0
1529;4,86;4,49;235;true;true;true;0;2,71;0
1530;4,86;4,49;235;true;true;true;0;2,71;0
1531;4,87;4,49;235;true;true;true;0;2,71;0
1532;4,87;4,49;235;true;true;true;0;2,71;0
1533;4,87;4,49;235;true;true;true;0;2,71;0
1534;4,88;4,49;235;true;true;true;0;2,71;0
1535;4,88;4,49;235;true;true;true;0;2,71;0
1536;4,88;4,49;235;true;true;true;0;2,71;0
1537;4,88;4,49;235;true;true;true;0;2,71;0
1538;4,89;4,49;235;true;true;true;0;2,71;0
1539;4,89;4,49;235;true;true;true;0;2,71;0
1540;4,89;4,49;235;true;true;true;0;2,71;0
1541;4,9;4,49;235;true;true;true;0;2,71;0
1542;4,9;4,49;235;true;true;true;0;2,71;0
1543;4,9;4,49;235;true;true;true;0;2,71;0
1544;4,91;4,49;235;true;true;true;0;2,71;0
1545;4,91;4,49;235;true;true;true;0;2,71;0
1546;4,91;4,49;235;true;true;true;0;2,71;0
1547;4,92;4,49;235;true;true;true;0;2,71;0
1548;4,92;4,49;235;true;true;true;0;2,71;0
1549;4,92;4,49;235;true;true;true;0;2,71;0
1550;4,93;4,49;235;true;true;true;0;2,71;0
1551;4,93;4,49;235;true;true;true;0;2,71;0
1552;4,93;4,49;235;true;true;true;0;2,71;0
1553;4,93;4,49;235;true;true;true;0;2,71;0
1554;4,94;4,49;235;true;true;true;0;2,71;0
1555;4,94;4,49;235;true;true;true;0;2,71;0
1556;4,94;4,49;235;true;true;true;0;2,71;0
1557;4,95;4,49;235;true;true;true;0;2,71;0
1558;4,95;4,49;235;true;true;true;0;2,71;0
1559;4,95;4,49;235;true;true;true;0;2,71;0
1560;4,96;4,49;235;true;true;true;0;2,71;0
1561;4,96;4,49;235;true;true;true;0;2,71;0
1562;4,96;4,49;235;true;true;true;0;2,71;0
1563;4,97;4,49;235;true;true;true;0;2,71;0
1564;4,97;4,49;235;true;true;true;0;2,71;0
1565;4,97;4,49;235;true;true;true;0;2,71;0
1566;4,98;4,49;235;true;true;true;0;2,71;0
1567;4,98;4,49;235;true;true;true;0;2,71;0
1568;4,98;4,49;235;true;true;true;0;2,71;0
1569;4,99;4,49;235;true;true;true;0;2,71;0
1570;4,99;4,49;235;true;true;true;0;2,71;0
1571;4,99;4,49;235;true;true;true;0;2,71;0
1572;4,99;4,49;235;true;true;true;0;2,71;0
1573;5;4,49;235;true;true;true;0;2,71;0
1574;5;4,49;235;true;true;true;0;2,71;0
1575;5;4,49;235;true;true;true;0;2,71;0
1576;5,01;4,49;235;true;true;true;0;2,71;0
1577;5,01;4,49;235;true;true;true;0;2,71;0
1578;5,01;4,49;235;true;true;true;0;2,71;0
1579;5,02;4,49;235;true;true;true;0;2,71;0
1580;5,02;4,49;235;true;true;true;0;2,71;0
1581;5,02;4,49;235;true;true;true;0;2,71;0
1582;5,03;4,49;235;true;true;true;0;2,71;0
1583;5,03;4,49;235;true;true;true;0;2,71;0
1584;5,03;4,49;235;true;true;true;0;2,71;0
1585;5,04;4,49;235;true;true;true;0;2,71;0
1586;5,04;4,49;235;true;true;true;0;2,71;0
1587;5,04;4,49;235;true;true;true;0;2,71;0
1588;5,05;4,49;235;true;true;true;0;2,71;0
1589;5,05;4,49;235;true;true;true;0;2,71;0
1590;5,05;4,49;235;true;true;true;0;2,71;0
1591;5,05;4,49;235;true;true;true;0;2,71;0
1592;5,06;4,49;235;true;true;true;0;2,71;0
1593;5,06;4,49;235;true;true;true;0;2,71;0
1594;5,07;4,49;235;true;true;true;0;2,71;0
1595;5,07;4,49;235;true;true;true;0;2,71;0
1596;5,07;4,49;235;true;true;true;0;2,71;0
1597;5,07;4,49;235;true;true;true;0;2,71;0
1598;5,08;4,49;235;true;true;true;0;2,71;0
1599;5,08;4,49;235;true;true;true;0;2,71;0
1600;5,09;4,49;235;true;true;true;0;2,71;0
1601;5,09;4,49;235;true;true;true;0;2,71;0
1602;5,09;4,49;235;true;true;true;0;2,71;0
1603;5,1;4,49;235;true;true;true;0;2,71;0
1604;5,1;4,49;235;true;true;true;0;2,71;0
1605;5,1;4,49;235;true;true;true;0;2,71;0
1606;5,11;4,49;235;true;true;true;0;2,71;0
1607;5,11;4,49;235;true;true;true;0;2,71;0
1608;5,11;4,49;235;true;true;true;0;2,71;0
1609;5,11;4,49;235;true;true;true;0;2,71;0
1610;5,12;4,49;235;true;true;true;0;2,71;0
1611;5,12;4,49;235;true;true;true;0;2,71;0
1612;5,12;4,49;235;true;true;true;0;2,71;0
1613;5,13;4,49;235;true;true;true;0;2,71;0
1614;5,13;4,49;235;true;true;true;0;2,71;0
1615;5,14;4,49;235;true;true;true;0;2,71;0
1616;5,14;4,49;235;true;true;true;0;2,71;0
1617;5,14;4,49;235;true;true;true;0;2,71;0
1618;5,15;4,49;235;true;true;true;0;2,71;0
1619;5,15;4,49;235;true;true;true;0;2,71;0
1620;5,15;4,49;235;true;true;true;0;2,71;0
1621;5,16;4,49;235;true;true;true;0;2,71;0
1622;5,16;4,49;235;true;true;true;0;2,71;0
1623;5,16;4,49;235;true;true;true;0;2,71;0
1624;5,17;4,49;235;true;true;true;0;2,71;0
1625;5,17;4,49;235;true;true;true;0;2,71;0
1626;5,17;4,49;235;true;true;true;0;2,71;0
1627;5,18;4,49;235;true;true;true;0;2,71;0
1628;5,18;4,49;235;true;true;true;0;2,71;0
1629;5,18;4,49;235;true;true;true;0;2,71;0
1630;5,18;4,49;235;true;true;true;0;2,71;0
1631;5,19;4,49;235;true;true;true;0;2,71;0
1632;5,19;4,49;235;true;true;true;0;2,71;0
1633;5,19;4,49;235;true;true;true;0;2,71;0
1634;5,2;4,49;235;true;true;true;0;2,71;0
1635;5,2;4,49;235;true;true;true;0;2,71;0
1636;5,2;4,49;235;true;true;true;0;2,71;0
1637;5,21;4,49;235;true;true;true;0;2,71;0
1638;5,21;4,49;235;true;true;true;0;2,71;0
1639;5,21;4,49;235;true;true;true;0;2,71;0
1640;5,22;4,49;235;true;true;true;0;2,71;0
1641;5,22;4,49;235;true;true;true;0;2,71;0
1642;5,22;4,49;235;true;true;true;0;2,71;0
1643;5,22;4,49;235;true;true;true;0;2,71;0
1644;5,23;4,49;235;true;true;true;0;2,71;0
1645;5,23;4,49;235;true;true;true;0;2,71;0
1646;5,24;4,49;235;true;true;true;0;2,71;0
1647;5,24;4,49;235;true;true;true;0;2,71;0
1648;5,24;4,49;235;true;true;true;0;2,71;0
1649;5,24;4,49;235;true;true;true;0;2,71;0
1650;5,25;4,49;235;true;true;true;0;2,71;0
1651;5,25;4,49;235;true;true;true;0;2,71;0
1652;5,25;4,49;235;true;true;true;0;2,71;0
1653;5,26;4,49;235;true;true;true;0;2,71;0
1654;5,26;4,49;235;true;true;true;0;2,71;0
1655;5,26;4,49;235;true;true;true;0;2,71;0
1656;5,27;4,49;235;true;true;true;0;2,71;0
1657;5,27;4,49;235;true;true;true;0;2,71;0
1658;5,27;4,49;235;true;true;true;0;2,71;0
1659;5,28;4,49;235;true;true;true;0;2,71;0
1660;5,28;4,49;235;true;true;true;0;2,71;0
1661;5,28;4,49;235;true;true;true;0;2,71;0
1662;5,29;4,49;235;true;true;true;0;2,71;0
1663;5,29;4,49;235;true;true;true;0;2,71;0
1664;5,29;4,49;235;true;true;true;0;2,71;0
1665;5,3;4,49;235;true;true;true;0;2,71;0
1666;5,3;4,49;235;true;true;true;0;2,71;0
1667;5,3;4,49;235;true;true;true;0;2,71;0
1668;5,31;4,49;235;true;true;true;0;2,71;0
1669;5,31;4,49;235;true;true;true;0;2,71;0
1670;5,31;4,49;235;true;true;true;0;2,71;0
1671;5,32;4,49;235;true;true;true;0;2,71;0
1672;5,32;4,49;235;true;true;true;0;2,71;0
1673;5,32;4,49;235;true;true;true;0;2,71;0
1674;5,32;4,49;235;true;true;true;0;2,71;0
1675;5,33;4,49;235;true;true;true;0;2,71;0
1676;5,33;4,49;235;true;true;true;0;2,71;0
1677;5,34;4,49;235;true;true;true;0;2,71;0
1678;5,34;4,49;235;true;true;true;0;2,71;0
1679;5,34;4,49;235;true;true;true;0;2,71;0
1680;5,34;4,49;235;true;true;true;0;2,71;0
1681;5,35;4,49;235;true;true;true;0;2,71;0
1682;5,35;4,49;235;true;true;true;0;2,71;0
1683;5,35;4,49;235;true;true;true;0;2,71;0
1684;5,36;4,49;235;true;true;true;0;2,71;0
1685;5,36;4,49;235;true;true;true;0;2,71;0
1686;5,36;4,49;235;true;true;true;0;2,71;0
1687;5,36;4,49;235;true;true;true;0;2,71;0
1688;5,37;4,49;235;true;true;true;0;2,71;0
1689;5,37;4,49;235;true;true;true;0;2,71;0
1690;5,37;4,49;235;true;true;true;0;2,71;0
1691;5,38;4,49;235;true;true;true;0;2,71;0
1692;5,38;4,49;235;true;true;true;0;2,71;0
1693;5,38;4,49;235;true;true;true;0;2,71;0
1694;5,39;4,49;235;true;true;true;0;2,71;0
1695;5,39;4,49;235;true;true;true;0;2,71;0
1696;5,39;4,49;235;true;true;true;0;2,71;0
1697;5,39;4,49;235;true;true;true;0;2,71;0
1698;5,4;4,49;235;true;true;true;0;2,71;0
1699;5,4;4,49;235;true;true;true;0;2,71;0
1700;5,4;4,49;235;true;true;true;0;2,71;0
1701;5,41;4,49;235;true;true;true;0;2,71;0
1702;5,41;4,49;235;true;true;true;0;2,71;0
1703;5,41;4,49;235;true;true;true;0;2,71;0
1704;5,42;4,49;235;true;true;true;0;2,71;0
1705;5,42;4,49;235;true;true;true;0;2,71;0
1706;5,42;4,49;235;true;true;true;0;2,71;0
1707;5,43;4,49;235;true;true;true;0;2,71;0
1708;5,43;4,49;235;true;true;true;0;2,71;0
1709;5,43;4,49;235;true;true;true;0;2,71;0
1710;5,43;4,49;235;true;true;true;0;2,71;0
1711;5,44;4,49;235;true;true;true;0;2,71;0
1712;5,44;4,49;235;true;true;true;0;2,71;0
1713;5,44;4,49;235;true;true;true;0;2,71;0
1714;5,45;4,49;235;true;true;true;0;2,71;0
1715;5,45;4,49;235;true;true;true;0;2,71;0
1716;5,45;4,49;235;true;true;true;0;2,71;0
1717;5,45;4,49;235;true;true;true;0;2,71;0
1718;5,46;4,49;235;true;true;true;0;2,71;0
1719;5,46;4,49;235;true;true;true;0;2,71;0
1720;5,46;4,49;235;true;true;true;0;2,71;0
1721;5,47;4,49;235;true;true;true;0;2,71;0
1722;5,47;4,49;235;true;true;true;0;2,71;0
1723;5,47;4,49;235;true;true;true;0;2,71;0
1724;5,48;4,49;235;true;true;true;0;2,71;0
1725;5,48;4,49;235;true;true;true;0;2,71;0
1726;5,48;4,49;235;true;true;true;0;2,71;0
1727;5,49;4,49;235;true;true;true;0;2,71;0
1728;5,49;4,49;235;true;true;true;0;2,71;0
1729;5,49;4,49;235;true;true;true;0;2,71;0
1730;5,49;4,49;235;true;true;true;0;2,71;0
1731;5,5;4,49;235;true;true;true;0;2,71;0
1732;5,5;4,49;235;true;true;true;0;2,71;0
1733;5,5;4,49;235;true;true;true;0;2,71;0
1734;5,51;4,49;235;true;true;true;0;2,71;0
1735;5,51;4,49;235;true;true;true;0;2,71;0
1736;5,51;4,49;235;true;true;true;0;2,71;0
1737;5,51;4,49;235;true;true;true;0;2,71;0
1738;5,52;4,49;235;true;true;true;0;2,71;0
1739;5,52;4,49;235;true;true;true;0;2,71;0
1740;5,52;4,49;235;true;true;true;0;2,71;0
1741;5,53;4,49;235;true;true;true;0;2,71;0
1742;5,53;4,49;235;true;true;true;0;2,71;0
1743;5,53;4,49;235;true;true;true;0;2,71;0
1744;5,54;4,49;235;true;true;true;0;2,71;0
1745;5,54;4,49;235;true;true;true;0;2,71;0
1746;5,54;4,49;235;true;true;true;0;2,71;0
1747;5,55;4,49;235;true;true;true;0;2,71;0
1748;5,55;4,49;235;true;true;true;0;2,71;0
1749;5,55;4,49;235;true;true;true;0;2,71;0
1750;5,55;4,49;235;true;true;true;0;2,71;0
1751;5,56;4,49;235;true;true;true;0;2,71;0
1752;5,56;4,49;235;true;true;true;0;2,71;0
1753;5,56;4,49;235;true;true;true;0;2,71;0
1754;5,57;4,49;235;true;true;true;0;2,71;0
1755;5,57;4,49;235;true;true;true;0;2,71;0
1756;5,57;4,49;235;true;true;true;0;2,71;0
1757;5,58;4,49;235;true;true;true;0;2,71;0
1758;5,58;4,49;235;true;true;true;0;2,71;0
1759;5,58;4,49;235;true;true;true;0;2,71;0
1760;5,59;4,49;235;true;true;true;0;2,71;0
1761;5,59;4,49;235;true;true;true;0;2,71;0
1762;5,59;4,49;235;true;true;true;0;2,71;0
1763;5,59;4,49;235;true;true;true;0;2,71;0
1764;5,6;4,49;235;true;true;true;0;2,71;0
1765;5,6;4,49;235;true;true;true;0;2,71;0
1766;5,6;4,49;235;true;true;true;0;2,71;0
1767;5,61;4,49;235;true;true;true;0;2,71;0
1768;5,61;4,49;235;true;true;true;0;2,71;0
1769;5,61;4,49;235;true;true;true;0;2,71;0
1770;5,61;4,49;235;true;true;true;0;2,71;0
1771;5,62;4,49;235;true;true;true;0;2,71;0
1772;5,62;4,49;235;true;true;true;0;2,71;0
1773;5,62;4,49;235;true;true;true;0;2,71;0
1774;5,63;4,49;235;true;true;true;0;2,71;0
1775;5,63;4,49;235;true;true;true;0;2,71;0
1776;5,63;4,49;235;true;true;true;0;2,71;0
1777;5,64;4,49;235;true;true;true;0;2,71;0
1778;5,64;4,49;235;true;true;true;0;2,71;0
1779;5,64;4,49;235;true;true;true;0;2,71;0
1780;5,64;4,49;235;true;true;true;0;2,71;0
1781;5,65;4,49;235;true;true;true;0;2,71;0
1782;5,65;4,49;235;true;true;true;0;2,71;0
1783;5,65;4,49;235;true;true;true;0;2,71;0
1784;5,66;4,49;235;true;true;true;0;2,71;0
1785;5,66;4,49;235;true;true;true;0;2,71;0
1786;5,66;4,49;235;true;true;true;0;2,71;0
1787;5,67;4,49;235;true;true;true;0;2,71;0
1788;5,67;4,49;235;true;true;true;0;2,71;0
1789;5,67;4,49;235;true;true;true;0;2,71;0
1790;5,68;4,49;235;true;true;true;0;2,71;0
1791;5,68;4,49;235;true;true;true;0;2,71;0
1792;5,68;4,49;235;true;true;true;0;2,71;0
1793;5,68;4,49;235;true;true;true;0;2,71;0
1794;5,69;4,49;235;true;true;true;0;2,71;0
1795;5,69;4,49;235;true;true;true;0;2,71;0
1796;5,69;4,49;235;true;true;true;0;2,71;0
1797;5,7;4,49;235;true;true;true;0;2,71;0
1798;5,7;4,49;235;true;true;true;0;2,71;0
1799;5,7;4,49;235;true;true;true;0;2,71;0
1800;5,71;4,49;235;true;true;true;0;2,71;0
1801;5,71;4,49;235;true;true;true;0;2,71;0
1802;5,71;4,49;235;true;true;true;0;2,71;0
1803;5,72;4,49;235;true;true;true;0;2,71;0
1804;5,72;4,49;235;true;true;true;0;2,71;0
1805;5,72;4,49;235;true;true;true;0;2,71;0
1806;5,72;4,49;235;true;true;true;0;2,71;0
1807;5,73;4,49;235;true;true;true;0;2,71;0
1808;5,73;4,49;235;true;true;true;0;2,71;0
1809;5,73;4,49;235;true;true;true;0;2,71;0
1810;5,74;4,49;235;true;true;true;0;2,71;0
1811;5,74;4,49;235;true;true;true;0;2,71;0
1812;5,74;4,49;235;true;true;true;0;2,71;0
1813;5,75;4,49;235;true;true;true;0;2,71;0
1814;5,75;4,49;235;true;true;true;0;2,71;0
1815;5,75;4,49;235;true;true;true;0;2,71;0
1816;5,76;4,49;235;true;true;true;0;2,71;0
1817;5,76;4,49;235;true;true;true;0;2,71;0
1818;5,76;4,49;235;true;true;true;0;2,71;0
1819;5,76;4,49;235;true;true;true;0;2,71;0
1820;5,77;4,49;235;true;true;true;0;2,71;0
1821;5,77;4,49;235;true;true;true;0;2,71;0
1822;5,77;4,49;235;true;true;true;0;2,71;0
1823;5,78;4,49;235;true;true;true;0;2,71;0
1824;5,78;4,49;235;true;true;true;0;2,71;0
1825;5,78;4,49;235;true;true;true;0;2,71;0
1826;5,79;4,49;235;true;true;true;0;2,71;0
1827;5,79;4,49;235;true;true;true;0;2,71;0
1828;5,79;4,49;235;true;true;true;0;2,71;0
1829;5,8;4,49;235;true;true;true;0;2,71;0
1830;5,8;4,49;235;true;true;true;0;2,71;0
1831;5,8;4,49;235;true;true;true;0;2,71;0
1832;5,8;4,49;235;true;true;true;0;2,71;0
1833;5,81;4,49;235;true;true;true;0;2,71;0
1834;5,81;4,49;235;true;true;true;0;2,71;0
1835;5,82;4,49;235;true;true;true;0;2,71;0
1836;5,82;4,49;235;true;true;true;0;2,71;0
1837;5,82;4,49;235;true;true;true;0;2,71;0
1838;5,82;4,49;235;true;true;true;0;2,71;0
1839;5,83;4,49;235;true;true;true;0;2,71;0
1840;5,83;4,49;235;true;true;true;0;2,71;0
1841;5,83;4,49;235;true;true;true;0;2,71;0
1842;5,84;4,49;235;true;true;true;0;2,71;0
1843;5,84;4,49;235;true;true;true;0;2,71;0
1844;5,84;4,49;235;true;true;true;0;2,71;0
1845;5,85;4,49;235;true;true;true;0;2,71;0
1846;5,85;4,49;235;true;true;true;0;2,71;0
1847;5,85;4,49;235;true;true;true;0;2,71;0
1848;5,86;4,49;235;true;true;true;0;2,71;0
1849;5,86;4,49;235;true;true;true;0;2,71;0
1850;5,86;4,49;235;true;true;true;0;2,71;0
1851;5,87;4,49;235;true;true;true;0;2,71;0
1852;5,87;4,49;235;true;true;true;0;2,71;0
1853;5,87;4,49;235;true;true;true;0;2,71;0
1854;5,88;4,49;235;true;true;true;0;2,71;0
1855;5,88;4,49;235;true;true;true;0;2,71;0
1856;5,88;4,49;235;true;true;true;0;2,71;0
1857;5,89;4,49;235;true;true;true;0;2,71;0
1858;5,89;4,49;235;true;true;true;0;2,71;0
1859;5,89;4,49;235;true;true;true;0;2,71;0
1860;5,9;4,49;235;true;true;true;0;2,71;0
1861;5,9;4,49;235;true;true;true;0;2,71;0
1862;5,9;4,49;235;true;true;true;0;2,71;0
1863;5,91;4,49;235;true;true;true;0;2,71;0
1864;5,91;4,49;235;true;true;true;0;2,71;0
1865;5,91;4,49;235;true;true;true;0;2,71;0
1866;5,91;4,49;235;true;true;true;0;2,71;0
1867;5,92;4,49;235;true;true;true;0;2,71;0
1868;5,92;4,49;235;true;true;true;0;2,71;0
1869;5,92;4,49;235;true;true;true;0;2,71;0
1870;5,93;4,49;235;true;true;true;0;2,71;0
1871;5,93;4,49;235;true;true;true;0;2,71;0
1872;5,93;4,49;235;true;true;true;0;2,71;0
1873;5,94;4,49;235;true;true;true;0;2,71;0
1874;5,94;4,49;235;true;true;true;0;2,71;0
1875;5,94;4,49;235;true;true;true;0;2,71;0
1876;5,95;4,49;235;true;true;true;0;2,71;0
1877;5,95;4,49;235;true;true;true;0;2,71;0
1878;5,95;4,49;235;true;true;true;0;2,71;0
1879;5,95;4,49;235;true;true;true;0;2,71;0
1880;5,96;4,49;235;true;true;true;0;2,71;0
1881;5,96;4,49;235;true;true;true;0;2,71;0
1882;5,97;4,49;235;true;true;true;0;2,71;0
1883;5,97;4,49;235;true;true;true;0;2,71;0
1884;5,97;4,49;235;true;true;true;0;2,71;0
1885;5,98;4,49;235;true;true;true;0;2,71;0
1886;5,98;4,49;235;true;true;true;0;2,71;0
1887;5,98;4,49;235;true;true;true;0;2,71;0
1888;5,99;4,49;235;true;true;true;0;2,71;0
1889;5,99;4,49;235;true;true;true;0;2,71;0
1890;5,99;4,49;235;true;true;true;0;2,71;0
1891;6;4,49;235;true;true;true;0;2,71;0
1892;6;4,49;235;true;true;true;0;2,71;0
1893;6;4,49;235;true;true;true;0;2,71;0
1894;6,01;4,49;235;true;true;true;0;2,71;0
1895;6,01;4,49;235;true;true;true;0;2,71;0
1896;6,01;4,49;235;true;true;true;0;2,71;0
1897;6,02;4,49;235;true;true;true;0;2,71;0
1898;6,02;4,49;235;true;true;true;0;2,71;0
1899;6,02;4,49;235;true;true;true;0;2,71;0
1900;6,03;4,49;235;true;true;true;0;2,71;0
1901;6,03;4,49;235;true;true;true;0;2,71;0
1902;6,03;4,49;235;true;true;true;0;2,71;0
1903;6,03;4,49;235;true;true;true;0;2,71;0
1904;6,04;4,49;235;true;true;true;0;2,71;0
