lengthMiddleSegment: 60080.82
step_energy: 0.05
electrostatic_force_factor: 1.0
spring_force_factor: 0.1
reject_force_factor: 2.0
distanceRejectRadius: 15020.205
distanceSamePosition: 15020.205
Iteration;time;energy;num nodes;reject force is enabled;spring force is enabled;electrostatic force is enabled;str_force;rep_force;elec_force
1;0;49,6;1318;false;true;true;18,44;0;31,28
2;0,02;57,43;1275;false;true;true;21,53;0;38,13
3;0,2;54,27;1224;false;true;true;22,1;0;34,5
4;0,21;50,62;1178;false;true;true;20,2;0;32,03
5;0,23;48,72;1139;false;true;true;20,38;0;30,87
6;0,24;47,46;1104;false;true;true;19,46;0;30,57
7;0,25;44,92;1066;false;true;true;20,34;0;28,19
8;0,26;43,14;1038;false;true;true;19;0;27,79
9;0,27;41,84;1012;false;true;true;19,07;0;26,52
10;0,27;41,06;988;false;true;true;18,92;0;26,31
11;0,28;41,05;962;false;true;true;19,25;0;25,61
12;0,28;38,86;939;false;true;true;18,36;0;23,38
13;0,28;38,63;915;false;true;true;19,18;0;22,15
14;0,29;37,98;899;false;true;true;17,87;0;23,6
15;0,29;37,95;880;false;true;true;18,51;0;23,94
16;0,3;36,49;859;false;true;true;18,83;0;21,92
17;0,3;35,97;843;false;true;true;18,7;0;21,87
18;0,31;34,32;828;false;true;true;19,01;0;21,18
19;0,31;34,06;817;false;true;true;18,19;0;22,32
20;0,31;34,23;802;false;true;true;19,71;0;21,44
21;0,32;33,16;789;false;true;true;19,61;0;19,49
22;0,32;31,67;776;false;true;true;18;0;16,68
23;0,33;31,62;770;false;true;true;17,11;0;18,84
24;0,33;30,89;759;false;true;true;17,95;0;17,96
25;0,33;31,57;751;false;true;true;17,85;0;18,8
26;0,34;31,47;743;false;true;true;18,12;0;19,37
27;0,34;29,65;731;false;true;true;18,48;0;16,75
28;0,35;29,79;726;false;true;true;17,69;0;18,67
29;0,35;30,45;718;false;true;true;18,29;0;19,66
30;0,35;29,12;705;false;true;true;19,06;0;16,12
31;0,36;29,09;698;false;true;true;18,47;0;17,13
32;0,36;28,81;692;false;true;true;17,95;0;18,25
33;0,37;28,3;681;false;true;true;18,49;0;16,68
34;0,37;27,34;675;false;true;true;18,01;0;17,11
35;0,37;26,88;666;false;true;true;17,73;0;16,15
36;0,38;25,95;657;false;true;true;17,61;0;14,25
37;0,38;25,74;654;false;true;true;17,35;0;16,15
38;0,38;26,08;650;false;true;true;17,53;0;17,9
39;0,39;25,16;643;false;true;true;18,23;0;16,44
40;0,39;25,31;637;false;true;true;18,37;0;16,29
41;0,39;24,62;630;false;true;true;17,46;0;14,39
42;0,4;24,07;626;false;true;true;16,75;0;14,39
43;0,4;24,2;622;false;true;true;17,14;0;15,44
44;0,4;23,65;615;false;true;true;16,85;0;13,68
45;0,41;23,16;611;false;true;true;16,33;0;13,61
46;0,41;22,16;605;false;true;true;16,14;0;12,05
47;0,41;21,6;602;false;true;true;16,42;0;12,45
48;0,42;21,85;598;false;true;true;16,63;0;12,41
49;0,42;20,82;594;false;true;true;16,47;0;11,8
50;0,42;20,77;591;false;true;true;16,26;0;11,98
51;0,43;21,13;589;false;true;true;16,35;0;13,27
52;0,43;20,17;583;false;true;true;15,96;0;10,86
53;0,43;20,3;580;false;true;true;15,55;0;11,35
54;0,44;20,2;577;false;true;true;15,6;0;11,83
55;0,44;19,42;571;false;true;true;14,56;0;9
56;0,44;18,5;569;false;true;true;13,85;0;9,21
57;0,44;18,45;569;false;true;true;13,81;0;10,9
58;0,45;18,72;567;false;true;true;14,6;0;11,62
59;0,45;18,17;564;false;true;true;15,3;0;11,57
60;0,45;18,09;560;false;true;true;15,18;0;10,63
61;0,45;17,77;558;false;true;true;15,01;0;10,95
62;0,46;17,68;554;false;true;true;14,82;0;9,95
63;0,46;17,08;552;false;true;true;14,68;0;9,84
64;0,46;16,94;549;false;true;true;14,5;0;9,3
65;0,47;17,06;548;false;true;true;14,77;0;10,35
66;0,47;16,78;544;false;true;true;14,42;0;9,08
67;0,47;16,01;540;false;true;true;13,46;0;7
68;0,48;15,49;540;false;true;true;12,98;0;7,99
69;0,48;15,21;538;false;true;true;12,99;0;7,89
70;0,49;15,44;537;false;true;true;13,46;0;8,58
71;0,49;15,14;535;false;true;true;13,49;0;8,32
72;0,49;14,33;533;false;true;true;13,22;0;7,66
73;0,49;14,15;533;false;true;true;13,23;0;8,56
74;0,5;14,28;532;false;true;true;13,45;0;8,98
75;0,5;14,23;531;false;true;true;13,96;0;9,4
76;0,5;14,34;529;false;true;true;14,26;0;9,29
77;0,5;14,29;527;false;true;true;14,41;0;9,04
78;0,51;13,95;525;false;true;true;14,11;0;8,75
79;0,51;13,95;525;false;true;true;14,17;0;9,82
80;0,51;14,64;524;false;true;true;14,49;0;10,56
81;0,52;15,02;522;false;true;true;14,67;0;10,67
82;0,52;14,87;517;false;true;true;14,31;0;8,33
83;0,52;14,62;516;false;true;true;13,6;0;8,72
84;0,53;14,44;514;false;true;true;13,41;0;8,54
85;0,53;14,26;512;false;true;true;12,8;0;7,97
86;0,53;14,23;512;false;true;true;13,06;0;9,05
87;0,54;14,37;509;false;true;true;13,56;0;8,53
88;0,54;13,83;507;false;true;true;13,14;0;7,83
89;0,54;13,67;507;false;true;true;13,16;0;8,71
90;0,54;13,53;505;false;true;true;13,15;0;8,33
91;0,55;13,58;505;false;true;true;13,62;0;9,32
92;0,55;14,07;504;false;true;true;14,21;0;9,98
93;0,55;13,94;501;false;true;true;14,19;0;9,07
94;0,55;13,93;500;false;true;true;14,08;0;9,64
95;0,56;14,07;498;false;true;true;13,54;0;9,17
96;0,56;14,34;497;false;true;true;13,55;0;9,7
97;0,56;14,32;494;false;true;true;13,64;0;8,84
98;0,56;14,36;492;false;true;true;13,38;0;8,57
99;0,57;14,18;489;false;true;true;12,95;0;7,57
100;0,57;13,89;489;false;true;true;12,76;0;8,59
101;0,57;13,35;487;false;true;true;12,74;0;8,13
102;0,57;13,22;486;false;true;true;12,66;0;8,2
103;0,57;13,24;486;false;true;true;13,03;0;9,17
104;0,58;13,52;485;false;true;true;13,62;0;9,79
105;0,58;12,9;483;false;true;true;13,8;0;8,98
106;0,58;13,19;481;false;true;true;13,8;0;8,82
107;0,58;13,09;480;false;true;true;13,71;0;9,07
108;0,58;13,57;478;false;true;true;13,39;0;8,82
109;0,59;13,07;476;false;true;true;13,01;0;8,12
110;0,59;12,85;474;false;true;true;12,82;0;7,61
111;0,59;12,77;474;false;true;true;12,88;0;8,53
112;0,59;12,34;472;false;true;true;12,41;0;7,58
113;0,6;12,21;472;false;true;true;12,61;0;8,32
114;0,6;12,35;471;false;true;true;13,19;0;8,58
115;0,6;12,27;470;false;true;true;13,27;0;8,65
116;0,6;12,34;468;false;true;true;13,43;0;8,59
117;0,61;12,46;468;false;true;true;13,69;0;9,66
118;0,61;12,48;466;false;true;true;13,63;0;9,01
119;0,61;12,42;465;false;true;true;13,75;0;9,53
120;0,61;12,74;462;false;true;true;13,28;0;8,45
121;0,61;12,6;461;false;true;true;13,15;0;8,72
122;0,62;12,52;459;false;true;true;12,88;0;8,22
123;0,62;12,47;458;false;true;true;12,93;0;8,41
124;0,62;12,63;456;false;true;true;12,54;0;7,89
125;0,62;11,64;454;false;true;true;11,83;0;6,68
126;0,63;11,35;454;false;true;true;11,88;0;7,14
127;0,63;11,26;454;false;true;true;12,23;0;7,71
128;0,63;11,15;453;false;true;true;12,55;0;7,71
129;0,64;11,12;453;false;true;true;12,93;0;8,33
130;0,64;11,36;453;false;true;true;13,42;0;9,17
131;0,64;12,14;452;false;true;true;13,67;0;9,62
132;0,65;11,76;448;false;true;true;13,01;0;7,25
133;0,65;11,47;448;false;true;true;12,81;0;7,85
134;0,65;11,52;448;false;true;true;12,91;0;8,64
135;0,65;11,46;447;false;true;true;13,08;0;8,75
136;0,66;11,98;446;false;true;true;13,42;0;9,06
137;0,66;11,94;444;false;true;true;13,19;0;8,35
138;0,66;11,87;443;false;true;true;12,91;0;8,36
139;0,66;12,35;441;false;true;true;12,79;0;7,95
140;0,67;11,96;439;false;true;true;11,84;0;6,97
141;0,67;11,93;439;false;true;true;11,86;0;7,83
142;0,67;11,46;437;false;true;true;11,63;0;7,01
143;0,67;11,45;436;false;true;true;11,48;0;6,9
144;0,67;11,4;436;false;true;true;11,7;0;7,63
145;0,68;11,22;435;false;true;true;11,85;0;7,49
146;0,68;11,42;434;false;true;true;11,98;0;7,63
147;0,68;11,43;432;false;true;true;11,96;0;6,96
148;0,68;11,3;431;false;true;true;11,42;0;6,76
149;0,69;10,69;430;false;true;true;11,1;0;6,39
150;0,69;10,41;430;false;true;true;11,08;0;6,82
151;0,69;10,33;430;false;true;true;11,41;0;7,36
152;0,73;10,33;429;false;true;true;11,75;0;7,22
153;0,74;10,34;429;false;true;true;12,13;0;7,83
154;0,74;10,6;428;false;true;true;12,58;0;7,99
155;0,74;10,9;427;false;true;true;12,49;0;8
156;0,74;10,55;426;false;true;true;12,34;0;7,89
157;0,74;10,81;425;false;true;true;12,02;0;7,87
158;0,75;10,64;423;false;true;true;11,65;0;7,01
159;0,75;10,47;423;false;true;true;11,74;0;7,64
160;0,75;10,86;422;false;true;true;11,97;0;7,73
161;0,75;10,85;420;false;true;true;11,74;0;7,09
162;0,76;10,89;420;false;true;true;11,74;0;7,99
163;0,76;10,61;417;false;true;true;10,93;0;6,31
164;0,76;10,18;416;false;true;true;10,47;0;5,96
165;0,76;9,82;416;false;true;true;10,39;0;6,38
166;0,77;9,69;416;false;true;true;10,63;0;6,9
167;0,77;9,69;415;false;true;true;11,06;0;6,85
168;0,77;9,67;415;false;true;true;11,28;0;7,51
169;0,77;9,6;413;false;true;true;11,23;0;6,73
170;0,77;9,48;413;false;true;true;11,23;0;7,32
171;0,78;9,69;412;false;true;true;11,06;0;7,16
172;0,78;9,54;411;false;true;true;10,76;0;6,98
173;0,78;9,14;409;false;true;true;10,5;0;5,96
174;0,78;8,78;409;false;true;true;10,4;0;6,28
175;0,79;8,58;409;false;true;true;10,43;0;6,67
176;0,79;8,6;409;false;true;true;10,61;0;7,21
177;0,79;8,06;408;false;true;true;10,56;0;6,55
178;0,79;8,01;408;false;true;true;10,8;0;6,97
179;0,79;8,07;407;false;true;true;10,84;0;6,72
180;0,8;8,07;407;false;true;true;10,98;0;7,24
181;0,8;8,34;405;false;true;true;10,72;0;6,4
182;0,8;8,05;404;false;true;true;10,03;0;5,92
183;0,8;7,75;404;false;true;true;9,94;0;6,19
184;0,8;7,59;404;false;true;true;10,03;0;6,5
185;0,81;7,56;404;false;true;true;10,26;0;6,89
186;0,81;7,76;404;false;true;true;10,61;0;7,49
187;0,81;7,56;402;false;true;true;10,32;0;6,24
188;0,81;7,35;402;false;true;true;10,29;0;6,51
189;0,81;7,24;402;false;true;true;10,34;0;6,82
190;0,82;7,25;402;false;true;true;10,54;0;7,22
191;0,82;7,42;401;false;true;true;10,61;0;7,04
192;0,82;7,46;400;false;true;true;10,39;0;6,55
193;0,82;7,24;400;false;true;true;10,34;0;6,86
194;0,82;7,21;400;false;true;true;10,53;0;7,25
195;0,83;7,23;399;false;true;true;10,38;0;6,88
196;0,83;7,2;398;false;true;true;10,24;0;6,53
197;0,83;6,99;398;false;true;true;10,2;0;6,81
198;0,83;6,89;398;false;true;true;10,31;0;7,13
199;0,83;6,93;398;false;true;true;10,53;0;7,56
200;0,84;7,11;397;false;true;true;10,68;0;7,35
201;0,84;7,16;396;false;true;true;10,38;0;7,03
202;0,84;7,32;395;false;true;true;10,21;0;6,71
203;0,84;7,23;395;false;true;true;10,17;0;7,19
204;0,84;7,1;394;false;true;true;9,95;0;6,73
205;0,85;7,12;394;false;true;true;10,09;0;7,2
206;0,85;7,07;392;false;true;true;9,57;0;5,98
207;0,85;6,81;392;false;true;true;9,52;0;6,21
208;0,85;6,67;392;false;true;true;9,6;0;6,46
209;0,85;6,61;392;false;true;true;9,78;0;6,76
210;0,86;6,65;392;false;true;true;10,04;0;7,14
211;0,86;6,85;392;false;true;true;10,38;0;7,69
212;0,86;7,22;390;false;true;true;9,96;0;6,62
213;0,86;7,03;389;false;true;true;9,44;0;6,13
214;0,87;7,05;389;false;true;true;9,48;0;6,6
215;0,87;6,94;387;false;true;true;8,99;0;5,37
216;0,87;6,59;387;false;true;true;8,84;0;5,55
217;0,87;6,38;387;false;true;true;8,81;0;5,75
218;0,87;6,25;387;false;true;true;8,89;0;5,99
219;0,88;6,25;386;false;true;true;8,75;0;5,5
220;0,88;6,03;386;false;true;true;8,8;0;5,65
221;0,88;5,86;386;false;true;true;8,88;0;5,8
222;0,88;5,74;386;false;true;true;9,01;0;5,96
223;0,88;5,65;386;false;true;true;9,18;0;6,14
224;0,88;5,6;386;false;true;true;9,35;0;6,35
225;0,89;5,62;386;false;true;true;9,54;0;6,61
226;0,89;5,68;385;false;true;true;9,5;0;6,17
227;0,89;5,59;385;false;true;true;9,52;0;6,35
228;0,89;5,55;385;false;true;true;9,59;0;6,58
229;0,89;5,58;385;false;true;true;9,72;0;6,86
230;0,9;5,75;385;false;true;true;9,93;0;7,26
231;0,9;5,91;384;false;true;true;9,88;0;6,89
232;0,9;6,02;383;false;true;true;9,54;0;6,48
233;0,9;5,93;382;false;true;true;9,03;0;5,87
234;0,9;5,79;382;false;true;true;8,95;0;6,11
235;0,91;5,72;381;false;true;true;8,71;0;5,58
236;0,91;5,48;381;false;true;true;8,66;0;5,69
237;0,91;5,33;381;false;true;true;8,7;0;5,81
238;0,91;5,2;381;false;true;true;8,76;0;5,93
239;0,92;5,1;381;false;true;true;8,9;0;6,06
240;0,92;5,04;381;false;true;true;9,05;0;6,21
241;0,92;5;381;false;true;true;9,19;0;6,37
242;0,92;5,01;381;false;true;true;9,34;0;6,57
243;0,92;5,09;381;false;true;true;9,51;0;6,85
244;0,93;5,15;380;false;true;true;9,32;0;6,23
245;0,93;5,01;380;false;true;true;9,28;0;6,39
246;0,93;4,98;380;false;true;true;9,33;0;6,59
247;0,93;5,03;380;false;true;true;9,46;0;6,85
248;0,93;5,26;380;false;true;true;9,66;0;7,27
249;0,94;5,24;378;false;true;true;9,2;0;5,92
250;0,94;5,02;378;false;true;true;9,03;0;6,02
251;0,94;4,87;378;false;true;true;8,93;0;6,13
252;0,94;4,76;378;false;true;true;8,94;0;6,24
253;0,94;4,68;378;false;true;true;9,03;0;6,35
254;0,94;4,62;378;false;true;true;9,15;0;6,48
255;0,95;4,58;378;false;true;true;9,28;0;6,62
256;0,95;4,57;378;false;true;true;9,41;0;6,78
257;0,95;4,61;378;false;true;true;9,55;0;6,98
258;0,95;4,72;378;false;true;true;9,72;0;7,28
259;0,95;4,73;377;false;true;true;9,47;0;6,68
260;0,96;4,68;377;false;true;true;9,47;0;6,88
261;0,96;4,79;376;false;true;true;8,96;0;6,22
262;0,96;4,59;376;false;true;true;8,85;0;6,34
263;0,96;4,46;376;false;true;true;8,91;0;6,45
264;0,96;4,38;376;false;true;true;9,03;0;6,58
265;0,97;4,33;376;false;true;true;9,18;0;6,72
266;0,97;4,31;376;false;true;true;9,33;0;6,88
267;0,97;4,34;376;false;true;true;9,48;0;7,07
268;0,97;4,44;376;false;true;true;9,65;0;7,34
269;0,98;4,58;375;false;true;true;9,52;0;6,81
270;0,98;4,48;375;false;true;true;9,49;0;6,99
271;0,98;4,45;375;false;true;true;9,54;0;7,18
272;0,98;4,49;375;false;true;true;9,68;0;7,42
273;0,98;4,59;375;false;true;true;9,91;0;7,73
274;0,99;4,84;375;false;true;true;10,19;0;8,19
275;0,99;5,18;373;false;true;true;9,44;0;6,85
276;0,99;5,18;373;false;true;true;9,41;0;7,24
277;0,99;5,05;372;false;true;true;9,07;0;6,63
278;0,99;5,06;372;false;true;true;9,15;0;6,92
279;1;5,29;371;false;true;true;9,05;0;6,51
280;1;5,25;370;false;true;true;8,52;0;5,92
281;1;5,11;370;false;true;true;8,47;0;6,13
282;1;5,14;370;false;true;true;8,56;0;6,44
283;1;5,06;369;false;true;true;8,38;0;5,83
284;1,01;4,94;369;false;true;true;8,42;0;6,02
285;1,01;4,94;368;false;true;true;8;0;5,44
286;1,01;4,78;368;false;true;true;8;0;5,54
287;1,01;4,65;368;false;true;true;8,07;0;5,63
288;1,01;4,55;368;false;true;true;8,18;0;5,73
289;1,02;4,47;368;false;true;true;8,31;0;5,83
290;1,02;4,41;368;false;true;true;8,44;0;5,94
291;1,02;4,37;368;false;true;true;8,56;0;6,07
292;1,02;4,37;368;false;true;true;8,68;0;6,24
293;1,02;4,45;368;false;true;true;8,82;0;6,48
294;1,03;4,44;367;false;true;true;8,48;0;5,77
295;1,03;4,33;367;false;true;true;8,43;0;5,86
296;1,03;4,24;367;false;true;true;8,42;0;5,97
297;1,03;4,2;367;false;true;true;8,5;0;6,09
298;1,03;4,18;367;false;true;true;8,61;0;6,24
299;1,04;4,25;367;false;true;true;8,75;0;6,46
300;1,04;4,54;366;false;true;true;8,56;0;6,08
301;1,04;4,47;366;false;true;true;8,43;0;6,36
302;1,04;3,88;365;false;true;true;8,52;0;5,75
303;1,04;3,79;365;false;true;true;8,52;0;5,82
304;1,05;3,73;365;false;true;true;8,54;0;5,89
305;1,05;3,68;365;false;true;true;8,56;0;5,96
306;1,05;3,64;365;false;true;true;8,59;0;6,04
307;1,05;3,61;365;false;true;true;8,63;0;6,12
308;1,05;3,58;365;false;true;true;8,66;0;6,22
309;1,06;3,59;365;false;true;true;8,72;0;6,33
310;1,06;3,6;365;false;true;true;8,79;0;6,47
311;1,06;3,65;365;false;true;true;8,87;0;6,64
312;1,06;3,78;365;false;true;true;8,99;0;6,89
313;1,06;3,82;364;false;true;true;8,69;0;6,25
314;1,07;3,81;364;false;true;true;8,63;0;6,39
315;1,07;3,84;364;false;true;true;8,65;0;6,58
316;1,07;3,94;364;false;true;true;8,75;0;6,84
317;1,07;4,15;363;false;true;true;8,41;0;6,24
318;1,07;4,16;363;false;true;true;8,46;0;6,5
319;1,08;4,34;363;false;true;true;8,59;0;6,91
320;1,08;4,37;361;false;true;true;7,9;0;5,43
321;1,08;4,16;361;false;true;true;7,78;0;5,57
322;1,08;4,09;361;false;true;true;7,76;0;5,74
323;1,08;4,14;361;false;true;true;7,86;0;5,99
324;1,09;4,17;360;false;true;true;7,5;0;5,31
325;1,09;4,22;359;false;true;true;7,09;0;4,66
326;1,09;3,99;359;false;true;true;6,97;0;4,7
327;1,09;3,83;359;false;true;true;6,94;0;4,75
328;1,09;3,69;359;false;true;true;6,98;0;4,78
329;1,1;3,57;359;false;true;true;7,04;0;4,82
330;1,1;3,48;359;false;true;true;7,1;0;4,85
331;1,1;3,39;359;false;true;true;7,15;0;4,89
332;1,1;3,31;359;false;true;true;7,17;0;4,92
333;1,1;3,24;359;false;true;true;7,2;0;4,95
334;1,11;3,18;359;false;true;true;7,22;0;4,98
335;1,11;3,11;359;false;true;true;7,23;0;5
336;1,11;3,05;359;false;true;true;7,25;0;5,03
337;1,11;3;359;false;true;true;7,26;0;5,06
338;1,11;2,95;359;false;true;true;7,26;0;5,09
339;1,12;2,9;359;false;true;true;7,28;0;5,11
340;1,12;2,85;359;false;true;true;7,28;0;5,14
341;1,12;2,81;359;false;true;true;7,28;0;5,17
342;1,12;2,77;359;false;true;true;7,29;0;5,19
343;1,12;2,73;359;false;true;true;7,29;0;5,22
344;1,13;2,69;359;false;true;true;7,3;0;5,24
345;1,13;2,66;359;false;true;true;7,31;0;5,27
346;1,13;2,62;359;false;true;true;7,31;0;5,3
347;1,13;2,59;359;false;true;true;7,32;0;5,33
348;1,13;2,56;359;false;true;true;7,32;0;5,35
349;1,14;2,53;359;false;true;true;7,33;0;5,38
350;1,14;2,5;359;false;true;true;7,33;0;5,41
351;1,14;2,47;359;false;true;true;7,34;0;5,44
352;1,14;2,45;359;false;true;true;7,36;0;5,47
353;1,14;2,42;359;false;true;true;7,36;0;5,5
354;1,15;2,4;359;false;true;true;7,38;0;5,53
355;1,15;2,38;359;false;true;true;7,39;0;5,56
356;1,15;2,36;359;false;true;true;7,4;0;5,6
357;1,15;2,34;359;false;true;true;7,42;0;5,63
358;1,15;2,33;359;false;true;true;7,44;0;5,67
359;1,16;2,31;359;false;true;true;7,45;0;5,71
360;1,16;2,31;359;false;true;true;7,48;0;5,75
361;1,16;2,3;359;false;true;true;7,5;0;5,8
362;1,16;2,29;359;false;true;true;7,53;0;5,85
363;1,16;2,3;359;false;true;true;7,56;0;5,91
364;1,17;2,31;359;false;true;true;7,61;0;5,97
365;1,17;2,32;359;false;true;true;7,65;0;6,05
366;1,17;2,35;359;false;true;true;7,71;0;6,14
367;1,17;2,41;359;false;true;true;7,78;0;6,27
368;1,17;2,53;359;false;true;true;7,87;0;6,46
369;1,18;2,71;358;false;true;true;7,61;0;5,79
370;1,18;2,61;358;false;true;true;7,47;0;5,88
371;1,18;2,61;358;false;true;true;7,46;0;6,01
372;1,18;2,72;358;false;true;true;7,55;0;6,23
373;1,18;2,65;357;false;true;true;7,08;0;5,42
374;1,19;2,56;357;false;true;true;7,06;0;5,46
375;1,19;2,5;357;false;true;true;7,04;0;5,5
376;1,19;2,45;357;false;true;true;7,07;0;5,55
377;1,19;2,41;357;false;true;true;7,12;0;5,59
378;1,19;2,38;357;false;true;true;7,19;0;5,63
379;1,2;2,36;357;false;true;true;7,24;0;5,68
380;1,2;2,35;357;false;true;true;7,29;0;5,74
381;1,2;2,34;357;false;true;true;7,34;0;5,8
382;1,2;2,35;357;false;true;true;7,4;0;5,88
383;1,2;2,38;357;false;true;true;7,46;0;5,98
384;1,21;2,44;357;false;true;true;7,54;0;6,13
385;1,21;2,61;356;false;true;true;7,15;0;5,44
386;1,21;2,49;356;false;true;true;7,06;0;5,49
387;1,21;2,44;356;false;true;true;7,04;0;5,55
388;1,22;2,42;356;false;true;true;7,07;0;5,61
389;1,22;2,41;356;false;true;true;7,12;0;5,69
390;1,22;2,45;356;false;true;true;7,19;0;5,8
391;1,22;2,56;356;false;true;true;7,27;0;5,98
392;1,22;2,72;355;false;true;true;6,79;0;5,17
393;1,23;2,58;355;false;true;true;6,69;0;5,22
394;1,23;2,48;355;false;true;true;6,66;0;5,26
395;1,23;2,42;355;false;true;true;6,7;0;5,31
396;1,23;2,37;355;false;true;true;6,79;0;5,36
397;1,23;2,43;355;false;true;true;6,86;0;5,35
398;1,24;2,39;355;false;true;true;6,91;0;5,41
399;1,24;2,36;355;false;true;true;6,96;0;5,48
400;1,24;2,35;355;false;true;true;7,02;0;5,56
401;1,24;2,37;355;false;true;true;7,09;0;5,65
402;1,24;2,41;355;false;true;true;7,16;0;5,78
403;1,25;2,53;355;false;true;true;7,26;0;5,99
404;1,25;2,52;354;false;true;true;7,07;0;5,35
405;1,25;2,41;354;false;true;true;6,97;0;5,41
406;1,25;2,35;354;false;true;true;6,91;0;5,47
407;1,25;2,32;354;false;true;true;6,9;0;5,54
408;1,26;2,3;354;false;true;true;6,95;0;5,62
409;1,26;2,32;354;false;true;true;7,04;0;5,73
410;1,26;2,4;354;false;true;true;7,14;0;5,9
411;1,26;2,56;353;false;true;true;6,68;0;5,18
412;1,26;2,45;353;false;true;true;6,61;0;5,23
413;1,27;2,39;353;false;true;true;6,61;0;5,29
414;1,27;2,33;353;false;true;true;6,68;0;5,34
415;1,27;2,3;353;false;true;true;6,77;0;5,4
416;1,27;2,27;353;false;true;true;6,83;0;5,46
417;1,27;2,25;353;false;true;true;6,9;0;5,52
418;1,28;2,24;353;false;true;true;6,96;0;5,59
419;1,28;2,24;353;false;true;true;7,02;0;5,67
420;1,28;2,25;353;false;true;true;7,08;0;5,76
421;1,28;2,28;353;false;true;true;7,16;0;5,87
422;1,28;2,35;353;false;true;true;7,25;0;6,03
423;1,29;2,53;353;false;true;true;7,37;0;6,3
424;1,29;2,43;352;false;true;true;7,05;0;5,55
425;1,29;2,36;352;false;true;true;6,99;0;5,63
426;1,29;2,33;352;false;true;true;6,98;0;5,72
427;1,3;2,32;352;false;true;true;7,01;0;5,82
428;1,3;2,34;352;false;true;true;7,1;0;5,95
429;1,3;2,41;352;false;true;true;7,22;0;6,14
430;1,3;2,6;352;false;true;true;7,38;0;6,44
431;1,3;2,73;351;false;true;true;7,13;0;5,87
432;1,31;2,91;350;false;true;true;6,59;0;4,91
433;1,31;2,74;350;false;true;true;6,44;0;4,99
434;1,31;2,68;350;false;true;true;6,36;0;5,12
435;1,31;2,71;350;false;true;true;6,39;0;5,3
436;1,32;2,93;350;false;true;true;6,5;0;5,67
437;1,32;2,71;349;false;true;true;6,56;0;5,38
438;1,32;2,72;349;false;true;true;6,5;0;5,57
439;1,32;2,91;349;false;true;true;6,54;0;5,93
440;1,32;2,58;348;false;true;true;6,63;0;5,5
441;1,33;2,61;348;false;true;true;6,52;0;5,74
442;1,33;1,95;347;false;true;true;6,54;0;5,13
443;1,33;1,91;347;false;true;true;6,55;0;5,16
444;1,33;1,88;347;false;true;true;6,57;0;5,19
445;1,33;1,85;347;false;true;true;6,58;0;5,22
446;1,34;1,83;347;false;true;true;6,6;0;5,26
447;1,34;1,81;347;false;true;true;6,62;0;5,29
448;1,34;1,79;347;false;true;true;6,63;0;5,33
449;1,34;1,78;347;false;true;true;6,66;0;5,36
450;1,34;1,76;347;false;true;true;6,68;0;5,4
451;1,35;1,75;347;false;true;true;6,7;0;5,44
452;1,35;1,74;347;false;true;true;6,73;0;5,49
453;1,35;1,75;347;false;true;true;6,76;0;5,53
454;1,35;1,75;347;false;true;true;6,8;0;5,59
455;1,37;1,76;347;false;true;true;6,84;0;5,64
456;1,37;1,76;347;false;true;true;6,88;0;5,71
457;1,37;1,79;347;false;true;true;6,94;0;5,79
458;1,37;1,83;347;false;true;true;7;0;5,89
459;1,38;1,89;347;false;true;true;7,07;0;6,02
460;1,38;2,02;347;false;true;true;7,18;0;6,23
461;1,38;2,09;346;false;true;true;6,74;0;5,52
462;1,38;2,07;346;false;true;true;6,73;0;5,62
463;1,38;2,11;346;false;true;true;6,77;0;5,76
464;1,39;2,46;345;false;true;true;6,35;0;5,09
465;1,39;2,31;345;false;true;true;6,32;0;5,17
466;1,39;2,25;345;false;true;true;6,35;0;5,27
467;1,39;2,26;345;false;true;true;6,46;0;5,41
468;1,39;2,54;344;false;true;true;6,34;0;4,83
469;1,39;2,36;344;false;true;true;6,22;0;4,89
470;1,39;2,25;344;false;true;true;6,16;0;4,94
471;1,4;2,17;344;false;true;true;6,17;0;5
472;1,4;2,13;344;false;true;true;6,25;0;5,07
473;1,4;2,11;344;false;true;true;6,33;0;5,15
474;1,4;2,13;344;false;true;true;6,41;0;5,25
475;1,4;2,19;344;false;true;true;6,5;0;5,41
476;1,41;2,3;343;false;true;true;6,06;0;4,66
477;1,41;2,17;343;false;true;true;5,98;0;4,7
478;1,41;2,1;343;false;true;true;5,97;0;4,74
479;1,41;2,05;343;false;true;true;6;0;4,78
480;1,41;2,01;343;false;true;true;6,05;0;4,82
481;1,42;1,97;343;false;true;true;6,1;0;4,86
482;1,42;1,94;343;false;true;true;6,14;0;4,9
483;1,42;1,92;343;false;true;true;6,18;0;4,95
484;1,42;1,9;343;false;true;true;6,22;0;5
485;1,42;1,9;343;false;true;true;6,27;0;5,07
486;1,43;1,9;343;false;true;true;6,31;0;5,14
487;1,43;1,93;343;false;true;true;6,37;0;5,24
488;1,43;1,98;343;false;true;true;6,44;0;5,37
489;1,43;2,11;343;false;true;true;6,54;0;5,58
490;1,43;2,22;342;false;true;true;6,27;0;4,95
491;1,44;2,19;342;false;true;true;6,19;0;5,1
492;1,44;2,22;341;false;true;true;5,66;0;4,33
493;1,44;2,06;341;false;true;true;5,5;0;4,35
494;1,44;1,95;341;false;true;true;5,45;0;4,37
495;1,45;1,86;341;false;true;true;5,49;0;4,4
496;1,45;1,79;341;false;true;true;5,54;0;4,41
497;1,45;1,73;341;false;true;true;5,58;0;4,43
498;1,45;1,68;341;false;true;true;5,6;0;4,45
499;1,45;1,64;341;false;true;true;5,63;0;4,47
500;1,46;1,6;341;false;true;true;5,64;0;4,48
501;1,46;1,57;341;false;true;true;5,66;0;4,5
502;1,46;1,54;341;false;true;true;5,67;0;4,51
503;1,46;1,53;341;false;true;true;5,68;0;4,53
504;1,46;1,5;341;false;true;true;5,69;0;4,54
505;1,47;1,48;341;false;true;true;5,7;0;4,56
506;1,47;1,47;341;false;true;true;5,71;0;4,57
507;1,47;1,45;341;false;true;true;5,72;0;4,59
508;1,47;1,43;341;false;true;true;5,72;0;4,6
509;1,47;1,42;341;false;true;true;5,73;0;4,62
510;1,47;1,4;341;false;true;true;5,73;0;4,63
511;1,48;1,39;341;false;true;true;5,74;0;4,65
512;1,48;1,38;341;false;true;true;5,75;0;4,67
513;1,48;1,38;341;false;true;true;5,77;0;4,69
514;1,48;1,37;341;false;true;true;5,77;0;4,71
515;1,48;1,36;341;false;true;true;5,79;0;4,73
516;1,49;1,36;341;false;true;true;5,79;0;4,75
517;1,49;1,36;341;false;true;true;5,81;0;4,78
518;1,49;1,35;341;false;true;true;5,82;0;4,81
519;1,49;1,36;341;false;true;true;5,84;0;4,84
520;1,49;1,36;341;false;true;true;5,86;0;4,88
521;1,5;1,39;341;false;true;true;5,9;0;4,94
522;1,5;1,42;341;false;true;true;5,93;0;5,01
523;1,5;1,5;341;false;true;true;5,99;0;5,12
524;1,5;1,68;340;false;true;true;5,7;0;4,47
525;1,5;1,58;340;false;true;true;5,55;0;4,49
526;1,5;1,51;340;false;true;true;5,47;0;4,51
527;1,51;1,46;340;false;true;true;5,43;0;4,52
528;1,51;1,42;340;false;true;true;5,46;0;4,53
529;1,51;1,38;340;false;true;true;5,49;0;4,55
530;1,51;1,36;340;false;true;true;5,52;0;4,56
531;1,51;1,33;340;false;true;true;5,54;0;4,57
532;1,52;1,3;340;false;true;true;5,55;0;4,58
533;1,52;1,28;340;false;true;true;5,56;0;4,59
534;1,52;1,26;340;false;true;true;5,57;0;4,6
535;1,52;1,25;340;false;true;true;5,58;0;4,61
536;1,52;1,24;340;false;true;true;5,59;0;4,62
537;1,53;1,22;340;false;true;true;5,59;0;4,63
538;1,53;1,2;340;false;true;true;5,59;0;4,64
539;1,53;1,19;340;false;true;true;5,6;0;4,65
540;1,53;1,18;340;false;true;true;5,61;0;4,65
541;1,53;1,16;340;false;true;true;5,6;0;4,66
542;1,54;1,15;340;false;true;true;5,61;0;4,67
543;1,54;1,14;340;false;true;true;5,61;0;4,68
544;1,54;1,13;340;false;true;true;5,61;0;4,69
545;1,54;1,11;340;false;true;true;5,61;0;4,7
546;1,54;1,1;340;false;true;true;5,61;0;4,71
547;1,55;1,09;340;false;true;true;5,62;0;4,72
548;1,55;1,08;340;false;true;true;5,61;0;4,73
549;1,55;1,08;340;false;true;true;5,62;0;4,74
550;1,55;1,06;340;false;true;true;5,62;0;4,74
551;1,55;1,06;340;false;true;true;5,63;0;4,75
552;1,56;1,05;340;false;true;true;5,63;0;4,76
553;1,56;1,04;340;false;true;true;5,63;0;4,77
554;1,56;1,03;340;false;true;true;5,64;0;4,78
555;1,56;1,02;340;false;true;true;5,64;0;4,79
556;1,57;1,01;340;false;true;true;5,64;0;4,8
557;1,57;1,01;340;false;true;true;5,65;0;4,81
558;1,57;1;340;false;true;true;5,65;0;4,82
559;1,57;0,99;340;false;true;true;5,65;0;4,83
560;1,57;0,98;340;false;true;true;5,65;0;4,84
561;1,58;0,98;340;false;true;true;5,66;0;4,86
562;1,58;0,97;340;false;true;true;5,66;0;4,87
563;1,58;0,97;340;false;true;true;5,68;0;4,88
564;1,58;0,97;340;false;true;true;5,68;0;4,89
565;1,58;0,96;340;false;true;true;5,69;0;4,9
566;1,59;0,95;340;false;true;true;5,69;0;4,92
567;1,59;0,96;340;false;true;true;5,7;0;4,93
568;1,59;0,95;340;false;true;true;5,71;0;4,95
569;1,59;0,95;340;false;true;true;5,71;0;4,96
570;1,6;0,94;340;false;true;true;5,72;0;4,98
571;1,6;0,95;340;false;true;true;5,74;0;5
572;1,6;0,95;340;false;true;true;5,75;0;5,02
573;1,6;0,96;340;false;true;true;5,77;0;5,04
574;1,6;0,96;340;false;true;true;5,78;0;5,06
575;1,61;0,96;340;false;true;true;5,8;0;5,09
576;1,61;0,97;340;false;true;true;5,82;0;5,12
577;1,61;0,99;340;false;true;true;5,84;0;5,16
578;1,61;1,01;340;false;true;true;5,87;0;5,21
579;1,61;1,04;340;false;true;true;5,91;0;5,27
580;1,62;1,1;340;false;true;true;5,95;0;5,36
581;1,62;1,22;340;false;true;true;6,03;0;5,51
582;1,62;1,44;339;false;true;true;5,55;0;4,72
583;1,62;1,31;339;false;true;true;5,47;0;4,75
584;1,62;1,23;339;false;true;true;5,41;0;4,78
585;1,63;1,19;339;false;true;true;5,47;0;4,81
586;1,63;1,16;339;false;true;true;5,51;0;4,83
587;1,63;1,15;339;false;true;true;5,55;0;4,86
588;1,63;1,13;339;false;true;true;5,59;0;4,89
589;1,63;1,13;339;false;true;true;5,63;0;4,92
590;1,64;1,12;339;false;true;true;5,67;0;4,95
591;1,64;1,12;339;false;true;true;5,7;0;4,99
592;1,64;1,12;339;false;true;true;5,73;0;5,02
593;1,64;1,13;339;false;true;true;5,77;0;5,07
594;1,64;1,14;339;false;true;true;5,81;0;5,12
595;1,65;1,16;339;false;true;true;5,85;0;5,17
596;1,65;1,19;339;false;true;true;5,91;0;5,25
597;1,65;1,25;339;false;true;true;5,98;0;5,35
598;1,65;1,35;339;false;true;true;6,06;0;5,5
599;1,65;1,5;338;false;true;true;5,83;0;4,96
600;1,65;1,41;338;false;true;true;5,72;0;5,01
601;1,65;1,37;338;false;true;true;5,67;0;5,08
602;1,65;1,38;338;false;true;true;5,68;0;5,16
603;1,66;1,42;338;false;true;true;5,78;0;5,28
604;1,66;1,54;337;false;true;true;5,35;0;4,56
605;1,66;1,45;337;false;true;true;5,31;0;4,58
606;1,66;1,39;337;false;true;true;5,3;0;4,61
607;1,66;1,34;337;false;true;true;5,31;0;4,63
608;1,67;1,31;337;false;true;true;5,37;0;4,66
609;1,67;1,28;337;false;true;true;5,42;0;4,68
610;1,67;1,26;337;false;true;true;5,46;0;4,7
611;1,67;1,23;337;false;true;true;5,49;0;4,73
612;1,67;1,21;337;false;true;true;5,51;0;4,75
613;1,68;1,2;337;false;true;true;5,54;0;4,78
614;1,68;1,18;337;false;true;true;5,57;0;4,81
615;1,68;1,18;337;false;true;true;5,6;0;4,84
616;1,68;1,17;337;false;true;true;5,62;0;4,87
617;1,69;1,17;337;false;true;true;5,65;0;4,91
618;1,69;1,17;337;false;true;true;5,68;0;4,95
619;1,69;1,18;337;false;true;true;5,71;0;5
620;1,69;1,2;337;false;true;true;5,76;0;5,07
621;1,69;1,25;337;false;true;true;5,81;0;5,16
622;1,7;1,34;337;false;true;true;5,88;0;5,31
623;1,7;1,48;336;false;true;true;5,58;0;4,66
624;1,7;1,38;336;false;true;true;5,47;0;4,69
625;1,7;1,32;336;false;true;true;5,39;0;4,72
626;1,7;1,28;336;false;true;true;5,39;0;4,75
627;1,7;1,25;336;false;true;true;5,45;0;4,78
628;1,7;1,23;336;false;true;true;5,5;0;4,82
629;1,7;1,21;336;false;true;true;5,55;0;4,85
630;1,71;1,2;336;false;true;true;5,59;0;4,88
631;1,71;1,19;336;false;true;true;5,62;0;4,92
632;1,71;1,18;336;false;true;true;5,66;0;4,96
633;1,71;1,18;336;false;true;true;5,7;0;5
634;1,71;1,19;336;false;true;true;5,74;0;5,05
635;1,72;1,2;336;false;true;true;5,79;0;5,11
636;1,72;1,22;336;false;true;true;5,84;0;5,19
637;1,72;1,26;336;false;true;true;5,9;0;5,29
638;1,72;1,36;336;false;true;true;5,98;0;5,43
639;1,72;1,46;335;false;true;true;5,73;0;4,84
640;1,73;1,37;335;false;true;true;5,64;0;4,88
641;1,73;1,33;335;false;true;true;5,59;0;4,92
642;1,73;1,3;335;false;true;true;5,57;0;4,97
643;1,73;1,28;335;false;true;true;5,63;0;5,02
644;1,73;1,27;335;false;true;true;5,7;0;5,08
645;1,74;1,27;335;false;true;true;5,76;0;5,14
646;1,74;1,3;335;false;true;true;5,83;0;5,23
647;1,74;1,35;335;false;true;true;5,91;0;5,35
648;1,74;1,58;334;false;true;true;5,5;0;4,67
649;1,74;1,47;334;false;true;true;5,41;0;4,73
650;1,74;1,43;334;false;true;true;5,42;0;4,79
651;1,75;1,41;334;false;true;true;5,47;0;4,86
652;1,75;1,44;334;false;true;true;5,56;0;4,96
653;1,75;1,52;334;false;true;true;5,66;0;5,12
654;1,75;1,6;333;false;true;true;5,16;0;4,38
655;1,75;1,53;333;false;true;true;5,11;0;4,42
656;1,75;1,48;333;false;true;true;5,12;0;4,47
657;1,76;1,46;333;false;true;true;5,19;0;4,51
658;1,76;1,43;333;false;true;true;5,26;0;4,55
659;1,76;1,41;333;false;true;true;5,33;0;4,6
660;1,76;1,41;333;false;true;true;5,39;0;4,66
661;1,76;1,42;333;false;true;true;5,45;0;4,73
662;1,77;1,45;333;false;true;true;5,52;0;4,83
663;1,77;1,54;333;false;true;true;5,61;0;4,98
664;1,77;1,61;332;false;true;true;5,25;0;4,29
665;1,77;1,51;332;false;true;true;5,16;0;4,32
666;1,77;1,44;332;false;true;true;5,11;0;4,34
667;1,78;1,4;332;false;true;true;5,11;0;4,37
668;1,78;1,36;332;false;true;true;5,16;0;4,39
669;1,78;1,32;332;false;true;true;5,21;0;4,41
670;1,78;1,3;332;false;true;true;5,24;0;4,44
671;1,78;1,27;332;false;true;true;5,27;0;4,46
672;1,78;1,25;332;false;true;true;5,3;0;4,49
673;1,78;1,23;332;false;true;true;5,32;0;4,51
674;1,79;1,22;332;false;true;true;5,34;0;4,54
675;1,79;1,21;332;false;true;true;5,37;0;4,57
676;1,79;1,2;332;false;true;true;5,39;0;4,6
677;1,79;1,2;332;false;true;true;5,41;0;4,63
678;1,79;1,2;332;false;true;true;5,44;0;4,68
679;1,8;1,22;332;false;true;true;5,47;0;4,74
680;1,8;1,25;332;false;true;true;5,52;0;4,81
681;1,8;1,32;332;false;true;true;5,58;0;4,93
682;1,8;1,44;331;false;true;true;5,24;0;4,27
683;1,8;1,33;331;false;true;true;5,13;0;4,29
684;1,81;1,26;331;false;true;true;5,06;0;4,31
685;1,81;1,21;331;false;true;true;5,02;0;4,32
686;1,81;1,18;331;false;true;true;5,05;0;4,33
687;1,81;1,14;331;false;true;true;5,08;0;4,34
688;1,82;1,12;331;false;true;true;5,1;0;4,36
689;1,82;1,1;331;false;true;true;5,12;0;4,37
690;1,82;1,08;331;false;true;true;5,14;0;4,38
691;1,82;1,05;331;false;true;true;5,14;0;4,39
692;1,82;1,03;331;false;true;true;5,15;0;4,39
693;1,83;1,01;331;false;true;true;5,15;0;4,4
694;1,83;1;331;false;true;true;5,16;0;4,41
695;1,83;0,98;331;false;true;true;5,16;0;4,42
696;1,83;0,96;331;false;true;true;5,16;0;4,43
697;1,83;0,95;331;false;true;true;5,16;0;4,44
698;1,84;0,93;331;false;true;true;5,16;0;4,45
699;1,84;0,91;331;false;true;true;5,16;0;4,45
700;1,84;0,9;331;false;true;true;5,16;0;4,46
701;1,84;0,88;331;false;true;true;5,16;0;4,47
702;1,85;0,87;331;false;true;true;5,16;0;4,48
703;1,85;0,86;331;false;true;true;5,16;0;4,48
704;1,85;0,85;331;false;true;true;5,16;0;4,49
705;1,85;0,84;331;false;true;true;5,16;0;4,5
706;1,86;0,83;331;false;true;true;5,16;0;4,51
707;1,86;0,82;331;false;true;true;5,16;0;4,52
708;1,86;0,81;331;false;true;true;5,17;0;4,52
709;1,86;0,8;331;false;true;true;5,17;0;4,53
710;1,87;0,79;331;false;true;true;5,16;0;4,54
711;1,87;0,78;331;false;true;true;5,16;0;4,55
712;1,87;0,76;331;false;true;true;5,16;0;4,55
713;1,87;0,75;331;false;true;true;5,16;0;4,56
714;1,87;0,74;331;false;true;true;5,16;0;4,57
715;1,88;0,73;331;false;true;true;5,16;0;4,58
716;1,88;0,73;331;false;true;true;5,16;0;4,59
717;1,88;0,72;331;false;true;true;5,17;0;4,6
718;1,88;0,72;331;false;true;true;5,17;0;4,61
719;1,88;0,71;331;false;true;true;5,17;0;4,62
720;1,89;0,7;331;false;true;true;5,18;0;4,63
721;1,89;0,69;331;false;true;true;5,18;0;4,64
722;1,89;0,68;331;false;true;true;5,18;0;4,65
723;1,89;0,68;331;false;true;true;5,18;0;4,66
724;1,9;0,68;331;false;true;true;5,19;0;4,67
725;1,9;0,68;331;false;true;true;5,2;0;4,68
726;1,9;0,67;331;false;true;true;5,2;0;4,7
727;1,9;0,67;331;false;true;true;5,21;0;4,71
728;1,91;0,67;331;false;true;true;5,22;0;4,73
729;1,91;0,67;331;false;true;true;5,23;0;4,74
730;1,91;0,67;331;false;true;true;5,24;0;4,76
731;1,92;0,67;331;false;true;true;5,25;0;4,79
732;1,92;0,68;331;false;true;true;5,27;0;4,81
733;1,92;0,69;331;false;true;true;5,29;0;4,85
734;1,93;0,72;331;false;true;true;5,32;0;4,89
735;1,93;0,75;331;false;true;true;5,35;0;4,94
736;1,93;0,8;331;false;true;true;5,4;0;5,03
737;1,93;0,91;331;false;true;true;5,46;0;5,17
738;1,93;0,98;330;false;true;true;5,03;0;4,41
739;1,94;0,89;330;false;true;true;4,93;0;4,42
740;1,94;0,83;330;false;true;true;4,87;0;4,43
741;1,94;0,8;330;false;true;true;4,84;0;4,44
742;1,94;0,77;330;false;true;true;4,88;0;4,45
743;1,94;0,75;330;false;true;true;4,91;0;4,46
744;1,95;0,72;330;false;true;true;4,92;0;4,47
745;1,95;0,71;330;false;true;true;4,94;0;4,47
746;1,95;0,69;330;false;true;true;4,95;0;4,48
747;1,95;0,68;330;false;true;true;4,96;0;4,48
748;1,95;0,66;330;false;true;true;4,96;0;4,49
749;1,96;0,65;330;false;true;true;4,97;0;4,5
750;1,96;0,63;330;false;true;true;4,97;0;4,5
751;1,96;0,62;330;false;true;true;4,97;0;4,51
752;1,96;0,61;330;false;true;true;4,96;0;4,51
753;1,96;0,59;330;false;true;true;4,96;0;4,52
754;1,97;0,58;330;false;true;true;4,96;0;4,52
755;1,97;0,57;330;false;true;true;4,97;0;4,52
756;1,97;0,56;330;false;true;true;4,96;0;4,53
757;1,97;0,55;330;false;true;true;4,96;0;4,53
758;1,97;0,54;330;false;true;true;4,96;0;4,54
759;1,98;0,54;330;false;true;true;4,97;0;4,54
760;1,98;0,53;330;false;true;true;4,96;0;4,55
761;1,98;0,52;330;false;true;true;4,96;0;4,55
762;1,98;0,51;330;false;true;true;4,96;0;4,55
763;1,98;0,5;330;false;true;true;4,96;0;4,56
764;1,99;0,49;330;false;true;true;4,96;0;4,56
765;1,99;0,49;330;false;true;true;4,96;0;4,57
766;1,99;0,48;330;false;true;true;4,96;0;4,57
767;1,99;0,47;330;false;true;true;4,95;0;4,57
768;1,99;0,46;330;false;true;true;4,95;0;4,58
769;1,99;0,46;330;false;true;true;4,95;0;4,58
770;2;0,45;330;false;true;true;4,95;0;4,58
771;2;0,45;330;false;true;true;4,95;0;4,59
772;2;0,44;330;false;true;true;4,95;0;4,59
773;2;0,44;330;false;true;true;4,95;0;4,6
774;2;0,43;330;false;true;true;4,95;0;4,6
775;2;0,43;330;false;true;true;4,95;0;4,6
776;2,01;0,42;330;false;true;true;4,95;0;4,61
777;2,01;0,41;330;false;true;true;4,95;0;4,61
778;2,01;0,41;330;false;true;true;4,95;0;4,61
779;2,01;0,4;330;false;true;true;4,95;0;4,62
780;2,01;0,4;330;false;true;true;4,95;0;4,62
781;2,02;0,39;330;false;true;true;4,94;0;4,62
782;2,02;0,38;330;false;true;true;4,94;0;4,63
783;2,02;0,38;330;false;true;true;4,94;0;4,63
784;2,02;0,37;330;false;true;true;4,94;0;4,63
785;2,02;0,37;330;false;true;true;4,94;0;4,64
786;2,03;0,37;330;false;true;true;4,94;0;4,64
787;2,03;0,36;330;false;true;true;4,94;0;4,64
788;2,03;0,36;330;false;true;true;4,95;0;4,65
789;2,03;0,36;330;false;true;true;4,95;0;4,65
790;2,03;0,36;330;false;true;true;4,95;0;4,65
791;2,03;0,35;330;false;true;true;4,95;0;4,65
792;2,04;0,35;330;false;true;true;4,95;0;4,66
793;2,04;0,35;330;false;true;true;4,95;0;4,66
794;2,04;0,34;330;false;true;true;4,95;0;4,66
795;2,04;0,34;330;false;true;true;4,95;0;4,67
796;2,05;0,33;330;false;true;true;4,95;0;4,67
797;2,05;0,33;330;false;true;true;4,95;0;4,67
798;2,05;0,32;330;false;true;true;4,94;0;4,68
799;2,05;0,32;330;false;true;true;4,95;0;4,68
800;2,05;0,32;330;false;true;true;4,94;0;4,68
801;2,05;0,32;330;false;true;true;4,95;0;4,69
802;2,06;0,31;330;false;true;true;4,95;0;4,69
803;2,06;0,31;330;false;true;true;4,94;0;4,69
804;2,06;0,31;330;false;true;true;4,95;0;4,69
805;2,06;0,31;330;false;true;true;4,95;0;4,7
806;2,06;0,3;330;false;true;true;4,95;0;4,7
807;2,07;0,3;330;false;true;true;4,95;0;4,7
808;2,07;0,3;330;false;true;true;4,95;0;4,71
809;2,07;0,29;330;false;true;true;4,95;0;4,71
810;2,07;0,29;330;false;true;true;4,95;0;4,71
811;2,07;0,29;330;false;true;true;4,95;0;4,72
812;2,08;0,29;330;false;true;true;4,96;0;4,72
813;2,08;0,28;330;false;true;true;4,96;0;4,72
814;2,08;0,28;330;false;true;true;4,96;0;4,73
815;2,08;0,28;330;false;true;true;4,96;0;4,73
816;2,08;0,28;330;false;true;true;4,96;0;4,73
817;2,08;0,27;330;false;true;true;4,96;0;4,73
818;2,09;0,27;330;false;true;true;4,96;0;4,74
819;2,09;0,27;330;false;true;true;4,96;0;4,74
820;2,09;0,27;330;false;true;true;4,96;0;4,74
821;2,09;0,26;330;false;true;true;4,96;0;4,75
822;2,09;0,26;330;false;true;true;4,97;0;4,75
823;2,1;0,26;330;false;true;true;4,96;0;4,75
824;2,1;0,26;330;false;true;true;4,97;0;4,76
825;2,1;0,26;330;false;true;true;4,97;0;4,76
826;2,1;0,26;330;false;true;true;4,97;0;4,76
827;2,1;0,26;330;false;true;true;4,98;0;4,77
828;2,1;0,25;330;false;true;true;4,97;0;4,77
829;2,11;0,25;330;false;true;true;4,98;0;4,77
830;2,11;0,25;330;false;true;true;4,98;0;4,78
831;2,11;0,24;330;false;true;true;4,98;0;4,78
832;2,11;0,24;330;false;true;true;4,98;0;4,78
833;2,11;0,24;330;false;true;true;4,98;0;4,79
834;2,11;0,24;330;false;true;true;4,99;0;4,79
835;2,11;0,24;330;false;true;true;4,99;0;4,8
836;2,12;0,24;330;false;true;true;4,99;0;4,8
837;2,12;0,24;330;false;true;true;4,99;0;4,8
838;2,12;0,23;330;false;true;true;4,99;0;4,81
839;2,12;0,23;330;false;true;true;4,99;0;4,81
840;2,12;0,23;330;false;true;true;5;0;4,81
841;2,13;0,23;330;false;true;true;5;0;4,82
842;2,13;0,23;330;false;true;true;5;0;4,82
843;2,13;0,23;330;false;true;true;5,01;0;4,83
844;2,13;0,23;330;false;true;true;5,01;0;4,83
845;2,14;0,23;330;false;true;true;5,01;0;4,84
846;2,14;0,22;330;false;true;true;5,01;0;4,84
847;2,15;0,23;330;false;true;true;5,02;0;4,84
848;2,15;0,23;330;false;true;true;5,02;0;4,85
849;2,15;0,22;330;false;true;true;5,02;0;4,85
850;2,16;0,22;330;false;true;true;5,03;0;4,86
851;2,16;0,22;330;false;true;true;5,03;0;4,86
852;2,16;0,22;330;false;true;true;5,03;0;4,87
853;2,16;0,22;330;false;true;true;5,04;0;4,88
854;2,17;0,22;330;false;true;true;5,04;0;4,88
855;2,17;0,22;330;false;true;true;5,05;0;4,89
856;2,17;0,22;330;false;true;true;5,05;0;4,89
857;2,17;0,22;330;false;true;true;5,06;0;4,9
858;2,17;0,23;330;false;true;true;5,06;0;4,91
859;2,18;0,23;330;false;true;true;5,07;0;4,92
860;2,18;0,23;330;false;true;true;5,07;0;4,92
861;2,18;0,23;330;false;true;true;5,08;0;4,93
862;2,18;0,23;330;false;true;true;5,09;0;4,94
863;2,19;0,23;330;false;true;true;5,1;0;4,95
864;2,19;0,23;330;false;true;true;5,1;0;4,96
865;2,19;0,24;330;false;true;true;5,11;0;4,97
866;2,19;0,24;330;false;true;true;5,13;0;4,99
867;2,19;0,24;330;false;true;true;5,13;0;5
868;2,2;0,25;330;false;true;true;5,15;0;5,02
869;2,2;0,26;330;false;true;true;5,16;0;5,04
870;2,2;0,27;330;false;true;true;5,18;0;5,06
871;2,2;0,29;330;false;true;true;5,21;0;5,09
872;2,2;0,31;330;false;true;true;5,23;0;5,13
873;2,21;0,35;330;false;true;true;5,26;0;5,17
874;2,21;0,4;330;false;true;true;5,3;0;5,24
875;2,21;0,48;330;false;true;true;5,36;0;5,36
876;2,21;0,62;329;false;true;true;4,9;0;4,6
877;2,21;0,54;329;false;true;true;4,81;0;4,61
878;2,22;0,49;329;false;true;true;4,76;0;4,62
879;2,22;0,45;329;false;true;true;4,74;0;4,63
880;2,22;0,43;329;false;true;true;4,78;0;4,64
881;2,22;0,41;329;false;true;true;4,81;0;4,65
882;2,23;0,39;329;false;true;true;4,83;0;4,66
883;2,23;0,38;329;false;true;true;4,85;0;4,66
884;2,23;0,36;329;false;true;true;4,85;0;4,67
885;2,23;0,35;329;false;true;true;4,86;0;4,68
886;2,23;0,34;329;false;true;true;4,87;0;4,68
887;2,24;0,33;329;false;true;true;4,88;0;4,69
888;2,24;0,32;329;false;true;true;4,88;0;4,7
889;2,24;0,32;329;false;true;true;4,89;0;4,71
890;2,24;0,31;329;false;true;true;4,89;0;4,71
891;2,24;0,31;329;false;true;true;4,9;0;4,72
892;2,25;0,3;329;false;true;true;4,9;0;4,73
893;2,25;0,3;329;false;true;true;4,92;0;4,74
894;2,25;0,29;329;false;true;true;4,91;0;4,75
895;2,25;0,29;329;false;true;true;4,92;0;4,77
896;2,26;0,29;329;false;true;true;4,93;0;4,78
897;2,26;0,29;329;false;true;true;4,95;0;4,8
898;2,26;0,3;329;false;true;true;4,96;0;4,81
899;2,26;0,3;329;false;true;true;4,98;0;4,84
900;2,26;0,31;329;false;true;true;4,99;0;4,87
901;2,26;0,33;329;false;true;true;5,02;0;4,91
902;2,27;0,37;329;false;true;true;5,05;0;4,96
903;2,27;0,43;329;false;true;true;5,09;0;5,05
904;2,27;0,63;328;false;true;true;4,6;0;4,3
905;2,27;0,56;328;false;true;true;4,52;0;4,31
906;2,27;0,49;328;false;true;true;4,45;0;4,32
907;2,28;0,46;328;false;true;true;4,46;0;4,32
908;2,28;0,43;328;false;true;true;4,5;0;4,33
909;2,31;0,4;328;false;true;true;4,52;0;4,33
910;2,31;0,38;328;false;true;true;4,54;0;4,34
911;2,31;0,36;328;false;true;true;4,55;0;4,34
912;2,32;0,35;328;false;true;true;4,56;0;4,34
913;2,32;0,34;328;false;true;true;4,57;0;4,34
914;2,32;0,33;328;false;true;true;4,57;0;4,35
915;2,32;0,32;328;false;true;true;4,57;0;4,35
916;2,32;0,3;328;false;true;true;4,57;0;4,35
917;2,33;0,3;328;false;true;true;4,57;0;4,35
918;2,33;0,29;328;false;true;true;4,56;0;4,35
919;2,33;0,28;328;false;true;true;4,56;0;4,35
920;2,33;0,27;328;false;true;true;4,56;0;4,36
921;2,33;0,27;328;false;true;true;4,56;0;4,36
922;2,34;0,26;328;false;true;true;4,56;0;4,36
923;2,34;0,26;328;false;true;true;4,56;0;4,36
924;2,34;0,25;328;false;true;true;4,56;0;4,36
925;2,34;0,25;328;false;true;true;4,56;0;4,36
926;2,34;0,24;328;false;true;true;4,55;0;4,36
927;2,35;0,23;328;false;true;true;4,55;0;4,36
928;2,35;0,23;328;false;true;true;4,55;0;4,36
929;2,35;0,23;328;false;true;true;4,55;0;4,36
930;2,35;0,22;328;false;true;true;4,55;0;4,37
931;2,35;0,22;328;false;true;true;4,54;0;4,37
932;2,36;0,21;328;false;true;true;4,54;0;4,37
933;2,36;0,21;328;false;true;true;4,54;0;4,37
934;2,36;0,21;328;false;true;true;4,54;0;4,37
935;2,36;0,2;328;false;true;true;4,54;0;4,37
936;2,36;0,2;328;false;true;true;4,54;0;4,37
937;2,37;0,2;328;false;true;true;4,54;0;4,37
938;2,37;0,2;328;false;true;true;4,54;0;4,37
939;2,37;0,2;328;false;true;true;4,54;0;4,37
940;2,37;0,19;328;false;true;true;4,53;0;4,37
941;2,37;0,19;328;false;true;true;4,53;0;4,37
942;2,38;0,18;328;false;true;true;4,53;0;4,37
943;2,38;0,18;328;false;true;true;4,53;0;4,37
944;2,38;0,18;328;false;true;true;4,53;0;4,37
945;2,38;0,18;328;false;true;true;4,53;0;4,37
946;2,38;0,18;328;false;true;true;4,53;0;4,37
947;2,39;0,17;328;false;true;true;4,52;0;4,38
948;2,39;0,17;328;false;true;true;4,52;0;4,38
949;2,39;0,16;328;false;true;true;4,52;0;4,38
950;2,39;0,16;328;false;true;true;4,52;0;4,38
951;2,39;0,16;328;false;true;true;4,52;0;4,38
952;2,4;0,16;328;false;true;true;4,52;0;4,38
953;2,4;0,16;328;false;true;true;4,51;0;4,38
954;2,4;0,15;328;false;true;true;4,51;0;4,38
955;2,4;0,15;328;false;true;true;4,51;0;4,38
956;2,4;0,15;328;false;true;true;4,51;0;4,38
957;2,4;0,15;328;false;true;true;4,51;0;4,38
958;2,41;0,15;328;false;true;true;4,51;0;4,38
959;2,41;0,14;328;false;true;true;4,5;0;4,38
960;2,41;0,14;328;false;true;true;4,5;0;4,38
961;2,41;0,14;328;false;true;true;4,5;0;4,38
962;2,41;0,14;328;false;true;true;4,5;0;4,38
963;2,42;0,14;328;false;true;true;4,5;0;4,38
964;2,42;0,14;328;false;true;true;4,5;0;4,38
965;2,42;0,13;328;false;true;true;4,49;0;4,38
966;2,42;0,13;328;false;true;true;4,49;0;4,38
967;2,42;0,12;328;false;true;true;4,49;0;4,38
968;2,43;0,12;328;false;true;true;4,49;0;4,38
969;2,43;0,12;328;false;true;true;4,49;0;4,38
970;2,43;0,12;328;false;true;true;4,49;0;4,38
971;2,43;0,12;328;false;true;true;4,49;0;4,38
972;2,43;0,12;328;false;true;true;4,49;0;4,38
973;2,44;0,11;328;false;true;true;4,48;0;4,38
974;2,44;0,12;328;false;true;true;4,49;0;4,38
975;2,44;0,11;328;false;true;true;4,48;0;4,38
976;2,44;0,11;328;false;true;true;4,48;0;4,38
977;2,44;0,11;328;false;true;true;4,48;0;4,39
978;2,45;0,11;328;false;true;true;4,48;0;4,39
979;2,45;0,1;328;false;true;true;4,48;0;4,39
980;2,45;0,11;328;false;true;true;4,48;0;4,39
981;2,45;0,1;328;false;true;true;4,48;0;4,39
982;2,45;0,1;328;false;true;true;4,48;0;4,39
983;2,45;0,1;328;false;true;true;4,48;0;4,39
984;2,46;0,1;328;false;true;true;4,47;0;4,39
985;2,46;0,1;328;false;true;true;4,48;0;4,39
986;2,46;0,1;328;false;true;true;4,48;0;4,39
987;2,46;0,1;328;false;true;true;4,47;0;4,39
988;2,46;0,09;328;false;true;true;4,47;0;4,39
989;2,47;0,09;328;false;true;true;4,47;0;4,39
990;2,47;0,09;328;false;true;true;4,47;0;4,39
991;2,47;0,09;328;false;true;true;4,46;0;4,39
992;2,47;0,09;328;false;true;true;4,46;0;4,39
993;2,47;0,09;328;false;true;true;4,46;0;4,39
994;2,48;0,08;328;false;true;true;4,46;0;4,39
995;2,48;0,09;328;false;true;true;4,47;0;4,39
996;2,48;0,09;328;false;true;true;4,46;0;4,39
997;2,48;0,09;328;false;true;true;4,47;0;4,39
998;2,48;0,09;328;false;true;true;4,47;0;4,39
999;2,48;0,08;328;false;true;true;4,46;0;4,39
1000;2,49;0,08;328;false;true;true;4,46;0;4,39
1001;2,49;0,08;328;false;true;true;4,46;0;4,39
1002;2,49;0,08;328;false;true;true;4,46;0;4,39
1003;2,49;0,08;328;false;true;true;4,46;0;4,39
1004;2,49;0,08;328;false;true;true;4,46;0;4,39
1005;2,49;0,07;328;false;true;true;4,45;0;4,39
1006;2,5;0,07;328;false;true;true;4,45;0;4,39
1007;2,5;0,07;328;false;true;true;4,45;0;4,39
1008;2,5;0,07;328;false;true;true;4,45;0;4,39
1009;2,5;0,07;328;false;true;true;4,45;0;4,39
1010;2,51;0,07;328;false;true;true;4,45;0;4,39
1011;2,51;0,06;328;false;true;true;4,44;0;4,39
1012;2,51;0,07;328;false;true;true;4,45;0;4,39
1013;2,51;0,06;328;false;true;true;4,45;0;4,39
1014;2,51;0,06;328;false;true;true;4,45;0;4,39
1015;2,51;0,06;328;false;true;true;4,45;0;4,39
1016;2,52;0,06;328;false;true;true;4,45;0;4,39
1017;2,52;0,06;328;false;true;true;4,45;0;4,39
1018;2,52;0,06;328;false;true;true;4,45;0;4,39
1019;2,52;0,06;328;false;true;true;4,44;0;4,39
1020;2,52;0,06;328;false;true;true;4,45;0;4,39
1021;2,53;0,06;328;false;true;true;4,44;0;4,39
1022;2,53;0,06;328;false;true;true;4,45;0;4,39
1023;2,53;0,06;328;false;true;true;4,44;0;4,39
1024;2,53;0,06;328;false;true;true;4,44;0;4,39
1025;2,53;0,06;328;false;true;true;4,44;0;4,39
1026;2,53;0,06;328;false;true;true;4,44;0;4,39
1027;2,54;0,06;328;false;true;true;4,44;0;4,39
1028;2,54;0,06;328;false;true;true;4,44;0;4,39
1029;2,54;0,06;328;false;true;true;4,44;0;4,39
1030;2,54;0,05;328;false;true;true;4,44;0;4,39
1031;2,54;0,05;328;false;true;true;4,44;0;4,39
1032;2,54;0,05;328;false;true;true;4,44;0;4,39
1033;2,55;0,05;328;false;true;true;4,44;0;4,39
1034;2,55;0,05;328;false;true;true;4,44;0;4,39
1035;2,55;0,05;328;false;true;true;4,44;0;4,39
1036;2,55;0,05;328;false;true;true;4,44;0;4,39
1037;2,55;0,05;328;false;true;true;4,44;0;4,39
1038;2,56;0,05;328;false;true;true;4,43;0;4,39
1039;2,56;0,05;328;false;true;true;4,43;0;4,39
1040;2,56;0,05;328;false;true;true;4,44;0;4,39
1041;2,56;0,05;328;false;true;true;4,43;0;4,39
1042;2,56;0,04;328;false;true;true;4,43;0;4,39
1043;2,57;0,04;328;false;true;true;4,43;0;4,39
1044;2,57;0,04;328;false;true;true;4,43;0;4,39
1045;2,57;0,04;328;false;true;true;4,43;0;4,39
1046;2,57;0,04;328;false;true;true;4,43;0;4,39
1047;2,58;0,04;328;false;true;true;4,43;0;4,39
1048;2,58;0,04;328;false;true;true;4,43;0;4,39
1049;2,58;0,04;328;false;true;true;4,43;0;4,4
1050;2,58;0,04;328;false;true;true;4,43;0;4,4
1051;2,58;0,04;328;false;true;true;4,43;0;4,4
1052;2,59;0,04;328;false;true;true;4,43;0;4,4
1053;2,59;0,04;328;false;true;true;4,43;0;4,4
1054;2,59;0,03;328;false;true;true;4,43;0;4,4
1055;2,59;0,03;328;false;true;true;4,42;0;4,4
1056;2,59;0,03;328;false;true;true;4,43;0;4,4
1057;2,59;0,04;328;false;true;true;4,43;0;4,4
1058;2,6;0,04;328;false;true;true;4,43;0;4,4
1059;2,6;0,04;328;false;true;true;4,43;0;4,4
1060;2,6;0,04;328;false;true;true;4,43;0;4,4
1061;2,6;0,03;328;false;true;true;4,43;0;4,4
1062;2,6;0,03;328;false;true;true;4,42;0;4,4
1063;2,61;0,03;328;false;true;true;4,42;0;4,4
1064;2,61;0,03;328;false;true;true;4,42;0;4,4
1065;2,61;0,03;328;false;true;true;4,42;0;4,4
1066;2,61;0,03;328;false;true;true;4,42;0;4,4
1067;2,61;0,03;328;false;true;true;4,42;0;4,4
1068;2,61;0,03;328;false;true;true;4,42;0;4,4
1069;2,62;0,03;328;false;true;true;4,42;0;4,4
1070;2,62;0,03;328;false;true;true;4,42;0;4,4
1071;2,62;0,03;328;false;true;true;4,42;0;4,4
1072;2,62;0,02;328;false;true;true;4,42;0;4,4
1073;2,62;0,02;328;false;true;true;4,41;0;4,4
1074;2,62;0,02;328;false;true;true;4,41;0;4,4
1075;2,62;0,02;328;false;true;true;4,41;0;4,4
1076;2,62;0,02;328;false;true;true;4,42;0;4,4
1077;2,62;0,02;328;false;true;true;4,41;0;4,4
1078;2,63;0,02;328;false;true;true;4,41;0;4,4
1079;2,63;0,02;328;false;true;true;4,41;0;4,4
1080;2,63;0,02;328;false;true;true;4,41;0;4,4
1081;2,63;0,02;328;false;true;true;4,41;0;4,4
1082;2,63;0,02;328;false;true;true;4,41;0;4,4
1083;2,63;0,02;328;false;true;true;4,41;0;4,4
1084;2,64;0,02;328;false;true;true;4,41;0;4,4
1085;2,64;0,01;328;false;true;true;4,41;0;4,4
1086;2,64;0,01;328;false;true;true;4,41;0;4,4
1087;2,64;0,02;328;false;true;true;4,41;0;4,4
1088;2,64;0,01;328;false;true;true;4,41;0;4,4
1089;2,64;0,01;328;false;true;true;4,41;0;4,4
1090;2,64;0,01;328;false;true;true;4,41;0;4,4
1091;2,65;0,02;328;false;true;true;4,41;0;4,4
1092;2,65;0,01;328;false;true;true;4,41;0;4,4
1093;2,65;0,01;328;false;true;true;4,41;0;4,4
1094;2,65;0,02;328;false;true;true;4,41;0;4,4
1095;2,65;0,02;328;false;true;true;4,41;0;4,4
1096;2,65;0,02;328;false;true;true;4,41;0;4,4
1097;2,66;0,01;328;false;true;true;4,41;0;4,4
1098;2,66;0,01;328;false;true;true;4,41;0;4,4
1099;2,66;0,01;328;false;true;true;4,41;0;4,4
1100;2,66;0,01;328;false;true;true;4,41;0;4,4
1101;2,66;0,01;328;false;true;true;4,4;0;4,4
1102;2,67;0,01;328;false;true;true;4,4;0;4,4
1103;2,67;0,01;328;false;true;true;4,41;0;4,4
1104;2,67;0,01;328;false;true;true;4,41;0;4,4
1105;2,67;0,01;328;false;true;true;4,41;0;4,4
1106;2,67;0,01;328;false;true;true;4,41;0;4,4
1107;2,68;0,01;328;false;true;true;4,41;0;4,4
1108;2,68;0,01;328;false;true;true;4,41;0;4,4
1109;2,68;0,01;328;false;true;true;4,41;0;4,4
1110;2,68;0,01;328;false;true;true;4,41;0;4,4
1111;2,68;0,01;328;false;true;true;4,41;0;4,4
1112;2,69;0,01;328;false;true;true;4,41;0;4,4
1113;2,69;0,01;328;false;true;true;4,41;0;4,4
1114;2,69;0,01;328;false;true;true;4,41;0;4,4
1115;2,69;0,01;328;false;true;true;4,4;0;4,4
1116;2,69;0,01;328;false;true;true;4,4;0;4,4
1117;2,7;0,01;328;false;true;true;4,4;0;4,4
1118;2,7;0,01;328;false;true;true;4,4;0;4,4
1119;2,7;0,01;328;false;true;true;4,4;0;4,4
1120;2,7;0,01;328;false;true;true;4,4;0;4,4
1121;2,7;0,01;328;false;true;true;4,4;0;4,4
1122;2,71;0,01;328;false;true;true;4,4;0;4,4
1123;2,71;0;328;false;true;true;4,4;0;4,4
1124;2,71;0,01;328;false;true;true;4,4;0;4,4
1125;2,71;0;328;false;true;true;4,4;0;4,4
1126;2,71;0,01;328;false;true;true;4,4;0;4,4
1127;2,72;0,01;328;false;true;true;4,4;0;4,4
1128;2,72;0,01;328;false;true;true;4,4;0;4,4
1129;2,72;0,01;328;false;true;true;4,41;0;4,4
1130;2,72;0,01;328;false;true;true;4,41;0;4,4
1131;2,72;0,01;328;false;true;true;4,41;0;4,4
1132;2,73;0,01;328;false;true;true;4,4;0;4,4
1133;2,73;0;328;false;true;true;4,4;0;4,4
1134;2,73;0;328;false;true;true;4,4;0;4,4
1135;2,73;0;328;false;true;true;4,4;0;4,4
1136;2,73;0;328;false;true;true;4,4;0;4,4
1137;2,74;0;328;false;true;true;4,4;0;4,4
1138;2,74;0;328;false;true;true;4,4;0;4,4
1139;2,74;0;328;false;true;true;4,4;0;4,4
1140;2,74;0,01;328;false;true;true;4,4;0;4,4
1141;2,74;0,01;328;false;true;true;4,4;0;4,4
1142;2,74;0,01;328;false;true;true;4,4;0;4,4
1143;2,74;0,01;328;false;true;true;4,4;0;4,4
1144;2,74;0,01;328;false;true;true;4,4;0;4,4
1145;2,75;0,01;328;false;true;true;4,4;0;4,4
1146;2,75;0;328;false;true;true;4,4;0;4,4
1147;2,75;0,01;328;false;true;true;4,4;0;4,4
1148;2,75;0;328;false;true;true;4,4;0;4,4
1149;2,75;0;328;false;true;true;4,4;0;4,4
1150;2,75;0;328;false;true;true;4,4;0;4,4
1151;2,75;0;328;false;true;true;4,4;0;4,4
1152;2,75;0;328;false;true;true;4,4;0;4,4
1153;2,76;0;328;false;true;true;4,4;0;4,4
1154;2,76;0;328;false;true;true;4,4;0;4,4
1155;2,76;0;328;false;true;true;4,4;0;4,4
1156;2,76;0;328;false;true;true;4,4;0;4,4
1157;2,76;0;328;false;true;true;4,4;0;4,4
1158;2,77;0;328;false;true;true;4,4;0;4,4
1159;2,77;0;328;false;true;true;4,4;0;4,4
1160;2,77;0;328;false;true;true;4,4;0;4,4
1161;2,77;0;328;false;true;true;4,4;0;4,4
1162;2,77;0;328;false;true;true;4,4;0;4,4
1163;2,78;0;328;false;true;true;4,4;0;4,4
1164;2,78;0;328;false;true;true;4,4;0;4,4
1165;2,78;0;328;false;true;true;4,4;0;4,4
1166;2,78;0;328;false;true;true;4,4;0;4,4
1167;2,78;0;328;false;true;true;4,4;0;4,4
1168;2,79;0;328;false;true;true;4,4;0;4,4
1169;2,79;0;328;false;true;true;4,4;0;4,4
1170;2,79;0;328;false;true;true;4,4;0;4,4
1171;2,79;0;328;false;true;true;4,4;0;4,4
1172;2,79;0;328;false;true;true;4,4;0;4,4
1173;2,8;0;328;false;true;true;4,4;0;4,4
1174;2,8;0;328;false;true;true;4,4;0;4,4
1175;2,8;0;328;false;true;true;4,4;0;4,4
1176;2,8;0;328;false;true;true;4,4;0;4,4
1177;2,8;0;328;false;true;true;4,4;0;4,4
1178;2,81;0;328;false;true;true;4,4;0;4,4
1179;2,81;0;328;false;true;true;4,4;0;4,4
1180;2,81;0;328;false;true;true;4,4;0;4,4
1181;2,81;0;328;false;true;true;4,4;0;4,4
1182;2,81;0;328;false;true;true;4,4;0;4,4
1183;2,82;0;328;false;true;true;4,4;0;4,4
1184;2,82;0;328;false;true;true;4,4;0;4,4
1185;2,82;0;328;false;true;true;4,4;0;4,4
1186;2,82;0;328;false;true;true;4,4;0;4,4
1187;2,82;0;328;false;true;true;4,4;0;4,4
1188;2,82;0;328;false;true;true;4,4;0;4,4
1189;2,83;0;328;false;true;true;4,4;0;4,4
1190;2,83;0;328;false;true;true;4,4;0;4,4
1191;2,83;0;328;false;true;true;4,4;0;4,4
1192;2,83;0;328;false;true;true;4,4;0;4,4
1193;2,83;0;328;false;true;true;4,4;0;4,4
1194;2,84;0;328;false;true;true;4,4;0;4,4
1195;2,84;0;328;false;true;true;4,4;0;4,4
1196;2,84;0;328;false;true;true;4,4;0;4,4
1197;2,84;0;328;false;true;true;4,4;0;4,4
1198;2,84;0;328;false;true;true;4,4;0;4,4
1199;2,85;0;328;false;true;true;4,4;0;4,4
1200;2,85;0;328;false;true;true;4,4;0;4,4
1201;2,85;0;328;false;true;true;4,4;0;4,4
1202;2,85;0;328;false;true;true;4,4;0;4,4
1203;2,85;0;328;false;true;true;4,4;0;4,4
1204;2,85;0;328;false;true;true;4,4;0;4,4
1205;2,86;0;328;false;true;true;4,4;0;4,4
1206;2,86;0;328;false;true;true;4,4;0;4,4
1207;2,86;0;328;false;true;true;4,4;0;4,4
1208;2,86;0;328;false;true;true;4,4;0;4,4
1209;2,86;0;328;false;true;true;4,4;0;4,4
1210;2,87;0;328;false;true;true;4,4;0;4,4
1211;2,87;0;328;false;true;true;4,4;0;4,4
1212;2,87;0;328;false;true;true;4,4;0;4,4
1213;2,87;0;328;false;true;true;4,4;0;4,4
1214;2,87;0;328;false;true;true;4,4;0;4,4
1215;2,88;0;328;false;true;true;4,4;0;4,4
1216;2,88;0;328;false;true;true;4,4;0;4,4
1217;2,88;0;328;false;true;true;4,4;0;4,4
1218;2,88;0;328;false;true;true;4,4;0;4,4
1219;2,88;0;328;false;true;true;4,4;0;4,4
1220;2,88;0;328;false;true;true;4,4;0;4,4
1221;2,89;0;328;false;true;true;4,4;0;4,4
1222;2,89;0;328;false;true;true;4,4;0;4