lengthMiddleSegment: 60080.82
step_energy: 0.05
electrostatic_force_factor: 1.0
spring_force_factor: 0.1
reject_force_factor: 2.0
distanceRejectRadius: 15020.205
distanceSamePosition: 15020.205
Iteration;time;energy;num nodes;reject force is enabled;spring force is enabled;electrostatic force is enabled;str_force;rep_force;elec_force
1;0;49,91;1321;false;true;true;18,63;0;31,47
2;0,02;55,86;1278;false;true;true;21,7;0;36,57
3;0,1;54,23;1231;false;true;true;22,74;0;34,66
4;0,11;50,57;1184;false;true;true;20,39;0;32,52
5;0,12;50,27;1135;false;true;true;20,73;0;31,65
6;0,12;47,19;1093;false;true;true;19,78;0;29,47
7;0,13;44,54;1058;false;true;true;20,52;0;27,28
8;0,14;43,57;1031;false;true;true;18,9;0;28,71
9;0,14;41,87;1001;false;true;true;19,78;0;26,54
10;0,15;40,96;977;false;true;true;19,2;0;25,41
11;0,16;41,56;954;false;true;true;20,05;0;26,44
12;0,16;40,19;932;false;true;true;18,96;0;24,27
13;0,17;38,01;911;false;true;true;19,18;0;22,41
14;0,17;37,28;891;false;true;true;19,13;0;21,3
15;0,18;36,59;878;false;true;true;18,17;0;22,28
16;0,18;35,9;861;false;true;true;18,68;0;21,25
17;0,18;35,94;846;false;true;true;19,29;0;21,4
18;0,19;34,98;831;false;true;true;19,52;0;21,13
19;0,19;34,66;817;false;true;true;18,31;0;21,58
20;0,2;34,49;803;false;true;true;19,19;0;21,01
21;0,2;32,93;787;false;true;true;19,1;0;19,43
22;0,2;31,77;774;false;true;true;18,84;0;18,13
23;0,21;29,38;764;false;true;true;17,5;0;16,46
24;0,21;29,24;757;false;true;true;17,38;0;17,07
25;0,21;28,75;750;false;true;true;17,3;0;17,25
26;0,22;28,66;743;false;true;true;18,22;0;17,65
27;0,22;28,27;732;false;true;true;18,6;0;15,32
28;0,22;27,52;727;false;true;true;17,46;0;16,17
29;0,23;27,85;722;false;true;true;17,47;0;17,66
30;0,23;27,95;713;false;true;true;18,96;0;16,82
31;0,23;27,86;705;false;true;true;19,04;0;16,72
32;0,24;28,32;700;false;true;true;18,55;0;18,39
33;0,24;28,35;690;false;true;true;18,45;0;17,21
34;0,24;26,58;683;false;true;true;17,78;0;16,33
35;0,25;25,97;676;false;true;true;16,81;0;15,52
36;0,25;24,92;668;false;true;true;16,7;0;13,66
37;0,25;24,37;664;false;true;true;16,76;0;14,59
38;0,26;24,38;660;false;true;true;16,87;0;15,42
39;0,26;23,77;654;false;true;true;17,42;0;14,84
40;0,26;24,09;649;false;true;true;17,49;0;15,19
41;0,27;23,17;645;false;true;true;17,29;0;14,97
42;0,27;22,44;640;false;true;true;17,35;0;14
43;0,27;22,55;635;false;true;true;16,98;0;13,48
44;0,28;22,11;631;false;true;true;16,71;0;13,37
45;0,28;21,65;626;false;true;true;16,63;0;12,64
46;0,28;20,91;620;false;true;true;15,82;0;10,64
47;0,28;20,63;618;false;true;true;15,75;0;11,48
48;0,29;20,11;614;false;true;true;16,01;0;10,87
49;0,29;20,28;613;false;true;true;16,05;0;12,37
50;0,29;20,53;609;false;true;true;16,27;0;12,19
51;0,3;20,36;604;false;true;true;16,71;0;11,33
52;0,3;20,53;601;false;true;true;16,07;0;11,48
53;0,3;19,86;597;false;true;true;15,18;0;10,97
54;0,31;20,55;596;false;true;true;15,93;0;13,16
55;0,31;19,22;588;false;true;true;15,03;0;9,07
56;0,31;18,78;588;false;true;true;14,39;0;10,6
57;0,31;18,86;586;false;true;true;14,65;0;11,35
58;0,32;18,92;584;false;true;true;15,46;0;12,18
59;0,32;18,6;581;false;true;true;15,96;0;12,23
60;0,32;18,78;577;false;true;true;15,5;0;11,38
61;0,32;18,44;573;false;true;true;15,37;0;10,45
62;0,33;17,86;571;false;true;true;15,13;0;10,58
63;0,33;17,02;568;false;true;true;15,05;0;9,71
64;0,33;17,01;567;false;true;true;15,43;0;10,7
65;0,34;17,53;566;false;true;true;16,1;0;12,11
66;0,34;17,75;562;false;true;true;16,21;0;11,19
67;0,34;17,77;559;false;true;true;15,89;0;10,87
68;0,34;17,35;554;false;true;true;14,7;0;9,01
69;0,35;16,91;551;false;true;true;13,71;0;8,19
70;0,35;16,74;550;false;true;true;13,14;0;8,82
71;0,35;16,79;548;false;true;true;13,39;0;9
72;0,35;16;546;false;true;true;13,42;0;8,64
73;0,35;15,28;543;false;true;true;13,41;0;7,66
74;0,36;14,98;543;false;true;true;13,52;0;8,58
75;0,36;15,24;543;false;true;true;14,05;0;9,9
76;0,36;15,3;541;false;true;true;14,4;0;9,91
77;0,37;15,23;539;false;true;true;14,68;0;9,88
78;0,37;15,31;537;false;true;true;14,69;0;9,75
79;0,37;15,25;535;false;true;true;14,81;0;9,79
80;0,37;14,7;532;false;true;true;14,31;0;8,6
81;0,38;14,56;531;false;true;true;13,97;0;8,79
82;0,38;14,62;529;false;true;true;13,81;0;8,37
83;0,38;14,46;528;false;true;true;13,79;0;8,72
84;0,38;14,19;527;false;true;true;13,88;0;8,99
85;0,39;14,08;525;false;true;true;13,87;0;8,59
86;0,39;13,92;524;false;true;true;13,87;0;8,88
87;0,39;13,74;523;false;true;true;13,98;0;9,13
88;0,39;13,62;522;false;true;true;14,11;0;9,29
89;0,39;13,85;521;false;true;true;14,17;0;9,63
90;0,4;14,18;519;false;true;true;14,17;0;9,37
91;0,4;13,85;516;false;true;true;13,95;0;8,26
92;0,4;13,68;516;false;true;true;13,91;0;9,18
93;0,41;13,89;515;false;true;true;13,77;0;9,51
94;0,41;13,75;513;false;true;true;13,8;0;9,01
95;0,41;13,66;512;false;true;true;13,95;0;9,17
96;0,41;13,71;511;false;true;true;14,13;0;9,57
97;0,42;14,34;510;false;true;true;14,36;0;10,24
98;0,42;13,93;506;false;true;true;14;0;8,55
99;0,42;13,86;503;false;true;true;12,92;0;7,16
100;0,43;13,34;503;false;true;true;12,59;0;7,85
101;0,43;13,01;502;false;true;true;12,61;0;7,98
102;0,43;12,85;501;false;true;true;12,8;0;7,9
103;0,43;12,66;501;false;true;true;13,18;0;8,58
104;0,44;12,77;501;false;true;true;13,76;0;9,47
105;0,44;13,1;500;false;true;true;14,44;0;10,06
106;0,44;13,61;498;false;true;true;14,7;0;9,89
107;0,44;13,53;496;false;true;true;14,36;0;9,39
108;0,45;13,94;494;false;true;true;13,82;0;9,2
109;0,45;13,45;492;false;true;true;13,46;0;8,66
110;0,45;13,2;490;false;true;true;13,02;0;7,89
111;0,46;13;489;false;true;true;12,64;0;7,97
112;0,46;13,08;489;false;true;true;12,87;0;8,97
113;0,46;12,94;486;false;true;true;12,68;0;7,76
114;0,46;12,66;485;false;true;true;12,65;0;7,71
115;0,46;12,42;485;false;true;true;12,76;0;8,39
116;0,47;12,52;485;false;true;true;13,28;0;9,28
117;0,47;12,71;484;false;true;true;13,81;0;9,68
118;0,47;12,68;482;false;true;true;13,81;0;9,08
119;0,47;12,57;481;false;true;true;13,92;0;9,39
120;0,47;12,6;478;false;true;true;13,5;0;8,02
121;0,48;12,27;478;false;true;true;13,31;0;8,76
122;0,48;12,16;477;false;true;true;13,38;0;8,93
123;0,48;12,13;476;false;true;true;13,4;0;8,99
124;0,48;12,43;475;false;true;true;13,53;0;9,28
125;0,49;12,27;472;false;true;true;13,21;0;7,94
126;0,49;11,83;472;false;true;true;13,09;0;8,56
127;0,49;11,78;472;false;true;true;13,28;0;9,38
128;0,49;11,47;471;false;true;true;13,37;0;9,2
129;0,49;11,39;469;false;true;true;13,21;0;8,36
130;0,5;11,37;469;false;true;true;13,55;0;9,1
131;0,5;11,39;468;false;true;true;13,86;0;9,26
132;0,5;11,36;467;false;true;true;13,91;0;9,3
133;0,5;11,59;467;false;true;true;14,27;0;10,28
134;0,5;11,93;464;false;true;true;13,61;0;8,87
135;0,5;11,98;463;false;true;true;13,3;0;8,86
136;0,51;12,14;463;false;true;true;13,68;0;9,97
137;0,51;12,36;459;false;true;true;13,27;0;7,99
138;0,51;12,19;458;false;true;true;12,66;0;8
139;0,51;12,29;456;false;true;true;12,23;0;7,36
140;0,52;12,08;456;false;true;true;12,17;0;8,21
141;0,52;11,8;454;false;true;true;12,11;0;7,34
142;0,52;11,71;453;false;true;true;11,81;0;7,17
143;0,52;11,61;452;false;true;true;12;0;7,27
144;0,53;11,47;451;false;true;true;11,95;0;7,38
145;0,53;11,08;450;false;true;true;11,78;0;7,06
146;0,53;11,01;449;false;true;true;11,73;0;6,83
147;0,53;10,74;449;false;true;true;11,83;0;7,3
148;0,54;10,71;449;false;true;true;12,15;0;7,91
149;0,54;10,8;448;false;true;true;12,34;0;7,8
150;0,54;10,5;447;false;true;true;12,43;0;7,61
151;0,54;10,4;447;false;true;true;12,56;0;8,16
152;0,54;10,54;447;false;true;true;12,82;0;8,88
153;0,55;10,99;446;false;true;true;13,18;0;9,26
154;0,55;10,98;443;false;true;true;12,63;0;8,15
155;0,55;11,1;442;false;true;true;12,35;0;8,05
156;0,55;11,07;442;false;true;true;12,47;0;8,89
157;0,55;11,35;440;false;true;true;12,32;0;8,28
158;0,56;11,23;437;false;true;true;11,83;0;6,75
159;0,56;10,61;436;false;true;true;11,58;0;6,67
160;0,56;10,32;436;false;true;true;11,53;0;7,17
161;0,56;10,31;436;false;true;true;11,68;0;7,82
162;0,56;10,47;434;false;true;true;11,8;0;7,11
163;0,56;10,31;434;false;true;true;11,87;0;7,75
164;0,57;10,34;433;false;true;true;11,75;0;7,68
165;0,57;10,27;432;false;true;true;11,58;0;7,66
166;0,57;9,93;431;false;true;true;11,66;0;7,44
167;0,57;9,98;431;false;true;true;11,9;0;8,12
168;0,57;9,96;429;false;true;true;11,34;0;7,15
169;0,58;9,89;429;false;true;true;11,58;0;7,71
170;0,58;10,07;429;false;true;true;11,97;0;8,47
171;0,58;10,69;427;false;true;true;11,9;0;7,76
172;0,58;10,66;426;false;true;true;11,89;0;7,92
173;0,58;10,38;424;false;true;true;11,57;0;7,18
174;0,59;10,12;423;false;true;true;11;0;6,82
175;0,59;10,08;423;false;true;true;11,1;0;7,48
176;0,59;10,16;421;false;true;true;10,95;0;6,58
177;0,59;9,8;420;false;true;true;10,76;0;6,39
178;0,6;9,54;420;false;true;true;10,83;0;6,82
179;0,6;9,5;420;false;true;true;11,04;0;7,38
180;0,6;9,78;420;false;true;true;11,49;0;8,21
181;0,6;10,06;416;false;true;true;11,02;0;6,21
182;0,6;9,69;416;false;true;true;10,67;0;6,72
183;0,61;9,44;415;false;true;true;10,48;0;6,44
184;0,61;9,04;414;false;true;true;10,54;0;6,37
185;0,61;8,83;414;false;true;true;10,56;0;6,74
186;0,61;8,79;414;false;true;true;10,77;0;7,23
187;0,61;8,51;413;false;true;true;11,13;0;7,11
188;0,62;8,48;413;false;true;true;11,32;0;7,55
189;0,62;8,7;412;false;true;true;11,48;0;7,37
190;0,62;8,61;412;false;true;true;11,63;0;7,88
191;0,62;8,79;411;false;true;true;11,68;0;7,85
192;0,62;8,67;410;false;true;true;11,44;0;7,63
193;0,62;8,76;410;false;true;true;11,59;0;8,27
194;0,63;8,91;408;false;true;true;11,41;0;7,58
195;0,63;8,74;406;false;true;true;10,56;0;6,64
196;0,63;8,45;405;false;true;true;10,13;0;6,26
197;0,63;8,06;405;false;true;true;10,07;0;6,54
198;0,63;7,81;405;false;true;true;10,17;0;6,84
199;0,64;7,68;405;false;true;true;10,44;0;7,18
200;0,64;7,64;405;false;true;true;10,78;0;7,59
201;0,64;7,76;405;false;true;true;11,19;0;8,13
202;0,64;8,29;404;false;true;true;11,39;0;8,15
203;0,64;8,33;402;false;true;true;10,94;0;7,11
204;0,65;7,94;401;false;true;true;10,42;0;6,59
205;0,65;7,68;401;false;true;true;10,28;0;6,93
206;0,65;7,59;401;false;true;true;10,37;0;7,34
207;0,65;7,59;400;false;true;true;10,39;0;6,94
208;0,66;7,29;399;false;true;true;10,19;0;6,48
209;0,66;7,12;399;false;true;true;10,27;0;6,78
210;0,66;7,11;399;false;true;true;10,43;0;7,16
211;0,66;7,32;399;false;true;true;10,69;0;7,76
212;0,67;7,21;397;false;true;true;10,22;0;6,49
213;0,67;7,08;397;false;true;true;10,23;0;6,85
214;0,67;6,97;396;false;true;true;9,73;0;6,25
215;0,67;6,85;396;false;true;true;9,77;0;6,52
216;0,67;6,83;396;false;true;true;9,95;0;6,85
217;0,68;6,93;396;false;true;true;10,25;0;7,29
218;0,68;7,31;394;false;true;true;10,18;0;6,34
219;0,68;7,16;393;false;true;true;9,7;0;5,92
220;0,68;6,9;393;false;true;true;9,55;0;6,15
221;0,69;6,78;393;false;true;true;9,54;0;6,43
222;0,69;6,86;392;false;true;true;9,54;0;5,99
223;0,69;6,61;392;false;true;true;9,57;0;6,2
224;0,69;6,48;392;false;true;true;9,67;0;6,45
225;0,7;6,48;392;false;true;true;9,81;0;6,79
226;0,7;6,3;391;false;true;true;9,63;0;6,2
227;0,7;6,17;391;false;true;true;9,72;0;6,39
228;0,7;6,1;391;false;true;true;9,82;0;6,61
229;0,71;6,09;391;false;true;true;9,98;0;6,87
230;0,71;6,19;391;false;true;true;10,21;0;7,23
231;0,71;6,23;390;false;true;true;10,1;0;6,84
232;0,71;6,14;389;false;true;true;9,74;0;6,23
233;0,72;6;389;false;true;true;9,73;0;6,4
234;0,72;5,92;389;false;true;true;9,77;0;6,59
235;0,72;5,87;389;false;true;true;9,91;0;6,8
236;0,72;5,9;389;false;true;true;10,12;0;7,07
237;0,73;6,03;389;false;true;true;10,37;0;7,45
238;0,73;6,03;388;false;true;true;10,24;0;6,87
239;0,73;5,98;388;false;true;true;10,32;0;7,14
240;0,74;6,04;388;false;true;true;10,45;0;7,48
241;0,74;6,27;388;false;true;true;10,67;0;7,99
242;0,74;6,51;387;false;true;true;10,66;0;7,66
243;0,74;6,79;385;false;true;true;9,92;0;6,44
244;0,74;6,51;384;false;true;true;9,44;0;5,83
245;0,75;6,16;384;false;true;true;9,23;0;5,98
246;0,75;5,97;384;false;true;true;9,24;0;6,14
247;0,75;5,88;384;false;true;true;9,38;0;6,33
248;0,75;5,85;384;false;true;true;9,57;0;6,55
249;0,75;5,95;384;false;true;true;9,8;0;6,89
250;0,76;5,8;383;false;true;true;9,53;0;6,22
251;0,76;5,71;383;false;true;true;9,59;0;6,38
252;0,76;5,66;383;false;true;true;9,69;0;6,56
253;0,76;5,65;383;false;true;true;9,85;0;6,78
254;0,76;5,72;383;false;true;true;10,03;0;7,07
255;0,77;5,74;382;false;true;true;9,84;0;6,57
256;0,77;5,69;382;false;true;true;9,92;0;6,78
257;0,77;5,7;382;false;true;true;10,04;0;7,04
258;0,77;5,8;382;false;true;true;10,22;0;7,38
259;0,78;6;381;false;true;true;10,18;0;6,98
260;0,78;6,04;381;false;true;true;10,28;0;7,35
261;0,78;6,33;380;false;true;true;9,9;0;6,97
262;0,78;6,41;378;false;true;true;9,41;0;5,84
263;0,79;6,01;378;false;true;true;9,16;0;6
264;0,79;5,78;378;false;true;true;9,12;0;6,17
265;0,79;5,65;378;false;true;true;9,19;0;6,37
266;0,79;5,62;378;false;true;true;9,39;0;6,6
267;0,79;5,84;377;false;true;true;9,14;0;6,06
268;0,8;5,77;377;false;true;true;9,22;0;6,3
269;0,8;5,68;376;false;true;true;9;0;5,78
270;0,8;5,52;376;false;true;true;9,02;0;5,91
271;0,8;5,42;376;false;true;true;9,1;0;6,04
272;0,8;5,35;376;false;true;true;9,19;0;6,19
273;0,81;5,31;376;false;true;true;9,33;0;6,35
274;0,81;5,3;376;false;true;true;9,48;0;6,53
275;0,81;5,33;376;false;true;true;9,66;0;6,75
276;0,81;5,42;376;false;true;true;9,86;0;7,03
277;0,81;5,59;375;false;true;true;9,66;0;6,58
278;0,82;5,62;375;false;true;true;9,75;0;6,88
279;0,82;5,87;374;false;true;true;9,63;0;6,46
280;0,82;5,83;374;false;true;true;9,6;0;6,79
281;0,82;5,91;373;false;true;true;9,49;0;6,41
282;0,82;5,97;372;false;true;true;9,23;0;5,96
283;0,83;5,88;372;false;true;true;9,15;0;6,25
284;0,83;5,74;371;false;true;true;8,77;0;5,56
285;0,83;5,49;371;false;true;true;8,61;0;5,68
286;0,83;5,33;371;false;true;true;8,64;0;5,8
287;0,84;5,22;371;false;true;true;8,73;0;5,93
288;0,84;5,17;371;false;true;true;8,9;0;6,08
289;0,84;5,15;371;false;true;true;9,06;0;6,26
290;0,84;5,22;371;false;true;true;9,23;0;6,53
291;0,85;5,13;370;false;true;true;8,98;0;5,91
292;0,85;5,04;370;false;true;true;9;0;6,04
293;0,85;4,98;370;false;true;true;9,03;0;6,19
294;0,85;4,99;370;false;true;true;9,11;0;6,38
295;0,85;5,02;369;false;true;true;8,79;0;5,8
296;0,86;4,91;369;false;true;true;8,79;0;5,9
297;0,86;4,82;369;false;true;true;8,83;0;6,01
298;0,86;4,76;369;false;true;true;8,9;0;6,13
299;0,86;4,73;369;false;true;true;9,03;0;6,27
300;0,86;4,73;369;false;true;true;9,16;0;6,44
301;0,87;4,8;369;false;true;true;9,31;0;6,68
302;0,87;4,86;368;false;true;true;9,2;0;6,12
303;0,87;4,71;368;false;true;true;9,14;0;6,25
304;0,87;4,65;368;false;true;true;9,15;0;6,39
305;0,87;4,64;368;false;true;true;9,22;0;6,57
306;0,88;4,68;368;false;true;true;9,34;0;6,79
307;0,88;4,83;368;false;true;true;9,52;0;7,12
308;0,88;5,16;366;false;true;true;9,11;0;5,86
309;0,88;4,86;366;false;true;true;8,86;0;5,97
310;0,88;4,67;366;false;true;true;8,73;0;6,08
311;0,89;4,58;366;false;true;true;8,7;0;6,21
312;0,89;4,55;366;false;true;true;8,84;0;6,36
313;0,89;4,56;366;false;true;true;8,99;0;6,56
314;0,89;4,59;365;false;true;true;8,8;0;6,03
315;0,89;4,47;365;false;true;true;8,79;0;6,14
316;0,9;4,41;365;false;true;true;8,82;0;6,26
317;0,9;4,37;365;false;true;true;8,87;0;6,39
318;0,9;4,37;365;false;true;true;8,98;0;6,56
319;0,9;4,44;365;false;true;true;9,11;0;6,8
320;0,9;4,53;364;false;true;true;8,89;0;6,14
321;0,91;4,37;364;false;true;true;8,82;0;6,26
322;0,91;4,3;364;false;true;true;8,83;0;6,4
323;0,91;4,29;364;false;true;true;8,91;0;6,56
324;0,91;4,34;364;false;true;true;9,03;0;6,78
325;0,92;4,5;364;false;true;true;9,21;0;7,11
326;0,92;4,63;362;false;true;true;8,64;0;5,76
327;0,92;4,38;362;false;true;true;8,45;0;5,84
328;0,92;4,22;362;false;true;true;8,35;0;5,92
329;0,92;4,11;362;false;true;true;8,32;0;6
330;0,93;4,03;362;false;true;true;8,4;0;6,09
331;0,93;3,96;362;false;true;true;8,5;0;6,17
332;0,93;3,91;362;false;true;true;8,59;0;6,26
333;0,93;3,86;362;false;true;true;8,68;0;6,36
334;0,93;3,84;362;false;true;true;8,77;0;6,47
335;0,94;3,83;362;false;true;true;8,87;0;6,6
336;0,94;3,85;362;false;true;true;8,98;0;6,76
337;0,94;3,92;362;false;true;true;9,11;0;6,96
338;0,94;4,07;362;false;true;true;9,27;0;7,26
339;0,94;4,27;361;false;true;true;9,06;0;6,73
340;0,94;4,52;360;false;true;true;8,72;0;6,25
341;0,95;4,31;360;false;true;true;8,55;0;6,45
342;0,95;4,22;359;false;true;true;8,11;0;5,89
343;0,95;4,07;359;false;true;true;8,14;0;5,99
344;0,95;3,98;359;false;true;true;8,22;0;6,09
345;0,95;3,91;359;false;true;true;8,3;0;6,21
346;0,96;3,87;359;false;true;true;8,42;0;6,33
347;0,96;3,86;359;false;true;true;8,55;0;6,49
348;0,96;3,94;359;false;true;true;8,7;0;6,74
349;0,96;3,97;358;false;true;true;8,39;0;6,22
350;0,96;3,8;358;false;true;true;8,32;0;6,36
351;0,97;3,72;358;false;true;true;8,32;0;6,5
352;0,97;3,7;358;false;true;true;8,48;0;6,66
353;0,97;3,73;358;false;true;true;8,66;0;6,87
354;0,97;3,84;358;false;true;true;8,87;0;7,17
355;0,98;3,93;357;false;true;true;9,03;0;6,78
356;0,98;3,83;357;false;true;true;8,9;0;7,03
357;0,98;3,7;356;false;true;true;8,29;0;6,29
358;0,98;3,69;356;false;true;true;8,3;0;6,49
359;0,98;3,81;356;false;true;true;8,49;0;6,79
360;0,99;3,92;355;false;true;true;8,3;0;6,21
361;0,99;3,99;355;false;true;true;8,34;0;6,55
362;0,99;3,77;354;false;true;true;8,15;0;5,93
363;0,99;3,61;354;false;true;true;8;0;6,06
364;0,99;3,54;354;false;true;true;7,97;0;6,2
365;1;3,52;354;false;true;true;8,07;0;6,36
366;1;3,56;354;false;true;true;8,26;0;6,58
367;1;3,72;354;false;true;true;8,47;0;6,91
368;1;3,9;353;false;true;true;8,63;0;6,61
369;1;3,86;352;false;true;true;8,12;0;5,99
370;1;3,71;352;false;true;true;7,9;0;6,17
371;1,01;3,71;352;false;true;true;7,93;0;6,4
372;1,01;4,02;351;false;true;true;7,6;0;5,8
373;1,01;3,96;351;false;true;true;7,67;0;6,07
374;1,01;3,73;350;false;true;true;7,66;0;5,48
375;1,01;3,5;350;false;true;true;7,56;0;5,56
376;1,02;3,38;350;false;true;true;7,56;0;5,64
377;1,02;3,29;350;false;true;true;7,57;0;5,72
378;1,02;3,24;350;false;true;true;7,61;0;5,81
379;1,02;3,22;350;false;true;true;7,72;0;5,91
380;1,03;3,21;350;false;true;true;7,83;0;6,03
381;1,03;3,25;350;false;true;true;7,94;0;6,19
382;1,03;3,38;349;false;true;true;7,64;0;5,59
383;1,03;3,27;349;false;true;true;7,6;0;5,67
384;1,03;3,21;349;false;true;true;7,6;0;5,76
385;1,04;3,18;349;false;true;true;7,64;0;5,86
386;1,04;3,17;349;false;true;true;7,75;0;5,98
387;1,04;3,21;349;false;true;true;7,88;0;6,13
388;1,04;3,29;349;false;true;true;8,01;0;6,34
389;1,04;3,47;348;false;true;true;7,7;0;5,68
390;1,05;3,39;348;false;true;true;7,67;0;5,82
391;1,05;3,42;348;false;true;true;7,7;0;6,02
392;1,05;3,42;347;false;true;true;7,3;0;5,35
393;1,05;3,32;347;false;true;true;7,27;0;5,46
394;1,05;3,29;347;false;true;true;7,31;0;5,61
395;1,06;3,4;346;false;true;true;7,16;0;5,03
396;1,06;3,19;346;false;true;true;7,03;0;5,07
397;1,06;3,05;346;false;true;true;6,96;0;5,11
398;1,06;2,95;346;false;true;true;6,96;0;5,15
399;1,06;2,87;346;false;true;true;7,01;0;5,19
400;1,07;2,81;346;false;true;true;7,06;0;5,23
401;1,07;2,75;346;false;true;true;7,11;0;5,26
402;1,07;2,71;346;false;true;true;7,15;0;5,29
403;1,07;2,66;346;false;true;true;7,18;0;5,33
404;1,07;2,63;346;false;true;true;7,21;0;5,36
405;1,08;2,59;346;false;true;true;7,23;0;5,4
406;1,08;2,56;346;false;true;true;7,26;0;5,43
407;1,08;2,54;346;false;true;true;7,29;0;5,47
408;1,08;2,52;346;false;true;true;7,31;0;5,51
409;1,08;2,5;346;false;true;true;7,34;0;5,55
410;1,09;2,48;346;false;true;true;7,37;0;5,59
411;1,09;2,46;346;false;true;true;7,39;0;5,64
412;1,09;2,46;346;false;true;true;7,44;0;5,69
413;1,09;2,46;346;false;true;true;7,47;0;5,75
414;1,1;2,46;346;false;true;true;7,52;0;5,83
415;1,1;2,49;346;false;true;true;7,57;0;5,92
416;1,1;2,54;346;false;true;true;7,64;0;6,04
417;1,1;2,67;346;false;true;true;7,73;0;6,25
418;1,1;2,73;345;false;true;true;7,46;0;5,53
419;1,11;2,6;345;false;true;true;7,34;0;5,58
420;1,11;2,52;345;false;true;true;7,27;0;5,63
421;1,11;2,48;345;false;true;true;7,27;0;5,69
422;1,11;2,45;345;false;true;true;7,33;0;5,74
423;1,11;2,44;345;false;true;true;7,39;0;5,8
424;1,12;2,43;345;false;true;true;7,46;0;5,87
425;1,12;2,44;345;false;true;true;7,52;0;5,95
426;1,12;2,47;345;false;true;true;7,6;0;6,04
427;1,12;2,52;345;false;true;true;7,67;0;6,16
428;1,12;2,62;345;false;true;true;7,77;0;6,34
429;1,12;2,77;344;false;true;true;7,45;0;5,76
430;1,13;2,76;344;false;true;true;7,42;0;5,9
431;1,13;3,16;343;false;true;true;7,02;0;5,08
432;1,13;3;343;false;true;true;6,89;0;5,15
433;1,13;2,94;343;false;true;true;6,85;0;5,27
434;1,13;2,97;343;false;true;true;6,87;0;5,44
435;1,14;3,17;343;false;true;true;6,96;0;5,76
436;1,14;3,03;342;false;true;true;7,05;0;5,56
437;1,14;3,05;342;false;true;true;6,99;0;5,75
438;1,14;3,24;342;false;true;true;7,03;0;6,1
439;1,15;2,98;341;false;true;true;7,14;0;5,73
440;1,15;3,04;341;false;true;true;7,05;0;5,99
441;1,15;2,44;340;false;true;true;7,1;0;5,47
442;1,15;2,51;340;false;true;true;7,16;0;5,62
443;1,15;2,66;339;false;true;true;6,92;0;4,96
444;1,16;2,5;339;false;true;true;6,76;0;4,99
445;1,16;2,39;339;false;true;true;6,67;0;5,01
446;1,16;2,32;339;false;true;true;6,63;0;5,04
447;1,16;2,27;339;false;true;true;6,66;0;5,06
448;1,17;2,23;339;false;true;true;6,69;0;5,08
449;1,17;2,2;339;false;true;true;6,72;0;5,1
450;1,17;2,16;339;false;true;true;6,73;0;5,13
451;1,17;2,13;339;false;true;true;6,75;0;5,15
452;1,17;2,1;339;false;true;true;6,75;0;5,17
453;1,18;2,07;339;false;true;true;6,76;0;5,19
454;1,18;2,04;339;false;true;true;6,77;0;5,21
455;1,18;2,02;339;false;true;true;6,78;0;5,23
456;1,18;2;339;false;true;true;6,79;0;5,26
457;1,18;1,98;339;false;true;true;6,8;0;5,28
458;1,19;1,96;339;false;true;true;6,81;0;5,3
459;1,19;1,94;339;false;true;true;6,82;0;5,33
460;1,19;1,93;339;false;true;true;6,83;0;5,35
461;1,19;1,92;339;false;true;true;6,85;0;5,38
462;1,19;1,9;339;false;true;true;6,86;0;5,41
463;1,2;1,89;339;false;true;true;6,88;0;5,44
464;1,2;1,89;339;false;true;true;6,9;0;5,48
465;1,2;1,88;339;false;true;true;6,92;0;5,51
466;1,2;1,89;339;false;true;true;6,95;0;5,56
467;1,21;1,89;339;false;true;true;6,98;0;5,61
468;1,21;1,91;339;false;true;true;7,02;0;5,67
469;1,21;1,95;339;false;true;true;7,06;0;5,76
470;1,21;2,02;339;false;true;true;7,13;0;5,89
471;1,21;2,34;338;false;true;true;6,95;0;5,34
472;1,22;2,2;338;false;true;true;6,78;0;5,4
473;1,22;2,12;338;false;true;true;6,69;0;5,46
474;1,22;2,07;338;false;true;true;6,74;0;5,52
475;1,22;2,05;338;false;true;true;6,83;0;5,58
476;1,22;2,05;338;false;true;true;6,9;0;5,65
477;1,23;2,06;338;false;true;true;6,98;0;5,74
478;1,23;2,09;338;false;true;true;7,06;0;5,85
479;1,23;2,17;338;false;true;true;7,16;0;6,01
480;1,23;2,37;338;false;true;true;7,3;0;6,29
481;1,23;2,35;337;false;true;true;7,09;0;5,64
482;1,24;2,31;337;false;true;true;7,01;0;5,77
483;1,24;2,39;337;false;true;true;7;0;5,99
484;1,24;2,33;336;false;true;true;6,53;0;5,2
485;1,24;2,22;336;false;true;true;6,5;0;5,25
486;1,24;2,15;336;false;true;true;6,49;0;5,3
487;1,25;2,11;336;false;true;true;6,52;0;5,36
488;1,25;2,08;336;false;true;true;6,6;0;5,42
489;1,25;2,07;336;false;true;true;6,68;0;5,49
490;1,25;2,08;336;false;true;true;6,76;0;5,58
491;1,25;2,15;336;false;true;true;6,86;0;5,72
492;1,26;2,35;335;false;true;true;6,82;0;5,2
493;1,26;2,17;335;false;true;true;6,64;0;5,24
494;1,26;2,06;335;false;true;true;6,53;0;5,28
495;1,26;2;335;false;true;true;6,51;0;5,32
496;1,26;1,95;335;false;true;true;6,55;0;5,36
497;1,27;1,92;335;false;true;true;6,61;0;5,4
498;1,27;1,89;335;false;true;true;6,65;0;5,45
499;1,27;1,87;335;false;true;true;6,7;0;5,5
500;1,27;1,87;335;false;true;true;6,75;0;5,56
501;1,27;1,88;335;false;true;true;6,8;0;5,64
502;1,28;1,91;335;false;true;true;6,86;0;5,75
503;1,28;2,01;335;false;true;true;6,94;0;5,92
504;1,28;2,1;334;false;true;true;6,78;0;5,32
505;1,28;1,96;334;false;true;true;6,63;0;5,36
506;1,28;1,87;334;false;true;true;6,53;0;5,39
507;1,29;1,81;334;false;true;true;6,52;0;5,43
508;1,29;1,77;334;false;true;true;6,56;0;5,47
509;1,29;1,74;334;false;true;true;6,61;0;5,51
510;1,29;1,71;334;false;true;true;6,65;0;5,55
511;1,29;1,7;334;false;true;true;6,7;0;5,6
512;1,3;1,68;334;false;true;true;6,73;0;5,65
513;1,3;1,69;334;false;true;true;6,78;0;5,71
514;1,3;1,71;334;false;true;true;6,84;0;5,79
515;1,3;1,75;334;false;true;true;6,9;0;5,9
516;1,3;1,85;334;false;true;true;6,98;0;6,08
517;1,31;2,25;333;false;true;true;6,81;0;5,72
518;1,31;2,31;333;false;true;true;6,62;0;6,08
519;1,31;1,55;332;false;true;true;6,63;0;5,25
520;1,31;1,5;332;false;true;true;6,59;0;5,27
521;1,31;1,46;332;false;true;true;6,55;0;5,28
522;1,32;1,42;332;false;true;true;6,52;0;5,29
523;1,32;1,38;332;false;true;true;6,5;0;5,31
524;1,32;1,35;332;false;true;true;6,48;0;5,32
525;1,32;1,32;332;false;true;true;6,46;0;5,33
526;1,32;1,3;332;false;true;true;6,45;0;5,35
527;1,33;1,27;332;false;true;true;6,43;0;5,36
528;1,33;1,25;332;false;true;true;6,43;0;5,38
529;1,33;1,22;332;false;true;true;6,42;0;5,4
530;1,33;1,21;332;false;true;true;6,41;0;5,41
531;1,34;1,18;332;false;true;true;6,4;0;5,43
532;1,34;1,17;332;false;true;true;6,4;0;5,45
533;1,34;1,15;332;false;true;true;6,4;0;5,48
534;1,34;1,14;332;false;true;true;6,4;0;5,5
535;1,34;1,13;332;false;true;true;6,4;0;5,52
536;1,35;1,12;332;false;true;true;6,41;0;5,55
537;1,35;1,11;332;false;true;true;6,42;0;5,58
538;1,35;1,12;332;false;true;true;6,44;0;5,62
539;1,35;1,12;332;false;true;true;6,45;0;5,66
540;1,35;1,13;332;false;true;true;6,48;0;5,71
541;1,36;1,15;332;false;true;true;6,51;0;5,77
542;1,36;1,18;332;false;true;true;6,56;0;5,84
543;1,36;1,23;332;false;true;true;6,61;0;5,95
544;1,36;1,36;332;false;true;true;6,69;0;6,12
545;1,36;1,56;331;false;true;true;6,15;0;5,49
546;1,37;1,56;331;false;true;true;6,11;0;5,59
547;1,37;1,59;331;false;true;true;6,18;0;5,72
548;1,37;1,68;331;false;true;true;6,35;0;5,9
549;1,37;1,86;330;false;true;true;6,07;0;5,32
550;1,37;1,86;330;false;true;true;6,1;0;5,48
551;1,38;2,01;330;false;true;true;6,16;0;5,77
552;1,38;1,78;329;false;true;true;5,92;0;5,05
553;1,38;1,67;329;false;true;true;5,85;0;5,1
554;1,38;1,62;329;false;true;true;5,83;0;5,15
555;1,38;1,58;329;false;true;true;5,84;0;5,21
556;1,38;1,57;329;false;true;true;5,95;0;5,27
557;1,39;1,55;329;false;true;true;6,03;0;5,33
558;1,39;1,55;329;false;true;true;6,11;0;5,41
559;1,39;1,57;329;false;true;true;6,19;0;5,51
560;1,39;1,62;329;false;true;true;6,28;0;5,65
561;1,39;1,73;329;false;true;true;6,39;0;5,86
562;1,4;1,6;328;false;true;true;5,83;0;4,98
563;1,4;1,68;328;false;true;true;5,9;0;5,14
564;1,4;1,69;327;false;true;true;5,7;0;4,53
565;1,4;1,57;327;false;true;true;5,57;0;4,55
566;1,4;1,49;327;false;true;true;5,47;0;4,57
567;1,41;1,44;327;false;true;true;5,42;0;4,6
568;1,41;1,4;327;false;true;true;5,44;0;4,62
569;1,41;1,36;327;false;true;true;5,49;0;4,64
570;1,41;1,33;327;false;true;true;5,51;0;4,66
571;1,41;1,3;327;false;true;true;5,54;0;4,68
572;1,42;1,27;327;false;true;true;5,56;0;4,71
573;1,42;1,25;327;false;true;true;5,58;0;4,73
574;1,42;1,23;327;false;true;true;5,6;0;4,75
575;1,42;1,22;327;false;true;true;5,62;0;4,78
576;1,42;1,21;327;false;true;true;5,64;0;4,81
577;1,43;1,19;327;false;true;true;5,66;0;4,84
578;1,43;1,18;327;false;true;true;5,68;0;4,87
579;1,43;1,18;327;false;true;true;5,7;0;4,91
580;1,43;1,18;327;false;true;true;5,73;0;4,96
581;1,43;1,19;327;false;true;true;5,76;0;5,01
582;1,44;1,22;327;false;true;true;5,8;0;5,09
583;1,44;1,29;327;false;true;true;5,85;0;5,21
584;1,44;1,43;326;false;true;true;5,59;0;4,59
585;1,44;1,31;326;false;true;true;5,46;0;4,61
586;1,45;1,23;326;false;true;true;5,37;0;4,63
587;1,45;1,17;326;false;true;true;5,33;0;4,64
588;1,45;1,13;326;false;true;true;5,37;0;4,65
589;1,45;1,09;326;false;true;true;5,41;0;4,67
590;1,45;1,06;326;false;true;true;5,43;0;4,68
591;1,46;1,03;326;false;true;true;5,45;0;4,69
592;1,46;1;326;false;true;true;5,45;0;4,7
593;1,46;0,98;326;false;true;true;5,46;0;4,71
594;1,46;0,96;326;false;true;true;5,47;0;4,72
595;1,46;0,94;326;false;true;true;5,47;0;4,73
596;1,47;0,92;326;false;true;true;5,47;0;4,74
597;1,47;0,9;326;false;true;true;5,47;0;4,75
598;1,47;0,88;326;false;true;true;5,47;0;4,75
599;1,47;0,87;326;false;true;true;5,47;0;4,76
600;1,47;0,85;326;false;true;true;5,47;0;4,77
601;1,48;0,84;326;false;true;true;5,47;0;4,78
602;1,48;0,82;326;false;true;true;5,47;0;4,79
603;1,48;0,81;326;false;true;true;5,47;0;4,79
604;1,48;0,8;326;false;true;true;5,47;0;4,8
605;1,48;0,79;326;false;true;true;5,47;0;4,81
606;1,49;0,78;326;false;true;true;5,47;0;4,82
607;1,49;0,77;326;false;true;true;5,47;0;4,83
608;1,49;0,76;326;false;true;true;5,46;0;4,83
609;1,49;0,74;326;false;true;true;5,46;0;4,84
610;1,49;0,74;326;false;true;true;5,46;0;4,85
611;1,5;0,73;326;false;true;true;5,47;0;4,86
612;1,5;0,73;326;false;true;true;5,47;0;4,87
613;1,5;0,72;326;false;true;true;5,47;0;4,88
614;1,5;0,71;326;false;true;true;5,47;0;4,89
615;1,5;0,7;326;false;true;true;5,47;0;4,9
616;1,51;0,7;326;false;true;true;5,48;0;4,91
617;1,51;0,7;326;false;true;true;5,49;0;4,92
618;1,51;0,69;326;false;true;true;5,48;0;4,93
619;1,51;0,68;326;false;true;true;5,49;0;4,95
620;1,51;0,68;326;false;true;true;5,5;0;4,96
621;1,52;0,68;326;false;true;true;5,51;0;4,98
622;1,52;0,68;326;false;true;true;5,52;0;4,99
623;1,52;0,68;326;false;true;true;5,53;0;5,01
624;1,52;0,69;326;false;true;true;5,54;0;5,03
625;1,52;0,69;326;false;true;true;5,55;0;5,05
626;1,53;0,69;326;false;true;true;5,57;0;5,07
627;1,53;0,71;326;false;true;true;5,59;0;5,1
628;1,53;0,71;326;false;true;true;5,6;0;5,13
629;1,53;0,73;326;false;true;true;5,63;0;5,17
630;1,53;0,76;326;false;true;true;5,66;0;5,22
631;1,54;0,8;326;false;true;true;5,7;0;5,29
632;1,54;0,88;326;false;true;true;5,76;0;5,39
633;1,54;1,04;325;false;true;true;5,3;0;4,69
634;1,54;0,98;325;false;true;true;5,23;0;4,71
635;1,54;0,94;325;false;true;true;5,19;0;4,74
636;1,55;0,91;325;false;true;true;5,2;0;4,77
637;1,55;0,9;325;false;true;true;5,25;0;4,8
638;1,55;0,9;325;false;true;true;5,3;0;4,84
639;1,55;0,91;325;false;true;true;5,35;0;4,89
640;1,55;0,94;325;false;true;true;5,4;0;4,96
641;1,56;1,01;325;false;true;true;5,46;0;5,08
642;1,56;1,15;324;false;true;true;5,04;0;4,38
643;1,56;1,06;324;false;true;true;4,95;0;4,4
644;1,56;1,01;324;false;true;true;4,91;0;4,41
645;1,56;0,97;324;false;true;true;4,9;0;4,42
646;1,57;0,93;324;false;true;true;4,94;0;4,43
647;1,57;0,9;324;false;true;true;4,97;0;4,44
648;1,57;0,88;324;false;true;true;5;0;4,45
649;1,57;0,86;324;false;true;true;5,02;0;4,46
650;1,57;0,84;324;false;true;true;5,04;0;4,47
651;1,58;0,83;324;false;true;true;5,05;0;4,48
652;1,58;0,81;324;false;true;true;5,06;0;4,49
653;1,58;0,8;324;false;true;true;5,07;0;4,49
654;1,58;0,78;324;false;true;true;5,07;0;4,5
655;1,58;0,76;324;false;true;true;5,07;0;4,51
656;1,59;0,76;324;false;true;true;5,08;0;4,51
657;1,59;0,74;324;false;true;true;5,08;0;4,52
658;1,59;0,73;324;false;true;true;5,08;0;4,53
659;1,59;0,72;324;false;true;true;5,08;0;4,53
660;1,59;0,71;324;false;true;true;5,09;0;4,54
661;1,6;0,7;324;false;true;true;5,09;0;4,55
662;1,6;0,69;324;false;true;true;5,09;0;4,55
663;1,6;0,68;324;false;true;true;5,09;0;4,56
664;1,6;0,67;324;false;true;true;5,09;0;4,56
665;1,6;0,67;324;false;true;true;5,1;0;4,57
666;1,61;0,66;324;false;true;true;5,11;0;4,58
667;1,61;0,65;324;false;true;true;5,1;0;4,58
668;1,61;0,64;324;false;true;true;5,1;0;4,59
669;1,61;0,64;324;false;true;true;5,1;0;4,6
670;1,61;0,63;324;false;true;true;5,1;0;4,6
671;1,62;0,62;324;false;true;true;5,1;0;4,61
672;1,62;0,62;324;false;true;true;5,11;0;4,61
673;1,62;0,61;324;false;true;true;5,11;0;4,62
674;1,62;0,61;324;false;true;true;5,12;0;4,63
675;1,62;0,61;324;false;true;true;5,12;0;4,63
676;1,63;0,6;324;false;true;true;5,13;0;4,64
677;1,63;0,6;324;false;true;true;5,13;0;4,65
678;1,63;0,59;324;false;true;true;5,13;0;4,66
679;1,63;0,58;324;false;true;true;5,13;0;4,66
680;1,63;0,58;324;false;true;true;5,13;0;4,67
681;1,64;0,57;324;false;true;true;5,13;0;4,68
682;1,64;0,57;324;false;true;true;5,14;0;4,69
683;1,64;0,57;324;false;true;true;5,14;0;4,7
684;1,64;0,57;324;false;true;true;5,15;0;4,71
685;1,64;0,57;324;false;true;true;5,16;0;4,72
686;1,65;0,57;324;false;true;true;5,17;0;4,73
687;1,65;0,57;324;false;true;true;5,18;0;4,74
688;1,65;0,57;324;false;true;true;5,19;0;4,76
689;1,65;0,57;324;false;true;true;5,2;0;4,77
690;1,65;0,58;324;false;true;true;5,21;0;4,79
691;1,66;0,58;324;false;true;true;5,22;0;4,81
692;1,66;0,59;324;false;true;true;5,23;0;4,83
693;1,66;0,6;324;false;true;true;5,25;0;4,85
694;1,66;0,61;324;false;true;true;5,27;0;4,88
695;1,66;0,63;324;false;true;true;5,29;0;4,92
696;1,67;0,66;324;false;true;true;5,32;0;4,98
697;1,67;0,71;324;false;true;true;5,37;0;5,05
698;1,67;0,8;324;false;true;true;5,43;0;5,18
699;1,67;0,87;323;false;true;true;4,98;0;4,45
700;1,67;0,81;323;false;true;true;4,9;0;4,46
701;1,68;0,77;323;false;true;true;4,86;0;4,47
702;1,68;0,73;323;false;true;true;4,83;0;4,48
703;1,68;0,71;323;false;true;true;4,87;0;4,49
704;1,68;0,69;323;false;true;true;4,9;0;4,49
705;1,68;0,67;323;false;true;true;4,92;0;4,5
706;1,69;0,66;323;false;true;true;4,94;0;4,5
707;1,69;0,64;323;false;true;true;4,95;0;4,51
708;1,69;0,62;323;false;true;true;4,95;0;4,51
709;1,69;0,61;323;false;true;true;4,96;0;4,52
710;1,69;0,6;323;false;true;true;4,96;0;4,52
711;1,7;0,59;323;false;true;true;4,97;0;4,53
712;1,7;0,58;323;false;true;true;4,97;0;4,53
713;1,7;0,57;323;false;true;true;4,97;0;4,54
714;1,7;0,56;323;false;true;true;4,97;0;4,54
715;1,7;0,55;323;false;true;true;4,97;0;4,55
716;1,71;0,55;323;false;true;true;4,98;0;4,55
717;1,71;0,54;323;false;true;true;4,98;0;4,55
718;1,71;0,53;323;false;true;true;4,98;0;4,56
719;1,71;0,53;323;false;true;true;4,99;0;4,56
720;1,71;0,52;323;false;true;true;4,98;0;4,57
721;1,72;0,52;323;false;true;true;4,99;0;4,57
722;1,72;0,51;323;false;true;true;4,99;0;4,57
723;1,72;0,5;323;false;true;true;4,98;0;4,58
724;1,72;0,5;323;false;true;true;4,98;0;4,58
725;1,72;0,49;323;false;true;true;4,99;0;4,58
726;1,73;0,48;323;false;true;true;4,98;0;4,59
727;1,73;0,47;323;false;true;true;4,98;0;4,59
728;1,73;0,47;323;false;true;true;4,98;0;4,59
729;1,73;0,46;323;false;true;true;4,98;0;4,6
730;1,74;0,46;323;false;true;true;4,98;0;4,6
731;1,74;0,45;323;false;true;true;4,98;0;4,61
732;1,74;0,45;323;false;true;true;4,98;0;4,61
733;1,74;0,45;323;false;true;true;4,98;0;4,61
734;1,74;0,44;323;false;true;true;4,98;0;4,62
735;1,75;0,43;323;false;true;true;4,98;0;4,62
736;1,75;0,43;323;false;true;true;4,98;0;4,62
737;1,75;0,43;323;false;true;true;4,98;0;4,63
738;1,75;0,42;323;false;true;true;4,98;0;4,63
739;1,75;0,41;323;false;true;true;4,98;0;4,63
740;1,75;0,42;323;false;true;true;4,98;0;4,64
741;1,76;0,42;323;false;true;true;4,99;0;4,64
742;1,76;0,42;323;false;true;true;4,99;0;4,64
743;1,76;0,41;323;false;true;true;4,99;0;4,65
744;1,76;0,41;323;false;true;true;4,99;0;4,65
745;1,76;0,4;323;false;true;true;4,99;0;4,66
746;1,77;0,4;323;false;true;true;4,99;0;4,66
747;1,77;0,39;323;false;true;true;4,99;0;4,66
748;1,77;0,39;323;false;true;true;4,99;0;4,67
749;1,77;0,38;323;false;true;true;4,99;0;4,67
750;1,77;0,38;323;false;true;true;4,98;0;4,67
751;1,78;0,37;323;false;true;true;4,99;0;4,68
752;1,78;0,37;323;false;true;true;4,99;0;4,68
753;1,78;0,37;323;false;true;true;5;0;4,69
754;1,78;0,37;323;false;true;true;5;0;4,69
755;1,78;0,36;323;false;true;true;4,99;0;4,7
756;1,79;0,36;323;false;true;true;5;0;4,7
757;1,79;0,36;323;false;true;true;5;0;4,7
758;1,79;0,36;323;false;true;true;5;0;4,71
759;1,79;0,35;323;false;true;true;5;0;4,71
760;1,79;0,35;323;false;true;true;5;0;4,72
761;1,8;0,35;323;false;true;true;5,01;0;4,72
762;1,8;0,35;323;false;true;true;5,01;0;4,73
763;1,8;0,34;323;false;true;true;5,01;0;4,73
764;1,8;0,34;323;false;true;true;5,01;0;4,74
765;1,8;0,34;323;false;true;true;5,02;0;4,74
766;1,81;0,34;323;false;true;true;5,02;0;4,75
767;1,81;0,34;323;false;true;true;5,02;0;4,76
768;1,81;0,34;323;false;true;true;5,03;0;4,76
769;1,81;0,34;323;false;true;true;5,03;0;4,77
770;1,82;0,34;323;false;true;true;5,03;0;4,77
771;1,82;0,34;323;false;true;true;5,04;0;4,78
772;1,82;0,34;323;false;true;true;5,05;0;4,79
773;1,82;0,34;323;false;true;true;5,06;0;4,8
774;1,82;0,34;323;false;true;true;5,06;0;4,8
775;1,83;0,34;323;false;true;true;5,07;0;4,81
776;1,83;0,34;323;false;true;true;5,07;0;4,82
777;1,83;0,35;323;false;true;true;5,08;0;4,83
778;1,83;0,34;323;false;true;true;5,09;0;4,84
779;1,83;0,34;323;false;true;true;5,09;0;4,85
780;1,84;0,35;323;false;true;true;5,1;0;4,87
781;1,84;0,35;323;false;true;true;5,11;0;4,88
782;1,84;0,36;323;false;true;true;5,13;0;4,9
783;1,84;0,37;323;false;true;true;5,14;0;4,92
784;1,84;0,38;323;false;true;true;5,16;0;4,94
785;1,85;0,4;323;false;true;true;5,19;0;4,96
786;1,85;0,41;323;false;true;true;5,2;0;5
787;1,85;0,43;323;false;true;true;5,23;0;5,04
788;1,85;0,47;323;false;true;true;5,26;0;5,1
789;1,85;0,53;323;false;true;true;5,31;0;5,18
790;1,86;0,66;323;false;true;true;5,38;0;5,34
791;1,86;0,68;322;false;true;true;4,87;0;4,52
792;1,86;0,62;322;false;true;true;4,8;0;4,53
793;1,86;0,58;322;false;true;true;4,76;0;4,54
794;1,86;0,55;322;false;true;true;4,75;0;4,55
795;1,87;0,53;322;false;true;true;4,79;0;4,56
796;1,87;0,51;322;false;true;true;4,82;0;4,57
797;1,87;0,5;322;false;true;true;4,84;0;4,57
798;1,87;0,48;322;false;true;true;4,86;0;4,58
799;1,87;0,47;322;false;true;true;4,87;0;4,58
800;1,88;0,46;322;false;true;true;4,88;0;4,59
801;1,88;0,45;322;false;true;true;4,88;0;4,59
802;1,88;0,44;322;false;true;true;4,89;0;4,6
803;1,88;0,43;322;false;true;true;4,9;0;4,6
804;1,88;0,43;322;false;true;true;4,91;0;4,61
805;1,88;0,42;322;false;true;true;4,91;0;4,62
806;1,89;0,41;322;false;true;true;4,91;0;4,62
807;1,89;0,41;322;false;true;true;4,92;0;4,63
808;1,89;0,4;322;false;true;true;4,92;0;4,63
809;1,89;0,4;322;false;true;true;4,93;0;4,64
810;1,89;0,4;322;false;true;true;4,94;0;4,64
811;1,9;0,4;322;false;true;true;4,94;0;4,65
812;1,9;0,39;322;false;true;true;4,94;0;4,65
813;1,9;0,38;322;false;true;true;4,94;0;4,66
814;1,9;0,38;322;false;true;true;4,95;0;4,67
815;1,9;0,38;322;false;true;true;4,95;0;4,67
816;1,91;0,38;322;false;true;true;4,95;0;4,68
817;1,91;0,37;322;false;true;true;4,96;0;4,69
818;1,91;0,37;322;false;true;true;4,96;0;4,7
819;1,91;0,37;322;false;true;true;4,97;0;4,71
820;1,91;0,37;322;false;true;true;4,98;0;4,72
821;1,92;0,37;322;false;true;true;4,98;0;4,73
822;1,92;0,37;322;false;true;true;4,99;0;4,74
823;1,92;0,38;322;false;true;true;5;0;4,75
824;1,92;0,38;322;false;true;true;5,01;0;4,77
825;1,92;0,39;322;false;true;true;5,03;0;4,79
826;1,93;0,4;322;false;true;true;5,05;0;4,81
827;1,93;0,42;322;false;true;true;5,07;0;4,84
828;1,93;0,44;322;false;true;true;5,09;0;4,88
829;1,93;0,47;322;false;true;true;5,12;0;4,94
830;1,93;0,54;322;false;true;true;5,17;0;5,03
831;1,94;0,73;321;false;true;true;4,68;0;4,3
832;1,94;0,66;321;false;true;true;4,6;0;4,31
833;1,94;0,61;321;false;true;true;4,55;0;4,32
834;1,94;0,58;321;false;true;true;4,55;0;4,32
835;1,95;0,56;321;false;true;true;4,59;0;4,33
836;1,95;0,54;321;false;true;true;4,61;0;4,33
837;1,95;0,52;321;false;true;true;4,63;0;4,34
838;1,95;0,52;321;false;true;true;4,64;0;4,34
839;1,95;0,5;321;false;true;true;4,65;0;4,35
840;1,95;0,49;321;false;true;true;4,66;0;4,35
841;1,96;0,49;321;false;true;true;4,67;0;4,36
842;1,96;0,48;321;false;true;true;4,67;0;4,36
843;1,96;0,47;321;false;true;true;4,67;0;4,36
844;1,96;0,46;321;false;true;true;4,68;0;4,37
845;1,96;0,46;321;false;true;true;4,68;0;4,37
846;1,97;0,45;321;false;true;true;4,68;0;4,37
847;1,97;0,45;321;false;true;true;4,69;0;4,37
848;1,97;0,43;321;false;true;true;4,68;0;4,38
849;1,97;0,43;321;false;true;true;4,68;0;4,38
850;1,97;0,42;321;false;true;true;4,69;0;4,38
851;1,97;0,42;321;false;true;true;4,69;0;4,38
852;1,98;0,42;321;false;true;true;4,7;0;4,39
853;1,98;0,41;321;false;true;true;4,69;0;4,39
854;1,98;0,4;321;false;true;true;4,69;0;4,39
855;1,98;0,4;321;false;true;true;4,69;0;4,39
856;1,98;0,39;321;false;true;true;4,69;0;4,39
857;1,98;0,39;321;false;true;true;4,69;0;4,4
858;1,99;0,39;321;false;true;true;4,69;0;4,4
859;1,99;0,38;321;false;true;true;4,69;0;4,4
860;1,99;0,38;321;false;true;true;4,69;0;4,4
861;1,99;0,37;321;false;true;true;4,69;0;4,4
862;1,99;0,37;321;false;true;true;4,69;0;4,4
863;2;0,36;321;false;true;true;4,69;0;4,41
864;2;0,36;321;false;true;true;4,69;0;4,41
865;2;0,36;321;false;true;true;4,69;0;4,41
866;2;0,35;321;false;true;true;4,69;0;4,41
867;2;0,35;321;false;true;true;4,69;0;4,41
868;2,01;0,35;321;false;true;true;4,69;0;4,41
869;2,01;0,34;321;false;true;true;4,68;0;4,42
870;2,01;0,34;321;false;true;true;4,69;0;4,42
871;2,01;0,33;321;false;true;true;4,68;0;4,42
872;2,01;0,33;321;false;true;true;4,68;0;4,42
873;2,02;0,32;321;false;true;true;4,68;0;4,42
874;2,02;0,32;321;false;true;true;4,68;0;4,42
875;2,02;0,32;321;false;true;true;4,68;0;4,42
876;2,02;0,31;321;false;true;true;4,68;0;4,42
877;2,02;0,31;321;false;true;true;4,68;0;4,43
878;2,03;0,31;321;false;true;true;4,68;0;4,43
879;2,03;0,3;321;false;true;true;4,68;0;4,43
880;2,03;0,3;321;false;true;true;4,68;0;4,43
881;2,03;0,3;321;false;true;true;4,67;0;4,43
882;2,04;0,3;321;false;true;true;4,68;0;4,43
883;2,04;0,3;321;false;true;true;4,68;0;4,43
884;2,04;0,29;321;false;true;true;4,67;0;4,43
885;2,04;0,28;321;false;true;true;4,67;0;4,43
886;2,04;0,28;321;false;true;true;4,66;0;4,43
887;2,05;0,27;321;false;true;true;4,66;0;4,44
888;2,05;0,27;321;false;true;true;4,66;0;4,44
889;2,05;0,27;321;false;true;true;4,66;0;4,44
890;2,05;0,27;321;false;true;true;4,66;0;4,44
891;2,05;0,27;321;false;true;true;4,66;0;4,44
892;2,06;0,26;321;false;true;true;4,66;0;4,44
893;2,06;0,26;321;false;true;true;4,66;0;4,44
894;2,06;0,26;321;false;true;true;4,66;0;4,44
895;2,06;0,26;321;false;true;true;4,66;0;4,44
896;2,06;0,26;321;false;true;true;4,66;0;4,44
897;2,07;0,25;321;false;true;true;4,65;0;4,44
898;2,07;0,25;321;false;true;true;4,65;0;4,44
899;2,07;0,25;321;false;true;true;4,65;0;4,44
900;2,07;0,24;321;false;true;true;4,65;0;4,45
901;2,07;0,24;321;false;true;true;4,65;0;4,45
902;2,08;0,24;321;false;true;true;4,65;0;4,45
903;2,08;0,24;321;false;true;true;4,65;0;4,45
904;2,08;0,24;321;false;true;true;4,65;0;4,45
905;2,08;0,23;321;false;true;true;4,65;0;4,45
906;2,08;0,23;321;false;true;true;4,65;0;4,45
907;2,09;0,22;321;false;true;true;4,64;0;4,45
908;2,09;0,23;321;false;true;true;4,64;0;4,45
909;2,09;0,22;321;false;true;true;4,64;0;4,45
910;2,09;0,22;321;false;true;true;4,64;0;4,45
911;2,09;0,21;321;false;true;true;4,63;0;4,45
912;2,1;0,21;321;false;true;true;4,64;0;4,45
913;2,1;0,21;321;false;true;true;4,64;0;4,45
914;2,1;0,21;321;false;true;true;4,64;0;4,46
915;2,1;0,21;321;false;true;true;4,63;0;4,46
916;2,1;0,21;321;false;true;true;4,64;0;4,46
917;2,11;0,21;321;false;true;true;4,64;0;4,46
918;2,11;0,21;321;false;true;true;4,63;0;4,46
919;2,11;0,21;321;false;true;true;4,64;0;4,46
920;2,11;0,21;321;false;true;true;4,64;0;4,46
921;2,11;0,2;321;false;true;true;4,63;0;4,46
922;2,12;0,2;321;false;true;true;4,63;0;4,46
923;2,12;0,19;321;false;true;true;4,63;0;4,46
924;2,12;0,19;321;false;true;true;4,63;0;4,46
925;2,12;0,2;321;false;true;true;4,63;0;4,46
926;2,12;0,19;321;false;true;true;4,63;0;4,46
927;2,12;0,19;321;false;true;true;4,63;0;4,46
928;2,13;0,19;321;false;true;true;4,63;0;4,46
929;2,13;0,19;321;false;true;true;4,63;0;4,46
930;2,13;0,19;321;false;true;true;4,62;0;4,47
931;2,13;0,19;321;false;true;true;4,62;0;4,47
932;2,13;0,19;321;false;true;true;4,63;0;4,47
933;2,14;0,18;321;false;true;true;4,63;0;4,47
934;2,14;0,18;321;false;true;true;4,62;0;4,47
935;2,14;0,18;321;false;true;true;4,62;0;4,47
936;2,14;0,17;321;false;true;true;4,62;0;4,47
937;2,14;0,17;321;false;true;true;4,62;0;4,47
938;2,15;0,17;321;false;true;true;4,62;0;4,47
939;2,15;0,17;321;false;true;true;4,62;0;4,47
940;2,15;0,17;321;false;true;true;4,61;0;4,47
941;2,15;0,16;321;false;true;true;4,61;0;4,47
942;2,15;0,16;321;false;true;true;4,61;0;4,47
943;2,16;0,16;321;false;true;true;4,61;0;4,47
944;2,16;0,16;321;false;true;true;4,61;0;4,47
945;2,16;0,16;321;false;true;true;4,61;0;4,47
946;2,16;0,16;321;false;true;true;4,61;0;4,47
947;2,16;0,16;321;false;true;true;4,61;0;4,48
948;2,17;0,16;321;false;true;true;4,61;0;4,48
949;2,17;0,16;321;false;true;true;4,61;0;4,48
950;2,17;0,15;321;false;true;true;4,61;0;4,48
951;2,17;0,15;321;false;true;true;4,61;0;4,48
952;2,17;0,15;321;false;true;true;4,61;0;4,48
953;2,18;0,15;321;false;true;true;4,6;0;4,48
954;2,18;0,15;321;false;true;true;4,61;0;4,48
955;2,18;0,15;321;false;true;true;4,61;0;4,48
956;2,18;0,15;321;false;true;true;4,61;0;4,48
957;2,18;0,15;321;false;true;true;4,61;0;4,48
958;2,19;0,15;321;false;true;true;4,61;0;4,48
959;2,19;0,14;321;false;true;true;4,6;0;4,48
960;2,19;0,14;321;false;true;true;4,61;0;4,48
961;2,19;0,14;321;false;true;true;4,61;0;4,48
962;2,19;0,14;321;false;true;true;4,61;0;4,48
963;2,2;0,14;321;false;true;true;4,61;0;4,48
964;2,2;0,14;321;false;true;true;4,61;0;4,49
965;2,2;0,14;321;false;true;true;4,61;0;4,49
966;2,2;0,14;321;false;true;true;4,6;0;4,49
967;2,2;0,13;321;false;true;true;4,6;0;4,49
968;2,21;0,13;321;false;true;true;4,6;0;4,49
969;2,21;0,12;321;false;true;true;4,59;0;4,49
970;2,21;0,12;321;false;true;true;4,59;0;4,49
971;2,21;0,12;321;false;true;true;4,59;0;4,49
972;2,21;0,12;321;false;true;true;4,59;0;4,49
973;2,22;0,13;321;false;true;true;4,6;0;4,49
974;2,22;0,13;321;false;true;true;4,6;0;4,49
975;2,22;0,13;321;false;true;true;4,6;0;4,49
976;2,22;0,13;321;false;true;true;4,6;0;4,49
977;2,22;0,12;321;false;true;true;4,6;0;4,49
978;2,23;0,12;321;false;true;true;4,6;0;4,49
979;2,23;0,12;321;false;true;true;4,6;0;4,49
980;2,23;0,12;321;false;true;true;4,59;0;4,49
981;2,23;0,12;321;false;true;true;4,6;0;4,5
982;2,23;0,12;321;false;true;true;4,6;0;4,5
983;2,24;0,12;321;false;true;true;4,6;0;4,5
984;2,24;0,12;321;false;true;true;4,6;0;4,5
985;2,24;0,12;321;false;true;true;4,6;0;4,5
986;2,24;0,12;321;false;true;true;4,6;0;4,5
987;2,24;0,12;321;false;true;true;4,6;0;4,5
988;2,25;0,11;321;false;true;true;4,6;0;4,5
989;2,25;0,11;321;false;true;true;4,6;0;4,5
990;2,25;0,11;321;false;true;true;4,6;0;4,5
991;2,25;0,11;321;false;true;true;4,6;0;4,5
992;2,26;0,11;321;false;true;true;4,6;0;4,5
993;2,26;0,11;321;false;true;true;4,59;0;4,5
994;2,26;0,1;321;false;true;true;4,59;0;4,5
995;2,26;0,1;321;false;true;true;4,59;0;4,5
996;2,26;0,1;321;false;true;true;4,59;0;4,51
997;2,27;0,1;321;false;true;true;4,59;0;4,51
998;2,27;0,1;321;false;true;true;4,59;0;4,51
999;2,27;0,1;321;false;true;true;4,59;0;4,51
1000;2,27;0,1;321;false;true;true;4,59;0;4,51
1001;2,27;0,1;321;false;true;true;4,59;0;4,51
1002;2,28;0,1;321;false;true;true;4,59;0;4,51
1003;2,28;0,09;321;false;true;true;4,59;0;4,51
1004;2,28;0,1;321;false;true;true;4,59;0;4,51
1005;2,28;0,1;321;false;true;true;4,6;0;4,51
1006;2,28;0,1;321;false;true;true;4,59;0;4,51
1007;2,29;0,1;321;false;true;true;4,59;0;4,51
1008;2,29;0,1;321;false;true;true;4,59;0;4,51
1009;2,29;0,1;321;false;true;true;4,59;0;4,51
1010;2,29;0,1;321;false;true;true;4,6;0;4,51
1011;2,29;0,1;321;false;true;true;4,6;0;4,52
1012;2,3;0,09;321;false;true;true;4,6;0;4,52
1013;2,3;0,09;321;false;true;true;4,6;0;4,52
1014;2,3;0,09;321;false;true;true;4,59;0;4,52
1015;2,3;0,09;321;false;true;true;4,59;0;4,52
1016;2,3;0,09;321;false;true;true;4,59;0;4,52
1017;2,31;0,08;321;false;true;true;4,59;0;4,52
1018;2,31;0,08;321;false;true;true;4,59;0;4,52
1019;2,31;0,08;321;false;true;true;4,59;0;4,52
1020;2,31;0,08;321;false;true;true;4,59;0;4,52
1021;2,31;0,08;321;false;true;true;4,59;0;4,52
1022;2,32;0,08;321;false;true;true;4,59;0;4,52
1023;2,32;0,08;321;false;true;true;4,59;0;4,52
1024;2,32;0,08;321;false;true;true;4,59;0;4,52
1025;2,32;0,08;321;false;true;true;4,59;0;4,53
1026;2,32;0,08;321;false;true;true;4,59;0;4,53
1027;2,33;0,08;321;false;true;true;4,59;0;4,53
1028;2,33;0,07;321;false;true;true;4,59;0;4,53
1029;2,33;0,08;321;false;true;true;4,59;0;4,53
1030;2,33;0,08;321;false;true;true;4,59;0;4,53
1031;2,33;0,08;321;false;true;true;4,6;0;4,53
1032;2,34;0,07;321;false;true;true;4,59;0;4,53
1033;2,34;0,07;321;false;true;true;4,59;0;4,53
1034;2,34;0,07;321;false;true;true;4,59;0;4,53
1035;2,34;0,07;321;false;true;true;4,59;0;4,53
1036;2,34;0,08;321;false;true;true;4,6;0;4,53
1037;2,35;0,07;321;false;true;true;4,59;0;4,53
1038;2,35;0,08;321;false;true;true;4,6;0;4,54
1039;2,35;0,07;321;false;true;true;4,59;0;4,54
1040;2,35;0,07;321;false;true;true;4,59;0;4,54
1041;2,35;0,07;321;false;true;true;4,59;0;4,54
1042;2,36;0,07;321;false;true;true;4,59;0;4,54
1043;2,36;0,07;321;false;true;true;4,59;0;4,54
1044;2,36;0,07;321;false;true;true;4,59;0;4,54
1045;2,36;0,07;321;false;true;true;4,59;0;4,54
1046;2,36;0,07;321;false;true;true;4,6;0;4,54
1047;2,37;0,07;321;false;true;true;4,6;0;4,54
1048;2,37;0,07;321;false;true;true;4,6;0;4,54
1049;2,37;0,07;321;false;true;true;4,6;0;4,55
1050;2,37;0,07;321;false;true;true;4,6;0;4,55
1051;2,37;0,07;321;false;true;true;4,6;0;4,55
1052;2,38;0,07;321;false;true;true;4,6;0;4,55
1053;2,38;0,06;321;false;true;true;4,6;0;4,55
1054;2,38;0,06;321;false;true;true;4,6;0;4,55
1055;2,38;0,07;321;false;true;true;4,6;0;4,55
1056;2,38;0,07;321;false;true;true;4,61;0;4,55
1057;2,38;0,07;321;false;true;true;4,6;0;4,55
1058;2,38;0,07;321;false;true;true;4,61;0;4,56
1059;2,39;0,07;321;false;true;true;4,61;0;4,56
1060;2,39;0,07;321;false;true;true;4,61;0;4,56
1061;2,39;0,06;321;false;true;true;4,61;0;4,56
1062;2,39;0,06;321;false;true;true;4,61;0;4,56
1063;2,39;0,06;321;false;true;true;4,61;0;4,56
1064;2,4;0,06;321;false;true;true;4,61;0;4,56
1065;2,41;0,07;321;false;true;true;4,61;0;4,56
1066;2,41;0,06;321;false;true;true;4,61;0;4,57
1067;2,41;0,07;321;false;true;true;4,61;0;4,57
1068;2,42;0,07;321;false;true;true;4,62;0;4,57
1069;2,42;0,07;321;false;true;true;4,62;0;4,57
1070;2,42;0,07;321;false;true;true;4,62;0;4,57
1071;2,42;0,06;321;false;true;true;4,62;0;4,57
1072;2,42;0,06;321;false;true;true;4,62;0;4,58
1073;2,42;0,06;321;false;true;true;4,62;0;4,58
1074;2,43;0,06;321;false;true;true;4,62;0;4,58
1075;2,43;0,06;321;false;true;true;4,62;0;4,58
1076;2,43;0,07;321;false;true;true;4,63;0;4,58
1077;2,43;0,07;321;false;true;true;4,63;0;4,59
1078;2,43;0,07;321;false;true;true;4,63;0;4,59
1079;2,44;0,07;321;false;true;true;4,64;0;4,59
1080;2,44;0,07;321;false;true;true;4,64;0;4,59
1081;2,44;0,07;321;false;true;true;4,64;0;4,6
1082;2,44;0,07;321;false;true;true;4,65;0;4,6
1083;2,44;0,07;321;false;true;true;4,65;0;4,6
1084;2,45;0,07;321;false;true;true;4,65;0;4,6
1085;2,45;0,07;321;false;true;true;4,65;0;4,61
1086;2,45;0,07;321;false;true;true;4,65;0;4,61
1087;2,45;0,07;321;false;true;true;4,65;0;4,62
1088;2,45;0,07;321;false;true;true;4,66;0;4,62
1089;2,46;0,07;321;false;true;true;4,66;0;4,62
1090;2,46;0,08;321;false;true;true;4,67;0;4,63
1091;2,46;0,08;321;false;true;true;4,67;0;4,63
1092;2,46;0,09;321;false;true;true;4,68;0;4,64
1093;2,46;0,09;321;false;true;true;4,68;0;4,64
1094;2,46;0,09;321;false;true;true;4,69;0;4,65
1095;2,47;0,1;321;false;true;true;4,7;0;4,66
1096;2,47;0,1;321;false;true;true;4,71;0;4,66
1097;2,47;0,11;321;false;true;true;4,72;0;4,67
1098;2,47;0,11;321;false;true;true;4,73;0;4,68
1099;2,47;0,12;321;false;true;true;4,73;0;4,69
1100;2,47;0,12;321;false;true;true;4,74;0;4,71
1101;2,48;0,13;321;false;true;true;4,75;0;4,72
1102;2,48;0,14;321;false;true;true;4,76;0;4,74
1103;2,48;0,15;321;false;true;true;4,78;0;4,77
1104;2,48;0,18;321;false;true;true;4,81;0;4,8
1105;2,48;0,2;321;false;true;true;4,83;0;4,84
1106;2,48;0,24;321;false;true;true;4,86;0;4,9
1107;2,48;0,32;321;false;true;true;4,91;0;4,99
1108;2,49;0,47;320;false;true;true;4,42;0;4,25
1109;2,49;0,4;320;false;true;true;4,35;0;4,26
1110;2,49;0,36;320;false;true;true;4,3;0;4,27
1111;2,49;0,33;320;false;true;true;4,29;0;4,28
1112;2,49;0,31;320;false;true;true;4,33;0;4,28
1113;2,5;0,29;320;false;true;true;4,36;0;4,28
1114;2,5;0,28;320;false;true;true;4,38;0;4,29
1115;2,5;0,27;320;false;true;true;4,4;0;4,29
1116;2,5;0,25;320;false;true;true;4,4;0;4,29
1117;2,5;0,24;320;false;true;true;4,41;0;4,3
1118;2,51;0,23;320;false;true;true;4,42;0;4,3
1119;2,51;0,23;320;false;true;true;4,42;0;4,3
1120;2,51;0,22;320;false;true;true;4,43;0;4,3
1121;2,51;0,21;320;false;true;true;4,43;0;4,3
1122;2,52;0,21;320;false;true;true;4,43;0;4,3
1123;2,52;0,21;320;false;true;true;4,44;0;4,31
1124;2,52;0,2;320;false;true;true;4,44;0;4,31
1125;2,52;0,19;320;false;true;true;4,44;0;4,31
1126;2,52;0,19;320;false;true;true;4,44;0;4,31
1127;2,52;0,19;320;false;true;true;4,44;0;4,31
1128;2,53;0,18;320;false;true;true;4,44;0;4,31
1129;2,53;0,18;320;false;true;true;4,44;0;4,31
1130;2,53;0,17;320;false;true;true;4,44;0;4,32
1131;2,53;0,17;320;false;true;true;4,44;0;4,32
1132;2,53;0,17;320;false;true;true;4,44;0;4,32
1133;2,53;0,16;320;false;true;true;4,44;0;4,32
1134;2,53;0,16;320;false;true;true;4,43;0;4,32
1135;2,54;0,15;320;false;true;true;4,43;0;4,32
1136;2,54;0,15;320;false;true;true;4,43;0;4,32
1137;2,54;0,14;320;false;true;true;4,43;0;4,32
1138;2,54;0,14;320;false;true;true;4,43;0;4,32
1139;2,54;0,13;320;false;true;true;4,43;0;4,32
1140;2,54;0,13;320;false;true;true;4,42;0;4,32
1141;2,54;0,13;320;false;true;true;4,43;0;4,32
1142;2,55;0,13;320;false;true;true;4,43;0;4,32
1143;2,55;0,13;320;false;true;true;4,43;0;4,33
1144;2,55;0,12;320;false;true;true;4,42;0;4,33
1145;2,55;0,12;320;false;true;true;4,42;0;4,33
1146;2,55;0,12;320;false;true;true;4,43;0;4,33
1147;2,56;0,12;320;false;true;true;4,42;0;4,33
1148;2,56;0,11;320;false;true;true;4,42;0;4,33
1149;2,56;0,11;320;false;true;true;4,42;0;4,33
1150;2,56;0,11;320;false;true;true;4,42;0;4,33
1151;2,56;0,11;320;false;true;true;4,42;0;4,33
1152;2,57;0,11;320;false;true;true;4,42;0;4,33
1153;2,57;0,1;320;false;true;true;4,41;0;4,33
1154;2,57;0,1;320;false;true;true;4,41;0;4,33
1155;2,57;0,09;320;false;true;true;4,41;0;4,33
1156;2,57;0,09;320;false;true;true;4,41;0;4,33
1157;2,58;0,09;320;false;true;true;4,41;0;4,33
1158;2,58;0,08;320;false;true;true;4,4;0;4,33
1159;2,58;0,09;320;false;true;true;4,4;0;4,33
1160;2,58;0,08;320;false;true;true;4,4;0;4,33
1161;2,58;0,08;320;false;true;true;4,4;0;4,33
1162;2,59;0,08;320;false;true;true;4,4;0;4,33
1163;2,59;0,08;320;false;true;true;4,4;0;4,33
1164;2,59;0,07;320;false;true;true;4,4;0;4,34
1165;2,59;0,07;320;false;true;true;4,4;0;4,34
1166;2,59;0,07;320;false;true;true;4,4;0;4,34
1167;2,6;0,07;320;false;true;true;4,39;0;4,34
1168;2,6;0,07;320;false;true;true;4,39;0;4,34
1169;2,6;0,07;320;false;true;true;4,39;0;4,34
1170;2,6;0,07;320;false;true;true;4,39;0;4,34
1171;2,6;0,07;320;false;true;true;4,39;0;4,34
1172;2,61;0,07;320;false;true;true;4,39;0;4,34
1173;2,61;0,06;320;false;true;true;4,39;0;4,34
1174;2,61;0,06;320;false;true;true;4,39;0;4,34
1175;2,61;0,06;320;false;true;true;4,39;0;4,34
1176;2,62;0,06;320;false;true;true;4,39;0;4,34
1177;2,62;0,06;320;false;true;true;4,39;0;4,34
1178;2,62;0,06;320;false;true;true;4,39;0;4,34
1179;2,62;0,06;320;false;true;true;4,39;0;4,34
1180;2,62;0,05;320;false;true;true;4,38;0;4,34
1181;2,63;0,05;320;false;true;true;4,39;0;4,34
1182;2,63;0,05;320;false;true;true;4,38;0;4,34
1183;2,63;0,05;320;false;true;true;4,38;0;4,34
1184;2,63;0,05;320;false;true;true;4,38;0;4,34
1185;2,63;0,05;320;false;true;true;4,38;0;4,34
1186;2,64;0,05;320;false;true;true;4,38;0;4,34
1187;2,64;0,05;320;false;true;true;4,38;0;4,34
1188;2,64;0,05;320;false;true;true;4,38;0;4,34
1189;2,64;0,04;320;false;true;true;4,38;0;4,34
1190;2,64;0,04;320;false;true;true;4,38;0;4,34
1191;2,65;0,04;320;false;true;true;4,37;0;4,34
1192;2,65;0,04;320;false;true;true;4,37;0;4,34
1193;2,65;0,04;320;false;true;true;4,37;0;4,34
1194;2,65;0,04;320;false;true;true;4,37;0;4,34
1195;2,65;0,04;320;false;true;true;4,37;0;4,34
1196;2,66;0,04;320;false;true;true;4,37;0;4,34
1197;2,66;0,03;320;false;true;true;4,37;0;4,34
1198;2,66;0,03;320;false;true;true;4,37;0;4,34
1199;2,66;0,03;320;false;true;true;4,37;0;4,34
1200;2,66;0,03;320;false;true;true;4,37;0;4,34
1201;2,67;0,03;320;false;true;true;4,37;0;4,34
1202;2,67;0,03;320;false;true;true;4,37;0;4,34
1203;2,67;0,03;320;false;true;true;4,37;0;4,34
1204;2,67;0,03;320;false;true;true;4,37;0;4,34
1205;2,67;0,03;320;false;true;true;4,37;0;4,34
1206;2,68;0,03;320;false;true;true;4,37;0;4,34
1207;2,68;0,03;320;false;true;true;4,37;0;4,34
1208;2,68;0,03;320;false;true;true;4,37;0;4,34
1209;2,68;0,03;320;false;true;true;4,37;0;4,34
1210;2,68;0,03;320;false;true;true;4,37;0;4,34
1211;2,69;0,03;320;false;true;true;4,37;0;4,34
1212;2,69;0,03;320;false;true;true;4,37;0;4,34
1213;2,69;0,03;320;false;true;true;4,37;0;4,34
1214;2,69;0,03;320;false;true;true;4,37;0;4,34
1215;2,69;0,03;320;false;true;true;4,37;0;4,34
1216;2,69;0,03;320;false;true;true;4,37;0;4,35
1217;2,7;0,03;320;false;true;true;4,37;0;4,35
1218;2,7;0,03;320;false;true;true;4,37;0;4,35
1219;2,7;0,03;320;false;true;true;4,37;0;4,35
1220;2,7;0,03;320;false;true;true;4,37;0;4,35
1221;2,7;0,03;320;false;true;true;4,37;0;4,35
1222;2,7;0,02;320;false;true;true;4,36;0;4,35
1223;2,7;0,02;320;false;true;true;4,36;0;4,35
1224;2,7;0,02;320;false;true;true;4,36;0;4,35
1225;2,71;0,02;320;false;true;true;4,36;0;4,35
1226;2,71;0,02;320;false;true;true;4,37;0;4,35
1227;2,71;0,02;320;false;true;true;4,37;0;4,35
1228;2,71;0,02;320;false;true;true;4,37;0;4,35
1229;2,71;0,02;320;false;true;true;4,37;0;4,35
1230;2,72;0,02;320;false;true;true;4,36;0;4,35
1231;2,72;0,02;320;false;true;true;4,36;0;4,35
1232;2,72;0,02;320;false;true;true;4,37;0;4,35
1233;2,72;0,02;320;false;true;true;4,36;0;4,35
1234;2,72;0,02;320;false;true;true;4,36;0;4,35
1235;2,72;0,02;320;false;true;true;4,36;0;4,35
1236;2,73;0,02;320;false;true;true;4,36;0;4,35
1237;2,73;0,02;320;false;true;true;4,36;0;4,35
1238;2,73;0,02;320;false;true;true;4,36;0;4,35
1239;2,73;0,02;320;false;true;true;4,36;0;4,35
1240;2,74;0,02;320;false;true;true;4,36;0;4,35
1241;2,74;0,02;320;false;true;true;4,36;0;4,35
1242;2,74;0,02;320;false;true;true;4,36;0;4,35
1243;2,74;0,02;320;false;true;true;4,36;0;4,35
1244;2,74;0,02;320;false;true;true;4,36;0;4,35
1245;2,75;0,02;320;false;true;true;4,36;0;4,35
1246;2,75;0,02;320;false;true;true;4,36;0;4,35
1247;2,75;0,02;320;false;true;true;4,36;0;4,35
1248;2,75;0,01;320;false;true;true;4,36;0;4,35
1249;2,75;0,02;320;false;true;true;4,36;0;4,35
1250;2,76;0,02;320;false;true;true;4,36;0;4,35
1251;2,76;0,02;320;false;true;true;4,36;0;4,35
1252;2,76;0,02;320;false;true;true;4,36;0;4,35
1253;2,76;0,02;320;false;true;true;4,36;0;4,35
1254;2,76;0,02;320;false;true;true;4,36;0;4,35
1255;2,77;0,02;320;false;true;true;4,36;0;4,35
1256;2,77;0,02;320;false;true;true;4,36;0;4,35
1257;2,77;0,02;320;false;true;true;4,36;0;4,35
1258;2,77;0,02;320;false;true;true;4,36;0;4,35
1259;2,77;0,02;320;false;true;true;4,36;0;4,35
1260;2,78;0,02;320;false;true;true;4,36;0;4,35
1261;2,78;0,02;320;false;true;true;4,36;0;4,35
1262;2,78;0,01;320;false;true;true;4,36;0;4,35
1263;2,78;0,01;320;false;true;true;4,36;0;4,35
1264;2,78;0,01;320;false;true;true;4,36;0;4,35
1265;2,79;0,01;320;false;true;true;4,36;0;4,35
1266;2,79;0,01;320;false;true;true;4,36;0;4,35
1267;2,79;0,01;320;false;true;true;4,36;0;4,35
1268;2,79;0,01;320;false;true;true;4,36;0;4,35
1269;2,79;0,01;320;false;true;true;4,36;0;4,35
1270;2,8;0,01;320;false;true;true;4,36;0;4,35
1271;2,8;0,01;320;false;true;true;4,36;0;4,35
1272;2,8;0,01;320;false;true;true;4,36;0;4,35
1273;2,8;0,01;320;false;true;true;4,36;0;4,35
1274;2,8;0,01;320;false;true;true;4,36;0;4,35
1275;2,81;0,01;320;false;true;true;4,36;0;4,35
1276;2,81;0,01;320;false;true;true;4,36;0;4,35
1277;2,81;0,01;320;false;true;true;4,36;0;4,35
1278;2,81;0,01;320;false;true;true;4,36;0;4,35
1279;2,81;0,01;320;false;true;true;4,36;0;4,35
1280;2,82;0,01;320;false;true;true;4,36;0;4,35
1281;2,82;0,01;320;false;true;true;4,36;0;4,35
1282;2,82;0,01;320;false;true;true;4,35;0;4,35
1283;2,82;0,01;320;false;true;true;4,36;0;4,35
1284;2,82;0,01;320;false;true;true;4,35;0;4,35
1285;2,82;0,01;320;false;true;true;4,35;0;4,35
1286;2,83;0,01;320;false;true;true;4,36;0;4,35
1287;2,83;0,01;320;false;true;true;4,35;0;4,35
1288;2,83;0,01;320;false;true;true;4,35;0;4,35
1289;2,83;0,01;320;false;true;true;4,35;0;4,35
1290;2,83;0,01;320;false;true;true;4,35;0;4,35
1291;2,84;0,01;320;false;true;true;4,36;0;4,35
1292;2,84;0,01;320;false;true;true;4,36;0;4,35
1293;2,84;0,01;320;false;true;true;4,36;0;4,35
1294;2,84;0,01;320;false;true;true;4,36;0;4,35
1295;2,84;0,01;320;false;true;true;4,35;0;4,35
1296;2,84;0,01;320;false;true;true;4,35;0;4,35
1297;2,85;0;320;false;true;true;4,35;0;4,35
1298;2,85;0;320;false;true;true;4,35;0;4,35
1299;2,85;0,01;320;false;true;true;4,35;0;4,35
1300;2,85;0,01;320;false;true;true;4,35;0;4,35
1301;2,85;0,01;320;false;true;true;4,35;0;4,35
1302;2,86;0,01;320;false;true;true;4,36;0;4,35
1303;2,86;0,01;320;false;true;true;4,36;0;4,35
1304;2,86;0,01;320;false;true;true;4,35;0;4,35
1305;2,86;0,01;320;false;true;true;4,36;0;4,35
1306;2,86;0,01;320;false;true;true;4,35;0;4,35
1307;2,87;0;320;false;true;true;4,35;0;4,35
1308;2,87;0;320;false;true;true;4,35;0;4,35
1309;2,87;0;320;false;true;true;4,35;0;4,35
1310;2,87;0;320;false;true;true;4,35;0;4,35
1311;2,87;0;320;false;true;true;4,35;0;4,35
1312;2,88;0;320;false;true;true;4,35;0;4,35
1313;2,88;0;320;false;true;true;4,35;0;4,35
1314;2,88;0;320;false;true;true;4,35;0;4,35
1315;2,88;0;320;false;true;true;4,35;0;4,35
1316;2,88;0;320;false;true;true;4,35;0;4,35
1317;2,88;0;320;false;true;true;4,35;0;4,35
1318;2,89;0;320;false;true;true;4,35;0;4,35
1319;2,89;0;320;false;true;true;4,35;0;4,35
1320;2,89;0;320;false;true;true;4,35;0;4,35
1321;2,89;0;320;false;true;true;4,35;0;4,35
1322;2,89;0;320;false;true;true;4,35;0;4,35
1323;2,9;0;320;false;true;true;4,35;0;4,35
1324;2,9;0;320;false;true;true;4,35;0;4,35
1325;2,9;0;320;false;true;true;4,35;0;4,35
1326;2,9;0;320;false;true;true;4,35;0;4,35
1327;2,9;0;320;false;true;true;4,35;0;4,35
1328;2,91;0;320;false;true;true;4,35;0;4,35
1329;2,91;0;320;false;true;true;4,35;0;4,35
1330;2,91;0;320;false;true;true;4,35;0;4,35
1331;2,91;0;320;false;true;true;4,35;0;4,35
1332;2,91;0;320;false;true;true;4,35;0;4,35
1333;2,92;0;320;false;true;true;4,35;0;4,35
1334;2,92;0;320;false;true;true;4,35;0;4,35
1335;2,92;0;320;false;true;true;4,35;0;4,35
1336;2,92;0;320;false;true;true;4,35;0;4,35
1337;2,92;0;320;false;true;true;4,35;0;4,35
1338;2,93;0;320;false;true;true;4,35;0;4,35
1339;2,93;0;320;false;true;true;4,35;0;4,35
1340;2,93;0;320;false;true;true;4,35;0;4,35
1341;2,93;0;320;false;true;true;4,35;0;4,35
1342;2,93;0;320;false;true;true;4,35;0;4,35
1343;2,94;0;320;false;true;true;4,35;0;4,35
1344;2,94;0;320;false;true;true;4,35;0;4,35
1345;2,94;0;320;false;true;true;4,35;0;4,35
1346;2,94;0;320;false;true;true;4,35;0;4,35
1347;2,94;0;320;false;true;true;4,35;0;4,35
1348;2,95;0;320;false;true;true;4,35;0;4,35
1349;2,95;0;320;false;true;true;4,35;0;4,35
1350;2,95;0;320;false;true;true;4,35;0;4,35
1351;2,95;0;320;false;true;true;4,35;0;4,35
1352;2,95;0;320;false;true;true;4,35;0;4,35
1353;2,96;0;320;false;true;true;4,35;0;4,35
1354;2,96;0;320;false;true;true;4,35;0;4,35
1355;2,96;0;320;false;true;true;4,35;0;4,35
1356;2,96;0;320;false;true;true;4,35;0;4,35
1357;2,96;0;320;false;true;true;4,35;0;4,35
1358;2,97;0;320;false;true;true;4,35;0;4,35
1359;2,97;0;320;false;true;true;4,35;0;4,35
1360;2,97;0;320;false;true;true;4,35;0;4,35
1361;2,97;0;320;false;true;true;4,35;0;4,35
1362;2,97;0;320;false;true;true;4,35;0;4,35
1363;2,97;0;320;false;true;true;4,35;0;4,35
1364;2,98;0;320;false;true;true;4,35;0;4,35
1365;2,98;0;320;false;true;true;4,35;0;4,35
1366;2,98;0;320;false;true;true;4,35;0;4,35
1367;2,98;0;320;false;true;true;4,35;0;4,35
1368;2,98;0;320;false;true;true;4,35;0;4,35
1369;2,99;0;320;false;true;true;4,35;0;4,35
1370;2,99;0;320;false;true;true;4,35;0;4,35
1371;2,99;0;320;false;true;true;4,35;0;4,35
1372;2,99;0;320;false;true;true;4,35;0;4,35
1373;2,99;0;320;false;true;true;4,35;0;4,35
1374;3;0;320;false;true;true;4,35;0;4,35
1375;3;0;320;false;true;true;4,35;0;4,35
1376;3;0;320;false;true;true;4,35;0;4,35
1377;3;0;320;false;true;true;4,35;0;4,35
1378;3;0;320;false;true;true;4,35;0;4,35
1379;3,01;0;320;false;true;true;4,35;0;4,35
1380;3,01;0;320;false;true;true;4,35;0;4,35
1381;3,01;0;320;false;true;true;4,35;0;4,35
1382;3,01;0;320;false;true;true;4,35;0;4,35
1383;3,01;0;320;false;true;true;4,35;0;4,35
1384;3,02;0;320;false;true;true;4,35;0;4,35
1385;3,02;0;320;false;true;true;4,35;0;4,35
1386;3,02;0;320;false;true;true;4,35;0;4,35
1387;3,02;0;320;false;true;true;4,35;0;4,35
1388;3,02;0;320;false;true;true;4,35;0;4,35
1389;3,02;0;320;false;true;true;4,35;0;4,35
1390;3,03;0;320;false;true;true;4,35;0;4,35
1391;3,03;0;320;false;true;true;4,35;0;4,35
1392;3,03;0;320;false;true;true;4,35;0;4,35
1393;3,03;0;320;false;true;true;4,35;0;4,35
1394;3,03;0;320;false;true;true;4,35;0;4,35
1395;3,04;0;320;false;true;true;4,35;0;4,35
1396;3,04;0;320;false;true;true;4,35;0;4,35
1397;3,04;0;320;false;true;true;4,35;0;4,35
1398;3,04;0;320;false;true;true;4,35;0;4,35
1399;3,04;0;320;false;true;true;4,35;0;4,35
1400;3,05;0;320;false;true;true;4,35;0;4,35
1401;3,05;0;320;false;true;true;4,35;0;4,35
1402;3,05;0;320;false;true;true;4,35;0;4,35
1403;3,05;0;320;false;true;true;4,35;0;4,35
1404;3,05;0;320;false;true;true;4,35;0;4,35
1405;3,06;0;320;false;true;true;4,35;0;4,35
1406;3,06;0;320;false;true;true;4,35;0;4,35
1407;3,06;0;320;false;true;true;4,35;0;4,35
1408;3,06;0;320;false;true;true;4,35;0;4,35
1409;3,06;0;320;false;true;true;4,35;0;4,35
1410;3,07;0;320;false;true;true;4,35;0;4,35
1411;3,07;0;320;false;true;true;4,35;0;4,35
1412;3,07;0;320;false;true;true;4,35;0;4,35
1413;3,07;0;320;false;true;true;4,35;0;4,35
1414;3,07;0;320;false;true;true;4,35;0;4,35
1415;3,08;0;320;false;true;true;4,35;0;4,35
1416;3,08;0;320;false;true;true;4,35;0;4,35
1417;3,08;0;320;false;true;true;4,35;0;4,35
1418;3,08;0;320;false;true;true;4,35;0;4,35
1419;3,08;0;320;false;true;true;4,35;0;4,35
1420;3,08;0;320;false;true;true;4,35;0;4,35
1421;3,09;0;320;false;true;true;4,35;0;4,35
1422;3,09;0;320;false;true;true;4,35;0;4,35
1423;3,09;0;320;false;true;true;4,35;0;4,35
1424;3,09;0;320;false;true;true;4,35;0;4,35
1425;3,09;0;320;false;true;true;4,35;0;4,35
1426;3,1;0;320;false;true;true;4,35;0;4,35
1427;3,1;0;320;false;true;true;4,35;0;4,35
1428;3,1;0;320;false;true;true;4,35;0;4,35
1429;3,1;0;320;false;true;true;4,35;0;4,35
1430;3,1;0;320;false;true;true;4,35;0;4,35
1431;3,11;0;320;false;true;true;4,35;0;4,35
1432;3,11;0;320;false;true;true;4,35;0;4,35
1433;3,11;0;320;false;true;true;4,35;0;4,35
1434;3,11;0;320;false;true;true;4,35;0;4,35
1435;3,11;0;320;false;true;true;4,35;0;4,35
1436;3,12;0;320;false;true;true;4,35;0;4,35
1437;3,12;0;320;false;true;true;4,35;0;4,35
1438;3,12;0;320;false;true;true;4,35;0;4,35
1439;3,12;0;320;false;true;true;4,35;0;4,35
1440;3,12;0;320;false;true;true;4,35;0;4,35
1441;3,12;0;320;false;true;true;4,35;0;4,35
1442;3,13;0;320;false;true;true;4,35;0;4,35
1443;3,13;0;320;false;true;true;4,35;0;4,35
1444;3,13;0;320;false;true;true;4,35;0;4,35
1445;3,13;0;320;false;true;true;4,35;0;4,35
1446;3,13;0;320;false;true;true;4,35;0;4,35
1447;3,14;0;320;false;true;true;4,35;0;4,35
1448;3,14;0;320;false;true;true;4,35;0;4,35
1449;3,14;0;320;false;true;true;4,35;0;4,35
1450;3,14;0;320;false;true;true;4,35;0;4,35
1451;3,14;0;320;false;true;true;4,35;0;4,35
1452;3,15;0;320;false;true;true;4,35;0;4,35
1453;3,15;0;320;false;true;true;4,35;0;4,35
1454;3,15;0;320;false;true;true;4,35;0;4,35
1455;3,15;0;320;false;true;true;4,35;0;4,35
1456;3,15;0;320;false;true;true;4,35;0;4,35
1457;3,16;0;320;false;true;true;4,35;0;4,35
1458;3,16;0;320;false;true;true;4,35;0;4,35
1459;3,16;0;320;false;true;true;4,35;0;4,35
1460;3,16;0;320;false;true;true;4,35;0;4,35
1461;3,16;0;320;false;true;true;4,35;0;4,35
1462;3,16;0;320;false;true;true;4,35;0;4,35
1463;3,17;0;320;false;true;true;4,35;0;4,35
1464;3,17;0;320;false;true;true;4,35;0;4,35
1465;3,17;0;320;false;true;true;4,35;0;4,35
1466;3,17;0;320;false;true;true;4,35;0;4,35
1467;3,18;0;320;false;true;true;4,35;0;4,35
1468;3,18;0;320;false;true;true;4,35;0;4,35
1469;3,18;0;320;false;true;true;4,35;0;4,35
1470;3,18;0;320;false;true;true;4,35;0;4,35
1471;3,18;0;320;false;true;true;4,35;0;4,35
1472;3,19;0;320;false;true;true;4,35;0;4,35
1473;3,19;0;320;false;true;true;4,35;0;4,35
1474;3,19;0;320;false;true;true;4,35;0;4,35
1475;3,19;0;320;false;true;true;4,35;0;4,35
1476;3,19;0;320;false;true;true;4,35;0;4,35
1477;3,2;0;320;false;true;true;4,35;0;4,35
1478;3,2;0;320;false;true;true;4,35;0;4,35
1479;3,2;0;320;false;true;true;4,35;0;4,35
1480;3,2;0;320;false;true;true;4,35;0;4,35
1481;3,2;0;320;false;true;true;4,35;0;4,35
1482;3,21;0;320;false;true;true;4,35;0;4,35
1483;3,21;0;320;false;true;true;4,35;0;4,35
1484;3,21;0;320;false;true;true;4,35;0;4,35
1485;3,21;0;320;false;true;true;4,35;0;4,35
1486;3,22;0;320;false;true;true;4,35;0;4,35
1487;3,22;0;320;false;true;true;4,35;0;4,35
1488;3,22;0;320;false;true;true;4,35;0;4,35
1489;3,22;0;320;false;true;true;4,35;0;4,35
1490;3,23;0;320;false;true;true;4,35;0;4,35
1491;3,23;0;320;false;true;true;4,35;0;4,35
1492;3,23;0;320;false;true;true;4,35;0;4,35
1493;3,23;0;320;false;true;true;4,35;0;4,35
1494;3,23;0;320;false;true;true;4,35;0;4,35
1495;3,24;0;320;false;true;true;4,35;0;4,35
1496;3,24;0;320;false;true;true;4,35;0;4,35
1497;3,24;0;320;false;true;true;4,35;0;4,35
1498;3,24;0;320;false;true;true;4,35;0;4,35
1499;3,25;0;320;false;true;true;4,35;0;4,35
1500;3,25;0;320;false;true;true;4,35;0;4,35
1501;3,25;0;320;false;true;true;4,35;0;4,35
1502;3,26;0;320;false;true;true;4,35;0;4,35
1503;3,26;0;320;false;true;true;4,35;0;4,35
1504;3,26;0;320;false;true;true;4,35;0;4,35
1505;3,27;0;320;false;true;true;4,35;0;4,35
1506;3,27;0;320;false;true;true;4,35;0;4,35
1507;3,27;0;320;false;true;true;4,35;0;4,35
1508;3,27;0;320;false;true;true;4,35;0;4,35
1509;3,29;0;320;false;true;true;4,35;0;4,35
1510;3,29;0;320;false;true;true;4,35;0;4,35
1511;3,3;0;320;false;true;true;4,35;0;4,35
1512;3,3;0;320;false;true;true;4,35;0;4,35
1513;3,3;0;320;false;true;true;4,35;0;4,35
1514;3,3;0;320;false;true;true;4,35;0;4,35
1515;3,3;0;320;false;true;true;4,35;0;4,35
1516;3,3;0;320;false;true;true;4,35;0;4,35
1517;3,3;0;320;false;true;true;4,35;0;4,35
1518;3,3;0;320;false;true;true;4,35;0;4,35
1519;3,3;0;320;false;true;true;4,35;0;4,35
1520;3,3;0;320;false;true;true;4,35;0;4,35
1521;3,31;0;320;false;true;true;4,35;0;4,35
1522;3,31;0;320;false;true;true;4,35;0;4,35
1523;3,31;0;320;false;true;true;4,35;0;4,35
1524;3,31;0;320;false;true;true;4,35;0;4,35
1525;3,31;0;320;false;true;true;4,35;0;4,35
1526;3,31;0;320;false;true;true;4,35;0;4,35
1527;3,32;0;320;false;true;true;4,35;0;4,35
1528;3,32;0;320;false;true;true;4,35;0;4,35
1529;3,32;0;320;false;true;true;4,35;0;4,35
1530;3,32;0;320;false;true;true;4,35;0;4,35
1531;3,32;0;320;false;true;true;4,35;0;4,35
1532;3,32;0;320;false;true;true;4,35;0;4,35
1533;3,33;0;320;false;true;true;4,35;0;4,35
1534;3,33;0;320;false;true;true;4,35;0;4,35
1535;3,33;0;320;false;true;true;4,35;0;4,35
1536;3,33;0;320;false;true;true;4,35;0;4,35
1537;3,34;0;320;false;true;true;4,35;0;4,35
1538;3,34;0;320;false;true;true;4,35;0;4,35
1539;3,34;0;320;false;true;true;4,35;0;4,35
1540;3,34;0;320;false;true;true;4,35;0;4,35
1541;3,34;0;320;false;true;true;4,35;0;4,35
1542;3,34;0;320;false;true;true;4,35;0;4,35
1543;3,35;0;320;false;true;true;4,35;0;4,35
1544;3,35;0;320;false;true;true;4,35;0;4,35
1545;3,35;0;320;false;true;true;4,35;0;4,35
1546;3,35;0;320;false;true;true;4,35;0;4,35
1547;3,35;0;320;false;true;true;4,35;0;4,35
1548;3,35;0;320;false;true;true;4,35;0;4,35
1549;3,35;0;320;false;true;true;4,35;0;4,35
1550;3,35;0;320;false;true;true;4,35;0;4,35
1551;3,35;0;320;false;true;true;4,35;0;4,35
1552;3,35;0;320;false;true;true;4,35;0;4,35
1553;3,36;0;320;false;true;true;4,35;0;4,35
1554;3,36;0;320;false;true;true;4,35;0;4,35
1555;3,36;0;320;false;true;true;4,35;0;4,35
1556;3,36;0;320;false;true;true;4,35;0;4,35
1557;3,36;0;320;false;true;true;4,35;0;4,35
1558;3,36;0;320;false;true;true;4,35;0;4,35
1559;3,37;0;320;false;true;true;4,35;0;4,35
1560;3,37;0;320;false;true;true;4,35;0;4,35
1561;3,37;0;320;false;true;true;4,35;0;4,35
1562;3,37;0;320;false;true;true;4,35;0;4,35
1563;3,37;0;320;false;true;true;4,35;0;4,35
1564;3,38;0;320;false;true;true;4,35;0;4,35
1565;3,38;0;320;false;true;true;4,35;0;4,35
1566;3,38;0;320;false;true;true;4,35;0;4,35
1567;3,38;0;320;false;true;true;4,35;0;4,35
1568;3,38;0;320;false;true;true;4,35;0;4,35
1569;3,38;0;320;false;true;true;4,35;0;4,35
1570;3,39;0;320;false;true;true;4,35;0;4,35
1571;3,39;0;320;false;true;true;4,35;0;4,35
1572;3,39;0;320;false;true;true;4,35;0;4,35
1573;3,39;0;320;false;true;true;4,35;0;4,35
1574;3,39;0;320;false;true;true;4,35;0;4,35
1575;3,4;0;320;false;true;true;4,35;0;4,35
1576;3,4;0;320;false;true;true;4,35;0;4,35
1577;3,4;0;320;false;true;true;4,35;0;4,35
1578;3,4;0;320;false;true;true;4,35;0;4,35
1579;3,4;0;320;false;true;true;4,35;0;4,35
1580;3,41;0;320;false;true;true;4,35;0;4,35
1581;3,41;0;320;false;true;true;4,35;0;4,35
1582;3,41;0;320;false;true;true;4,35;0;4,35
1583;3,41;0;320;false;true;true;4,35;0;4,35
1584;3,41;0;320;false;true;true;4,35;0;4,35
1585;3,42;0;320;false;true;true;4,35;0;4,35
1586;3,42;0;320;false;true;true;4,35;0;4,35
1587;3,42;0;320;false;true;true;4,35;0;4,35
1588;3,42;0;320;false;true;true;4,35;0;4,35
1589;3,42;0;320;false;true;true;4,35;0;4,35
1590;3,43;0;320;false;true;true;4,35;0;4,35
1591;3,43;0;320;false;true;true;4,35;0;4,35
1592;3,43;0;320;false;true;true;4,35;0;4,35
1593;3,43;0;320;false;true;true;4,35;0;4,35
1594;3,44;0;320;false;true;true;4,35;0;4,35
1595;3,44;0;320;false;true;true;4,35;0;4,35
1596;3,44;0;320;false;true;true;4,35;0;4,35
1597;3,44;0;320;false;true;true;4,35;0;4,35
1598;3,44;0;320;false;true;true;4,35;0;4,35
1599;3,45;0;320;false;true;true;4,35;0;4,35
1600;3,45;0;320;false;true;true;4,35;0;4,35
1601;3,45;0;320;false;true;true;4,35;0;4,35
1602;3,45;0;320;false;true;true;4,35;0;4,35
1603;3,45;0;320;false;true;true;4,35;0;4,35
1604;3,46;0;320;false;true;true;4,35;0;4,35
1605;3,46;0;320;false;true;true;4,35;0;4,35
1606;3,46;0;320;false;true;true;4,35;0;4,35
1607;3,46;0;320;false;true;true;4,35;0;4,35
1608;3,46;0;320;false;true;true;4,35;0;4,35
1609;3,46;0;320;false;true;true;4,35;0;4,35
1610;3,47;0;320;false;true;true;4,35;0;4,35
1611;3,47;0;320;false;true;true;4,35;0;4,35
1612;3,47;0;320;false;true;true;4,35;0;4,35
1613;3,47;0;320;false;true;true;4,35;0;4,35
1614;3,47;0;320;false;true;true;4,35;0;4,35
1615;3,48;0;320;false;true;true;4,35;0;4,35
1616;3,48;0;320;false;true;true;4,35;0;4,35
1617;3,48;0;320;false;true;true;4,35;0;4,35
1618;3,48;0;320;false;true;true;4,35;0;4,35
1619;3,48;0;320;false;true;true;4,35;0;4,35
1620;3,49;0;320;false;true;true;4,35;0;4,35
1621;3,49;0;320;false;true;true;4,35;0;4,35
1622;3,49;0;320;false;true;true;4,35;0;4,35
1623;3,49;0;320;false;true;true;4,35;0;4,35
1624;3,49;0;320;false;true;true;4,35;0;4,35
1625;3,5;0;320;false;true;true;4,35;0;4,35
1626;3,5;0;320;false;true;true;4,35;0;4,35
1627;3,5;0;320;false;true;true;4,35;0;4,35
1628;3,5;0;320;false;true;true;4,35;0;4,35
1629;3,5;0;320;false;true;true;4,35;0;4,35
1630;3,51;0;320;false;true;true;4,35;0;4,35
1631;3,51;0;320;false;true;true;4,35;0;4,35
1632;3,51;0;320;false;true;true;4,35;0;4,35
1633;3,51;0;320;false;true;true;4,35;0;4,35
1634;3,51;0;320;false;true;true;4,35;0;4,35
1635;3,51;0;320;false;true;true;4,35;0;4,35
1636;3,52;0;320;false;true;true;4,35;0;4,35
1637;3,52;0;320;false;true;true;4,35;0;4,35
1638;3,52;0;320;false;true;true;4,35;0;4,35
1639;3,52;0;320;false;true;true;4,35;0;4,35
1640;3,52;0;320;false;true;true;4,35;0;4,35
1641;3,53;0;320;false;true;true;4,35;0;4,35
1642;3,53;0;320;false;true;true;4,35;0;4,35
1643;3,53;0;320;false;true;true;4,35;0;4,35
1644;3,53;0;320;false;true;true;4,35;0;4,35
1645;3,53;0;320;false;true;true;4,35;0;4,35
1646;3,54;0;320;false;true;true;4,35;0;4,35
1647;3,54;0;320;false;true;true;4,35;0;4,35
1648;3,54;0;320;false;true;true;4,35;0;4,35
1649;3,54;0;320;false;true;true;4,35;0;4,35
1650;3,54;0;320;false;true;true;4,35;0;4,35
1651;3,55;0;320;false;true;true;4,35;0;4,35
1652;3,55;0;320;false;true;true;4,35;0;4,35
1653;3,55;88,94;320;true;true;true;0;88,52;0
1654;3,56;28,67;320;true;true;true;0;28,67;0
1655;3,56;25,18;319;true;true;true;0;25,18;0
1656;3,57;22,95;319;true;true;true;0;22,95;0
1657;3,58;21,47;319;true;true;true;0;21,47;0
1658;3,58;20,35;319;true;true;true;0;20,35;0
1659;3,59;19,48;319;true;true;true;0;19,48;0
1660;3,59;18,78;319;true;true;true;0;18,78;0
1661;3,6;18,21;319;true;true;true;0;18,21;0
1662;3,61;17,7;319;true;true;true;0;17,7;0
1663;3,61;17,24;319;true;true;true;0;17,24;0
1664;3,62;16,82;319;true;true;true;0;16,82;0
1665;3,62;16,44;319;true;true;true;0;16,44;0
1666;3,63;16,08;319;true;true;true;0;16,08;0
1667;3,64;15,73;319;true;true;true;0;15,36;0
1668;3,64;15,42;319;true;true;true;0;15,07;0
1669;3,65;15,12;319;true;true;true;0;14,8;0
1670;3,65;14,83;319;true;true;true;0;14,54;0
1671;3,66;14,55;319;true;true;true;0;14,28;0
1672;3,67;14,26;319;true;true;true;0;14,02;0
1673;3,67;13,98;319;true;true;true;0;13,75;0
1674;3,68;13,69;319;true;true;true;0;13,49;0
1675;3,68;13,41;319;true;true;true;0;13,22;0
1676;3,69;13,13;319;true;true;true;0;12,96;0
1677;3,7;12,86;319;true;true;true;0;12,7;0
1678;3,7;12,6;319;true;true;true;0;12,45;0
1679;3,71;12,35;319;true;true;true;0;12,21;0
1680;3,71;12,11;319;true;true;true;0;11,99;0
1681;3,72;11,9;319;true;true;true;0;11,78;0
1682;3,73;11,7;319;true;true;true;0;11,59;0
1683;3,73;11,52;319;true;true;true;0;11,42;0
1684;3,74;11,35;319;true;true;true;0;11,26;0
1685;3,75;11,2;319;true;true;true;0;11,12;0
1686;3,75;11,07;319;true;true;true;0;10,99;0
1687;3,76;10,95;319;true;true;true;0;10,87;0
1688;3,77;10,84;319;true;true;true;0;10,77;0
1689;3,77;10,74;319;true;true;true;0;10,67;0
1690;3,78;10,65;319;true;true;true;0;10,58;0
1691;3,79;10,56;319;true;true;true;0;10,5;0
1692;3,79;10,49;319;true;true;true;0;10,43;0
1693;3,8;10,42;319;true;true;true;0;10,36;0
1694;3,8;10,35;319;true;true;true;0;10,3;0
1695;3,81;10,29;319;true;true;true;0;10,24;0
1696;3,82;10,23;319;true;true;true;0;10,19;0
1697;3,82;10,18;319;true;true;true;0;10,14;0
1698;3,83;10,13;319;true;true;true;0;10,09;0
1699;3,83;10,09;319;true;true;true;0;10,05;0
1700;3,84;10,05;319;true;true;true;0;10,01;0
1701;3,85;10,01;319;true;true;true;0;9,97;0
1702;3,85;9,97;319;true;true;true;0;9,93;0
1703;3,86;9,94;319;true;true;true;0;9,9;0
1704;3,86;9,9;319;true;true;true;0;9,87;0
1705;3,87;9,87;319;true;true;true;0;9,84;0
1706;3,88;9,85;319;true;true;true;0;9,81;0
1707;3,88;9,82;319;true;true;true;0;9,79;0
1708;3,89;9,8;319;true;true;true;0;9,76;0
1709;3,89;9,77;319;true;true;true;0;9,74;0
1710;3,9;9,75;319;true;true;true;0;9,72;0
1711;3,91;9,73;319;true;true;true;0;9,7;0
1712;3,91;9,7;319;true;true;true;0;9,68;0
1713;3,92;9,68;319;true;true;true;0;9,66;0
1714;3,92;9,67;319;true;true;true;0;9,64;0
1715;3,93;9,65;319;true;true;true;0;9,62;0
1716;3,94;9,63;319;true;true;true;0;9,6;0
1717;3,94;9,61;319;true;true;true;0;9,59;0
1718;3,95;9,6;319;true;true;true;0;9,57;0
1719;3,95;9,58;319;true;true;true;0;9,55;0
1720;3,96;9,57;319;true;true;true;0;9,54;0
1721;3,97;9,55;319;true;true;true;0;9,53;0
1722;3,97;9,54;319;true;true;true;0;9,51;0
1723;3,98;9,52;319;true;true;true;0;9,5;0
1724;3,98;9,51;319;true;true;true;0;9,49;0
1725;3,99;9,5;319;true;true;true;0;9,47;0
1726;4;9,49;319;true;true;true;0;9,46;0
1727;4;9,47;319;true;true;true;0;9,45;0
1728;4,01;9,46;319;true;true;true;0;9,44;0
1729;4,02;9,45;319;true;true;true;0;9,43;0
1730;4,03;9,44;319;true;true;true;0;9,42;0
1731;4,04;9,43;319;true;true;true;0;9,41;0
1732;4,04;9,42;319;true;true;true;0;9,4;0
1733;4,05;9,41;319;true;true;true;0;9,39;0
1734;4,06;9,4;319;true;true;true;0;9,38;0
1735;4,06;9,39;319;true;true;true;0;9,37;0
1736;4,07;9,39;319;true;true;true;0;9,36;0
1737;4,07;9,38;319;true;true;true;0;9,36;0
1738;4,08;9,37;319;true;true;true;0;9,35;0
1739;4,09;9,36;319;true;true;true;0;9,34;0
1740;4,09;9,35;319;true;true;true;0;9,33;0
1741;4,1;9,35;319;true;true;true;0;9,32;0
1742;4,11;9,34;319;true;true;true;0;9,32;0
1743;4,11;9,33;319;true;true;true;0;9,31;0
1744;4,12;9,32;319;true;true;true;0;9,3;0
1745;4,12;9,32;319;true;true;true;0;9,3;0
1746;4,13;9,31;319;true;true;true;0;9,29;0
1747;4,14;9,3;319;true;true;true;0;9,28;0
1748;4,14;9,3;319;true;true;true;0;9,28;0
1749;4,15;9,29;319;true;true;true;0;9,27;0
1750;4,15;9,29;319;true;true;true;0;9,27;0
1751;4,16;9,28;319;true;true;true;0;9,26;0
1752;4,17;9,27;319;true;true;true;0;9,25;0
1753;4,17;9,27;319;true;true;true;0;9,25;0
1754;4,18;9,26;319;true;true;true;0;9,24;0
1755;4,18;9,26;319;true;true;true;0;9,24;0
1756;4,19;9,25;319;true;true;true;0;9,23;0
1757;4,2;9,25;319;true;true;true;0;9,23;0
1758;4,2;9,24;319;true;true;true;0;9,22;0
1759;4,21;9,24;319;true;true;true;0;9,22;0
1760;4,21;9,23;319;true;true;true;0;9,21;0
1761;4,22;9,23;319;true;true;true;0;9,21;0
1762;4,23;9,22;319;true;true;true;0;9,2;0
1763;4,23;9,22;319;true;true;true;0;9,2;0
1764;4,24;9,21;319;true;true;true;0;9,19;0
1765;4,24;9,21;319;true;true;true;0;9,19;0
1766;4,25;9,2;319;true;true;true;0;9,19;0
1767;4,26;9,2;319;true;true;true;0;9,18;0
1768;4,26;9,2;319;true;true;true;0;9,18;0
1769;4,27;9,19;319;true;true;true;0;9,17;0
1770;4,27;9,19;319;true;true;true;0;9,17;0
1771;4,28;9,18;319;true;true;true;0;9,16;0
1772;4,29;9,18;319;true;true;true;0;9,16;0
1773;4,29;9,18;319;true;true;true;0;9,16;0
1774;4,3;9,17;319;true;true;true;0;9,15;0
1775;4,3;9,17;319;true;true;true;0;9,15;0
1776;4,31;9,16;319;true;true;true;0;9,15;0
1777;4,32;9,16;319;true;true;true;0;9,14;0
1778;4,32;9,16;319;true;true;true;0;9,14;0
1779;4,33;9,15;319;true;true;true;0;9,14;0
1780;4,33;9,15;319;true;true;true;0;9,13;0
1781;4,34;9,15;319;true;true;true;0;9,13;0
1782;4,35;9,14;319;true;true;true;0;9,13;0
1783;4,35;9,14;319;true;true;true;0;9,12;0
1784;4,36;9,14;319;true;true;true;0;9,12;0
1785;4,36;9,13;319;true;true;true;0;9,12;0
1786;4,37;9,13;319;true;true;true;0;9,11;0
1787;4,38;9,13;319;true;true;true;0;9,11;0
1788;4,38;9,13;319;true;true;true;0;9,11;0
1789;4,39;9,12;319;true;true;true;0;9,1;0
1790;4,39;9,12;319;true;true;true;0;9,1;0
1791;4,4;9,12;319;true;true;true;0;9,1;0
1792;4,41;9,12;319;true;true;true;0;9,1;0
1793;4,41;9,12;319;true;true;true;0;9,1;0
1794;4,42;9,11;319;true;true;true;0;9,1;0
1795;4,43;9,11;319;true;true;true;0;9,09;0
1796;4,43;9,11;319;true;true;true;0;9,09;0
1797;4,44;9,11;319;true;true;true;0;9,09;0
1798;4,44;9,11;319;true;true;true;0;9,09;0
1799;4,45;9,1;319;true;true;true;0;9,09;0
1800;4,46;9,1;319;true;true;true;0;9,08;0
1801;4,46;9,1;319;true;true;true;0;9,08;0
1802;4,47;9,1;319;true;true;true;0;9,08;0
1803;4,47;9,1;319;true;true;true;0;9,08;0
1804;4,48;9,09;319;true;true;true;0;9,08;0
1805;4,49;9,09;319;true;true;true;0;9,07;0
1806;4,49;9,09;319;true;true;true;0;9,07;0
1807;4,5;9,09;319;true;true;true;0;9,07;0
1808;4,5;9,09;319;true;true;true;0;9,07;0
1809;4,51;9,08;319;true;true;true;0;9,07;0
1810;4,52;9,08;319;true;true;true;0;9,06;0
1811;4,52;9,08;319;true;true;true;0;9,06;0
1812;4,53;9,08;319;true;true;true;0;9,06;0
1813;4,53;9,08;319;true;true;true;0;9,06;0
1814;4,54;9,08;319;true;true;true;0;9,06;0
1815;4,55;9,07;319;true;true;true;0;9,06;0
1816;4,55;9,07;319;true;true;true;0;9,05;0
1817;4,56;9,07;319;true;true;true;0;9,05;0
1818;4,57;9,07;319;true;true;true;0;9,05;0
1819;4,57;9,07;319;true;true;true;0;9,05;0
1820;4,58;9,07;319;true;true;true;0;9,05;0
1821;4,58;9,06;319;true;true;true;0;9,05;0
1822;4,59;9,06;319;true;true;true;0;9,04;0
1823;4,6;9,06;319;true;true;true;0;9,04;0
1824;4,6;9,06;319;true;true;true;0;9,04;0
1825;4,61;9,06;319;true;true;true;0;9,04;0
1826;4,61;9,06;319;true;true;true;0;9,04;0
1827;4,62;9,05;319;true;true;true;0;9,04;0
1828;4,63;9,05;319;true;true;true;0;9,03;0
1829;4,63;9,05;319;true;true;true;0;9,03;0
1830;4,64;9,05;319;true;true;true;0;9,03;0
1831;4,64;9,05;319;true;true;true;0;9,03;0
1832;4,65;9,05;319;true;true;true;0;9,03;0
1833;4,66;9,05;319;true;true;true;0;9,03;0
1834;4,66;9,04;319;true;true;true;0;9,03;0
1835;4,67;9,04;319;true;true;true;0;9,02;0
1836;4,68;9,04;319;true;true;true;0;9,02;0
1837;4,68;9,04;319;true;true;true;0;9,02;0
1838;4,69;9,04;319;true;true;true;0;9,02;0
1839;4,69;9,04;319;true;true;true;0;9,02;0
1840;4,7;9,04;319;true;true;true;0;9,02;0
1841;4,71;9,03;319;true;true;true;0;9,02;0
1842;4,71;9,03;319;true;true;true;0;9,02;0
1843;4,72;9,03;319;true;true;true;0;9,01;0
1844;4,72;9,03;319;true;true;true;0;9,01;0
1845;4,73;9,03;319;true;true;true;0;9,01;0
1846;4,74;9,03;319;true;true;true;0;9,01;0
1847;4,74;9,03;319;true;true;true;0;9,01;0
1848;4,75;9,03;319;true;true;true;0;9,01;0
1849;4,76;9,02;319;true;true;true;0;9,01;0
1850;4,76;9,02;319;true;true;true;0;9,01;0
1851;4,77;9,02;319;true;true;true;0;9;0
1852;4,78;9,02;319;true;true;true;0;9;0
1853;4,78;9,02;319;true;true;true;0;9;0
1854;4,79;9,02;319;true;true;true;0;9;0
1855;4,79;9,02;319;true;true;true;0;9;0
1856;4,8;9,02;319;true;true;true;0;9;0
1857;4,8;9,02;319;true;true;true;0;9;0
1858;4,81;9,02;319;true;true;true;0;9;0
1859;4,82;9,01;319;true;true;true;0;9;0
1860;4,82;9,01;319;true;true;true;0;9;0
1861;4,83;9,01;319;true;true;true;0;8,99;0
1862;4,84;9,01;319;true;true;true;0;8,99;0
1863;4,84;9,01;319;true;true;true;0;8,99;0
1864;4,85;9,01;319;true;true;true;0;8,99;0
1865;4,85;9,01;319;true;true;true;0;8,99;0
1866;4,86;9,01;319;true;true;true;0;8,99;0
1867;4,87;9,01;319;true;true;true;0;8,99;0
1868;4,87;9,01;319;true;true;true;0;8,99;0
1869;4,88;9;319;true;true;true;0;8,99;0
1870;4,89;9;319;true;true;true;0;8,99;0
1871;4,89;9;319;true;true;true;0;8,99;0
1872;4,9;9;319;true;true;true;0;8,98;0
1873;4,9;9;319;true;true;true;0;8,98;0
1874;4,91;9;319;true;true;true;0;8,98;0
1875;4,92;9;319;true;true;true;0;8,98;0
1876;4,92;9;319;true;true;true;0;8,98;0
1877;4,93;9;319;true;true;true;0;8,98;0
1878;4,93;9;319;true;true;true;0;8,98;0
1879;4,94;9;319;true;true;true;0;8,98;0
1880;4,95;9;319;true;true;true;0;8,98;0
1881;4,95;8,99;319;true;true;true;0;8,98;0
1882;4,96;8,99;319;true;true;true;0;8,98;0
1883;4,97;8,99;319;true;true;true;0;8,98;0
1884;4,97;8,99;319;true;true;true;0;8,97;0
1885;4,98;8,99;319;true;true;true;0;8,97;0
1886;4,98;8,99;319;true;true;true;0;8,97;0
1887;4,99;8,99;319;true;true;true;0;8,97;0
1888;4,99;8,99;319;true;true;true;0;8,97;0
1889;5;8,99;319;true;true;true;0;8,97;0
1890;5,01;8,99;319;true;true;true;0;8,97;0
1891;5,01;8,99;319;true;true;true;0;8,97;0
1892;5,02;8,99;319;true;true;true;0;8,97;0
1893;5,03;8,99;319;true;true;true;0;8,97;0
1894;5,03;8,99;319;true;true;true;0;8,97;0
1895;5,04;8,99;319;true;true;true;0;8,97;0
1896;5,04;8,98;319;true;true;true;0;8,97;0
1897;5,05;8,98;319;true;true;true;0;8,97;0
1898;5,06;8,98;319;true;true;true;0;8,97;0
1899;5,06;8,98;319;true;true;true;0;8,96;0
1900;5,07;8,98;319;true;true;true;0;8,96;0
1901;5,07;8,98;319;true;true;true;0;8,96;0
1902;5,08;8,98;319;true;true;true;0;8,96;0
1903;5,09;8,98;319;true;true;true;0;8,96;0
1904;5,09;8,98;319;true;true;true;0;8,96;0
1905;5,1;8,98;319;true;true;true;0;8,96;0
1906;5,11;8,98;319;true;true;true;0;8,96;0
1907;5,11;8,98;319;true;true;true;0;8,96;0
1908;5,12;8,98;319;true;true;true;0;8,96;0
1909;5,12;8,98;319;true;true;true;0;8,96;0
1910;5,13;8,98;319;true;true;true;0;8,96;0
1911;5,14;8,98;319;true;true;true;0;8,96;0
1912;5,14;8,98;319;true;true;true;0;8,96;0
1913;5,15;8,97;319;true;true;true;0;8,96;0
1914;5,15;8,97;319;true;true;true;0;8,96;0
1915;5,16;8,97;319;true;true;true;0;8,96;0
1916;5,17;8,97;319;true;true;true;0;8,96;0
1917;5,17;8,97;319;true;true;true;0;8,96;0
1918;5,18;8,97;319;true;true;true;0;8,95;0
1919;5,18;8,97;319;true;true;true;0;8,95;0
1920;5,19;8,97;319;true;true;true;0;8,95;0
1921;5,2;8,97;319;true;true;true;0;8,95;0
1922;5,2;8,97;319;true;true;true;0;8,95;0
1923;5,21;8,97;319;true;true;true;0;8,95;0
1924;5,21;8,97;319;true;true;true;0;8,95;0
1925;5,22;8,97;319;true;true;true;0;8,95;0
1926;5,23;8,97;319;true;true;true;0;8,95;0
1927;5,24;8,97;319;true;true;true;0;8,95;0
1928;5,25;8,97;319;true;true;true;0;8,95;0
1929;5,25;8,97;319;true;true;true;0;8,95;0
1930;5,26;8,97;319;true;true;true;0;8,95;0
1931;5,27;8,97;319;true;true;true;0;8,95;0
1932;5,28;8,97;319;true;true;true;0;8,95;0
1933;5,28;8,97;319;true;true;true;0;8,95;0
1934;5,29;8,97;319;true;true;true;0;8,95;0
1935;5,3;8,97;319;true;true;true;0;8,95;0
1936;5,3;8,96;319;true;true;true;0;8,95;0
1937;5,31;8,96;319;true;true;true;0;8,95;0
1938;5,31;8,96;319;true;true;true;0;8,95;0
1939;5,32;8,96;319;true;true;true;0;8,95;0
1940;5,33;8,96;319;true;true;true;0;8,95;0
1941;5,33;8,96;319;true;true;true;0;8,95;0
1942;5,34;8,96;319;true;true;true;0;8,94;0
1943;5,34;8,96;319;true;true;true;0;8,94;0
1944;5,35;8,96;319;true;true;true;0;8,94;0
1945;5,36;8,96;319;true;true;true;0;8,94;0
1946;5,36;8,96;319;true;true;true;0;8,94;0
1947;5,37;8,96;319;true;true;true;0;8,94;0
1948;5,38;8,96;319;true;true;true;0;8,94;0
1949;5,38;8,96;319;true;true;true;0;8,94;0
1950;5,39;8,96;319;true;true;true;0;8,94;0
1951;5,39;8,96;319;true;true;true;0;8,94;0
1952;5,4;8,96;319;true;true;true;0;8,94;0
1953;5,41;8,96;319;true;true;true;0;8,94;0
1954;5,41;8,96;319;true;true;true;0;8,94;0
1955;5,42;8,96;319;true;true;true;0;8,94;0
1956;5,43;8,96;319;true;true;true;0;8,94;0
1957;5,43;8,96;319;true;true;true;0;8,94;0
1958;5,44;8,96;319;true;true;true;0;8,94;0
1959;5,44;8,96;319;true;true;true;0;8,94;0
1960;5,45;8,96;319;true;true;true;0;8,94;0
1961;5,46;8,96;319;true;true;true;0;8,94;0
1962;5,46;8,96;319;true;true;true;0;8,94;0
1963;5,47;8,96;319;true;true;true;0;8,94;0
1964;5,47;8,96;319;true;true;true;0;8,94;0
1965;5,48;8,96;319;true;true;true;0;8,94;0
1966;5,49;8,96;319;true;true;true;0;8,94;0
1967;5,49;8,96;319;true;true;true;0;8,94;0
1968;5,5;8,96;319;true;true;true;0;8,94;0
1969;5,51;8,96;319;true;true;true;0;8,94;0
1970;5,51;8,96;319;true;true;true;0;8,94;0
1971;5,52;8,95;319;true;true;true;0;8,94;0
1972;5,52;8,95;319;true;true;true;0;8,94;0
1973;5,53;8,95;319;true;true;true;0;8,94;0
1974;5,54;8,95;319;true;true;true;0;8,94;0
1975;5,54;8,95;319;true;true;true;0;8,94;0
1976;5,55;8,95;319;true;true;true;0;8,94;0
1977;5,55;8,95;319;true;true;true;0;8,94;0
1978;5,56;8,95;319;true;true;true;0;8,94;0
1979;5,57;8,95;319;true;true;true;0;8,94;0
1980;5,57;8,95;319;true;true;true;0;8,94;0
1981;5,58;8,95;319;true;true;true;0;8,93;0
1982;5,58;8,95;319;true;true;true;0;8,93;0
1983;5,59;8,95;319;true;true;true;0;8,93;0
1984;5,6;8,95;319;true;true;true;0;8,93;0
1985;5,6;8,95;319;true;true;true;0;8,93;0
1986;5,61;8,95;319;true;true;true;0;8,93;0
1987;5,61;8,95;319;true;true;true;0;8,93;0
1988;5,62;8,95;319;true;true;true;0;8,93;0
1989;5,63;8,95;319;true;true;true;0;8,93;0
1990;5,63;8,95;319;true;true;true;0;8,93;0
1991;5,64;8,95;319;true;true;true;0;8,93;0
1992;5,64;8,95;319;true;true;true;0;8,93;0
1993;5,65;8,95;319;true;true;true;0;8,93;0
1994;5,66;8,95;319;true;true;true;0;8,93;0
1995;5,66;8,95;319;true;true;true;0;8,93;0
1996;5,67;8,95;319;true;true;true;0;8,93;0
1997;5,68;8,95;319;true;true;true;0;8,93;0
1998;5,68;8,95;319;true;true;true;0;8,93;0
1999;5,69;8,95;319;true;true;true;0;8,93;0
2000;5,69;8,95;319;true;true;true;0;8,93;0
2001;5,7;8,95;319;true;true;true;0;8,93;0
2002;5,7;8,95;319;true;true;true;0;8,93;0
2003;5,71;8,95;319;true;true;true;0;8,93;0
2004;5,72;8,95;319;true;true;true;0;8,93;0
2005;5,72;8,95;319;true;true;true;0;8,93;0
2006;5,73;8,95;319;true;true;true;0;8,93;0
2007;5,74;8,95;319;true;true;true;0;8,93;0
2008;5,74;8,95;319;true;true;true;0;8,93;0
2009;5,75;8,95;319;true;true;true;0;8,93;0
2010;5,75;8,95;319;true;true;true;0;8,93;0
2011;5,76;8,95;319;true;true;true;0;8,93;0
2012;5,77;8,95;319;true;true;true;0;8,93;0
2013;5,77;8,95;319;true;true;true;0;8,93;0
2014;5,78;8,95;319;true;true;true;0;8,93;0
2015;5,78;8,95;319;true;true;true;0;8,93;0
2016;5,79;8,95;319;true;true;true;0;8,93;0
2017;5,8;8,95;319;true;true;true;0;8,93;0
2018;5,8;8,95;319;true;true;true;0;8,93;0
2019;5,81;8,95;319;true;true;true;0;8,93;0
2020;5,82;8,95;319;true;true;true;0;8,93;0
2021;5,82;8,95;319;true;true;true;0;8,93;0
2022;5,83;8,95;319;true;true;true;0;8,93;0
2023;5,84;8,95;319;true;true;true;0;8,93;0
2024;5,84;8,95;319;true;true;true;0;8,93;0
2025;5,85;8,95;319;true;true;true;0;8,93;0
2026;5,85;8,95;319;true;true;true;0;8,93;0
2027;5,86;8,95;319;true;true;true;0;8,93;0
2028;5,86;8,95;319;true;true;true;0;8,93;0
2029;5,87;8,95;319;true;true;true;0;8,93;0
2030;5,88;8,95;319;true;true;true;0;8,93;0
2031;5,89;8,95;319;true;true;true;0;8,93;0
2032;5,89;8,95;319;true;true;true;0;8,93;0
2033;5,9;8,95;319;true;true;true;0;8,93;0
2034;5,9;8,95;319;true;true;true;0;8,93;0
2035;5,91;8,95;319;true;true;true;0;8,93;0
2036;5,91;8,95;319;true;true;true;0;8,93;0
2037;5,92;8,95;319;true;true;true;0;8,93;0
2038;5,93;8,95;319;true;true;true;0;8,93;0
2039;5,93;8,95;319;true;true;true;0;8,93;0
2040;5,94;8,95;319;true;true;true;0;8,93;0
2041;5,95;8,94;319;true;true;true;0;8,93;0
2042;5,95;8,94;319;true;true;true;0;8,93;0
2043;5,96;8,94;319;true;true;true;0;8,93;0
2044;5,96;8,94;319;true;true;true;0;8,93;0
2045;5,97;8,94;319;true;true;true;0;8,93;0
2046;5,98;8,94;319;true;true;true;0;8,93;0
2047;5,98;8,94;319;true;true;true;0;8,93;0
2048;5,99;8,94;319;true;true;true;0;8,93;0
2049;5,99;8,94;319;true;true;true;0;8,93;0
2050;6;8,94;319;true;true;true;0;8,93;0
2051;6,01;8,94;319;true;true;true;0;8,93;0
2052;6,01;8,94;319;true;true;true;0;8,93;0
2053;6,02;8,94;319;true;true;true;0;8,93;0
2054;6,03;8,94;319;true;true;true;0;8,93;0
2055;6,03;8,94;319;true;true;true;0;8,93;0
2056;6,04;8,94;319;true;true;true;0;8,93;0
2057;6,04;8,94;319;true;true;true;0;8,93;0
2058;6,05;8,94;319;true;true;true;0;8,93;0
2059;6,05;8,94;319;true;true;true;0;8,93;0
2060;6,06;8,94;319;true;true;true;0;8,93;0
2061;6,07;8,94;319;true;true;true;0;8,93;0
2062;6,07;8,94;319;true;true;true;0;8,93;0
2063;6,08;8,94;319;true;true;true;0;8,93;0
2064;6,09;8,94;319;true;true;true;0;8,93;0
2065;6,09;8,94;319;true;true;true;0;8,93;0
2066;6,1;8,94;319;true;true;true;0;8,93;0
2067;6,1;8,94;319;true;true;true;0;8,93;0
2068;6,11;8,94;319;true;true;true;0;8,93;0
2069;6,12;8,94;319;true;true;true;0;8,93;0
2070;6,12;8,94;319;true;true;true;0;8,92;0
2071;6,13;8,94;319;true;true;true;0;8,92;0
2072;6,13;8,94;319;true;true;true;0;8,92;0
2073;6,14;8,94;319;true;true;true;0;8,92;0
2074;6,15;8,94;319;true;true;true;0;8,92;0
2075;6,15;8,94;319;true;true;true;0;8,92;0
2076;6,16;8,94;319;true;true;true;0;8,92;0
2077;6,16;8,94;319;true;true;true;0;8,92;0
2078;6,17;8,94;319;true;true;true;0;8,92;0
2079;6,18;8,94;319;true;true;true;0;8,92;0
2080;6,18;8,94;319;true;true;true;0;8,92;0
2081;6,19;8,94;319;true;true;true;0;8,92;0
2082;6,2;8,94;319;true;true;true;0;8,92;0
2083;6,2;8,94;319;true;true;true;0;8,92;0
2084;6,21;8,94;319;true;true;true;0;8,92;0
2085;6,21;8,94;319;true;true;true;0;8,92;0
2086;6,22;8,94;319;true;true;true;0;8,92;0
2087;6,22;8,94;319;true;true;true;0;8,92;0
2088;6,23;8,94;319;true;true;true;0;8,92;0
2089;6,24;8,94;319;true;true;true;0;8,92;0
2090;6,24;8,94;319;true;true;true;0;8,92;0
2091;6,25;8,94;319;true;true;true;0;8,92;0
2092;6,26;8,94;319;true;true;true;0;8,92;0
2093;6,26;8,94;319;true;true;true;0;8,92;0
2094;6,27;8,94;319;true;true;true;0;8,92;0
2095;6,28;8,94;319;true;true;true;0;8,92;0
2096;6,28;8,94;319;true;true;true;0;8,92;0
2097;6,29;8,94;319;true;true;true;0;8,92;0
2098;6,29;8,94;319;true;true;true;0;8,92;0
2099;6,3;8,94;319;true;true;true;0;8,92;0
2100;6,31;8,94;319;true;true;true;0;8,92;0
2101;6,31;8,94;319;true;true;true;0;8,92;0
2102;6,32;8,94;319;true;true;true;0;8,92;0
2103;6,32;8,94;319;true;true;true;0;8,92;0
2104;6,33;8,94;319;true;true;true;0;8,92;0
2105;6,34;8,94;319;true;true;true;0;8,92;0
2106;6,34;8,94;319;true;true;true;0;8,92;0
2107;6,35;8,94;319;true;true;true;0;8,92;0
2108;6,36;8,94;319;true;true;true;0;8,92;0
2109;6,36;8,94;319;true;true;true;0;8,92;0
2110;6,37;8,94;319;true;true;true;0;8,92;0
2111;6,37;8,94;319;true;true;true;0;8,92;0
2112;6,38;8,94;319;true;true;true;0;8,92;0
2113;6,39;8,94;319;true;true;true;0;8,92;0
2114;6,39;8,94;319;true;true;true;0;8,92;0
2115;6,4;8,94;319;true;true;true;0;8,92;0
2116;6,4;8,94;319;true;true;true;0;8,92;0
2117;6,41;8,94;319;true;true;true;0;8,92;0
2118;6,42;8,94;319;true;true;true;0;8,92;0
2119;6,42;8,94;319;true;true;true;0;8,92;0
2120;6,43;8,94;319;true;true;true;0;8,92;0
2121;6,43;8,94;319;true;true;true;0;8,92;0
2122;6,44;8,94;319;true;true;true;0;8,92;0
2123;6,45;8,94;319;true;true;true;0;8,92;0
2124;6,45;8,94;319;true;true;true;0;8,92;0
2125;6,46;8,94;319;true;true;true;0;8,92;0
2126;6,47;8,94;319;true;true;true;0;8,92;0
2127;6,47;8,94;319;true;true;true;0;8,92;0
2128;6,48;8,94;319;true;true;true;0;8,92;0
2129;6,48;8,94;319;true;true;true;0;8,92;0
2130;6,49;8,94;319;true;true;true;0;8,92;0
2131;6,5;8,94;319;true;true