lengthMiddleSegment: 84518.54
step_energy: 0.05
electrostatic_force_factor: 1.0
spring_force_factor: 0.1
reject_force_factor: 2.0
distanceRejectRadius: 21129.635
distanceSamePosition: 21129.635
Iteration;time;energy;num nodes;reject force is enabled;spring force is enabled;electrostatic force is enabled;str_force;rep_force;elec_force
1;0;50,55;1451;false;true;true;17,69;0;33,12
2;0,03;58,61;1399;false;true;true;21,17;0;38,7
3;0,09;55,5;1342;false;true;true;19,81;0;37,27
4;0,1;53,54;1295;false;true;true;18,87;0;36,28
5;0,11;51,56;1244;false;true;true;19,06;0;35,52
6;0,12;50,24;1194;false;true;true;18,98;0;32,9
7;0,12;46,98;1155;false;true;true;18,45;0;30,24
8;0,13;46,69;1118;false;true;true;18,78;0;30,44
9;0,14;44,83;1080;false;true;true;18,69;0;28,43
10;0,14;43,46;1051;false;true;true;17,82;0;28,22
11;0,15;43,89;1025;false;true;true;17,91;0;29,67
12;0,16;42,11;997;false;true;true;17,53;0;28,47
13;0,16;40,16;972;false;true;true;17,33;0;26,06
14;0,17;39,21;949;false;true;true;16,81;0;26,24
15;0,17;37,9;920;false;true;true;18,05;0;24,17
16;0,18;36,97;892;false;true;true;17,58;0;21,87
17;0,18;35,45;871;false;true;true;16,98;0;20,93
18;0,19;35,78;853;false;true;true;15,86;0;21,97
19;0,2;34,12;836;false;true;true;15,89;0;21,26
20;0,2;34,58;821;false;true;true;16,34;0;22,37
21;0,21;34,4;804;false;true;true;16,43;0;22,8
22;0,22;33,26;787;false;true;true;16,04;0;21,45
23;0,22;31,24;772;false;true;true;15,52;0;19,5
24;0,23;29,97;759;false;true;true;15,21;0;17,93
25;0,23;29,13;746;false;true;true;14,83;0;17,62
26;0,24;28,71;735;false;true;true;14,7;0;17,69
27;0,24;27,99;725;false;true;true;15,18;0;17,6
28;0,24;27,46;713;false;true;true;15,3;0;16,83
29;0,25;27,83;701;false;true;true;15,28;0;16,56
30;0,25;27,3;691;false;true;true;15,13;0;17,08
31;0,25;28,37;684;false;true;true;15,74;0;19,47
32;0,26;27,8;670;false;true;true;16,35;0;17,71
33;0,26;26,87;658;false;true;true;15,69;0;15,44
34;0,26;25,85;648;false;true;true;15,15;0;14,85
35;0,26;26,01;644;false;true;true;14,59;0;16,98
36;0,27;25,31;632;false;true;true;14,68;0;14,02
37;0,27;22,99;625;false;true;true;14,13;0;12,93
38;0,28;23,05;622;false;true;true;13,92;0;14,38
39;0,28;22,97;614;false;true;true;14,05;0;13,19
40;0,28;22,94;610;false;true;true;14,39;0;14,14
41;0,29;22,4;603;false;true;true;13,75;0;12,71
42;0,29;21,88;599;false;true;true;13,47;0;12,85
43;0,29;20,45;593;false;true;true;13,35;0;11,41
44;0,3;20,5;588;false;true;true;13,44;0;11,83
45;0,3;20,23;586;false;true;true;13,66;0;12,84
46;0,3;18,97;581;false;true;true;13,7;0;11,49
47;0,31;18,92;575;false;true;true;13,27;0;10,54
48;0,31;19,09;574;false;true;true;13,21;0;12,28
49;0,31;18,54;570;false;true;true;13,92;0;11,65
50;0,31;18,65;565;false;true;true;13,79;0;11,45
51;0,32;19,32;563;false;true;true;14,16;0;12,92
52;0,32;18,21;558;false;true;true;14,37;0;11,45
53;0,32;18,39;555;false;true;true;13,9;0;11,79
54;0,33;18,56;550;false;true;true;13,11;0;11,37
55;0,33;18,53;547;false;true;true;13,26;0;11,68
56;0,34;19,02;540;false;true;true;13,15;0;10,83
57;0,34;17,5;535;false;true;true;12,33;0;8,88
58;0,34;17,28;533;false;true;true;11,9;0;9,53
59;0,34;16,39;529;false;true;true;11,73;0;8,56
60;0,35;15,9;528;false;true;true;11,61;0;9,25
61;0,35;16,43;527;false;true;true;12,45;0;10,71
62;0,35;16,76;523;false;true;true;13,25;0;10,37
63;0,36;16,24;518;false;true;true;13;0;8,62
64;0,36;16,21;516;false;true;true;12,85;0;9,24
65;0,36;16,16;514;false;true;true;12,34;0;9,44
66;0,37;15,64;511;false;true;true;12,1;0;8,87
67;0,37;15,95;510;false;true;true;12,55;0;10,14
68;0,37;15,7;507;false;true;true;12,76;0;9,71
69;0,38;15,82;505;false;true;true;12,97;0;10,12
70;0,38;15,86;502;false;true;true;12,74;0;9,57
71;0,38;15,74;499;false;true;true;12,49;0;9,37
72;0,38;15,74;498;false;true;true;12,55;0;10,41
73;0,39;15,99;495;false;true;true;12,33;0;10,11
74;0,39;15,94;491;false;true;true;12,63;0;9,25
75;0,39;15,73;487;false;true;true;12,34;0;8,26
76;0,4;15,24;484;false;true;true;11,47;0;7,28
77;0,4;14,42;483;false;true;true;10,93;0;7,57
78;0,4;14,47;483;false;true;true;11,18;0;8,85
79;0,41;14,61;481;false;true;true;11,65;0;8,95
80;0,41;14,93;479;false;true;true;12,25;0;9,37
81;0,41;14,98;476;false;true;true;12,37;0;8,88
82;0,41;14,84;473;false;true;true;12,03;0;8,44
83;0,41;14,27;470;false;true;true;11,6;0;7,6
84;0,42;14,05;469;false;true;true;11,12;0;8,01
85;0,42;14,26;467;false;true;true;10,83;0;8,06
86;0,42;14,32;466;false;true;true;11,4;0;8,84
87;0,43;14,36;464;false;true;true;12;0;9,19
88;0,43;13,98;461;false;true;true;11,87;0;8,29
89;0,43;13,83;460;false;true;true;11,56;0;8,67
90;0,43;13,79;458;false;true;true;11,5;0;8,49
91;0,44;13,59;456;false;true;true;11,62;0;8,43
92;0,44;13,57;455;false;true;true;11,95;0;9,02
93;0,44;13,58;453;false;true;true;11,93;0;8,9
94;0,44;14,31;453;false;true;true;12,55;0;10,67
95;0,45;14,28;446;false;true;true;11,93;0;7,13
96;0,45;13,46;444;false;true;true;11,12;0;6,56
97;0,45;13,28;444;false;true;true;10,77;0;7,57
98;0,45;12,81;442;false;true;true;10,63;0;7,11
99;0,46;12,6;441;false;true;true;10,97;0;7,47
100;0,46;12,73;441;false;true;true;11,39;0;8,54
101;0,46;13,04;440;false;true;true;11,89;0;9,16
102;0,46;13,07;438;false;true;true;12,07;0;8,93
103;0,47;13,09;435;false;true;true;12,1;0;8,11
104;0,47;12,36;433;false;true;true;11,63;0;7,56
105;0,47;12,28;433;false;true;true;11,44;0;8,56
106;0,47;12,48;431;false;true;true;11,29;0;8,31
107;0,47;12,43;430;false;true;true;11,51;0;8,59
108;0,48;12,83;429;false;true;true;11,85;0;9,35
109;0,48;11,93;426;false;true;true;11,65;0;7,85
110;0,48;12,14;425;false;true;true;11,92;0;8,34
111;0,48;12,27;424;false;true;true;12,06;0;8,76
112;0,49;12,28;420;false;true;true;11,61;0;7,11
113;0,49;11,82;419;false;true;true;11,1;0;7,18
114;0,49;11,78;417;false;true;true;10,64;0;6,72
115;0,49;11,55;416;false;true;true;10,02;0;6,35
116;0,5;11,69;415;false;true;true;9,9;0;6,29
117;0,5;11,57;415;false;true;true;10,14;0;7,12
118;0,5;12,15;415;false;true;true;10,81;0;8,46
119;0,5;12,18;411;false;true;true;10,77;0;6,59
120;0,51;11,76;409;false;true;true;10,34;0;5,82
121;0,51;11,64;409;false;true;true;10,13;0;6,67
122;0,51;11,39;406;false;true;true;9,57;0;5,56
123;0,51;11,11;405;false;true;true;9,43;0;5,56
124;0,51;11;405;false;true;true;9,46;0;6,32
125;0,52;10,95;403;false;true;true;9,41;0;6,06
126;0,52;10,94;403;false;true;true;9,62;0;6,85
127;0,52;10,91;401;false;true;true;9,92;0;6,24
128;0,52;10,75;401;false;true;true;10,07;0;6,95
129;0,53;10,99;401;false;true;true;10,5;0;7,94
130;0,53;11,51;400;false;true;true;10,83;0;8,57
131;0,53;11,19;397;false;true;true;10,55;0;7,12
132;0,53;11,16;396;false;true;true;10,48;0;7,36
133;0,53;11,18;394;false;true;true;10,19;0;6,96
134;0,54;10,85;392;false;true;true;9,66;0;6,07
135;0,54;10,71;391;false;true;true;9,63;0;6,15
136;0,54;10,41;390;false;true;true;9,47;0;6,07
137;0,54;10,31;390;false;true;true;9,6;0;6,76
138;0,54;10,12;389;false;true;true;9,7;0;6,73
139;0,55;10,1;388;false;true;true;9,69;0;6,55
140;0,55;10,14;388;false;true;true;10,06;0;7,27
141;0,55;10,39;387;false;true;true;10,39;0;7,53
142;0,55;10,42;385;false;true;true;10,51;0;7,07
143;0,56;10,45;383;false;true;true;10,3;0;6,5
144;0,56;10,17;382;false;true;true;10,03;0;6,54
145;0,56;10,17;381;false;true;true;9,95;0;6,63
146;0,56;10,05;380;false;true;true;9,77;0;6,75
147;0,56;9,74;379;false;true;true;9,55;0;6,48
148;0,56;9,79;379;false;true;true;9,82;0;7,19
149;0,57;9,67;378;false;true;true;9,88;0;7,02
150;0,57;9,83;377;false;true;true;10,15;0;6,98
151;0,57;9,92;377;false;true;true;10,51;0;7,77
152;0,57;10,49;377;false;true;true;11,06;0;8,99
153;0,57;10,76;372;false;true;true;10,2;0;6,47
154;0,58;10,49;371;false;true;true;9,8;0;6,56
155;0,58;10,03;369;false;true;true;9,24;0;5,59
156;0,58;9,57;368;false;true;true;8,72;0;5,37
157;0,58;9,23;368;false;true;true;8,68;0;5,74
158;0,58;9,02;368;false;true;true;8,94;0;6,14
159;0,59;8,94;368;false;true;true;9,35;0;6,6
160;0,59;8,99;368;false;true;true;9,93;0;7,16
161;0,59;9,24;368;false;true;true;10,55;0;7,92
162;0,59;9,68;367;false;true;true;10,98;0;8,18
163;0,6;9,61;365;false;true;true;10,96;0;7,58
164;0,6;9,79;364;false;true;true;10,9;0;7,76
165;0,6;10,06;362;false;true;true;10,61;0;7,31
166;0,6;9,92;360;false;true;true;10;0;6,65
167;0,6;9,57;358;false;true;true;9,16;0;5,62
168;0,61;9,28;358;false;true;true;9;0;6,05
169;0,61;9,17;358;false;true;true;9,23;0;6,56
170;0,61;9,29;358;false;true;true;9,74;0;7,24
171;0,61;9,28;356;false;true;true;9,68;0;6,4
172;0,61;9,26;355;false;true;true;9,82;0;6,35
173;0,62;9,29;355;false;true;true;9,98;0;7,01
174;0,62;9,47;354;false;true;true;10,15;0;7,16
175;0,62;9,44;352;false;true;true;10,03;0;6,41
176;0,62;9,16;351;false;true;true;9,84;0;6,12
177;0,62;9,16;351;false;true;true;9,84;0;6,76
178;0,63;8,89;350;false;true;true;9,81;0;6,53
179;0,63;8,84;349;false;true;true;9,75;0;6,38
180;0,63;8,82;349;false;true;true;9,96;0;6,91
181;0,63;9,05;349;false;true;true;10,31;0;7,66
182;0,63;9,29;348;false;true;true;10,54;0;7,8
183;0,64;9,43;347;false;true;true;10,49;0;7,81
184;0,64;9,63;345;false;true;true;10,56;0;7,42
185;0,64;9,52;343;false;true;true;10,16;0;6,75
186;0,64;9,54;342;false;true;true;9,89;0;6,79
187;0,64;9,37;341;false;true;true;9,66;0;6,62
188;0,65;9,39;340;false;true;true;9,59;0;6,59
189;0,65;9,38;339;false;true;true;9,44;0;6,53
190;0,65;9,43;338;false;true;true;9,55;0;6,64
191;0,65;9,58;337;false;true;true;9,25;0;6,59
192;0,65;9,83;337;false;true;true;9,49;0;7,54
193;0,66;9,71;335;false;true;true;9,6;0;6,95
194;0,66;9,56;333;false;true;true;9,43;0;6,24
195;0,66;9;332;false;true;true;9,23;0;5,86
196;0,66;8,85;332;false;true;true;9,13;0;6,37
197;0,66;9,11;331;false;true;true;9,16;0;6,52
198;0,67;8,94;330;false;true;true;9,04;0;6,42
199;0,67;8,89;330;false;true;true;9,26;0;7,13
200;0,67;9,06;329;false;true;true;9,69;0;7,47
201;0,67;8,36;327;false;true;true;9,13;0;6,3
202;0,67;8,21;326;false;true;true;9,05;0;5,99
203;0,68;8,22;326;false;true;true;9,17;0;6,56
204;0,68;8,61;324;false;true;true;8,93;0;5,68
205;0,68;8,47;324;false;true;true;8,93;0;6,26
206;0,68;8,53;323;false;true;true;8,9;0;6,23
207;0,68;8,76;322;false;true;true;9,07;0;6,36
208;0,69;8,72;321;false;true;true;9,1;0;6,4
209;0,69;8,59;319;false;true;true;8,5;0;5,46
210;0,69;8,2;318;false;true;true;8,16;0;4,99
211;0,69;7,99;318;false;true;true;8,1;0;5,35
212;0,69;7,93;318;false;true;true;8,29;0;5,77
213;0,7;8,03;318;false;true;true;8,67;0;6,32
214;0,7;8,41;318;false;true;true;9,24;0;7,14
215;0,7;8,91;316;false;true;true;9,44;0;6,74
216;0,7;8,35;313;false;true;true;8,67;0;4,95
217;0,7;8,09;313;false;true;true;8,4;0;5,35
218;0,71;8,08;313;false;true;true;8,34;0;5,87
219;0,71;8,05;312;false;true;true;8,26;0;5,67
220;0,71;7,98;311;false;true;true;8,19;0;5,37
221;0,71;8;311;false;true;true;8,42;0;5,92
222;0,71;7,87;310;false;true;true;8,41;0;5,58
223;0,72;7,92;310;false;true;true;8,6;0;6,14
224;0,72;7,94;309;false;true;true;8,74;0;6,11
225;0,72;8,04;308;false;true;true;8,61;0;6,02
226;0,72;7,64;306;false;true;true;8,24;0;4,95
227;0,72;7,39;306;false;true;true;8,1;0;5,27
228;0,73;7,34;306;false;true;true;8,14;0;5,68
229;0,73;7,26;305;false;true;true;8,07;0;5,31
230;0,73;7,13;305;false;true;true;8,21;0;5,65
231;0,73;7,12;305;false;true;true;8,47;0;6,07
232;0,73;7,32;305;false;true;true;8,81;0;6,66
233;0,74;7,44;304;false;true;true;8,92;0;6,47
234;0,74;7,65;303;false;true;true;9,03;0;6,44
235;0,74;7,46;302;false;true;true;8,85;0;6,19
236;0,74;7,38;301;false;true;true;8,7;0;6,07
237;0,74;7,32;300;false;true;true;8,54;0;5,87
238;0,75;7,39;298;false;true;true;7,65;0;4,84
239;0,75;7,11;298;false;true;true;7,53;0;5,13
240;0,75;6,97;298;false;true;true;7,61;0;5,45
241;0,75;6,94;298;false;true;true;7,94;0;5,83
242;0,75;7,03;298;false;true;true;8,37;0;6,32
243;0,76;7,21;297;false;true;true;8,61;0;6,16
244;0,76;7,36;297;false;true;true;8,88;0;6,81
245;0,76;7,53;296;false;true;true;8,81;0;6,67
246;0,76;8,14;296;false;true;true;9,15;0;7,8
247;0,76;7,72;291;false;true;true;7,86;0;4,48
248;0,77;7,37;291;false;true;true;7,47;0;4,87
249;0,77;6,94;290;false;true;true;6,99;0;4,38
250;0,77;6,59;290;false;true;true;6,72;0;4,59
251;0,77;6,33;290;false;true;true;6,85;0;4,8
252;0,77;6,15;290;false;true;true;7,08;0;5,03
253;0,78;6,03;290;false;true;true;7,37;0;5,29
254;0,78;5,97;290;false;true;true;7,67;0;5,6
255;0,78;6,01;290;false;true;true;7,99;0;5,98
256;0,78;6,04;289;false;true;true;7,91;0;5,63
257;0,78;6,06;289;false;true;true;8,1;0;6,04
258;0,79;6,28;289;false;true;true;8,38;0;6,64
259;0,79;6,63;288;false;true;true;8,42;0;6,61
260;0,79;6,36;285;false;true;true;7,71;0;4,77
261;0,79;6,01;285;false;true;true;7,39;0;5,04
262;0,79;5,84;284;false;true;true;7,03;0;4,62
263;0,79;5,49;284;false;true;true;6,82;0;4,79
264;0,8;5,24;284;false;true;true;6,89;0;4,97
265;0,8;5,06;284;false;true;true;7,05;0;5,15
266;0,8;4,95;284;false;true;true;7,28;0;5,36
267;0,8;4,91;284;false;true;true;7,52;0;5,62
268;0,8;4,98;284;false;true;true;7,77;0;5,98
269;0,81;4,86;283;false;true;true;7,59;0;5,4
270;0,81;4,78;283;false;true;true;7,66;0;5,64
271;0,81;4,79;283;false;true;true;7,78;0;5,95
272;0,81;5,06;282;false;true;true;7,51;0;5,56
273;0,81;5,14;282;false;true;true;7,6;0;6
274;0,82;5,02;281;false;true;true;7,45;0;5,5
275;0,82;4,78;280;false;true;true;7,21;0;4,97
276;0,82;4,55;280;false;true;true;7,14;0;5,12
277;0,82;4,38;280;false;true;true;7,12;0;5,26
278;0,82;4,26;280;false;true;true;7,21;0;5,42
279;0,82;4,17;280;false;true;true;7,35;0;5,58
280;0,83;4,1;280;false;true;true;7,52;0;5,76
281;0,83;4,08;280;false;true;true;7,7;0;5,95
282;0,83;4,08;280;false;true;true;7,88;0;6,18
283;0,83;4,16;280;false;true;true;8,08;0;6,48
284;0,83;4,28;279;false;true;true;7,89;0;6,03
285;0,84;4,26;279;false;true;true;7,98;0;6,29
286;0,84;4,32;279;false;true;true;8,12;0;6,6
287;0,84;4,49;279;false;true;true;8,34;0;7,03
288;0,84;4,88;279;false;true;true;8,68;0;7,69
289;0,84;5,21;276;false;true;true;7,89;0;5,82
290;0,85;5,16;276;false;true;true;7,79;0;6,24
291;0,85;5,42;276;false;true;true;7,86;0;6,91
292;0,85;5,51;272;false;true;true;6,46;0;3,87
293;0,85;5,14;272;false;true;true;6,17;0;3,96
294;0,85;4,87;272;false;true;true;6,01;0;4,08
295;0,85;4,68;272;false;true;true;5,93;0;4,23
296;0,86;4,54;272;false;true;true;6,02;0;4,42
297;0,86;4,47;272;false;true;true;6,16;0;4,66
298;0,86;4,37;271;false;true;true;5,82;0;3,95
299;0,86;4,28;271;false;true;true;5,89;0;4,17
300;0,86;4,49;270;false;true;true;6,04;0;4,22
301;0,86;4,26;270;false;true;true;5,95;0;4,47
302;0,87;3,59;269;false;true;true;5,92;0;3,98
303;0,87;3,4;269;false;true;true;5,93;0;4,06
304;0,87;3,28;269;false;true;true;6;0;4,13
305;0,87;3,2;269;false;true;true;6,06;0;4,21
306;0,87;3,13;269;false;true;true;6,11;0;4,29
307;0,87;3,08;269;false;true;true;6,17;0;4,38
308;0,87;3,04;269;false;true;true;6,23;0;4,48
309;0,87;3,02;269;false;true;true;6,3;0;4,59
310;0,88;3,02;269;false;true;true;6,38;0;4,71
311;0,88;3,06;269;false;true;true;6,48;0;4,88
312;0,88;3,16;269;false;true;true;6,59;0;5,12
313;0,88;3,18;268;false;true;true;6,34;0;4,54
314;0,88;3,12;268;false;true;true;6,3;0;4,67
315;0,88;3,1;268;false;true;true;6,31;0;4,82
316;0,88;3,14;268;false;true;true;6,37;0;5,02
317;0,88;3,27;268;false;true;true;6,54;0;5,3
318;0,89;3,35;267;false;true;true;6,33;0;4,77
319;0,89;3,45;266;false;true;true;5,97;0;4,14
320;0,89;3,24;266;false;true;true;5,8;0;4,24
321;0,89;3,1;266;false;true;true;5,71;0;4,34
322;0,89;3,02;266;false;true;true;5,82;0;4,47
323;0,89;3;266;false;true;true;5,96;0;4,64
324;0,89;3,08;266;false;true;true;6,12;0;4,88
325;0,89;3,09;265;false;true;true;5,76;0;4,21
326;0,89;3,09;265;false;true;true;5,8;0;4,39
327;0,9;3,09;264;false;true;true;5,59;0;3,87
328;0,9;2,95;264;false;true;true;5,48;0;3,94
329;0,9;2,85;264;false;true;true;5,45;0;4,01
330;0,9;2,78;264;false;true;true;5,45;0;4,08
331;0,9;2,72;264;false;true;true;5,55;0;4,16
332;0,9;2,69;264;false;true;true;5,65;0;4,25
333;0,9;2,67;264;false;true;true;5,74;0;4,35
334;0,9;2,69;264;false;true;true;5,84;0;4,48
335;0,9;2,75;264;false;true;true;5,95;0;4,65
336;0,91;2,95;264;false;true;true;6,09;0;4,97
337;0,91;2,72;263;false;true;true;5,89;0;4,31
338;0,91;2,68;263;false;true;true;5,85;0;4,42
339;0,91;2,7;263;false;true;true;5,84;0;4,58
340;0,91;2,81;262;false;true;true;5,42;0;3,96
341;0,91;2,7;262;false;true;true;5,38;0;4,03
342;0,92;2,64;262;false;true;true;5,4;0;4,11
343;0,92;2,6;262;false;true;true;5,45;0;4,2
344;0,92;2,59;262;false;true;true;5,54;0;4,3
345;0,92;2,6;262;false;true;true;5,64;0;4,43
346;0,92;2,68;262;false;true;true;5,76;0;4,61
347;0,92;2,66;261;false;true;true;5,66;0;4,12
348;0,93;2,57;261;false;true;true;5,59;0;4,2
349;0,93;2,52;261;false;true;true;5,55;0;4,28
350;0,93;2,5;261;false;true;true;5,55;0;4,38
351;0,93;2,5;261;false;true;true;5,63;0;4,49
352;0,93;2,54;261;false;true;true;5,74;0;4,63
353;0,94;2,63;261;false;true;true;5,88;0;4,84
354;0,94;2,79;260;false;true;true;5,64;0;4,28
355;0,94;2,79;260;false;true;true;5,65;0;4,45
356;0,94;2,8;259;false;true;true;5,19;0;3,78
357;0,95;2,71;259;false;true;true;5,13;0;3,87
358;0,95;2,66;259;false;true;true;5,14;0;3,97
359;0,95;2,68;259;false;true;true;5,21;0;4,11
360;0,95;2,67;258;false;true;true;5,04;0;3,55
361;0,95;2,58;258;false;true;true;4,95;0;3,59
362;0,96;2,51;258;false;true;true;4,91;0;3,62
363;0,96;2,44;258;false;true;true;4,92;0;3,65
364;0,96;2,39;258;false;true;true;4,97;0;3,68
365;0,96;2,33;258;false;true;true;5,01;0;3,7
366;0,96;2,27;258;false;true;true;5,03;0;3,73
367;0,96;2,23;258;false;true;true;5,07;0;3,76
368;0,96;2,19;258;false;true;true;5,1;0;3,78
369;0,97;2,15;258;false;true;true;5,13;0;3,81
370;0,97;2,1;258;false;true;true;5,15;0;3,83
371;0,97;2,07;258;false;true;true;5,17;0;3,86
372;0,97;2,03;258;false;true;true;5,19;0;3,89
373;0,97;2,01;258;false;true;true;5,22;0;3,92
374;0,97;1,98;258;false;true;true;5,24;0;3,95
375;0,97;1,96;258;false;true;true;5,26;0;3,99
376;0,98;1,95;258;false;true;true;5,28;0;4,02
377;0,98;1,94;258;false;true;true;5,3;0;4,07
378;0,98;1,95;258;false;true;true;5,33;0;4,12
379;0,98;1,96;258;false;true;true;5,36;0;4,19
380;0,98;2,01;258;false;true;true;5,4;0;4,29
381;0,98;2,12;258;false;true;true;5,46;0;4,46
382;0,98;2,27;257;false;true;true;5,08;0;3,65
383;0,98;2,15;257;false;true;true;5,02;0;3,69
384;0,98;2,07;257;false;true;true;4,98;0;3,73
385;0,98;2,01;257;false;true;true;4,93;0;3,77
386;0,99;1,98;257;false;true;true;4,91;0;3,82
387;0,99;1,96;257;false;true;true;4,96;0;3,88
388;0,99;1,95;257;false;true;true;5,03;0;3,95
389;0,99;1,98;257;false;true;true;5,1;0;4,06
390;1;2,09;257;false;true;true;5,19;0;4,24
391;1;2,09;256;false;true;true;5,17;0;3,82
392;1;1,99;256;false;true;true;5,06;0;3,86
393;1;1,92;256;false;true;true;4,98;0;3,92
394;1,01;1,88;256;false;true;true;4,95;0;3,98
395;1,01;1,87;256;false;true;true;5,01;0;4,05
396;1,01;1,88;256;false;true;true;5,08;0;4,14
397;1,01;1,94;256;false;true;true;5,17;0;4,28
398;1,01;2,13;256;false;true;true;5,27;0;4,55
399;1,01;1,92;255;false;true;true;5,12;0;3,88
400;1,02;1,83;255;false;true;true;5,01;0;3,92
401;1,02;1,78;255;false;true;true;4,93;0;3,97
402;1,02;1,75;255;false;true;true;4,9;0;4,03
403;1,02;1,74;255;false;true;true;4,96;0;4,09
404;1,02;1,74;255;false;true;true;5,03;0;4,17
405;1,02;1,78;255;false;true;true;5,12;0;4,27
406;1,02;1,87;255;false;true;true;5,21;0;4,44
407;1,02;1,9;254;false;true;true;5,21;0;3,95
408;1,02;1,8;254;false;true;true;5,07;0;4
409;1,03;1,74;254;false;true;true;4,98;0;4,05
410;1,03;1,69;254;false;true;true;4,93;0;4,1
411;1,03;1,68;254;false;true;true;4,97;0;4,16
412;1,03;1,67;254;false;true;true;5,03;0;4,23
413;1,03;1,7;254;false;true;true;5,11;0;4,33
414;1,03;1,77;254;false;true;true;5,21;0;4,47
415;1,03;1,95;254;false;true;true;5,33;0;4,73
416;1,03;1,78;253;false;true;true;5,18;0;4,07
417;1,03;1,71;253;false;true;true;5,08;0;4,12
418;1,04;1,66;253;false;true;true;5,01;0;4,18
419;1,04;1,64;253;false;true;true;4,99;0;4,24
420;1,04;1,63;253;false;true;true;5,04;0;4,31
421;1,04;1,65;253;false;true;true;5,13;0;4,4
422;1,04;1,68;253;false;true;true;5,23;0;4,51
423;1,04;1,77;253;false;true;true;5,33;0;4,67
424;1,04;1,99;253;false;true;true;5,47;0;4,97
425;1,04;1,82;252;false;true;true;5,33;0;4,31
426;1,04;1,79;252;false;true;true;5,26;0;4,4
427;1,05;1,81;252;false;true;true;5,24;0;4,54
428;1,05;1,93;251;false;true;true;4,79;0;3,9
429;1,05;1,84;251;false;true;true;4,74;0;3,96
430;1,05;1,78;251;false;true;true;4,75;0;4,02
431;1,05;1,76;251;false;true;true;4,79;0;4,09
432;1,05;1,75;251;false;true;true;4,89;0;4,17
433;1,05;1,79;251;false;true;true;4,99;0;4,29
434;1,05;1,91;251;false;true;true;5,11;0;4,5
435;1,05;1,83;250;false;true;true;4,99;0;3,9
436;1,05;1,74;250;false;true;true;4,9;0;3,94
437;1,06;1,68;250;false;true;true;4,83;0;3,98
438;1,06;1,63;250;false;true;true;4,79;0;4,03
439;1,06;1,6;250;false;true;true;4,82;0;4,08
440;1,06;1,58;250;false;true;true;4,89;0;4,14
441;1,06;1,58;250;false;true;true;4,97;0;4,21
442;1,06;1,6;250;false;true;true;5,04;0;4,29
443;1,06;1,64;250;false;true;true;5,12;0;4,4
444;1,06;1,73;250;false;true;true;5,21;0;4,56
445;1,06;1,96;250;false;true;true;5,34;0;4,87
446;1,07;1,77;249;false;true;true;5,13;0;4,15
447;1,07;1,74;249;false;true;true;5,07;0;4,25
448;1,07;1,77;249;false;true;true;5,05;0;4,4
449;1,07;1,98;248;false;true;true;4,56;0;3,72
450;1,07;1,86;248;false;true;true;4,47;0;3,78
451;1,07;1,78;248;false;true;true;4,49;0;3,84
452;1,08;1,74;248;false;true;true;4,58;0;3,9
453;1,08;1,72;248;false;true;true;4,67;0;3,98
454;1,08;1,73;248;false;true;true;4,76;0;4,07
455;1,08;1,77;248;false;true;true;4,86;0;4,19
456;1,08;1,9;248;false;true;true;4,97;0;4,41
457;1,08;1,82;247;false;true;true;4,83;0;3,78
458;1,08;1,73;247;false;true;true;4,73;0;3,83
459;1,08;1,66;247;false;true;true;4,67;0;3,87
460;1,08;1,61;247;false;true;true;4,63;0;3,92
461;1,08;1,58;247;false;true;true;4,66;0;3,97
462;1,09;1,56;247;false;true;true;4,73;0;4,03
463;1,09;1,55;247;false;true;true;4,79;0;4,09
464;1,09;1,55;247;false;true;true;4,86;0;4,16
465;1,09;1,57;247;false;true;true;4,92;0;4,25
466;1,09;1,62;247;false;true;true;5;0;4,36
467;1,09;1,72;247;false;true;true;5,1;0;4,54
468;1,09;1,8;246;false;true;true;5,05;0;4,05
469;1,09;1,73;246;false;true;true;4,95;0;4,13
470;1,09;1,71;246;false;true;true;4,91;0;4,23
471;1,1;1,76;246;false;true;true;4,9;0;4,39
472;1,1;1,9;245;false;true;true;4,63;0;3,74
473;1,1;1,76;245;false;true;true;4,54;0;3,78
474;1,1;1,66;245;false;true;true;4,49;0;3,83
475;1,1;1,6;245;false;true;true;4,5;0;3,88
476;1,1;1,56;245;false;true;true;4,56;0;3,94
477;1,11;1,54;245;false;true;true;4,62;0;4
478;1,11;1,55;245;false;true;true;4,68;0;4,09
479;1,11;1,6;245;false;true;true;4,76;0;4,23
480;1,11;1,79;245;false;true;true;4,87;0;4,5
481;1,11;1,57;244;false;true;true;4,59;0;3,72
482;1,11;1,49;244;false;true;true;4,49;0;3,75
483;1,11;1,43;244;false;true;true;4,41;0;3,78
484;1,11;1,38;244;false;true;true;4,37;0;3,81
485;1,12;1,35;244;false;true;true;4,42;0;3,84
486;1,12;1,31;244;false;true;true;4,47;0;3,87
487;1,12;1,29;244;false;true;true;4,51;0;3,9
488;1,12;1,27;244;false;true;true;4,56;0;3,93
489;1,12;1,26;244;false;true;true;4,59;0;3,97
490;1,12;1,26;244;false;true;true;4,63;0;4,01
491;1,12;1,26;244;false;true;true;4,67;0;4,06
492;1,13;1,29;244;false;true;true;4,72;0;4,13
493;1,13;1,34;244;false;true;true;4,77;0;4,24
494;1,13;1,47;244;false;true;true;4,84;0;4,41
495;1,13;1,53;243;false;true;true;4,56;0;3,64
496;1,13;1,39;243;false;true;true;4,49;0;3,66
497;1,13;1,3;243;false;true;true;4,43;0;3,67
498;1,13;1,26;243;false;true;true;4,38;0;3,69
499;1,14;1,24;243;false;true;true;4,35;0;3,71
500;1,14;1,22;243;false;true;true;4,36;0;3,73
501;1,14;1,2;243;false;true;true;4,36;0;3,76
502;1,14;1,2;243;false;true;true;4,39;0;3,79
503;1,14;1,19;243;false;true;true;4,4;0;3,82
504;1,15;1,2;243;false;true;true;4,44;0;3,86
505;1,15;1,21;243;false;true;true;4,47;0;3,91
506;1,15;1,24;243;false;true;true;4,51;0;3,97
507;1,15;1,29;243;false;true;true;4,56;0;4,07
508;1,15;1,41;243;false;true;true;4,63;0;4,24
509;1,15;1,38;242;false;true;true;4,41;0;3,69
510;1,15;1,3;242;false;true;true;4,31;0;3,72
511;1,15;1,25;242;false;true;true;4,23;0;3,75
512;1,15;1,22;242;false;true;true;4,18;0;3,78
513;1,16;1,19;242;false;true;true;4,21;0;3,81
514;1,16;1,17;242;false;true;true;4,26;0;3,85
515;1,16;1,15;242;false;true;true;4,3;0;3,89
516;1,16;1,14;242;false;true;true;4,34;0;3,93
517;1,16;1,15;242;false;true;true;4,39;0;3,99
518;1,16;1,16;242;false;true;true;4,44;0;4,06
519;1,16;1,2;242;false;true;true;4,49;0;4,16
520;1,16;1,31;242;false;true;true;4,57;0;4,32
521;1,16;1,28;241;false;true;true;4,39;0;3,72
522;1,17;1,23;241;false;true;true;4,25;0;3,75
523;1,17;1,19;241;false;true;true;4,16;0;3,77
524;1,17;1,15;241;false;true;true;4,12;0;3,8
525;1,17;1,1;241;false;true;true;4,13;0;3,83
526;1,17;1,06;241;false;true;true;4,17;0;3,85
527;1,17;1,02;241;false;true;true;4,21;0;3,88
528;1,17;0,98;241;false;true;true;4,24;0;3,9
529;1,17;0,95;241;false;true;true;4,27;0;3,93
530;1,17;0,93;241;false;true;true;4,3;0;3,96
531;1,17;0,91;241;false;true;true;4,33;0;3,99
532;1,18;0,9;241;false;true;true;4,36;0;4,02
533;1,18;0,9;241;false;true;true;4,39;0;4,06
534;1,18;0,9;241;false;true;true;4,42;0;4,11
535;1,18;0,91;241;false;true;true;4,45;0;4,17
536;1,18;0,94;241;false;true;true;4,49;0;4,24
537;1,18;1;241;false;true;true;4,54;0;4,34
538;1,18;1,13;241;false;true;true;4,61;0;4,52
539;1,18;1,41;240;false;true;true;4,23;0;4
540;1,18;1,38;240;false;true;true;4,22;0;4,15
541;1,18;1,47;240;false;true;true;4,35;0;4,39
542;1,19;1,22;239;false;true;true;4,34;0;3,94
543;1,19;1,12;239;false;true;true;4,2;0;4,02
544;1,19;1,05;239;false;true;true;4,19;0;4,1
545;1,19;1,02;239;false;true;true;4,27;0;4,21
546;1,19;1,05;239;false;true;true;4,35;0;4,37
547;1,19;1,17;239;false;true;true;4,44;0;4,63
548;1,19;0,74;238;false;true;true;4,23;0;3,83
549;1,19;0,74;238;false;true;true;4,23;0;3,9
550;1,19;0,8;238;false;true;true;4,26;0;4,02
551;1,2;0,89;237;false;true;true;3,74;0;3,24
552;1,2;0,81;237;false;true;true;3,66;0;3,25
553;1,2;0,76;237;false;true;true;3,61;0;3,26
554;1,2;0,72;237;false;true;true;3,62;0;3,27
555;1,2;0,69;237;false;true;true;3,65;0;3,28
556;1,2;0,66;237;false;true;true;3,68;0;3,28
557;1,2;0,64;237;false;true;true;3,69;0;3,29
558;1,2;0,63;237;false;true;true;3,71;0;3,29
559;1,2;0,61;237;false;true;true;3,72;0;3,3
560;1,2;0,59;237;false;true;true;3,72;0;3,3
561;1,21;0,58;237;false;true;true;3,73;0;3,31
562;1,21;0,57;237;false;true;true;3,73;0;3,31
563;1,21;0,55;237;false;true;true;3,73;0;3,32
564;1,21;0,55;237;false;true;true;3,73;0;3,32
565;1,21;0,54;237;false;true;true;3,73;0;3,32
566;1,21;0,53;237;false;true;true;3,73;0;3,33
567;1,21;0,52;237;false;true;true;3,73;0;3,33
568;1,21;0,51;237;false;true;true;3,73;0;3,33
569;1,21;0,51;237;false;true;true;3,74;0;3,34
570;1,22;0,5;237;false;true;true;3,73;0;3,34
571;1,22;0,49;237;false;true;true;3,73;0;3,34
572;1,22;0,49;237;false;true;true;3,73;0;3,35
573;1,22;0,48;237;false;true;true;3,73;0;3,35
574;1,22;0,48;237;false;true;true;3,74;0;3,35
575;1,22;0,47;237;false;true;true;3,73;0;3,36
576;1,22;0,47;237;false;true;true;3,73;0;3,36
577;1,23;0,46;237;false;true;true;3,73;0;3,36
578;1,23;0,46;237;false;true;true;3,74;0;3,37
579;1,23;0,45;237;false;true;true;3,74;0;3,37
580;1,23;0,45;237;false;true;true;3,73;0;3,37
581;1,23;0,44;237;false;true;true;3,74;0;3,37
582;1,23;0,44;237;false;true;true;3,74;0;3,38
583;1,23;0,44;237;false;true;true;3,74;0;3,38
584;1,24;0,43;237;false;true;true;3,74;0;3,38
585;1,24;0,43;237;false;true;true;3,74;0;3,39
586;1,24;0,42;237;false;true;true;3,74;0;3,39
587;1,24;0,42;237;false;true;true;3,74;0;3,39
588;1,24;0,41;237;false;true;true;3,73;0;3,4
589;1,24;0,41;237;false;true;true;3,73;0;3,4
590;1,24;0,41;237;false;true;true;3,74;0;3,4
591;1,24;0,41;237;false;true;true;3,74;0;3,41
592;1,24;0,4;237;false;true;true;3,74;0;3,41
593;1,25;0,4;237;false;true;true;3,74;0;3,41
594;1,25;0,4;237;false;true;true;3,74;0;3,41
595;1,25;0,39;237;false;true;true;3,74;0;3,42
596;1,25;0,39;237;false;true;true;3,74;0;3,42
597;1,25;0,39;237;false;true;true;3,74;0;3,42
598;1,25;0,38;237;false;true;true;3,74;0;3,43
599;1,25;0,38;237;false;true;true;3,74;0;3,43
600;1,25;0,38;237;false;true;true;3,74;0;3,43
601;1,25;0,37;237;false;true;true;3,74;0;3,44
602;1,25;0,37;237;false;true;true;3,75;0;3,44
603;1,25;0,37;237;false;true;true;3,75;0;3,44
604;1,26;0,37;237;false;true;true;3,76;0;3,45
605;1,26;0,36;237;false;true;true;3,75;0;3,45
606;1,26;0,37;237;false;true;true;3,76;0;3,46
607;1,26;0,36;237;false;true;true;3,75;0;3,46
608;1,26;0,36;237;false;true;true;3,76;0;3,46
609;1,26;0,36;237;false;true;true;3,76;0;3,47
610;1,26;0,35;237;false;true;true;3,76;0;3,47
611;1,26;0,35;237;false;true;true;3,76;0;3,48
612;1,26;0,35;237;false;true;true;3,76;0;3,48
613;1,26;0,35;237;false;true;true;3,77;0;3,48
614;1,27;0,35;237;false;true;true;3,77;0;3,49
615;1,27;0,35;237;false;true;true;3,77;0;3,49
616;1,27;0,35;237;false;true;true;3,78;0;3,5
617;1,27;0,34;237;false;true;true;3,78;0;3,5
618;1,27;0,34;237;false;true;true;3,78;0;3,51
619;1,27;0,34;237;false;true;true;3,79;0;3,51
620;1,32;0,34;237;false;true;true;3,79;0;3,52
621;1,32;0,34;237;false;true;true;3,79;0;3,52
622;1,32;0,34;237;false;true;true;3,8;0;3,53
623;1,33;0,34;237;false;true;true;3,8;0;3,54
624;1,33;0,34;237;false;true;true;3,81;0;3,54
625;1,33;0,34;237;false;true;true;3,81;0;3,55
626;1,33;0,34;237;false;true;true;3,81;0;3,56
627;1,33;0,35;237;false;true;true;3,82;0;3,57
628;1,33;0,35;237;false;true;true;3,83;0;3,58
629;1,33;0,34;237;false;true;true;3,83;0;3,59
630;1,33;0,35;237;false;true;true;3,84;0;3,6
631;1,33;0,35;237;false;true;true;3,85;0;3,61
632;1,33;0,36;237;false;true;true;3,86;0;3,62
633;1,34;0,36;237;false;true;true;3,87;0;3,64
634;1,34;0,37;237;false;true;true;3,89;0;3,65
635;1,34;0,38;237;false;true;true;3,9;0;3,68
636;1,34;0,39;237;false;true;true;3,92;0;3,7
637;1,34;0,41;237;false;true;true;3,94;0;3,73
638;1,34;0,44;237;false;true;true;3,97;0;3,77
639;1,34;0,47;237;false;true;true;4;0;3,83
640;1,34;0,54;237;false;true;true;4,05;0;3,92
641;1,34;0,69;236;false;true;true;3,57;0;3,21
642;1,35;0,63;236;false;true;true;3,5;0;3,22
643;1,35;0,58;236;false;true;true;3,45;0;3,23
644;1,35;0,55;236;false;true;true;3,44;0;3,24
645;1,35;0,53;236;false;true;true;3,48;0;3,24
646;1,35;0,51;236;false;true;true;3,51;0;3,25
647;1,35;0,49;236;false;true;true;3,53;0;3,26
648;1,35;0,48;236;false;true;true;3,55;0;3,26
649;1,35;0,46;236;false;true;true;3,56;0;3,27
650;1,35;0,45;236;false;true;true;3,57;0;3,28
651;1,35;0,44;236;false;true;true;3,58;0;3,28
652;1,36;0,44;236;false;true;true;3,58;0;3,29
653;1,36;0,43;236;false;true;true;3,59;0;3,29
654;1,36;0,42;236;false;true;true;3,59;0;3,3
655;1,36;0,41;236;false;true;true;3,6;0;3,3
656;1,36;0,4;236;false;true;true;3,6;0;3,31
657;1,36;0,4;236;false;true;true;3,61;0;3,32
658;1,36;0,4;236;false;true;true;3,61;0;3,32
659;1,36;0,4;236;false;true;true;3,62;0;3,33
660;1,37;0,39;236;false;true;true;3,62;0;3,34
661;1,37;0,39;236;false;true;true;3,62;0;3,35
662;1,37;0,39;236;false;true;true;3,63;0;3,35
663;1,37;0,38;236;false;true;true;3,63;0;3,36
664;1,37;0,39;236;false;true;true;3,65;0;3,37
665;1,37;0,39;236;false;true;true;3,65;0;3,38
666;1,37;0,38;236;false;true;true;3,66;0;3,4
667;1,37;0,39;236;false;true;true;3,67;0;3,41
668;1,38;0,39;236;false;true;true;3,67;0;3,43
669;1,38;0,4;236;false;true;true;3,69;0;3,45
670;1,38;0,4;236;false;true;true;3,7;0;3,47
671;1,38;0,41;236;false;true;true;3,72;0;3,5
672;1,38;0,44;236;false;true;true;3,74;0;3,54
673;1,38;0,47;236;false;true;true;3,78;0;3,59
674;1,38;0,53;236;false;true;true;3,81;0;3,68
675;1,39;0,82;235;false;true;true;3,45;0;2,97
676;1,39;0,66;235;false;true;true;3,29;0;2,98
677;1,39;0,55;235;false;true;true;3,18;0;2,98
678;1,39;0,48;235;false;true;true;3,17;0;2,99
679;1,39;0,43;235;false;true;true;3,19;0;2,99
680;1,39;0,4;235;false;true;true;3,21;0;3
681;1,39;0,37;235;false;true;true;3,23;0;3
682;1,4;0,35;235;false;true;true;3,24;0;3
683;1,4;0,34;235;false;true;true;3,25;0;3,01
684;1,4;0,33;235;false;true;true;3,26;0;3,01
685;1,4;0,32;235;false;true;true;3,26;0;3,01
686;1,4;0,32;235;false;true;true;3,26;0;3,01
687;1,4;0,31;235;false;true;true;3,26;0;3,01
688;1,4;0,31;235;false;true;true;3,27;0;3,01
689;1,4;0,3;235;false;true;true;3,27;0;3,01
690;1,4;0,3;235;false;true;true;3,27;0;3,01
691;1,4;0,3;235;false;true;true;3,27;0;3,01
692;1,41;0,3;235;false;true;true;3,27;0;3,02
693;1,41;0,29;235;false;true;true;3,27;0;3,02
694;1,41;0,29;235;false;true;true;3,27;0;3,02
695;1,41;0,29;235;false;true;true;3,27;0;3,02
696;1,41;0,29;235;false;true;true;3,27;0;3,02
697;1,41;0,29;235;false;true;true;3,27;0;3,02
698;1,41;0,28;235;false;true;true;3,26;0;3,02
699;1,41;0,28;235;false;true;true;3,26;0;3,02
700;1,41;0,28;235;false;true;true;3,26;0;3,02
701;1,42;0,27;235;false;true;true;3,26;0;3,02
702;1,42;0,27;235;false;true;true;3,26;0;3,02
703;1,42;0,27;235;false;true;true;3,25;0;3,02
704;1,42;0,27;235;false;true;true;3,25;0;3,02
705;1,42;0,27;235;false;true;true;3,26;0;3,02
706;1,42;0,27;235;false;true;true;3,26;0;3,02
707;1,42;0,26;235;false;true;true;3,26;0;3,02
708;1,42;0,26;235;false;true;true;3,25;0;3,02
709;1,42;0,26;235;false;true;true;3,25;0;3,03
710;1,42;0,26;235;false;true;true;3,25;0;3,03
711;1,43;0,26;235;false;true;true;3,25;0;3,03
712;1,43;0,25;235;false;true;true;3,25;0;3,03
713;1,43;0,25;235;false;true;true;3,25;0;3,03
714;1,43;0,25;235;false;true;true;3,25;0;3,03
715;1,43;0,25;235;false;true;true;3,25;0;3,03
716;1,43;0,24;235;false;true;true;3,24;0;3,03
717;1,43;0,24;235;false;true;true;3,24;0;3,03
718;1,43;0,24;235;false;true;true;3,24;0;3,03
719;1,43;0,24;235;false;true;true;3,24;0;3,03
720;1,43;0,24;235;false;true;true;3,24;0;3,03
721;1,44;0,23;235;false;true;true;3,24;0;3,03
722;1,44;0,23;235;false;true;true;3,24;0;3,03
723;1,44;0,23;235;false;true;true;3,24;0;3,03
724;1,44;0,23;235;false;true;true;3,23;0;3,03
725;1,44;0,23;235;false;true;true;3,23;0;3,03
726;1,44;0,22;235;false;true;true;3,23;0;3,03
727;1,44;0,22;235;false;true;true;3,23;0;3,03
728;1,44;0,22;235;false;true;true;3,23;0;3,03
729;1,44;0,22;235;false;true;true;3,23;0;3,03
730;1,45;0,22;235;false;true;true;3,23;0;3,03
731;1,45;0,22;235;false;true;true;3,22;0;3,03
732;1,45;0,22;235;false;true;true;3,23;0;3,03
733;1,45;0,22;235;false;true;true;3,22;0;3,03
734;1,45;0,21;235;false;true;true;3,22;0;3,04
735;1,45;0,21;235;false;true;true;3,22;0;3,04
736;1,45;0,21;235;false;true;true;3,22;0;3,04
737;1,45;0,21;235;false;true;true;3,22;0;3,04
738;1,45;0,21;235;false;true;true;3,22;0;3,04
739;1,46;0,21;235;false;true;true;3,22;0;3,04
740;1,46;0,21;235;false;true;true;3,22;0;3,04
741;1,46;0,21;235;false;true;true;3,22;0;3,04
742;1,46;0,2;235;false;true;true;3,22;0;3,04
743;1,46;0,2;235;false;true;true;3,22;0;3,04
744;1,46;0,2;235;false;true;true;3,21;0;3,04
745;1,46;0,2;235;false;true;true;3,21;0;3,04
746;1,46;0,2;235;false;true;true;3,22;0;3,04
747;1,46;0,2;235;false;true;true;3,22;0;3,04
748;1,46;0,19;235;false;true;true;3,21;0;3,04
749;1,47;0,19;235;false;true;true;3,21;0;3,04
750;1,47;0,19;235;false;true;true;3,21;0;3,04
751;1,47;0,19;235;false;true;true;3,21;0;3,04
752;1,47;0,19;235;false;true;true;3,21;0;3,04
753;1,47;0,19;235;false;true;true;3,21;0;3,04
754;1,47;0,19;235;false;true;true;3,21;0;3,04
755;1,47;0,18;235;false;true;true;3,21;0;3,04
756;1,47;0,19;235;false;true;true;3,21;0;3,04
757;1,48;0,18;235;false;true;true;3,21;0;3,04
758;1,48;0,18;235;false;true;true;3,21;0;3,04
759;1,48;0,18;235;false;true;true;3,2;0;3,04
760;1,48;0,18;235;false;true;true;3,2;0;3,04
761;1,48;0,18;235;false;true;true;3,2;0;3,04
762;1,48;0,18;235;false;true;true;3,21;0;3,04
763;1,48;0,18;235;false;true;true;3,2;0;3,04
764;1,48;0,18;235;false;true;true;3,2;0;3,04
765;1,48;0,18;235;false;true;true;3,2;0;3,04
766;1,48;0,18;235;false;true;true;3,2;0;3,04
767;1,49;0,18;235;false;true;true;3,2;0;3,04
768;1,49;0,17;235;false;true;true;3,2;0;3,04
769;1,49;0,17;235;false;true;true;3,2;0;3,04
770;1,49;0,18;235;false;true;true;3,2;0;3,05
771;1,49;0,17;235;false;true;true;3,2;0;3,05
772;1,49;0,17;235;false;true;true;3,2;0;3,05
773;1,49;0,17;235;false;true;true;3,2;0;3,05
774;1,49;0,17;235;false;true;true;3,2;0;3,05
775;1,49;0,17;235;false;true;true;3,19;0;3,05
776;1,49;0,16;235;false;true;true;3,19;0;3,05
777;1,5;0,16;235;false;true;true;3,19;0;3,05
778;1,5;0,16;235;false;true;true;3,19;0;3,05
779;1,5;0,16;235;false;true;true;3,19;0;3,05
780;1,5;0,16;235;false;true;true;3,19;0;3,05
781;1,5;0,16;235;false;true;true;3,19;0;3,05
782;1,5;0,16;235;false;true;true;3,19;0;3,05
783;1,5;0,15;235;false;true;true;3,19;0;3,05
784;1,5;0,15;235;false;true;true;3,19;0;3,05
785;1,5;0,15;235;false;true;true;3,19;0;3,05
786;1,5;0,15;235;false;true;true;3,19;0;3,05
787;1,5;0,15;235;false;true;true;3,18;0;3,05
788;1,51;0,15;235;false;true;true;3,18;0;3,05
789;1,51;0,15;235;false;true;true;3,18;0;3,05
790;1,51;0,15;235;false;true;true;3,18;0;3,05
791;1,51;0,15;235;false;true;true;3,18;0;3,05
792;1,51;0,15;235;false;true;true;3,19;0;3,05
793;1,51;0,15;235;false;true;true;3,18;0;3,05
794;1,51;0,15;235;false;true;true;3,18;0;3,05
795;1,51;0,15;235;false;true;true;3,18;0;3,05
796;1,51;0,14;235;false;true;true;3,18;0;3,05
797;1,51;0,14;235;false;true;true;3,18;0;3,05
798;1,52;0,14;235;false;true;true;3,18;0;3,05
799;1,52;0,14;235;false;true;true;3,18;0;3,05
800;1,52;0,14;235;false;true;true;3,18;0;3,05
801;1,52;0,14;235;false;true;true;3,18;0;3,05
802;1,52;0,14;235;false;true;true;3,18;0;3,05
803;1,52;0,14;235;false;true;true;3,18;0;3,05
804;1,52;0,14;235;false;true;true;3,18;0;3,05
805;1,52;0,14;235;false;true;true;3,18;0;3,05
806;1,52;0,14;235;false;true;true;3,18;0;3,05
807;1,52;0,14;235;false;true;true;3,17;0;3,05
808;1,53;0,14;235;false;true;true;3,18;0;3,05
809;1,53;0,14;235;false;true;true;3,18;0;3,05
810;1,53;0,13;235;false;true;true;3,17;0;3,05
811;1,53;0,13;235;false;true;true;3,17;0;3,05
812;1,53;0,13;235;false;true;true;3,17;0;3,05
813;1,53;0,13;235;false;true;true;3,17;0;3,05
814;1,53;0,13;235;false;true;true;3,17;0;3,05
815;1,53;0,13;235;false;true;true;3,17;0;3,05
816;1,53;0,12;235;false;true;true;3,16;0;3,05
817;1,53;0,12;235;false;true;true;3,17;0;3,05
818;1,54;0,12;235;false;true;true;3,16;0;3,05
819;1,54;0,12;235;false;true;true;3,17;0;3,05
820;1,54;0,12;235;false;true;true;3,17;0;3,06
821;1,54;0,12;235;false;true;true;3,17;0;3,06
822;1,54;0,12;235;false;true;true;3,17;0;3,06
823;1,54;0,12;235;false;true;true;3,17;0;3,06
824;1,54;0,12;235;false;true;true;3,16;0;3,06
825;1,54;0,12;235;false;true;true;3,16;0;3,06
826;1,54;0,12;235;false;true;true;3,17;0;3,06
827;1,55;0,12;235;false;true;true;3,16;0;3,06
828;1,55;0,12;235;false;true;true;3,16;0;3,06
829;1,55;0,12;235;false;true;true;3,16;0;3,06
830;1,55;0,11;235;false;true;true;3,16;0;3,06
831;1,55;0,11;235;false;true;true;3,15;0;3,06
832;1,55;0,11;235;false;true;true;3,15;0;3,06
833;1,55;0,11;235;false;true;true;3,16;0;3,06
834;1,55;0,11;235;false;true;true;3,16;0;3,06
835;1,55;0,11;235;false;true;true;3,16;0;3,06
836;1,56;0,11;235;false;true;true;3,16;0;3,06
837;1,56;0,11;235;false;true;true;3,16;0;3,06
838;1,56;0,11;235;false;true;true;3,16;0;3,06
839;1,56;0,11;235;false;true;true;3,15;0;3,06
840;1,56;0,11;235;false;true;true;3,16;0;3,06
841;1,56;0,11;235;false;true;true;3,16;0;3,06
842;1,56;0,11;235;false;true;true;3,16;0;3,06
843;1,56;0,11;235;false;true;true;3,15;0;3,06
844;1,56;0,11;235;false;true;true;3,15;0;3,06
845;1,57;0,11;235;false;true;true;3,15;0;3,06
846;1,57;0,1;235;false;true;true;3,15;0;3,06
847;1,57;0,1;235;false;true;true;3,15;0;3,06
848;1,57;0,1;235;false;true;true;3,15;0;3,06
849;1,57;0,1;235;false;true;true;3,15;0;3,06
850;1,57;0,1;235;false;true;true;3,15;0;3,06
851;1,57;0,1;235;false;true;true;3,14;0;3,06
852;1,57;0,09;235;false;true;true;3,14;0;3,06
853;1,57;0,1;235;false;true;true;3,15;0;3,06
854;1,58;0,1;235;false;true;true;3,15;0;3,06
855;1,58;0,1;235;false;true;true;3,15;0;3,06
856;1,58;0,1;235;false;true;true;3,15;0;3,06
857;1,58;0,1;235;false;true;true;3,15;0;3,06
858;1,58;0,09;235;false;true;true;3,14;0;3,06
859;1,58;0,1;235;false;true;true;3,15;0;3,06
860;1,58;0,09;235;false;true;true;3,14;0;3,06
861;1,58;0,1;235;false;true;true;3,15;0;3,06
862;1,58;0,1;235;false;true;true;3,15;0;3,06
863;1,58;0,1;235;false;true;true;3,15;0;3,06
864;1,59;0,09;235;false;true;true;3,15;0;3,06
865;1,59;0,09;235;false;true;true;3,14;0;3,06
866;1,59;0,09;235;false;true;true;3,14;0;3,06
867;1,59;0,09;235;false;true;true;3,14;0;3,06
868;1,59;0,09;235;false;true;true;3,14;0;3,06
869;1,59;0,09;235;false;true;true;3,14;0;3,06
870;1,59;0,09;235;false;true;true;3,14;0;3,06
871;1,59;0,09;235;false;true;true;3,14;0;3,06
872;1,59;0,09;235;false;true;true;3,14;0;3,06
873;1,6;0,09;235;false;true;true;3,15;0;3,06
874;1,6;0,09;235;false;true;true;3,14;0;3,06
875;1,6;0,09;235;false;true;true;3,14;0;3,06
876;1,6;0,09;235;false;true;true;3,14;0;3,06
877;1,6;0,09;235;false;true;true;3,15;0;3,06
878;1,6;0,09;235;false;true;true;3,14;0;3,06
879;1,6;0,09;235;false;true;true;3,14;0;3,06
880;1,6;0,08;235;false;true;true;3,13;0;3,06
881;1,6;0,08;235;false;true;true;3,14;0;3,06
882;1,61;0,08;235;false;true;true;3,14;0;3,06
883;1,61;0,08;235;false;true;true;3,14;0;3,06
884;1,61;0,08;235;false;true;true;3,14;0;3,06
885;1,61;0,08;235;false;true;true;3,14;0;3,06
886;1,61;0,08;235;false;true;true;3,14;0;3,06
887;1,61;0,08;235;false;true;true;3,13;0;3,06
888;1,61;0,08;235;false;true;true;3,14;0;3,06
889;1,61;0,08;235;false;true;true;3,13;0;3,06
890;1,62;0,08;235;false;true;true;3,14;0;3,06
891;1,62;0,08;235;false;true;true;3,13;0;3,06
892;1,62;0,08;235;false;true;true;3,14;0;3,06
893;1,62;0,08;235;false;true;true;3,13;0;3,06
894;1,62;0,08;235;false;true;true;3,14;0;3,06
895;1,62;0,08;235;false;true;true;3,13;0;3,06
896;1,62;0,08;235;false;true;true;3,13;0;3,06
897;1,62;0,08;235;false;true;true;3,13;0;3,06
898;1,62;0,08;235;false;true;true;3,14;0;3,06
899;1,62;0,07;235;false;true;true;3,13;0;3,06
900;1,62;0,07;235;false;true;true;3,13;0;3,06
901;1,63;0,06;235;false;true;true;3,12;0;3,06
902;1,63;0,06;235;false;true;true;3,12;0;3,06
903;1,63;0,06;235;false;true;true;3,12;0;3,06
904;1,63;0,07;235;false;true;true;3,13;0;3,06
905;1,63;0,07;235;false;true;true;3,12;0;3,06
906;1,63;0,07;235;false;true;true;3,12;0;3,07
907;1,63;0,07;235;false;true;true;3,12;0;3,07
908;1,63;0,07;235;false;true;true;3,13;0;3,07
909;1,63;0,07;235;false;true;true;3,13;0;3,07
910;1,64;0,07;235;false;true;true;3,12;0;3,07
911;1,64;0,06;235;false;true;true;3,12;0;3,07
912;1,64;0,07;235;false;true;true;3,12;0;3,07
913;1,64;0,06;235;false;true;true;3,12;0;3,07
914;1,64;0,06;235;false;true;true;3,12;0;3,07
915;1,64;0,06;235;false;true;true;3,12;0;3,07
916;1,64;0,06;235;false;true;true;3,12;0;3,07
917;1,64;0,06;235;false;true;true;3,12;0;3,07
918;1,64;0,06;235;false;true;true;3,12;0;3,07
919;1,64;0,06;235;false;true;true;3,12;0;3,07
920;1,65;0,06;235;false;true;true;3,12;0;3,07
921;1,65;0,06;235;false;true;true;3,12;0;3,07
922;1,65;0,06;235;false;true;true;3,12;0;3,07
923;1,65;0,06;235;false;true;true;3,12;0;3,07
924;1,65;0,06;235;false;true;true;3,12;0;3,07
925;1,65;0,06;235;false;true;true;3,12;0;3,07
926;1,65;0,06;235;false;true;true;3,12;0;3,07
927;1,65;0,06;235;false;true;true;3,12;0;3,07
928;1,65;0,06;235;false;true;true;3,12;0;3,07
929;1,65;0,06;235;false;true;true;3,12;0;3,07
930;1,66;0,06;235;false;true;true;3,12;0;3,07
931;1,66;0,05;235;false;true;true;3,11;0;3,07
932;1,66;0,05;235;false;true;true;3,11;0;3,07
933;1,66;0,05;235;false;true;true;3,11;0;3,07
934;1,66;0,05;235;false;true;true;3,11;0;3,07
935;1,66;0,05;235;false;true;true;3,11;0;3,07
936;1,66;0,06;235;false;true;true;3,12;0;3,07
937;1,66;0,05;235;false;true;true;3,11;0;3,07
938;1,66;0,05;235;false;true;true;3,11;0;3,07
939;1,66;0,05;235;false;true;true;3,11;0;3,07
940;1,67;0,05;235;false;true;true;3,11;0;3,07
941;1,67;0,05;235;false;true;true;3,11;0;3,07
942;1,67;0,05;235;false;true;true;3,11;0;3,07
943;1,67;0,06;235;false;true;true;3,12;0;3,07
944;1,67;0,05;235;false;true;true;3,11;0;3,07
945;1,67;0,05;235;false;true;true;3,11;0;3,07
946;1,67;0,05;235;false;true;true;3,11;0;3,07
947;1,67;0,05;235;false;true;true;3,11;0;3,07
948;1,68;0,05;235;false;true;true;3,11;0;3,07
949;1,68;0,04;235;false;true;true;3,11;0;3,07
950;1,68;0,05;235;false;true;true;3,11;0;3,07
951;1,68;0,04;235;false;true;true;3,11;0;3,07
952;1,68;0,05;235;false;true;true;3,11;0;3,07
953;1,68;0,04;235;false;true;true;3,11;0;3,07
954;1,68;0,04;235;false;true;true;3,11;0;3,07
955;1,68;0,04;235;false;true;true;3,1;0;3,07
956;1,68;0,04;235;false;true;true;3,11;0;3,07
957;1,69;0,04;235;false;true;true;3,1;0;3,07
958;1,69;0,04;235;false;true;true;3,11;0;3,07
959;1,69;0,04;235;false;true;true;3,1;0;3,07
960;1,69;0,04;235;false;true;true;3,1;0;3,07
961;1,69;0,04;235;false;true;true;3,1;0;3,07
962;1,69;0,04;235;false;true;true;3,1;0;3,07
963;1,69;0,04;235;false;true;true;3,1;0;3,07
964;1,69;0,04;235;false;true;true;3,11;0;3,07
965;1,7;0,04;235;false;true;true;3,11;0;3,07
966;1,7;0,04;235;false;true;true;3,11;0;3,07
967;1,7;0,04;235;false;true;true;3,11;0;3,07
968;1,7;0,04;235;false;true;true;3,11;0;3,07
969;1,7;0,04;235;false;true;true;3,11;0;3,07
970;1,7;0,04;235;false;true;true;3,11;0;3,07
971;1,7;0,04;235;false;true;true;3,1;0;3,07
972;1,7;0,04;235;false;true;true;3,1;0;3,07
973;1,7;0,03;235;false;true;true;3,1;0;3,07
974;1,7;0,04;235;false;true;true;3,1;0;3,07
975;1,71;0,03;235;false;true;true;3,1;0;3,07
976;1,71;0,04;235;false;true;true;3,1;0;3,07
977;1,71;0,04;235;false;true;true;3,1;0;3,07
978;1,71;0,03;235;false;true;true;3,1;0;3,07
979;1,71;0,03;235;false;true;true;3,1;0;3,07
980;1,71;0,03;235;false;true;true;3,1;0;3,07
981;1,71;0,03;235;false;true;true;3,1;0;3,07
982;1,71;0,03;235;false;true;true;3,1;0;3,07
983;1,71;0,03;235;false;true;true;3,1;0;3,07
984;1,71;0,03;235;false;true;true;3,1;0;3,07
985;1,72;0,03;235;false;true;true;3,1;0;3,07
986;1,72;0,03;235;false;true;true;3,09;0;3,07
987;1,72;0,03;235;false;true;true;3,09;0;3,07
988;1,72;0,03;235;false;true;true;3,09;0;3,07
989;1,72;0,03;235;false;true;true;3,09;0;3,07
990;1,72;0,03;235;false;true;true;3,1;0;3,07
991;1,72;0,03;235;false;true;true;3,1;0;3,07
992;1,72;0,03;235;false;true;true;3,1;0;3,07
993;1,72;0,03;235;false;true;true;3,09;0;3,07
994;1,72;0,03;235;false;true;true;3,1;0;3,07
995;1,73;0,03;235;false;true;true;3,09;0;3,07
996;1,73;0,03;235;false;true;true;3,1;0;3,07
997;1,73;0,03;235;false;true;true;3,09;0;3,07
998;1,73;0,03;235;false;true;true;3,1;0;3,07
999;1,73;0,03;235;false;true;true;3,1;0;3,07
1000;1,73;0,03;235;false;true;true;3,09;0;3,07
1001;1,73;0,03;235;false;true;true;3,09;0;3,07
1002;1,73;0,02;235;false;true;true;3,09;0;3,07
1003;1,74;0,02;235;false;true;true;3,09;0;3,07
1004;1,74;0,02;235;false;true;true;3,09;0;3,07
1005;1,74;0,02;235;false;true;true;3,09;0;3,07
1006;1,74;0,02;235;false;true;true;3,09;0;3,07
1007;1,74;0,02;235;false;true;true;3,09;0;3,07
1008;1,74;0,02;235;false;true;true;3,09;0;3,07
1009;1,74;0,02;235;false;true;true;3,09;0;3,07
1010;1,74;0,02;235;false;true;true;3,09;0;3,07
1011;1,74;0,02;235;false;true;true;3,09;0;3,07
1012;1,75;0,02;235;false;true;true;3,09;0;3,07
1013;1,75;0,02;235;false;true;true;3,09;0;3,07
1014;1,75;0,02;235;false;true;true;3,09;0;3,07
1015;1,75;0,02;235;false;true;true;3,09;0;3,07
1016;1,75;0,02;235;false;true;true;3,09;0;3,07
1017;1,75;0,02;235;false;true;true;3,09;0;3,07
1018;1,75;0,02;235;false;true;true;3,09;0;3,07
1019;1,75;0,02;235;false;true;true;3,09;0;3,07
1020;1,75;0,02;235;false;true;true;3,09;0;3,07
1021;1,75;0,02;235;false;true;true;3,09;0;3,07
1022;1,75;0,02;235;false;true;true;3,09;0;3,07
1023;1,76;0,02;235;false;true;true;3,09;0;3,07
1024;1,76;0,02;235;false;true;true;3,09;0;3,07
1025;1,76;0,02;235;false;true;true;3,09;0;3,07
1026;1,76;0,01;235;false;true;true;3,08;0;3,07
1027;1,76;0,02;235;false;true;true;3,09;0;3,07
1028;1,76;0,02;235;false;true;true;3,09;0;3,07
1029;1,76;0,02;235;false;true;true;3,09;0;3,07
1030;1,76;0,02;235;false;true;true;3,08;0;3,07
1031;1,76;0,02;235;false;true;true;3,09;0;3,07
1032;1,76;0,02;235;false;true;true;3,09;0;3,07
1033;1,77;0,02;235;false;true;true;3,09;0;3,07
1034;1,77;0,01;235;false;true;true;3,08;0;3,07
1035;1,77;0,01;235;false;true;true;3,08;0;3,07
1036;1,77;0,02;235;false;true;true;3,09;0;3,07
1037;1,77;0,02;235;false;true;true;3,08;0;3,07
1038;1,77;0,01;235;false;true;true;3,08;0;3,07
1039;1,77;0,02;235;false;true;true;3,09;0;3,07
1040;1,77;0,01;235;false;true;true;3,08;0;3,07
1041;1,77;0,01;235;false;true;true;3,08;0;3,07
1042;1,77;0,01;235;false;true;true;3,08;0;3,07
1043;1,78;0,02;235;false;true;true;3,08;0;3,07
1044;1,78;0,01;235;false;true;true;3,08;0;3,07
1045;1,78;0,01;235;false;true;true;3,08;0;3,07
1046;1,78;0,01;235;false;true;true;3,08;0;3,07
1047;1,78;0,02;235;false;true;true;3,09;0;3,07
1048;1,78;0,01;235;false;true;true;3,08;0;3,07
1049;1,78;0,01;235;false;true;true;3,08;0;3,07
1050;1,78;0,01;235;false;true;true;3,08;0;3,07
1051;1,78;0,01;235;false;true;true;3,08;0;3,07
1052;1,78;0,01;235;false;true;true;3,08;0;3,07
1053;1,79;0,01;235;false;true;true;3,08;0;3,07
1054;1,79;0,01;235;false;true;true;3,08;0;3,07
1055;1,79;0,01;235;false;true;true;3,08;0;3,07
1056;1,79;0,01;235;false;true;true;3,08;0;3,07
1057;1,79;0,01;235;false;true;true;3,08;0;3,07
1058;1,79;0,01;235;false;true;true;3,08;0;3,07
1059;1,79;0,01;235;false;true;true;3,08;0;3,07
1060;1,79;0,01;235;false;true;true;3,08;0;3,07
1061;1,79;0,01;235;false;true;true;3,08;0;3,07
1062;1,79;0,01;235;false;true;true;3,08;0;3,07
1063;1,8;0,01;235;false;true;true;3,08;0;3,07
1064;1,8;0,01;235;false;true;true;3,08;0;3,07
1065;1,8;0,01;235;false;true;true;3,08;0;3,07
1066;1,8;0,01;235;false;true;true;3,08;0;3,07
1067;1,8;0,01;235;false;true;true;3,08;0;3,07
1068;1,8;0,01;235;false;true;true;3,08;0;3,07
1069;1,8;0,01;235;false;true;true;3,08;0;3,07
1070;1,8;0,01;235;false;true;true;3,08;0;3,07
1071;1,8;0,01;235;false;true;true;3,08;0;3,07
1072;1,8;0,01;235;false;true;true;3,08;0;3,07
1073;1,81;0;235;false;true;true;3,07;0;3,07
1074;1,81;0;235;false;true;true;3,07;0;3,07
1075;1,81;0;235;false;true;true;3,08;0;3,07
1076;1,81;0,01;235;false;true;true;3,08;0;3,07
1077;1,81;0,01;235;false;true;true;3,08;0;3,07
1078;1,81;0;235;false;true;true;3,07;0;3,07
1079;1,81;0;235;false;true;true;3,07;0;3,07
1080;1,81;0;235;false;true;true;3,07;0;3,07
1081;1,81;0;235;false;true;true;3,07;0;3,07
1082;1,82;0;235;false;true;true;3,07;0;3,07
1083;1,82;0;235;false;true;true;3,07;0;3,07
1084;1,82;0;235;false;true;true;3,07;0;3,07
1085;1,82;0;235;false;true;true;3,07;0;3,07
1086;1,82;0;235;false;true;true;3,07;0;3,07
1087;1,82;0;235;false;true;true;3,07;0;3,07
1088;1,83;0;235;false;true;true;3,07;0;3,07
1089;1,83;0;235;false;true;true;3,07;0;3,07
1090;1,83;0;235;false;true;true;3,07;0;3,07
1091;1,83;0;235;false;true;true;3,07;0;3,07
1092;1,83;0;235;false;true;true;3,07;0;3,07
1093;1,83;0;235;false;true;true;3,07;0;3,07
1094;1,83;0;235;false;true;true;3,07;0;3,07
1095;1,84;0;235;false;true;true;3,07;0;3,07
1096;1,84;0;235;false;true;true;3,07;0;3,07
1097;1,84;0;235;false;true;true;3,07;0;3,07
1098;1,84;0;235;false;true;true;3,07;0;3,07
1099;1,84;0;235;false;true;true;3,07;0;3,07
1100;1,84;0;235;false;true;true;3,07;0;3,07
1101;1,84;0;235;false;true;true;3,07;0;3,07
1102;1,84;0;235;false;true;true;3,07;0;3,07
1103;1,84;0;235;false;true;true;3,07;0;3,07
1104;1,85;0;235;false;true;true;3,07;0;3,07
1105;1,85;0;235;false;true;true;3,07;0;3,07
1106;1,85;0;235;false;true;true;3,07;0;3,07
1107;1,85;0;235;false;true;true;3,07;0;3,07
1108;1,85;0;235;false;true;true;3,07;0;3,07
1109;1,85;0;235;false;true;true;3,07;0;3,07
1110;1,85;0;235;false;true;true;3,07;0;3,07
1111;1,85;0;235;false;true;true;3,07;0;3,07
1112;1,85;0;235;false;true;true;3,07;0;3,07
1113;1,86;0;235;false;true;true;3,07;0;3,07
1114;1,86;0;235;false;true;true;3,07;0;3,07
1115;1,86;0;235;false;true;true;3,07;0;3,07
1116;1,86;0;235;false;true;true;3,07;0;3,07
1117;1,86;0;235;false;true;true;3,07;0;3,07
1118;1,86;0;235;false;true;true;3,07;0;3,07
1119;1,86;0;235;false;true;true;3,07;0;3,07
1120;1,86;0;235;false;true;true;3,07;0;3,07
1121;1,86;0;235;false;true;true;3,07;0;3,07
1122;1,86;0;235;false;true;true;3,07;0;3,07
1123;1,87;0;235;false;true;true;3,07;0;3,07
1124;1,87;0;235;false;true;true;3,07;0;3,07
1125;1,87;0;235;false;true;true;3,07;0;3,07
1126;1,87;0;235;false;true;true;3,07;0;3,07
1127;1,87;0;235;false;true;true;3,07;0;3,07
1128;1,87;0;235;false;true;true;3,07;0;3,07
1129;1,87;0;235;false;true;true;3,07;0;3,07
1130;1,87;0;235;false;true;true;3,07;0;3,07
1131;1,87;0;235;false;true;true;3,07;0;3,07
1132;1,87;0;235;false;true;true;3,07;0;3,07
1133;1,88;0;235;false;true;true;3,07;0;3,07
1134;1,88;0;235;false;true;true;3,07;0;3,07
1135;1,88;0;235;false;true;true;3,07;0;3,07
1136;1,88;0;235;false;true;true;3,07;0;3,07
1137;1,88;0;235;false;true;true;3,07;0;3,07
1138;1,88;0;235;false;true;true;3,07;0;3,07
1139;1,88;0;235;false;true;true;3,07;0;3,07
1140;1,88;0;235;false;true;true;3,07;0;3,07
1141;1,88;0;235;false;true;true;3,07;0;3,07
1142;1,88;0;235;false;true;true;3,07;0;3,07
1143;1,89;0;235;false;true;true;3,07;0;3,07
1144;1,89;0;235;false;true;true;3,07;0;3,07
1145;1,89;0;235;false;true;true;3,07;0;3,07
1146;1,89;0;235;false;true;true;3,07;0;3,07
1147;1,89;0;235;false;true;true;3,07;0;3,07
1148;1,89;0;235;false;true;true;3,07;0;3,07
1149;1,89;0;235;false;true;true;3,07;0;3,07
1150;1,89;0;235;false;true;true;3,07;0;3,07
1151;1,89;0;235;false;true;true;3,07;0;3,07
1152;1,89;0;235;false;true;true;3,07;0;3,07
1153;1,9;0;235;false;true;true;3,07;0;3,07
1154;1,9;0;235;false;true;true;3,07;0;3,07
1155;1,9;0;235;false;true;true;3,07;0;3,07
1156;1,9;0;235;false;true;true;3,07;0;3,07
1157;1,9;0;235;false;true;true;3,07;0;3,07
1158;1,91;0;235;false;true;true;3,07;0;3,07
1159;1,91;0;235;false;true;true;3,07;0;3,07
1160;1,91;0;235;false;true;true;3,07;0;3,07
1161;1,91;0;235;false;true;true;3,07;0;3,07
1162;1,91;0;235;false;true;true;3,07;0;3,07
1163;1,91;0;235;false;true;true;3,07;0;3,07
1164;1,91;0;235;false;true;true;3,07;0;3,07
1165;1,91;0;235;false;true;true;3,07;0;3,07
1166;1,91;0;235;false;true;true;3,07;0;3,07
1167;1,91;0;235;false;true;true;3,07;0;3,07
1168;1,92;0;235;false;true;true;3,07;0;3,07
1169;1,92;0;235;false;true;true;3,07;0;3,07
1170;1,92;0;235;false;true;true;3,07;0;3,07
1171;1,92;0;235;false;true;true;3,07;0;3,07
1172;1,92;0;235;false;true;true;3,07;0;3,07
1173;1,92;0;235;false;true;true;3,07;0;3,07
1174;1,92;0;235;false;true;true;3,07;0;3,07
1175;1,92;0;235;false;true;true;3,07;0;3,07
1176;1,92;0;235;false;true;true;3,07;0;3,07
1177;1,93;0;235;false;true;true;3,07;0;3,07
1178;1,93;0;235;false;true;true;3,07;0;3,07
1179;1,93;0;235;false;true;true;3,07;0;3,07
1180;1,93;0;235;false;true;true;3,07;0;3,07
1181;1,93;0;235;false;true;true;3,07;0;3,07
1182;1,93;0;235;false;true;true;3,07;0;3,07
1183;1,93;0;235;false;true;true;3,07;0;3,07
1184;1,93;0;235;false;true;true;3,07;0;3,07
1185;1,93;0;235;false;true;true;3,07;0;3,07
1186;1,93;0;235;false;true;true;3,07;0;3,07
1187;1,94;0;235;false;true;true;3,07;0;3,07
1188;1,94;0;235;false;true;true;3,07;0;3,07
1189;1,94;0;235;false;true;true;3,07;0;3,07
1190;1,94;0;235;false;true;true;3,07;0;3,07
1191;1,94;0;235;false;true;true;3,07;0;3,07
1192;1,94;0;235;false;true;true;3,07;0;3,07
1193;1,94;0;235;false;true;true;3,07;0;3,07
1194;1,94;0;235;false;true;true;3,07;0;3,07
1195;1,94;0;235;false;true;true;3,07;0;3,07
1196;1,95;0;235;false;true;true;3,07;0;3,07
1197;1,95;0;235;false;true;true;3,07;0;3,07
1198;1,95;0;235;false;true;true;3,07;0;3,07
1199;1,95;0;235;false;true;true;3,07;0;3,07
1200;1,95;0;235;false;true;true;3,07;0;3,07
1201;1,95;0;235;false;true;true;3,07;0;3,07
1202;1,95;0;235;false;true;true;3,07;0;3,07
1203;1,95;0;235;false;true;true;3,07;0;3,07
1204;1,95;0;235;false;true;true;3,07;0;3,07
1205;1,95;0;235;false;true;true;3,07;0;3,07
1206;1,96;0;235;false;true;true;3,07;0;3,07
1207;1,96;0;235;false;true;true;3,07;0;3,07
1208;1,96;0;235;false;true;true;3,07;0;3,07
1209;1,96;0;235;false;true;true;3,07;0;3,07
1210;1,96;0;235;false;true;true;3,07;0;3,07
1211;1,96;0;235;false;true;true;3,07;0;3,07
1212;1,96;0;235;false;true;true;3,07;0;3,07
1213;1,96;0;235;false;true;true;3,07;0;3,07
1214;1,96;0;235;false;true;true;3,07;0;3,07
1215;1,97;0;235;false;true;true;3,07;0;3,07
1216;1,97;0;235;false;true;true;3,07;0;3,07
1217;1,97;0;235;false;true;true;3,07;0;3,07
1218;1,97;0;235;false;true;true;3,07;0;3,07
1219;1,97;0;235;false;true;true;3,07;0;3,07
1220;1,97;0;235;false;true;true;3,07;0;3,07
1221;1,97;0;235;false;true;true;3,07;0;3,07
1222;1,97;0;235;false;true;true;3,07;0;3,07
1223;1,97;0;235;false;true;true;3,07;0;3,07
1224;1,97;0;235;false;true;true;3,07;0;3,07
1225;1,98;0;235;false;true;true;3,07;0;3,07
1226;1,98;0;235;false;true;true;3,07;0;3,07
1227;1,98;0;235;false;true;true;3,07;0;3,07
1228;1,98;0;235;false;true;true;3,07;0;3,07
1229;1,98;0;235;false;true;true;3,07;0;3,07
1230;1,98;0;235;false;true;true;3,07;0;3,07
1231;1,98;0;235;false;true;true;3,07;0;3,07
1232;1,99;0;235;false;true;true;3,07;0;3,07
1233;1,99;0;235;false;true;true;3,07;0;3,07
1234;1,99;0;235;false;true;true;3,07;0;3,07
1235;1,99;0;235;false;true;true;3,07;0;3,07
1236;1,99;0;235;false;true;true;3,07;0;3,07
1237;1,99;0;235;false;true;true;3,07;0;3,07
1238;1,99;0;235;false;true;true;3,07;0;3,07
1239;1,99;0;235;false;true;true;3,07;0;3,07
1240;1,99;0;235;false;true;true;3,07;0;3,07
1241;2;0;235;false;true;true;3,07;0;3,07
1242;2;0;235;false;true;true;3,07;0;3,07
1243;2;0;235;false;true;true;3,07;0;3,07
1244;2;0;235;false;true;true;3,07;0;3,07
1245;2;0;235;false;true;true;3,07;0;3,07
1246;2;0;235;false;true;true;3,07;0;3,07
1247;2;0;235;false;true;true;3,07;0;3,07
1248;2;0;235;false;true;true;3,07;0;3,07
1249;2;0;235;false;true;true;3,07;0;3,07
1250;2,01;0;235;false;true;true;3,07;0;3,07
1251;2,01;0;235;false;true;true;3,07;0;3,07
1252;2,01;0;235;false;true;true;3,07;0;3,07
1253;2,01;0;235;false;true;true;3,07;0;3,07
1254;2,01;0;235;false;true;true;3,07;0;3,07
1255;2,01;0;235;false;true;true;3,07;0;3,07
1256;2,01;0;235;false;true;true;3,07;0;3,07
1257;2,01;0;235;false;true;true;3,07;0;3,07
1258;2,01;0;235;false;true;true;3,07;0;3,07
1259;2,01;0;235;false;true;true;3,07;0;3,07
1260;2,02;0;235;false;true;true;3,07;0;3,07
1261;2,02;0;235;false;true;true;3,07;0;3,07
1262;2,02;0;235;false;true;true;3,07;0;3,07
1263;2,02;0;235;false;true;true;3,07;0;3,07
1264;2,02;0;235;false;true;true;3,07;0;3,07
1265;2,02;0;235;false;true;true;3,07;0;3,07
1266;2,02;0;235;false;true;true;3,07;0;3,07
1267;2,02;0;235;false;true;true;3,07;0;3,07
1268;2,02;0;235;false;true;true;3,07;0;3,07
1269;2,03;0;235;false;true;true;3,07;0;3,07
1270;2,03;0;235;false;true;true;3,07;0;3,07
1271;2,03;0;235;false;true;true;3,07;0;3,07
1272;2,03;0;235;false;true;true;3,07;0;3,07
1273;2,03;0;235;false;true;true;3,07;0;3,07
1274;2,03;0;235;false;true;true;3,07;0;3,07
1275;2,03;0;235;false;true;true;3,07;0;3,07
1276;2,03;0;235;false;true;true;3,07;0;3,07
1277;2,03;0;235;false;true;true;3,07;0;3,07
1278;2,04;0;235;false;true;true;3,07;0;3,07
1279;2,04;0;235;false;true;true;3,07;0;3,07
1280;2,04;0;235;false;true;true;3,07;0;3,07
1281;2,04;0;235;false;true;true;3,07;0;3,07
1282;2,04;0;235;false;true;true;3,07;0;3,07
1283;2,04;0;235;false;true;true;3,07;0;3,07
1284;2,04;0;235;false;true;true;3,07;0;3,07
1285;2,04;0;235;false;true;true;3,07;0;3,07
1286;2,04;0;235;false;true;true;3,07;0;3,07
1287;2,05;0;235;false;true;true;3,07;0;3,07
1288;2,05;0;235;false;true;true;3,07;0;3,07
1289;2,05;0;235;false;true;true;3,07;0;3,07
1290;2,05;0;235;false;true;true;3,07;0;3,07
1291;2,05;0;235;false;true;true;3,07;0;3,07
1292;2,05;0;235;false;true;true;3,07;0;3,07
1293;2,05;0;235;false;true;true;3,07;0;3,07
1294;2,05;0;235;false;true;true;3,07;0;3,07
1295;2,05;0;235;false;true;true;3,07;0;3,07
1296;2,05;0;235;false;true;true;3,07;0;3,07
1297;2,06;0;235;false;true;true;3,07;0;3,07
1298;2,06;0;235;false;true;true;3,07;0;3,07
1299;2,06;0;235;false;true;true;3,07;0;3,07
1300;2,06;0;235;false;true;true;3,07;0;3,07
1301;2,06;0;235;false;true;true;3,07;0;3,07
1302;2,06;0;235;false;true;true;3,07;0;3,07
1303;2,06;0;235;false;true;true;3,07;0;3,07
1304;2,06;0;235;false;true;true;3,07;0;3,07
1305;2,06;0;235;false;true;true;3,07;0;3,07
1306;2,07;0;235;false;true;true;3,07;0;3,07
1307;2,07;0;235;false;true;true;3,07;0;3,07
1308;2,07;0;235;false;true;true;3,07;0;3,07
1309;2,07;0;235;false;true;true;3,07;0;3,07
1310;2,07;0;235;false;true;true;3,07;0;3,07
1311;2,07;0;235;false;true;true;3,07;0;3,07
1312;2,07;0;235;false;true;true;3,07;0;3,07
1313;2,07;0;235;false;true;true;3,07;0;3,07
1314;2,07;0;235;false;true;true;3,07;0;3,07
1315;2,07;0;235;false;true;true;3,07;0;3,07
1316;2,08;0;235;false;true;true;3,07;0;3,07
1317;2,08;0;235;false;true;true;3,07;0;3,07
1318;2,08;0;235;false;true;true;3,07;0;3,07
1319;2,08;0;235;false;true;true;3,07;0;3,07
1320;2,08;0;235;false;true;true;3,07;0;3,07
1321;2,08;0;235;false;true;true;3,07;0;3,07
1322;2,08;0;235;false;true;true;3,07;0;3,07
1323;2,08;0;235;false;true;true;3,07;0;3,07
1324;2,08;0;235;false;true;true;3,07;0;3,07
1325;2,08;0;235;false;true;true;3,07;0;3,07
1326;2,09;0;235;false;true;true;3,07;0;3,07
1327;2,09;0;235;false;true;true;3,07;0;3,07
1328;2,09;0;235;false;true;true;3,07;0;3,07
1329;2,09;0;235;false;true;true;3,07;0;3,07
1330;2,09;0;235;false;true;true;3,07;0;3,07
1331;2,09;0;235;false;true;true;3,07;0;3,07
1332;2,09;0;235;false;true;true;3,07;0;3,07
1333;2,09;0;235;false;true;true;3,07;0;3,07
1334;2,09;0;235;false;true;true;3,07;0;3,07
1335;2,09;0;235;false;true;true;3,07;0;3,07
1336;2,1;0;235;false;true;true;3,07;0;3,07
1337;2,1;0;235;false;true;true;3,07;0;3,07
1338;2,1;0;235;false;true;true;3,07;0;3,07
1339;2,1;0;235;false;true;true;3,07;0;3,07
1340;2,1;0;235;false;true;true;3,07;0;3,07
1341;2,1;0;235;false;true;true;3,07;0;3,07
1342;2,1;0;235;false;true;true;3,07;0;3,07
1343;2,1;0;235;false;true;true;3,07;0;3,07
1344;2,1;0;235;false;true;true;3,07;0;3,07
1345;2,1;0;235;false;true;true;3,07;0;3,07
1346;2,11;0;235;false;true;true;3,07;0;3,07
1347;2,11;0;235;false;true;true;3,07;0;3,07
1348;2,11;0;235;false;true;true;3,07;0;3,07
1349;2,11;0;235;false;true;true;3,07;0;3,07
1350;2,11;0;235;false;true;true;3,07;0;3,07
1351;2,11;0;235;false;true;true;3,07;0;3,07
1352;2,11;0;235;false;true;true;3,07;0;3,07
1353;2,11;0;235;false;true;true;3,07;0;3,07
1354;2,11;0;235;false;true;true;3,07;0;3,07
1355;2,11;0;235;false;true;true;3,07;0;3,07
1356;2,12;0;235;false;true;true;3,07;0;3,07
1357;2,12;0;235;false;true;true;3,07;0;3,07
1358;2,12;0;235;false;true;true;3,07;0;3,07
1359;2,12;0;235;false;true;true;3,07;0;3,07
1360;2,12;0;235;false;true;true;3,07;0;3,07
1361;2,12;0;235;false;true;true;3,07;0;3,07
1362;2,12;0;235;false;true;true;3,07;0;3,07
1363;2,12;0;235;false;true;true;3,07;0;3,07
1364;2,12;0;235;false;true;true;3,07;0;3,07
1365;2,12;0;235;false;true;true;3,07;0;3,07
1366;2,13;0;235;false;true;true;3,07;0;3,07
1367;2,13;0;235;false;true;true;3,07;0;3,07
1368;2,13;0;235;false;true;true;3,07;0;3,07
1369;2,13;0;235;false;true;true;3,07;0;3,07
1370;2,13;0;235;false;true;true;3,07;0;3,07
1371;2,13;0;235;false;true;true;3,07;0;3,07
1372;2,13;0;235;false;true;true;3,07;0;3,07
1373;2,13;0;235;false;true;true;3,07;0;3,07
1374;2,13;0;235;false;true;true;3,07;0;3,07
1375;2,13;0;235;false;true;true;3,07;0;3,07
1376;2,14;0;235;false;true;true;3,07;0;3,07
1377;2,14;0;235;false;true;true;3,07;0;3,07
1378;2,14;0;235;false;true;true;3,07;0;3,07
1379;2,14;0;235;false;true;true;3,07;0;3,07
1380;2,14;0;235;false;true;true;3,07;0;3,07
1381;2,14;0;235;false;true;true;3,07;0;3,07
1382;2,14;0;235;false;true;true;3,07;0;3,07
1383;2,14;0;235;false;true;true;3,07;0;3,07
1384;2,14;0;235;false;true;true;3,07;0;3,07
1385;2,14;0;235;false;true;true;3,07;0;3,07
1386;2,15;0;235;false;true;true;3,07;0;3,07
1387;2,15;0;235;false;true;true;3,07;0;3,07
1388;2,15;0;235;false;true;true;3,07;0;3,07
1389;2,15;0;235;false;true;true;3,07;0;3,07
1390;2,15;0;235;false;true;true;3,07;0;3,07
1391;2,15;0;235;false;true;true;3,07;0;3,07
1392;2,15;0;235;false;true;true;3,07;0;3,07
1393;2,15;0;235;false;true;true;3,07;0;3,07
1394;2,16;0;235;false;true;true;3,07;0;3,07
1395;2,16;0;235;false;true;true;3,07;0;3,07
1396;2,16;0;235;false;true;true;3,07;0;3,07
1397;2,16;0;235;false;true;true;3,07;0;3,07
1398;2,16;0;235;false;true;true;3,07;0;3,07
1399;2,16;0;235;false;true;true;3,07;0;3,07
1400;2,16;0;235;false;true;true;3,07;0;3,07
1401;2,16;0;235;false;true;true;3,07;0;3,07
1402;2,16;0;235;false;true;true;3,07;0;3,07
1403;2,16;0;235;false;true;true;3,07;0;3,07
1404;2,17;0;235;false;true;true;3,07;0;3,07
1405;2,17;0;235;false;true;true;3,07;0;3,07
1406;2,17;0;235;false;true;true;3,07;0;3,07
1407;2,17;0;235;false;true;true;3,07;0;3,07
1408;2,17;0;235;false;true;true;3,07;0;3,07
1409;2,17;0;235;false;true;true;3,07;0;3,07
1410;2,17;0;235;false;true;true;3,07;0;3,07
1411;2,17;0;235;false;true;true;3,07;0;3,07
1412;2,17;0;235;false;true;true;3,07;0;3,07
1413;2,17;0;235;false;true;true;3,07;0;3,07
1414;2,18;0;235;false;true;true;3,07;0;3,07
1415;2,18;0;235;false;true;true;3,07;0;3,07
1416;2,18;0;235;false;true;true;3,07;0;3,07
1417;2,18;0;235;false;true;true;3,07;0;3,07
1418;2,18;0;235;false;true;true;3,07;0;3,07
1419;2,18;0;235;false;true;true;3,07;0;3,07
1420;2,18;0;235;false;true;true;3,07;0;3,07
1421;2,18;0;235;false;true;true;3,07;0;3,07
1422;2,18;0;235;false;true;true;3,07;0;3,07
1423;2,18;0;235;false;true;true;3,07;0;3,07
1424;2,19;0;235;false;true;true;3,07;0;3,07
1425;2,19;0;235;false;true;true;3,07;0;3,07
1426;2,19;0;235;false;true;true;3,07;0;3,07
1427;2,19;0;235;false;true;true;3,07;0;3,07
1428;2,19;0;235;false;true;true;3,07;0;3,07
1429;2,19;0;235;false;true;true;3,07;0;3,07
1430;2,19;0;235;false;true;true;3,07;0;3,07
1431;2,19;0;235;false;true;true;3,07;0;3,07
1432;2,19;0;235;false;true;true;3,07;0;3,07
1433;2,19;0;235;false;true;true;3,07;0;3,07
1434;2,2;0;235;false;true;true;3,07;0;3,07
1435;2,2;0;235;false;true;true;3,07;0;3,07
1436;2,2;0;235;false;true;true;3,07;0;3,07
1437;2,2;0;235;false;true;true;3,07;0;3,07
1438;2,2;0;235;false;true;true;3,07;0;3,07
1439;2,2;0;235;false;true;true;3,07;0;3,07
1440;2,2;22,63;235;true;true;true;0;22,63;0
1441;2,21;7,98;235;true;true;true;0;7,98;0
1442;2,21;7,62;235;true;true;true;0;7,62;0
1443;2,22;7,21;235;true;true;true;0;7,21;0
1444;2,22;6,99;235;true;true;true;0;6,99;0
1445;2,23;6,8;235;true;true;true;0;6,8;0
1446;2,23;6,63;235;true;true;true;0;6,63;0
1447;2,24;6,48;235;true;true;true;0;6,48;0
1448;2,24;6,34;235;true;true;true;0;6,34;0
1449;2,25;6,21;235;true;true;true;0;6,21;0
1450;2,25;6,11;235;true;true;true;0;6,11;0
1451;2,26;5,98;235;true;true;true;0;5,98;0
1452;2,26;5,85;235;true;true;true;0;5,85;0
1453;2,27;5,72;235;true;true;true;0;5,72;0
1454;2,27;5,58;235;true;true;true;0;5,58;0
1455;2,28;5,45;235;true;true;true;0;5,45;0
1456;2,28;5,32;235;true;true;true;0;5,32;0
1457;2,29;5,2;235;true;true;true;0;5,2;0
1458;2,29;5,08;235;true;true;true;0;5,08;0
1459;2,3;4,97;235;true;true;true;0;4,97;0
1460;2,3;4,87;235;true;true;true;0;4,87;0
1461;2,31;4,78;235;true;true;true;0;4,78;0
1462;2,31;4,7;235;true;true;true;0;4,7;0
1463;2,31;4,62;235;true;true;true;0;4,62;0
1464;2,32;4,55;235;true;true;true;0;4,55;0
1465;2,32;4,48;235;true;true;true;0;4,48;0
1466;2,33;4,42;235;true;true;true;0;4,42;0
1467;2,33;4,36;235;true;true;true;0;4,36;0
1468;2,34;4,31;235;true;true;true;0;4,31;0
1469;2,34;4,26;235;true;true;true;0;4,26;0
1470;2,35;4,22;235;true;true;true;0;4,22;0
1471;2,35;4,17;235;true;true;true;0;4,17;0
1472;2,35;4,13;235;true;true;true;0;4,13;0
1473;2,36;4,1;235;true;true;true;0;4,1;0
1474;2,36;4,06;235;true;true;true;0;4,06;0
1475;2,37;4,03;235;true;true;true;0;4,03;0
1476;2,37;4;235;true;true;true;0;4;0
1477;2,38;3,97;235;true;true;true;0;3,97;0
1478;2,38;3,94;235;true;true;true;0;3,94;0
1479;2,38;3,91;235;true;true;true;0;3,91;0
1480;2,39;3,89;235;true;true;true;0;3,89;0
1481;2,39;3,86;235;true;true;true;0;3,86;0
1482;2,4;3,84;235;true;true;true;0;3,84;0
1483;2,4;3,82;235;true;true;true;0;3,82;0
1484;2,4;3,8;235;true;true;true;0;3,8;0
1485;2,41;3,78;235;true;true;true;0;3,78;0
1486;2,41;3,77;235;true;true;true;0;3,77;0
1487;2,42;3,75;235;true;true;true;0;3,75;0
1488;2,42;3,73;235;true;true;true;0;3,73;0
1489;2,43;3,71;235;true;true;true;0;3,71;0
1490;2,43;3,7;235;true;true;true;0;3,7;0
1491;2,44;3,68;235;true;true;true;0;3,68;0
1492;2,44;3,67;235;true;true;true;0;3,67;0
1493;2,44;3,66;235;true;true;true;0;3,66;0
1494;2,45;3,64;235;true;true;true;0;3,64;0
1495;2,45;3,63;235;true;true;true;0;3,63;0
1496;2,46;3,63;235;true;true;true;0;3,63;0
1497;2,46;3,62;235;true;true;true;0;3,62;0
1498;2,47;3,61;235;true;true;true;0;3,61;0
1499;2,47;3,6;235;true;true;true;0;3,6;0
1500;2,48;3,59;235;true;true;true;0;3,59;0
1501;2,48;3,58;235;true;true;true;0;3,58;0
1502;2,49;3,58;235;true;true;true;0;3,58;0
1503;2,5;3,57;235;true;true;true;0;3,57;0
1504;2,5;3,56;235;true;true;true;0;3,56;0
1505;2,51;3,55;235;true;true;true;0;3,55;0
1506;2,51;3,54;235;true;true;true;0;3,54;0
1507;2,51;3,54;235;true;true;true;0;3,54;0
1508;2,52;3,53;235;true;true;true;0;3,53;0
1509;2,52;3,52;235;true;true;true;0;3,52;0
1510;2,53;3,52;235;true;true;true;0;3,52;0
1511;2,53;3,51;235;true;true;true;0;3,51;0
1512;2,54;3,5;235;true;true;true;0;3,5;0
1513;2,58;3,5;235;true;true;true;0;3,5;0
1514;2,58;3,49;235;true;true;true;0;3,49;0
1515;2,59;3,49;235;true;true;true;0;3,49;0
1516;2,59;3,48;235;true;true;true;0;3,48;0
1517;2,6;3,48;235;true;true;true;0;3,48;0
1518;2,6;3,47;235;true;true;true;0;3,47;0
1519;2,61;3,47;235;true;true;true;0;3,47;0
1520;2,61;3,46;235;true;true;true;0;3,46;0
1521;2,62;3,46;235;true;true;true;0;3,46;0
1522;2,62;3,46;235;true;true;true;0;3,46;0
1523;2,63;3,45;235;true;true;true;0;3,45;0
1524;2,63;3,45;235;true;true;true;0;3,45;0
1525;2,64;3,44;235;true;true;true;0;3,44;0
1526;2,64;3,44;235;true;true;true;0;3,44;0
1527;2,65;3,44;235;true;true;true;0;3,44;0
1528;2,65;3,44;235;true;true;true;0;3,44;0
1529;2,66;3,43;235;true;true;true;0;3,43;0
1530;2,66;3,43;235;true;true;true;0;3,43;0
1531;2,66;3,43;235;true;true;true;0;3,43;0
1532;2,67;3,43;235;true;true;true;0;3,43;0
1533;2,67;3,42;235;true;true;true;0;3,42;0
1534;2,68;3,42;235;true;true;true;0;3,42;0
1535;2,68;3,42;235;true;true;true;0;3,42;0
1536;2,69;3,42;235;true;true;true;0;3,42;0
1537;2,69;3,42;235;true;true;true;0;3,42;0
1538;2,7;3,42;235;true;true;true;0;3,42;0
1539;2,7;3,41;235;true;true;true;0;3,41;0
1540;2,71;3,41;235;true;true;true;0;3,41;0
1541;2,71;3,41;235;true;true;true;0;3,41;0
1542;2,72;3,41;235;true;true;true;0;3,41;0
1543;2,72;3,41;235;true;true;true;0;3,41;0
1544;2,73;3,41;235;true;true;true;0;3,41;0
1545;2,73;3,41;235;true;true;true;0;3,41;0
1546;2,74;3,41;235;true;true;true;0;3,41;0
1547;2,74;3,4;235;true;true;true;0;3,4;0
1548;2,74;3,4;235;true;true;true;0;3,4;0
1549;2,75;3,4;235;true;true;true;0;3,4;0
1550;2,75;3,4;235;true;true;true;0;3,4;0
1551;2,76;3,4;235;true;true;true;0;3,4;0
1552;2,76;3,4;235;true;true;true;0;3,4;0
1553;2,77;3,4;235;true;true;true;0;3,4;0
1554;2,77;3,4;235;true;true;true;0;3,4;0
1555;2,77;3,4;235;true;true;true;0;3,4;0
1556;2,78;3,39;235;true;true;true;0;3,39;0
1557;2,79;3,39;235;true;true;true;0;3,39;0
1558;2,79;3,39;235;true;true;true;0;3,39;0
1559;2,8;3,39;235;true;true;true;0;3,39;0
1560;2,8;3,39;235;true;true;true;0;3,39;0
1561;2,8;3,39;235;true;true;true;0;3,39;0
1562;2,81;3,39;235;true;true;true;0;3,39;0
1563;2,81;3,39;235;true;true;true;0;3,39;0
1564;2,82;3,39;235;true;true;true;0;3,39;0
1565;2,82;3,39;235;true;true;true;0;3,39;0
1566;2,83;3,39;235;true;true;true;0;3,39;0
1567;2,83;3,39;235;true;true;true;0;3,39;0
1568;2,84;3,39;235;true;true;true;0;3,39;0
1569;2,84;3,39;235;true;true;true;0;3,39;0
1570;2,85;3,39;235;true;true;true;0;3,39;0
1571;2,85;3,38;235;true;true;true;0;3,38;0
1572;2,86;3,38;235;true;true;true;0;3,38;0
1573;2,86;3,38;235;true;true;true;0;3,38;0
1574;2,87;3,38;235;true;true;true;0;3,38;0
1575;2,87;3,38;235;true;true;true;0;3,38;0
1576;2,87;3,38;235;true;true;true;0;3,38;0
1577;2,88;3,38;235;true;true;true;0;3,38;0
1578;2,88;3,38;235;true;true;true;0;3,38;0
1579;2,89;3,38;235;true;true;true;0;3,38;0
1580;2,89;3,38;235;true;true;true;0;3,38;0
1581;2,9;3,38;235;true;true;true;0;3,38;0
1582;2,9;3,38;235;true;true;true;0;3,38;0
1583;2,9;3,38;235;true;true;true;0;3,38;0
1584;2,91;3,38;235;true;true;true;0;3,38;0
1585;2,91;3,38;235;true;true;true;0;3,38;0
1586;2,92;3,38;235;true;true;true;0;3,38;0
1587;2,92;3,38;235;true;true;true;0;3,38;0
1588;2,93;3,38;235;true;true;true;0;3,38;0
1589;2,93;3,38;235;true;true;true;0;3,38;0
1590;2,94;3,38;235;true;true;true;0;3,38;0
1591;2,94;3,3