lengthMiddleSegment: 9575.605
step_energy: 0.05
electrostatic_force_factor: 1.0
spring_force_factor: 0.1
reject_force_factor: 2.0
distanceRejectRadius: 2393.90125
distanceSamePosition: 2393.90125
Iteration;time;energy;num nodes;reject force is enabled;spring force is enabled;electrostatic force is enabled;str_force;rep_force;elec_force
1;1,68;1,43;113;true;true;true;0;0,86;0
2;0,04;1,43;113;true;true;true;0;0,86;0
3;0,05;1,43;113;true;true;true;0;0,86;0
4;0,06;1,43;113;true;true;true;0;0,86;0
5;0,06;1,43;113;true;true;true;0;0,86;0
6;0,06;1,43;113;true;true;true;0;0,86;0
7;0,06;1,43;113;true;true;true;0;0,86;0
8;0,06;1,43;113;true;true;true;0;0,86;0
9;0,07;1,43;113;true;true;true;0;0,86;0
10;0,07;1,43;113;true;true;true;0;0,86;0
11;0,07;1,43;113;true;true;true;0;0,86;0
12;0,07;1,43;113;true;true;true;0;0,86;0
13;0,07;1,43;113;true;true;true;0;0,86;0
14;0,08;1,43;113;true;true;true;0;0,86;0
15;0,08;1,43;113;true;true;true;0;0,86;0
16;0,08;1,43;113;true;true;true;0;0,86;0
17;0,08;1,43;113;true;true;true;0;0,86;0
18;0,09;1,43;113;true;true;true;0;0,86;0
19;0,09;1,43;113;true;true;true;0;0,86;0
20;0,09;1,43;113;true;true;true;0;0,86;0
21;0,09;1,43;113;true;true;true;0;0,86;0
22;0,09;1,43;113;true;true;true;0;0,86;0
23;0,09;1,43;113;true;true;true;0;0,86;0
24;0,1;1,43;113;true;true;true;0;0,86;0
25;0,1;1,43;113;true;true;true;0;0,86;0
26;0,1;1,43;113;true;true;true;0;0,86;0
27;0,1;1,43;113;true;true;true;0;0,86;0
28;0,1;1,43;113;true;true;true;0;0,86;0
29;0,11;1,43;113;true;true;true;0;0,86;0
30;0,11;1,43;113;true;true;true;0;0,86;0
31;0,11;1,43;113;true;true;true;0;0,86;0
32;0,11;1,43;113;true;true;true;0;0,86;0
33;0,12;1,43;113;true;true;true;0;0,86;0
34;0,12;1,43;113;true;true;true;0;0,86;0
35;0,12;1,43;113;true;true;true;0;0,86;0
36;0,12;1,42;113;true;true;true;0;0,86;0
37;0,12;1,42;113;true;true;true;0;0,86;0
38;0,12;1,42;113;true;true;true;0;0,86;0
39;0,13;1,42;113;true;true;true;0;0,86;0
40;0,13;1,42;113;true;true;true;0;0,86;0
41;0,13;1,42;113;true;true;true;0;0,86;0
42;0,13;1,42;113;true;true;true;0;0,86;0
43;0,14;1,42;113;true;true;true;0;0,86;0
44;0,14;1,42;113;true;true;true;0;0,86;0
45;0,14;1,42;113;true;true;true;0;0,86;0
46;0,14;1,42;113;true;true;true;0;0,86;0
47;0,14;1,42;113;true;true;true;0;0,86;0
48;0,14;1,42;113;true;true;true;0;0,86;0
49;0,15;1,42;113;true;true;true;0;0,86;0
50;0,15;1,42;113;true;true;true;0;0,86;0
51;0,15;1,42;113;true;true;true;0;0,86;0
52;0,15;1,42;113;true;true;true;0;0,86;0
53;0,16;1,42;113;true;true;true;0;0,86;0
54;0,16;1,42;113;true;true;true;0;0,86;0
55;0,16;1,42;113;true;true;true;0;0,86;0
56;0,16;1,42;113;true;true;true;0;0,86;0
57;0,16;1,42;113;true;true;true;0;0,86;0
58;0,17;1,42;113;true;true;true;0;0,86;0
59;0,17;1,42;113;true;true;true;0;0,86;0
60;0,17;1,42;113;true;true;true;0;0,86;0
61;0,17;1,42;113;true;true;true;0;0,86;0
62;0,17;1,42;113;true;true;true;0;0,86;0
63;0,17;1,42;113;true;true;true;0;0,86;0
64;0,18;1,42;113;true;true;true;0;0,86;0
65;0,18;1,42;113;true;true;true;0;0,86;0
66;0,18;1,42;113;true;true;true;0;0,86;0
67;0,18;1,42;113;true;true;true;0;0,86;0
68;0,19;1,42;113;true;true;true;0;0,86;0
69;0,19;1,42;113;true;true;true;0;0,86;0
70;0,19;1,42;113;true;true;true;0;0,86;0
71;0,19;1,42;113;true;true;true;0;0,86;0
72;0,19;1,42;113;true;true;true;0;0,86;0
73;0,19;1,42;113;true;true;true;0;0,86;0
74;0,2;1,42;113;true;true;true;0;0,86;0
75;0,2;1,42;113;true;true;true;0;0,86;0
76;0,2;1,42;113;true;true;true;0;0,86;0
77;0,2;1,42;113;true;true;true;0;0,86;0
78;0,2;1,42;113;true;true;true;0;0,86;0
79;0,21;1,42;113;true;true;true;0;0,86;0
80;0,21;1,42;113;true;true;true;0;0,86;0
81;0,21;1,42;113;true;true;true;0;0,86;0
82;0,21;1,42;113;true;true;true;0;0,86;0
83;0,22;1,42;113;true;true;true;0;0,86;0
84;0,22;1,42;113;true;true;true;0;0,86;0
85;0,22;1,42;113;true;true;true;0;0,86;0
86;0,22;1,42;113;true;true;true;0;0,86;0
87;0,22;1,42;113;true;true;true;0;0,86;0
88;0,22;1,42;113;true;true;true;0;0,86;0
89;0,23;1,42;113;true;true;true;0;0,86;0
90;0,23;1,42;113;true;true;true;0;0,86;0
91;0,23;1,42;113;true;true;true;0;0,86;0
92;0,23;1,42;113;true;true;true;0;0,86;0
93;0,23;1,42;113;true;true;true;0;0,86;0
94;0,24;1,42;113;true;true;true;0;0,86;0
95;0,24;1,42;113;true;true;true;0;0,86;0
96;0,24;1,42;113;true;true;true;0;0,86;0
97;0,24;1,42;113;true;true;true;0;0,86;0
98;0,25;1,42;113;true;true;true;0;0,86;0
99;0,25;1,42;113;true;true;true;0;0,86;0
100;0,25;1,42;113;true;true;true;0;0,86;0
101;0,25;1,42;113;true;true;true;0;0,86;0
102;0,25;1,42;113;true;true;true;0;0,86;0
103;0,25;1,42;113;true;true;true;0;0,86;0
104;0,26;1,42;113;true;true;true;0;0,85;0
105;0,26;1,42;113;true;true;true;0;0,85;0
106;0,26;1,42;113;true;true;true;0;0,85;0
107;0,26;1,42;113;true;true;true;0;0,85;0
108;0,26;1,42;113;true;true;true;0;0,85;0
109;0,27;1,42;113;true;true;true;0;0,85;0
110;0,27;1,42;113;true;true;true;0;0,85;0
111;0,27;1,42;113;true;true;true;0;0,85;0
112;0,27;1,42;113;true;true;true;0;0,85;0
113;0,28;1,42;113;true;true;true;0;0,85;0
114;0,28;1,42;113;true;true;true;0;0,85;0
115;0,28;1,42;113;true;true;true;0;0,85;0
116;0,28;1,42;113;true;true;true;0;0,85;0
117;0,28;1,42;113;true;true;true;0;0,85;0
118;0,28;1,42;113;true;true;true;0;0,85;0
119;0,29;1,42;113;true;true;true;0;0,85;0
120;0,29;1,42;113;true;true;true;0;0,85;0
121;0,29;1,42;113;true;true;true;0;0,85;0
122;0,29;1,42;113;true;true;true;0;0,85;0
123;0,29;1,42;113;true;true;true;0;0,85;0
124;0,3;1,42;113;true;true;true;0;0,85;0
125;0,3;1,42;113;true;true;true;0;0,85;0
126;0,3;1,42;113;true;true;true;0;0,85;0
127;0,3;1,42;113;true;true;true;0;0,85;0
128;0,31;1,42;113;true;true;true;0;0,85;0
129;0,31;1,42;113;true;true;true;0;0,85;0
130;0,31;1,42;113;true;true;true;0;0,85;0
131;0,31;1,42;113;true;true;true;0;0,85;0
132;0,31;1,42;113;true;true;true;0;0,85;0
133;0,31;1,42;113;true;true;true;0;0,85;0
134;0,32;1,42;113;true;true;true;0;0,85;0
135;0,32;1,42;113;true;true;true;0;0,85;0
136;0,32;1,42;113;true;true;true;0;0,85;0
137;0,33;1,42;113;true;true;true;0;0,85;0
138;0,33;1,42;113;true;true;true;0;0,85;0
139;0,33;1,42;113;true;true;true;0;0,85;0
140;0,33;1,42;113;true;true;true;0;0,85;0
141;0,33;1,42;113;true;true;true;0;0,85;0
142;0,34;1,42;113;true;true;true;0;0,85;0
143;0,34;1,42;113;true;true;true;0;0,85;0
144;0,34;1,42;113;true;true;true;0;0,85;0
145;0,34;1,42;113;true;true;true;0;0,85;0
146;0,34;1,42;113;true;true;true;0;0,85;0
147;0,35;1,42;113;true;true;true;0;0,85;0
148;0,35;1,42;113;true;true;true;0;0,85;0
149;0,35;1,42;113;true;true;true;0;0,85;0
150;0,35;1,42;113;true;true;true;0;0,85;0
151;0,35;1,42;113;true;true;true;0;0,85;0
152;0,36;1,42;113;true;true;true;0;0,85;0
153;0,36;1,42;113;true;true;true;0;0,85;0
154;0,36;1,42;113;true;true;true;0;0,85;0
155;0,36;1,42;113;true;true;true;0;0,85;0
156;0,36;1,42;113;true;true;true;0;0,85;0
157;0,37;1,42;113;true;true;true;0;0,85;0
158;0,37;1,42;113;true;true;true;0;0,85;0
159;0,37;1,42;113;true;true;true;0;0,85;0
160;0,37;1,42;113;true;true;true;0;0,85;0
161;0,37;1,42;113;true;true;true;0;0,85;0
162;0,38;1,42;113;true;true;true;0;0,85;0
163;0,38;1,42;113;true;true;true;0;0,85;0
164;0,38;1,42;113;true;true;true;0;0,85;0
165;0,38;1,42;113;true;true;true;0;0,85;0
166;0,38;1,42;113;true;true;true;0;0,85;0
167;0,39;1,42;113;true;true;true;0;0,85;0
168;0,39;1,42;113;true;true;true;0;0,85;0
169;0,39;1,42;113;true;true;true;0;0,85;0
170;0,39;1,42;113;true;true;true;0;0,85;0
171;0,39;1,42;113;true;true;true;0;0,85;0
172;0,4;1,42;113;true;true;true;0;0,85;0
173;0,4;1,42;113;true;true;true;0;0,85;0
174;0,4;1,42;113;true;true;true;0;0,85;0
175;0,4;1,42;113;true;true;true;0;0,85;0
176;0,4;1,42;113;true;true;true;0;0,85;0
177;0,41;1,42;113;true;true;true;0;0,85;0
178;0,41;1,42;113;true;true;true;0;0,85;0
179;0,41;1,42;113;true;true;true;0;0,85;0
180;0,41;1,42;113;true;true;true;0;0,85;0
181;0,41;1,42;113;true;true;true;0;0,85;0
182;0,42;1,42;113;true;true;true;0;0,85;0
183;0,42;1,42;113;true;true;true;0;0,85;0
184;0,42;1,42;113;true;true;true;0;0,85;0
185;0,42;1,42;113;true;true;true;0;0,85;0
186;0,42;1,42;113;true;true;true;0;0,85;0
187;0,43;1,42;113;true;true;true;0;0,85;0
188;0,43;1,42;113;true;true;true;0;0,85;0
189;0,43;1,42;113;true;true;true;0;0,85;0
190;0,43;1,42;113;true;true;true;0;0,85;0
191;0,43;1,42;113;true;true;true;0;0,85;0
192;0,44;1,42;113;true;true;true;0;0,85;0
193;0,44;1,42;113;true;true;true;0;0,85;0
194;0,44;1,42;113;true;true;true;0;0,85;0
195;0,44;1,42;113;true;true;true;0;0,85;0
196;0,44;1,42;113;true;true;true;0;0,85;0
197;0,45;1,42;113;true;true;true;0;0,85;0
198;0,45;1,42;113;true;true;true;0;0,85;0
199;0,45;1,42;113;true;true;true;0;0,85;0
200;0,45;1,42;113;true;true;true;0;0,85;0
201;0,45;1,42;113;true;true;true;0;0,85;0
202;0,46;1,42;113;true;true;true;0;0,85;0
203;0,46;1,42;113;true;true;true;0;0,85;0
204;0,46;1,42;113;true;true;true;0;0,85;0
205;0,46;1,42;113;true;true;true;0;0,85;0
206;0,46;1,42;113;true;true;true;0;0,85;0
207;0,47;1,42;113;true;true;true;0;0,85;0
208;0,47;1,42;113;true;true;true;0;0,85;0
209;0,47;1,42;113;true;true;true;0;0,85;0
210;0,47;1,42;113;true;true;true;0;0,85;0
211;0,47;1,42;113;true;true;true;0;0,85;0
212;0,48;1,42;113;true;true;true;0;0,85;0
213;0,48;1,42;113;true;true;true;0;0,85;0
214;0,48;1,42;113;true;true;true;0;0,85;0
215;0,48;1,42;113;true;true;true;0;0,85;0
216;0,48;1,42;113;true;true;true;0;0,85;0
217;0,49;1,42;113;true;true;true;0;0,85;0
218;0,49;1,42;113;true;true;true;0;0,85;0
219;0,49;1,42;113;true;true;true;0;0,85;0
220;0,49;1,42;113;true;true;true;0;0,85;0
221;0,49;1,42;113;true;true;true;0;0,85;0
222;0,5;1,42;113;true;true;true;0;0,85;0
223;0,5;1,42;113;true;true;true;0;0,85;0
224;0,5;1,42;113;true;true;true;0;0,85;0
225;0,5;1,42;113;true;true;true;0;0,85;0
226;0,5;1,42;113;true;true;true;0;0,85;0
227;0,51;1,42;113;true;true;true;0;0,85;0
228;0,51;1,42;113;true;true;true;0;0,85;0
229;0,51;1,42;113;true;true;true;0;0,85;0
230;0,51;1,42;113;true;true;true;0;0,85;0
231;0,51;1,42;113;true;true;true;0;0,85;0
232;0,52;1,42;113;true;true;true;0;0,85;0
233;0,52;1,42;113;true;true;true;0;0,85;0
234;0,52;1,42;113;true;true;true;0;0,85;0
235;0,52;1,42;113;true;true;true;0;0,85;0
236;0,52;1,42;113;true;true;true;0;0,85;0
237;0,53;1,42;113;true;true;true;0;0,85;0
238;0,53;1,42;113;true;true;true;0;0,85;0
239;0,53;1,42;113;true;true;true;0;0,85;0
240;0,53;1,42;113;true;true;true;0;0,85;0
241;0,53;1,42;113;true;true;true;0;0,85;0
242;0,54;1,42;113;true;true;true;0;0,85;0
243;0,54;1,42;113;true;true;true;0;0,85;0
244;0,54;1,42;113;true;true;true;0;0,85;0
245;0,54;1,42;113;true;true;true;0;0,85;0
246;0,54;1,42;113;true;true;true;0;0,85;0
247;0,55;1,42;113;true;true;true;0;0,85;0
248;0,55;1,42;113;true;true;true;0;0,85;0
249;0,55;1,42;113;true;true;true;0;0,85;0
250;0,55;1,42;113;true;true;true;0;0,85;0
251;0,55;1,42;113;true;true;true;0;0,85;0
252;0,56;1,42;113;true;true;true;0;0,85;0
253;0,56;1,42;113;true;true;true;0;0,85;0
254;0,56;1,42;113;true;true;true;0;0,85;0
255;0,56;1,42;113;true;true;true;0;0,85;0
256;0,56;1,42;113;true;true;true;0;0,85;0
257;0,57;1,42;113;true;true;true;0;0,85;0
258;0,57;1,42;113;true;true;true;0;0,85;0
259;0,57;1,42;113;true;true;true;0;0,85;0
260;0,57;1,42;113;true;true;true;0;0,85;0
261;0,57;1,42;113;true;true;true;0;0,85;0
262;0,58;1,42;113;true;true;true;0;0,85;0
263;0,58;1,42;113;true;true;true;0;0,85;0
264;0,58;1,42;113;true;true;true;0;0,85;0
265;0,58;1,42;113;true;true;true;0;0,85;0
266;0,58;1,42;113;true;true;true;0;0,85;0
267;0,59;1,42;113;true;true;true;0;0,85;0
268;0,59;1,42;113;true;true;true;0;0,85;0
269;0,59;1,42;113;true;true;true;0;0,85;0
270;0,59;1,42;113;true;true;true;0;0,85;0
271;0,59;1,42;113;true;true;true;0;0,85;0
272;0,6;1,42;113;true;true;true;0;0,85;0
273;0,6;1,42;113;true;true;true;0;0,85;0
274;0,6;1,42;113;true;true;true;0;0,85;0
275;0,6;1,42;113;true;true;true;0;0,85;0
276;0,6;1,42;113;true;true;true;0;0,85;0
277;0,61;1,42;113;true;true;true;0;0,85;0
278;0,61;1,42;113;true;true;true;0;0,85;0
279;0,61;1,42;113;true;true;true;0;0,85;0
280;0,61;1,42;113;true;true;true;0;0,85;0
281;0,61;1,42;113;true;true;true;0;0,85;0
282;0,62;1,42;113;true;true;true;0;0,85;0
283;0,62;1,42;113;true;true;true;0;0,85;0
284;0,62;1,42;113;true;true;true;0;0,85;0
285;0,62;1,42;113;true;true;true;0;0,85;0
286;0,62;1,42;113;true;true;true;0;0,85;0
287;0,63;1,42;113;true;true;true;0;0,85;0
288;0,63;1,42;113;true;true;true;0;0,85;0
289;0,63;1,42;113;true;true;true;0;0,85;0
290;0,63;1,42;113;true;true;true;0;0,85;0
291;0,63;1,42;113;true;true;true;0;0,85;0
292;0,64;1,42;113;true;true;true;0;0,85;0
293;0,64;1,42;113;true;true;true;0;0,85;0
294;0,64;1,42;113;true;true;true;0;0,85;0
295;0,64;1,42;113;true;true;true;0;0,85;0
296;0,65;1,42;113;true;true;true;0;0,85;0
297;0,65;1,42;113;true;true;true;0;0,85;0
298;0,65;1,42;113;true;true;true;0;0,85;0
299;0,65;1,42;113;true;true;true;0;0,85;0
300;0,66;1,42;113;true;true;true;0;0,85;0
301;0,66;1,42;113;true;true;true;0;0,85;0
302;0,66;1,42;113;true;true;true;0;0,85;0
303;0,66;1,42;113;true;true;true;0;0,85;0
304;0,67;1,42;113;true;true;true;0;0,85;0
305;0,67;1,42;113;true;true;true;0;0,85;0
306;0,67;1,42;113;true;true;true;0;0,85;0
307;0,67;1,42;113;true;true;true;0;0,85;0
308;0,67;1,42;113;true;true;true;0;0,85;0
309;0,68;1,42;113;true;true;true;0;0,85;0
310;0,68;1,42;113;true;true;true;0;0,85;0
311;0,68;1,42;113;true;true;true;0;0,85;0
312;0,68;1,42;113;true;true;true;0;0,85;0
313;0,68;1,42;113;true;true;true;0;0,85;0
314;0,69;1,42;113;true;true;true;0;0,85;0
315;0,69;1,42;113;true;true;true;0;0,85;0
316;0,69;1,42;113;true;true;true;0;0,85;0
317;0,69;1,42;113;true;true;true;0;0,85;0
318;0,69;1,42;113;true;true;true;0;0,85;0
319;0,69;1,42;113;true;true;true;0;0,85;0
320;0,7;1,42;113;true;true;true;0;0,85;0
321;0,7;1,42;113;true;true;true;0;0,85;0
322;0,7;1,42;113;true;true;true;0;0,85;0
323;0,7;1,42;113;true;true;true;0;0,85;0
324;0,7;1,42;113;true;true;true;0;0,85;0
325;0,71;1,42;113;true;true;true;0;0,85;0
326;0,71;1,42;113;true;true;true;0;0,85;0
327;0,71;1,42;113;true;true;true;0;0,85;0
328;0,71;1,42;113;true;true;true;0;0,85;0
329;0,71;1,42;113;true;true;true;0;0,85;0
330;0,72;1,42;113;true;true;true;0;0,85;0
331;0,72;1,42;113;true;true;true;0;0,85;0
332;0,72;1,42;113;true;true;true;0;0,85;0
333;0,72;1,42;113;true;true;true;0;0,85;0
334;0,73;1,42;113;true;true;true;0;0,85;0
335;0,73;1,42;113;true;true;true;0;0,85;0
336;0,73;1,42;113;true;true;true;0;0,85;0
337;0,73;1,42;113;true;true;true;0;0,85;0
338;0,73;1,42;113;true;true;true;0;0,85;0
339;0,74;1,42;113;true;true;true;0;0,85;0
340;0,74;1,42;113;true;true;true;0;0,85;0
341;0,74;1,42;113;true;true;true;0;0,85;0
342;0,74;1,42;113;true;true;true;0;0,85;0
343;0,74;1,42;113;true;true;true;0;0,85;0
344;0,75;1,42;113;true;true;true;0;0,85;0
345;0,75;1,42;113;true;true;true;0;0,85;0
346;0,75;1,42;113;true;true;true;0;0,85;0
347;0,75;1,42;113;true;true;true;0;0,85;0
348;0,75;1,42;113;true;true;true;0;0,85;0
349;0,75;1,42;113;true;true;true;0;0,85;0
350;0,76;1,42;113;true;true;true;0;0,85;0
351;0,76;1,42;113;true;true;true;0;0,85;0
352;0,76;1,42;113;true;true;true;0;0,85;0
353;0,76;1,42;113;true;true;true;0;0,85;0
354;0,76;1,42;113;true;true;true;0;0,85;0
355;0,77;1,42;113;true;true;true;0;0,85;0
356;0,77;1,42;113;true;true;true;0;0,85;0
357;0,77;1,42;113;true;true;true;0;0,85;0
358;0,77;1,42;113;true;true;true;0;0,85;0
359;0,77;1,42;113;true;true;true;0;0,85;0
360;0,78;1,42;113;true;true;true;0;0,85;0
361;0,78;1,42;113;true;true;true;0;0,85;0
362;0,78;1,42;113;true;true;true;0;0,85;0
363;0,78;1,42;113;true;true;true;0;0,85;0
364;0,79;1,42;113;true;true;true;0;0,85;0
365;0,79;1,42;113;true;true;true;0;0,85;0
366;0,79;1,42;113;true;true;true;0;0,85;0
367;0,79;1,42;113;true;true;true;0;0,85;0
368;0,79;1,42;113;true;true;true;0;0,85;0
369;0,8;1,42;113;true;true;true;0;0,85;0
370;0,8;1,42;113;true;true;true;0;0,85;0
371;0,8;1,42;113;true;true;true;0;0,85;0
372;0,8;1,42;113;true;true;true;0;0,85;0
373;0,8;1,42;113;true;true;true;0;0,85;0
374;0,8;1,42;113;true;true;true;0;0,85;0
375;0,81;1,42;113;true;true;true;0;0,85;0
376;0,81;1,42;113;true;true;true;0;0,85;0
377;0,81;1,42;113;true;true;true;0;0,85;0
378;0,81;1,42;113;true;true;true;0;0,85;0
379;0,81;1,42;113;true;true;true;0;0,85;0
380;0,81;1,42;113;true;true;true;0;0,85;0
381;0,82;1,42;113;true;true;true;0;0,85;0
382;0,82;1,42;113;true;true;true;0;0,85;0
383;0,82;1,42;113;true;true;true;0;0,85;0
384;0,82;1,42;113;true;true;true;0;0,85;0
385;0,82;1,42;113;true;true;true;0;0,85;0
386;0,83;1,42;113;true;true;true;0;0,85;0
387;0,83;1,42;113;true;true;true;0;0,85;0
388;0,83;1,42;113;true;true;true;0;0,85;0
389;0,83;1,42;113;true;true;true;0;0,85;0
390;0,83;1,42;113;true;true;true;0;0,85;0
391;0,84;1,42;113;true;true;true;0;0,85;0
392;0,84;1,42;113;true;true;true;0;0,85;0
393;0,84;1,42;113;true;true;true;0;0,85;0
394;0,84;1,42;113;true;true;true;0;0,85;0
395;0,85;1,42;113;true;true;true;0;0,85;0
396;0,85;1,42;113;true;true;true;0;0,85;0
397;0,85;1,42;113;true;true;true;0;0,85;0
398;0,85;1,42;113;true;true;true;0;0,85;0
399;0,85;1,42;113;true;true;true;0;0,85;0
400;0,86;1,42;113;true;true;true;0;0,85;0
401;0,86;1,42;113;true;true;true;0;0,85;0
402;0,86;1,42;113;true;true;true;0;0,85;0
403;0,86;1,42;113;true;true;true;0;0,85;0
404;0,86;1,42;113;true;true;true;0;0,85;0
405;0,87;1,42;113;true;true;true;0;0,85;0
406;0,87;1,42;113;true;true;true;0;0,85;0
407;0,87;1,42;113;true;true;true;0;0,85;0
408;0,87;1,42;113;true;true;true;0;0,85;0
409;0,87;1,42;113;true;true;true;0;0,85;0
410;0,88;1,42;113;true;true;true;0;0,85;0
411;0,88;1,42;113;true;true;true;0;0,85;0
412;0,88;1,42;113;true;true;true;0;0,85;0
413;0,88;1,42;113;true;true;true;0;0,85;0
414;0,88;1,42;113;true;true;true;0;0,85;0
415;0,88;1,42;113;true;true;true;0;0,85;0
416;0,89;1,42;113;true;true;true;0;0,85;0
417;0,89;1,42;113;true;true;true;0;0,85;0
418;0,89;1,42;113;true;true;true;0;0,85;0
419;0,89;1,42;113;true;true;true;0;0,85;0
420;0,89;1,42;113;true;true;true;0;0,85;0
421;0,9;1,42;113;true;true;true;0;0,85;0
422;0,9;1,42;113;true;true;true;0;0,85;0
423;0,9;1,42;113;true;true;true;0;0,85;0
424;0,9;1,42;113;true;true;true;0;0,85;0
425;0,9;1,42;113;true;true;true;0;0,85;0
426;0,91;1,42;113;true;true;true;0;0,85;0
427;0,91;1,42;113;true;true;true;0;0,85;0
428;0,91;1,42;113;true;true;true;0;0,85;0
429;0,91;1,42;113;true;true;true;0;0,85;0
430;0,92;1,42;113;true;true;true;0;0,85;0
431;0,92;1,42;113;true;true;true;0;0,85;0
432;0,92;1,42;113;true;true;true;0;0,85;0
433;0,92;1,42;113;true;true;true;0;0,85;0
434;0,92;1,42;113;true;true;true;0;0,85;0
435;0,93;1,42;113;true;true;true;0;0,85;0
436;0,93;1,42;113;true;true;true;0;0,85;0
437;0,93;1,42;113;true;true;true;0;0,85;0
438;0,93;1,42;113;true;true;true;0;0,85;0
439;0,93;1,42;113;true;true;true;0;0,85;0
440;0,94;1,42;113;true;true;true;0;0,85;0
441;0,94;1,42;113;true;true;true;0;0,85;0
442;0,94;1,42;113;true;true;true;0;0,85;0
443;0,94;1,42;113;true;true;true;0;0,85;0
444;0,94;1,42;113;true;true;true;0;0,85;0
445;0,94;1,42;113;true;true;true;0;0,85;0
446;0,95;1,42;113;true;true;true;0;0,85;0
447;0,95;1,42;113;true;true;true;0;0,85;0
448;0,95;1,42;113;true;true;true;0;0,85;0
449;0,95;1,42;113;true;true;true;0;0,85;0
450;0,95;1,42;113;true;true;true;0;0,85;0
451;0,96;1,42;113;true;true;true;0;0,85;0
452;0,96;1,42;113;true;true;true;0;0,85;0
453;0,96;1,42;113;true;true;true;0;0,85;0
454;0,96;1,42;113;true;true;true;0;0,85;0
455;0,96;1,42;113;true;true;true;0;0,85;0
456;0,97;1,42;113;true;true;true;0;0,85;0
457;0,97;1,42;113;true;true;true;0;0,85;0
458;0,97;1,42;113;true;true;true;0;0,85;0
459;0,97;1,42;113;true;true;true;0;0,85;0
460;0,98;1,42;113;true;true;true;0;0,85;0
461;0,98;1,42;113;true;true;true;0;0,85;0
462;0,98;1,42;113;true;true;true;0;0,85;0
463;0,98;1,42;113;true;true;true;0;0,85;0
464;0,98;1,42;113;true;true;true;0;0,85;0
465;0,99;1,42;113;true;true;true;0;0,85;0
466;0,99;1,42;113;true;true;true;0;0,85;0
467;0,99;1,42;113;true;true;true;0;0,85;0
468;0,99;1,42;113;true;true;true;0;0,85;0
469;0,99;1,42;113;true;true;true;0;0,85;0
470;1;1,42;113;true;true;true;0;0,85;0
471;1;1,42;113;true;true;true;0;0,85;0
472;1;1,42;113;true;true;true;0;0,85;0
473;1;1,42;113;true;true;true;0;0,85;0
474;1;1,42;113;true;true;true;0;0,85;0
475;1;1,42;113;true;true;true;0;0,85;0
476;1,01;1,42;113;true;true;true;0;0,85;0
477;1,01;1,42;113;true;true;true;0;0,85;0
478;1,01;1,42;113;true;true;true;0;0,85;0
479;1,01;1,42;113;true;true;true;0;0,85;0
480;1,01;1,42;113;true;true;true;0;0,85;0
481;1,02;1,42;113;true;true;true;0;0,85;0
482;1,02;1,42;113;true;true;true;0;0,85;0
483;1,02;1,42;113;true;true;true;0;0,85;0
484;1,02;1,42;113;true;true;true;0;0,85;0
485;1,02;1,42;113;true;true;true;0;0,85;0
486;1,03;1,42;113;true;true;true;0;0,85;0
487;1,03;1,42;113;true;true;true;0;0,85;0
488;1,03;1,42;113;true;true;true;0;0,85;0
489;1,03;1,42;113;true;true;true;0;0,85;0
490;1,03;1,42;113;true;true;true;0;0,85;0
491;1,04;1,42;113;true;true;true;0;0,85;0
492;1,04;1,42;113;true;true;true;0;0,85;0
493;1,04;1,42;113;true;true;true;0;0,85;0
494;1,04;1,42;113;true;true;true;0;0,85;0
495;1,04;1,42;113;true;true;true;0;0,85;0
496;1,05;1,42;113;true;true;true;0;0,85;0
497;1,05;1,42;113;true;true;true;0;0,85;0
498;1,05;1,42;113;true;true;true;0;0,85;0
499;1,05;1,42;113;true;true;true;0;0,85;0
500;1,05;1,42;113;true;true;true;0;0,85;0
501;1,06;1,42;113;true;true;true;0;0,85;0
502;1,06;1,42;113;true;true;true;0;0,85;0
503;1,06;1,42;113;true;true;true;0;0,85;0
504;1,06;1,42;113;true;true;true;0;0,85;0
505;1,07;1,42;113;true;true;true;0;0,85;0
506;1,07;1,42;113;true;true;true;0;0,85;0
507;1,07;1,42;113;true;true;true;0;0,85;0
508;1,07;1,42;113;true;true;true;0;0,85;0
509;1,07;1,42;113;true;true;true;0;0,85;0
510;1,08;1,42;113;true;true;true;0;0,85;0
511;1,08;1,42;113;true;true;true;0;0,85;0
512;1,08;1,42;113;true;true;true;0;0,85;0
513;1,08;1,42;113;true;true;true;0;0,85;0
514;1,08;1,42;113;true;true;true;0;0,85;0
515;1,09;1,42;113;true;true;true;0;0,85;0
516;1,09;1,42;113;true;true;true;0;0,85;0
517;1,09;1,42;113;true;true;true;0;0,85;0
518;1,09;1,42;113;true;true;true;0;0,85;0
519;1,09;1,42;113;true;true;true;0;0,85;0
520;1,1;1,42;113;true;true;true;0;0,85;0
521;1,1;1,42;113;true;true;true;0;0,85;0
522;1,1;1,42;113;true;true;true;0;0,85;0
523;1,1;1,42;113;true;true;true;0;0,85;0
524;1,1;1,42;113;true;true;true;0;0,85;0
525;1,11;1,42;113;true;true;true;0;0,85;0
526;1,11;1,42;113;true;true;true;0;0,85;0
527;1,11;1,42;113;true;true;true;0;0,85;0
528;1,11;1,42;113;true;true;true;0;0,85;0
529;1,11;1,42;113;true;true;true;0;0,85;0
530;1,12;1,42;113;true;true;true;0;0,85;0
531;1,12;1,42;113;true;true;true;0;0,85;0
532;1,12;1,42;113;true;true;true;0;0,85;0
533;1,12;1,42;113;true;true;true;0;0,85;0
534;1,12;1,42;113;true;true;true;0;0,85;0
535;1,12;1,42;113;true;true;true;0;0,85;0
536;1,13;1,42;113;true;true;true;0;0,85;0
537;1,13;1,42;113;true;true;true;0;0,85;0
538;1,13;1,42;113;true;true;true;0;0,85;0
539;1,13;1,42;113;true;true;true;0;0,85;0
540;1,13;1,42;113;true;true;true;0;0,85;0
541;1,14;1,42;113;true;true;true;0;0,85;0
542;1,14;1,42;113;true;true;true;0;0,85;0
543;1,14;1,42;113;true;true;true;0;0,85;0
544;1,14;1,42;113;true;true;true;0;0,85;0
545;1,14;1,42;113;true;true;true;0;0,85;0
546;1,15;1,42;113;true;true;true;0;0,85;0
547;1,15;1,42;113;true;true;true;0;0,85;0
548;1,15;1,42;113;true;true;true;0;0,85;0
549;1,15;1,42;113;true;true;true;0;0,85;0
550;1,15;1,42;113;true;true;true;0;0,85;0
551;1,16;1,42;113;true;true;true;0;0,85;0
552;1,16;1,42;113;true;true;true;0;0,85;0
553;1,16;1,42;113;true;true;true;0;0,85;0
554;1,16;1,42;113;true;true;true;0;0,85;0
555;1,16;1,42;113;true;true;true;0;0,85;0
556;1,17;1,42;113;true;true;true;0;0,85;0
557;1,17;1,42;113;true;true;true;0;0,85;0
558;1,17;1,42;113;true;true;true;0;0,85;0
559;1,18;1,42;113;true;true;true;0;0,85;0
560;1,18;1,42;113;true;true;true;0;0,85;0
561;1,18;1,42;113;true;true;true;0;0,85;0
562;1,18;1,42;113;true;true;true;0;0,85;0
563;1,18;1,42;113;true;true;true;0;0,85;0
564;1,19;1,42;113;true;true;true;0;0,85;0
565;1,19;1,42;113;true;true;true;0;0,85;0
566;1,19;1,42;113;true;true;true;0;0,85;0
567;1,19;1,42;113;true;true;true;0;0,85;0
568;1,19;1,42;113;true;true;true;0;0,85;0
569;1,2;1,42;113;true;true;true;0;0,85;0
570;1,2;1,42;113;true;true;true;0;0,85;0
571;1,2;1,42;113;true;true;true;0;0,85;0
572;1,2;1,42;113;true;true;true;0;0,85;0
573;1,2;1,42;113;true;true;true;0;0,85;0
574;1,21;1,42;113;true;true;true;0;0,85;0
575;1,21;1,42;113;true;true;true;0;0,85;0
576;1,21;1,42;113;true;true;true;0;0,85;0
577;1,21;1,42;113;true;true;true;0;0,85;0
578;1,21;1,42;113;true;true;true;0;0,85;0
579;1,22;1,42;113;true;true;true;0;0,85;0
580;1,22;1,42;113;true;true;true;0;0,85;0
581;1,22;1,42;113;true;true;true;0;0,85;0
582;1,22;1,42;113;true;true;true;0;0,85;0
583;1,22;1,42;113;true;true;true;0;0,85;0
584;1,23;1,42;113;true;true;true;0;0,85;0
585;1,23;1,42;113;true;true;true;0;0,85;0
586;1,23;1,42;113;true;true;true;0;0,85;0
587;1,23;1,42;113;true;true;true;0;0,85;0
588;1,23;1,42;113;true;true;true;0;0,85;0
589;1,24;1,42;113;true;true;true;0;0,85;0
590;1,24;1,42;113;true;true;true;0;0,85;0
591;1,24;1,42;113;true;true;true;0;0,85;0
592;1,24;1,42;113;true;true;true;0;0,85;0
593;1,24;1,42;113;true;true;true;0;0,85;0
594;1,25;1,42;113;true;true;true;0;0,85;0
595;1,25;1,42;113;true;true;true;0;0,85;0
596;1,25;1,42;113;true;true;true;0;0,85;0
597;1,25;1,42;113;true;true;true;0;0,85;0
598;1,25;1,42;113;true;true;true;0;0,85;0
599;1,26;1,42;113;true;true;true;0;0,85;0
600;1,26;1,42;113;true;true;true;0;0,85;0
601;1,26;1,42;113;true;true;true;0;0,85;0
602;1,26;1,42;113;true;true;true;0;0,85;0
603;1,26;1,42;113;true;true;true;0;0,85;0
604;1,27;1,42;113;true;true;true;0;0,85;0
605;1,27;1,42;113;true;true;true;0;0,85;0
606;1,27;1,42;113;true;true;true;0;0,85;0
607;1,27;1,42;113;true;true;true;0;0,85;0
608;1,27;1,42;113;true;true;true;0;0,85;0
609;1,28;1,42;113;true;true;true;0;0,85;0
610;1,28;1,42;113;true;true;true;0;0,85;0
611;1,28;1,42;113;true;true;true;0;0,85;0
612;1,28;1,42;113;true;true;true;0;0,85;0
613;1,28;1,42;113;true;true;true;0;0,85;0
614;1,29;1,42;113;true;true;true;0;0,85;0
615;1,29;1,42;113;true;true;true;0;0,85;0
616;1,29;1,42;113;true;true;true;0;0,85;0
617;1,29;1,42;113;true;true;true;0;0,85;0
618;1,29;1,42;113;true;true;true;0;0,85;0
619;1,3;1,42;113;true;true;true;0;0,85;0
620;1,3;1,42;113;true;true;true;0;0,85;0
621;1,3;1,42;113;true;true;true;0;0,85;0
622;1,3;1,42;113;true;true;true;0;0,85;0
623;1,3;1,42;113;true;true;true;0;0,85;0
624;1,31;1,42;113;true;true;true;0;0,85;0
625;1,31;1,42;113;true;true;true;0;0,85;0
626;1,31;1,42;113;true;true;true;0;0,85;0
627;1,31;1,42;113;true;true;true;0;0,85;0
628;1,31;1,42;113;true;true;true;0;0,85;0
629;1,32;1,42;113;true;true;true;0;0,85;0
630;1,32;1,42;113;true;true;true;0;0,85;0
631;1,32;1,42;113;true;true;true;0;0,85;0
632;1,32;1,42;113;true;true;true;0;0,85;0
633;1,32;1,42;113;true;true;true;0;0,85;0
634;1,33;1,42;113;true;true;true;0;0,85;0
635;1,33;1,42;113;true;true;true;0;0,85;0
636;1,33;1,42;113;true;true;true;0;0,85;0
637;1,33;1,42;113;true;true;true;0;0,85;0
638;1,33;1,42;113;true;true;true;0;0,85;0
639;1,34;1,42;113;true;true;true;0;0,85;0
640;1,34;1,42;113;true;true;true;0;0,85;0
641;1,34;1,42;113;true;true;true;0;0,85;0
642;1,34;1,42;113;true;true;true;0;0,85;0
643;1,34;1,42;113;true;true;true;0;0,85;0
644;1,35;1,42;113;true;true;true;0;0,85;0
645;1,35;1,42;113;true;true;true;0;0,85;0
646;1,35;1,42;113;true;true;true;0;0,85;0
647;1,35;1,42;113;true;true;true;0;0,85;0
648;1,35;1,42;113;true;true;true;0;0,85;0
649;1,36;1,42;113;true;true;true;0;0,85;0
650;1,36;1,42;113;true;true;true;0;0,85;0
651;1,36;1,42;113;true;true;true;0;0,85;0
652;1,36;1,42;113;true;true;true;0;0,85;0
653;1,36;1,42;113;true;true;true;0;0,85;0
654;1,37;1,42;113;true;true;true;0;0,85;0
655;1,37;1,42;113;true;true;true;0;0,85;0
656;1,37;1,42;113;true;true;true;0;0,85;0
657;1,37;1,42;113;true;true;true;0;0,85;0
658;1,37;1,42;113;true;true;true;0;0,85;0
659;1,38;1,42;113;true;true;true;0;0,85;0
660;1,38;1,42;113;true;true;true;0;0,85;0
661;1,38;1,42;113;true;true;true;0;0,85;0
662;1,38;1,42;113;true;true;true;0;0,85;0
663;1,38;1,42;113;true;true;true;0;0,85;0
664;1,39;1,42;113;true;true;true;0;0,85;0
665;1,39;1,42;113;true;true;true;0;0,85;0
666;1,39;1,42;113;true;true;true;0;0,85;0
667;1,39;1,42;113;true;true;true;0;0,85;0
668;1,39;1,42;113;true;true;true;0;0,85;0
669;1,4;1,42;113;true;true;true;0;0,85;0
670;1,4;1,42;113;true;true;true;0;0,85;0
671;1,4;1,42;113;true;true;true;0;0,85;0
672;1,4;1,42;113;true;true;true;0;0,85;0
673;1,4;1,42;113;true;true;true;0;0,85;0
674;1,41;1,42;113;true;true;true;0;0,85;0
675;1,41;1,42;113;true;true;true;0;0,85;0
676;1,41;1,42;113;true;true;true;0;0,85;0
677;1,41;1,42;113;true;true;true;0;0,85;0
678;1,41;1,42;113;true;true;true;0;0,85;0
679;1,42;1,42;113;true;true;true;0;0,85;0
680;1,42;1,42;113;true;true;true;0;0,85;0
681;1,42;1,42;113;true;true;true;0;0,85;0
682;1,42;1,42;113;true;true;true;0;0,85;0
683;1,42;1,42;113;true;true;true;0;0,85;0
684;1,43;1,42;113;true;true;true;0;0,85;0
685;1,43;1,42;113;true;true;true;0;0,85;0
686;1,43;1,42;113;true;true;true;0;0,85;0
687;1,43;1,42;113;true;true;true;0;0,85;0
688;1,43;1,42;113;true;true;true;0;0,85;0
689;1,44;1,42;113;true;true;true;0;0,85;0
690;1,44;1,42;113;true;true;true;0;0,85;0
691;1,44;1,42;113;true;true;true;0;0,85;0
692;1,44;1,42;113;true;true;true;0;0,85;0
693;1,44;1,42;113;true;true;true;0;0,85;0
694;1,45;1,42;113;true;true;true;0;0,85;0
695;1,45;1,42;113;true;true;true;0;0,85;0
696;1,45;1,42;113;true;true;true;0;0,85;0
697;1,45;1,42;113;true;true;true;0;0,85;0
698;1,45;1,42;113;true;true;true;0;0,85;0
699;1,46;1,42;113;true;true;true;0;0,85;0
700;1,46;1,42;113;true;true;true;0;0,85;0
701;1,46;1,42;113;true;true;true;0;0,85;0
702;1,46;1,42;113;true;true;true;0;0,85;0
703;1,46;1,42;113;true;true;true;0;0,85;0
704;1,47;1,42;113;true;true;true;0;0,85;0
705;1,47;1,42;113;true;true;true;0;0,85;0
706;1,47;1,42;113;true;true;true;0;0,85;0
707;1,47;1,42;113;true;true;true;0;0,85;0
708;1,47;1,42;113;true;true;true;0;0,85;0
709;1,48;1,42;113;true;true;true;0;0,85;0
710;1,48;1,42;113;true;true;true;0;0,85;0
711;1,48;1,42;113;true;true;true;0;0,85;0
712;1,48;1,42;113;true;true;true;0;0,85;0
713;1,48;1,42;113;true;true;true;0;0,85;0
714;1,49;1,42;113;true;true;true;0;0,85;0
715;1,49;1,42;113;true;true;true;0;0,85;0
716;1,49;1,42;113;true;true;true;0;0,85;0
717;1,49;1,42;113;true;true;true;0;0,85;0
718;1,49;1,42;113;true;true;true;0;0,85;0
719;1,5;1,42;113;true;true;true;0;0,85;0
720;1,5;1,42;113;true;true;true;0;0,85;0
721;1,5;1,42;113;true;true;true;0;0,85;0
722;1,5;1,42;113;true;true;true;0;0,85;0
723;1,5;1,42;113;true;true;true;0;0,85;0
724;1,51;1,42;113;true;true;true;0;0,85;0
725;1,51;1,42;113;true;true;true;0;0,85;0
726;1,51;1,42;113;true;true;true;0;0,85;0
727;1,51;1,42;113;true;true;true;0;0,85;0
728;1,51;1,42;113;true;true;true;0;0,85;0
729;1,52;1,42;113;true;true;true;0;0,85;0
730;1,52;1,42;113;true;true;true;0;0,85;0
731;1,52;1,42;113;true;true;true;0;0,85;0
732;1,52;1,42;113;true;true;true;0;0,85;0
733;1,52;1,42;113;true;true;true;0;0,85;0
734;1,53;1,42;113;true;true;true;0;0,85;0
735;1,53;1,42;113;true;true;true;0;0,85;0
736;1,53;1,42;113;true;true;true;0;0,85;0
737;1,53;1,42;113;true;true;true;0;0,85;0
738;1,53;1,42;113;true;true;true;0;0,85;0
739;1,54;1,42;113;true;true;true;0;0,85;0
740;1,54;1,42;113;true;true;true;0;0,85;0
741;1,54;1,42;113;true;true;true;0;0,85;0
742;1,54;1,42;113;true;true;true;0;0,85;0
743;1,54;1,42;113;true;true;true;0;0,85;0
744;1,55;1,42;113;true;true;true;0;0,85;0
745;1,55;1,42;113;true;true;true;0;0,85;0
746;1,55;1,42;113;true;true;true;0;0,85;0
747;1,55;1,42;113;true;true;true;0;0,85;0
748;1,55;1,42;113;true;true;true;0;0,85;0
749;1,56;1,42;113;true;true;true;0;0,85;0
750;1,56;1,42;113;true;true;true;0;0,85;0
751;1,56;1,42;113;true;true;true;0;0,85;0
752;1,56;1,42;113;true;true;true;0;0,85;0
753;1,56;1,42;113;true;true;true;0;0,85;0
754;1,57;1,42;113;true;true;true;0;0,85;0
755;1,57;1,42;113;true;true;true;0;0,85;0
756;1,57;1,42;113;true;true;true;0;0,85;0
757;1,57;1,42;113;true;true;true;0;0,85;0
758;1,57;1,42;113;true;true;true;0;0,85;0
759;1,58;1,42;113;true;true;true;0;0,85;0
760;1,58;1,42;113;true;true;true;0;0,85;0
761;1,58;1,42;113;true;true;true;0;0,85;0
762;1,58;1,42;113;true;true;true;0;0,85;0
763;1,58;1,42;113;true;true;true;0;0,85;0
764;1,59;1,42;113;true;true;true;0;0,85;0
765;1,59;1,42;113;true;true;true;0;0,85;0
766;1,59;1,42;113;true;true;true;0;0,85;0
767;1,59;1,42;113;true;true;true;0;0,85;0
768;1,59;1,42;113;true;true;true;0;0,85;0
769;1,6;1,42;113;true;true;true;0;0,85;0
770;1,6;1,42;113;true;true;true;0;0,85;0
771;1,6;1,42;113;true;true;true;0;0,85;0
772;1,6;1,42;113;true;true;true;0;0,85;0
773;1,6;1,42;113;true;true;true;0;0,85;0
774;1,61;1,42;113;true;true;true;0;0,85;0
775;1,61;1,42;113;true;true;true;0;0,85;0
776;1,61;1,42;113;true;true;true;0;0,85;0
777;1,61;1,42;113;true;true;true;0;0,85;0
778;1,61;1,42;113;true;true;true;0;0,85;0
779;1,62;1,42;113;true;true;true;0;0,85;0
780;1,62;1,42;113;true;true;true;0;0,85;0
781;1,62;1,42;113;true;true;true;0;0,85;0
782;1,62;1,42;113;true;true;true;0;0,85;0
783;1,62;1,42;113;true;true;true;0;0,85;0
784;1,63;1,42;113;true;true;true;0;0,85;0
785;1,63;1,42;113;true;true;true;0;0,85;0
786;1,63;1,42;113;true;true;true;0;0,85;0
787;1,63;1,42;113;true;true;true;0;0,85;0
788;1,63;1,42;113;true;true;true;0;0,85;0
789;1,64;1,42;113;true;true;true;0;0,85;0
790;1,64;1,42;113;true;true;true;0;0,85;0
791;1,64;1,42;113;true;true;true;0;0,85;0
792;1,64;1,42;113;true;true;true;0;0,85;0
793;1,64;1,42;113;true;true;true;0;0,85;0
794;1,65;1,42;113;true;true;true;0;0,85;0
795;1,65;1,42;113;true;true;true;0;0,85;0
796;1,65;1,42;113;true;true;true;0;0,85;0
797;1,65;1,42;113;true;true;true;0;0,85;0
798;1,65;1,42;113;true;true;true;0;0,85;0
799;1,66;1,42;113;true;true;true;0;0,85;0
800;1,66;1,42;113;true;true;true;0;0,85;0
801;1,66;1,42;113;true;true;true;0;0,85;0
802;1,66;1,42;113;true;true;true;0;0,85;0
803;1,67;1,42;113;true;true;true;0;0,85;0
804;1,67;1,42;113;true;true;true;0;0,85;0
805;1,67;1,42;113;true;true;true;0;0,85;0
806;1,67;1,42;113;true;true;true;0;0,85;0
807;1,67;1,42;113;true;true;true;0;0,85;0
808;1,68;1,42;113;true;true;true;0;0,85;0
809;1,68;1,42;113;true;true;true;0;0,85;0
810;1,68;1,42;113;true;true;true;0;0,85;0
811;1,68;1,42;113;true;true;true;0;0,85;0
812;1,68;1,42;113;true;true;true;0;0,85;0
813;1,69;1,42;113;true;true;true;0;0,85;0
814;1,69;1,42;113;true;true;true;0;0,85;0
815;1,69;1,42;113;true;true;true;0;0,85;0
816;1,69;1,42;113;true;true;true;0;0,85;0
817;1,69;1,42;113;true;true;true;0;0,85;0
818;1,7;1,42;113;true;true;true;0;0,85;0
819;1,7;1,42;113;true;true;true;0;0,85;0
820;1,7;1,42;113;true;true;true;0;0,85;0
821;1,7;1,42;113;true;true;true;0;0,85;0
822;1,7;1,42;113;true;true;true;0;0,85;0
823;1,71;1,42;113;true;true;true;0;0,85;0
824;1,71;1,42;113;true;true;true;0;0,85;0
825;1,71;1,42;113;true;true;true;0;0,85;0
826;1,71;1,42;113;true;true;true;0;0,85;0
827;1,71;1,42;113;true;true;true;0;0,85;0
828;1,72;1,42;113;true;true;true;0;0,85;0
829;1,72;1,42;113;true;true;true;0;0,85;0
830;1,72;1,42;113;true;true;true;0;0,85;0
831;1,72;1,42;113;true;true;true;0;0,85;0
832;1,72;1,42;113;true;true;true;0;0,85;0
833;1,72;1,42;113;true;true;true;0;0,85;0
834;1,73;1,42;113;true;true;true;0;0,85;0
835;1,73;1,42;113;true;true;true;0;0,85;0
836;1,73;1,42;113;true;true;true;0;0,85;0
837;1,73;1,42;113;true;true;true;0;0,85;0
838;1,73;1,42;113;true;true;true;0;0,85;0
839;1,74;1,42;113;true;true;true;0;0,85;0
840;1,74;1,42;113;true;true;true;0;0,85;0
841;1,74;1,42;113;true;true;true;0;0,85;0
842;1,74;1,42;113;true;true;true;0;0,85;0
843;1,75;1,42;113;true;true;true;0;0,85;0
844;1,75;1,42;113;true;true;true;0;0,85;0
845;1,75;1,42;113;true;true;true;0;0,85;0
846;1,75;1,42;113;true;true;true;0;0,85;0
847;1,75;1,42;113;true;true;true;0;0,85;0
848;1,75;1,42;113;true;true;true;0;0,85;0
849;1,76;1,42;113;true;true;true;0;0,85;0
850;1,76;1,42;113;true;true;true;0;0,85;0
851;1,76;1,42;113;true;true;true;0;0,85;0
852;1,76;1,42;113;true;true;true;0;0,85;0
853;1,77;1,42;113;true;true;true;0;0,85;0
854;1,77;1,42;113;true;true;true;0;0,85;0
855;1,77;1,42;113;true;true;true;0;0,85;0
856;1,77;1,42;113;true;true;true;0;0,85;0
857;1,78;1,42;113;true;true;true;0;0,85;0
858;1,78;1,42;113;true;true;true;0;0,85;0
859;1,78;1,42;113;true;true;true;0;0,85;0
860;1,78;1,42;113;true;true;true;0;0,85;0
861;1,78;1,42;113;true;true;true;0;0,85;0
862;1,79;1,42;113;true;true;true;0;0,85;0
863;1,79;1,42;113;true;true;true;0;0,85;0
864;1,79;1,42;113;true;true;true;0;0,85;0
865;1,79;1,42;113;true;true;true;0;0,85;0
866;1,79;1,42;113;true;true;true;0;0,85;0
867;1,8;1,42;113;true;true;true;0;0,85;0
868;1,8;1,42;113;true;true;true;0;0,85;0
869;1,8;1,42;113;true;true;true;0;0,85;0
870;1,8;1,42;113;true;true;true;0;0,85;0
871;1,8;1,42;113;true;true;true;0;0,85;0
872;1,81;1,42;113;true;true;true;0;0,85;0
873;1,81;1,42;113;true;true;true;0;0,85;0
874;1,81;1,42;113;true;true;true;0;0,85;0
875;1,81;1,42;113;true;true;true;0;0,85;0
876;1,81;1,42;113;true;true;true;0;0,85;0
877;1,82;1,42;113;true;true;true;0;0,85;0
878;1,82;1,42;113;true;true;true;0;0,85;0
879;1,82;1,42;113;true;true;true;0;0,85;0
880;1,82;1,42;113;true;true;true;0;0,85;0
881;1,82;1,42;113;true;true;true;0;0,85;0
882;1,83;1,42;113;true;true;true;0;0,85;0
883;1,83;1,42;113;true;true;true;0;0,85;0
884;1,83;1,42;113;true;true;true;0;0,85;0
885;1,83;1,42;113;true;true;true;0;0,85;0
886;1,83;1,42;113;true;true;true;0;0,85;0
887;1,84;1,42;113;true;true;true;0;0,85;0
888;1,84;1,42;113;true;true;true;0;0,85;0
889;1,84;1,42;113;true;true;true;0;0,85;0
890;1,84;1,42;113;true;true;true;0;0,85;0
891;1,84;1,42;113;true;true;true;0;0,85;0
892;1,85;1,42;113;true;true;true;0;0,85;0
893;1,85;1,42;113;true;true;true;0;0,85;0
894;1,85;1,42;113;true;true;true;0;0,85;0
895;1,85;1,42;113;true;true;true;0;0,85;0
896;1,85;1,42;113;true;true;true;0;0,85;0
897;1,86;1,42;113;true;true;true;0;0,85;0
898;1,86;1,42;113;true;true;true;0;0,85;0
899;1,86;1,42;113;true;true;true;0;0,85;0
900;1,86;1,42;113;true;true;true;0;0,85;0
901;1,86;1,42;113;true;true;true;0;0,85;0
902;1,87;1,42;113;true;true;true;0;0,85;0
903;1,87;1,42;113;true;true;true;0;0,85;0
904;1,87;1,42;113;true;true;true;0;0,85;0
905;1,87;1,42;113;true;true;true;0;0,85;0
906;1,87;1,42;113;true;true;true;0;0,85;0
907;1,88;1,42;113;true;true;true;0;0,85;0
908;1,88;1,42;113;true;true;true;0;0,85;0
909;1,88;1,42;113;true;true;true;0;0,85;0
910;1,88;1,42;113;true;true;true;0;0,85;0
911;1,88;1,42;113;true;true;true;0;0,85;0
912;1,89;1,42;113;true;true;true;0;0,85;0
913;1,89;1,42;113;true;true;true;0;0,85;0
914;1,89;1,42;113;true;true;true;0;0,85;0
915;1,89;1,42;113;true;true;true;0;0,85;0
916;1,89;1,42;113;true;true;true;0;0,85;0
917;1,9;1,42;113;true;true;true;0;0,85;0
918;1,9;1,42;113;true;true;true;0;0,85;0
919;1,9;1,42;113;true;true;true;0;0,85;0
920;1,9;1,42;113;true;true;true;0;0,85;0
921;1,9;1,42;113;true;true;true;0;0,85;0
922;1,91;1,42;113;true;true;true;0;0,85;0
923;1,91;1,42;113;true;true;true;0;0,85;0
924;1,91;1,42;113;true;true;true;0;0,85;0
925;1,91;1,42;113;true;true;true;0;0,85;0
926;1,91;1,42;113;true;true;true;0;0,85;0
927;1,92;1,42;113;true;true;true;0;0,85;0
928;1,92;1,42;113;true;true;true;0;0,85;0
929;1,92;1,42;113;true;true;true;0;0,85;0
930;1,92;1,42;113;true;true;true;0;0,85;0
931;1,92;1,42;113;true;true;true;0;0,85;0
932;1,93;1,42;113;true;true;true;0;0,85;0
933;1,93;1,42;113;true;true;true;0;0,85;0
934;1,93;1,42;113;true;true;true;0;0,85;0
935;1,93;1,42;113;true;true;true;0;0,85;0
936;1,93;1,42;113;true;true;true;0;0,85;0
937;1,94;1,42;113;true;true;true;0;0,85;0
938;1,94;1,42;113;true;true;true;0;0,85;0
939;1,94;1,42;113;true;true;true;0;0,85;0
940;1,94;1,42;113;true;true;true;0;0,85;0
941;1,94;1,42;113;true;true;true;0;0,85;0
942;1,95;1,42;113;true;true;true;0;0,85;0
943;1,95;1,42;113;true;true;true;0;0,85;0
944;1,95;1,42;113;true;true;true;0;0,85;0
945;1,95;1,42;113;true;true;true;0;0,85;0
946;1,95;1,42;113;true;true;true;0;0,85;0
947;1,96;1,42;113;true;true;true;0;0,85;0
948;1,96;1,42;113;true;true;true;0;0,85;0
949;1,96;1,42;113;true;true;true;0;0,85;0
950;1,96;1,42;113;true;true;true;0;0,85;0
951;1,96;1,42;113;true;true;true;0;0,85;0
952;1,97;1,42;113;true;true;true;0;0,85;0
953;1,97;1,42;113;true;true;true;0;0,85;0
954;1,97;1,42;113;true;true;true;0;0,85;0
955;1,97;1,42;113;true;true;true;0;0,85;0
956;1,97;1,42;113;true;true;true;0;0,85;0
957;1,98;1,42;113;true;true;true;0;0,85;0
958;1,98;1,42;113;true;true;true;0;0,85;0
959;1,98;1,42;113;true;true;true;0;0,85;0
960;1,98;1,42;113;true;true;true;0;0,85;0
961;1,98;1,42;113;true;true;true;0;0,85;0
962;1,98;1,42;113;true;true;true;0;0,85;0
963;1,99;1,42;113;true;true;true;0;0,85;0
964;1,99;1,42;113;true;true;true;0;0,85;0
965;1,99;1,42;113;true;true;true;0;0,85;0
966;1,99;1,42;113;true;true;true;0;0,85;0
967;1,99;1,42;113;true;true;true;0;0,85;0
968;2;1,42;113;true;true;true;0;0,85;0
969;2;1,42;113;true;true;true;0;0,85;0
970;2;1,42;113;true;true;true;0;0,85;0
971;2;1,42;113;true;true;true;0;0,85;0
972;2;1,42;113;true;true;true;0;0,85;0
973;2,01;1,42;113;true;true;true;0;0,85;0
974;2,01;1,42;113;true;true;true;0;0,85;0
975;2,01;1,42;113;true;true;true;0;0,85;0
976;2,01;1,42;113;true;true;true;0;0,85;0
977;2,01;1,42;113;true;true;true;0;0,85;0
978;2,02;1,42;113;true;true;true;0;0,85;0
979;2,02;1,42;113;true;true;true;0;0,85;0
980;2,02;1,42;113;true;true;true;0;0,85;0
981;2,02;1,42;113;true;true;true;0;0,85;0
982;2,02;1,42;113;true;true;true;0;0,85;0
983;2,03;1,42;113;true;true;true;0;0,85;0
984;2,03;1,42;113;true;true;true;0;0,85;0
985;2,03;1,42;113;true;true;true;0;0,85;0
986;2,03;1,42;113;true;true;true;0;0,85;0
987;2,03;1,42;113;true;true;true;0;0,85;0
988;2,04;1,42;113;true;true;true;0;0,85;0
989;2,04;1,42;113;true;true;true;0;0,85;0
990;2,04;1,42;113;true;true;true;0;0,85;0
991;2,04;1,42;113;true;true;true;0;0,85;0
992;2,04;1,42;113;true;true;true;0;0,85;0
993;2,05;1,42;113;true;true;true;0;0,85;0
994;2,05;1,42;113;true;true;true;0;0,85;0
995;2,05;1,42;113;true;true;true;0;0,85;0
996;2,05;1,42;113;true;true;true;0;0,85;0
997;2,05;1,42;113;true;true;true;0;0,85;0
998;2,06;1,42;113;true;true;true;0;0,85;0
999;2,06;1,42;113;true;true;true;0;0,85;0
1000;2,06;1,42;113;true;true;true;0;0,85;0
1001;2,06;1,42;113;true;true;true;0;0,85;0
1002;2,06;1,42;113;true;true;true;0;0,85;0
1003;2,07;1,42;113;true;true;true;0;0,85;0
1004;2,07;1,42;113;true;true;true;0;0,85;0
1005;2,07;1,42;113;true;true;true;0;0,85;0
1006;2,07;1,42;113;true;true;true;0;0,85;0
1007;2,07;1,42;113;true;true;true;0;0,85;0
1008;2,08;1,42;113;true;true;true;0;0,85;0
1009;2,08;1,42;113;true;true;true;0;0,85;0
1010;2,08;1,42;113;true;true;true;0;0,85;0
1011;2,08;1,42;113;true;true;true;0;0,85;0
1012;2,08;1,42;113;true;true;true;0;0,85;0
1013;2,09;1,42;113;true;true;true;0;0,85;0
1014;2,09;1,42;113;true;true;true;0;0,85;0
1015;2,09;1,42;113;true;true;true;0;0,85;0
1016;2,09;1,42;113;true;true;true;0;0,85;0
1017;2,09;1,42;113;true;true;true;0;0,85;0
1018;2,1;1,42;113;true;true;true;0;0,85;0
1019;2,1;1,42;113;true;true;true;0;0,85;0
1020;2,1;1,42;113;true;true;true;0;0,85;0
1021;2,1;1,42;113;true;true;true;0;0,85;0
1022;2,1;1,42;113;true;true;true;0;0,85;0
1023;2,11;1,42;113;true;true;true;0;0,85;0
1024;2,11;1,42;113;true;true;true;0;0,85;0
1025;2,11;1,42;113;true;true;true;0;0,85;0
1026;2,11;1,42;113;true;true;true;0;0,85;0
1027;2,11;1,42;113;true;true;true;0;0,85;0
1028;2,12;1,42;113;true;true;true;0;0,85;0
1029;2,12;1,42;113;true;true;true;0;0,85;0
1030;2,12;1,42;113;true;true;true;0;0,85;0
1031;2,12;1,42;113;true;true;true;0;0,85;0
1032;2,12;1,42;113;true;true;true;0;0,85;0
1033;2,13;1,42;113;true;true;true;0;0,85;0
1034;2,13;1,42;113;true;true;true;0;0,85;0
1035;2,13;1,42;113;true;true;true;0;0,85;0
1036;2,13;1,42;113;true;true;true;0;0,85;0
1037;2,13;1,42;113;true;true;true;0;0,85;0
1038;2,14;1,42;113;true;true;true;0;0,85;0
1039;2,14;1,42;113;true;true;true;0;0,85;0
1040;2,14;1,42;113;true;true;true;0;0,85;0
1041;2,14;1,42;113;true;true;true;0;0,85;0
1042;2,14;1,42;113;true;true;true;0;0,85;0
1043;2,15;1,42;113;true;true;true;0;0,85;0
1044;2,15;1,42;113;true;true;true;0;0,85;0
1045;2,15;1,42;113;true;true;true;0;0,85;0
1046;2,15;1,42;113;true;true;true;0;0,85;0
1047;2,15;1,42;113;true;true;true;0;0,85;0
1048;2,16;1,42;113;true;true;true;0;0,85;0
1049;2,16;1,42;113;true;true;true;0;0,85;0
1050;2,16;1,42;113;true;true;true;0;0,85;0
1051;2,16;1,42;113;true;true;true;0;0,85;0
1052;2,16;1,42;113;true;true;true;0;0,85;0
1053;2,17;1,42;113;true;true;true;0;0,85;0
1054;2,17;1,42;113;true;true;true;0;0,85;0
1055;2,17;1,42;113;true;true;true;0;0,85;0
1056;2,17;1,42;113;true;true;true;0;0,85;0
1057;2,17;1,42;113;true;true;true;0;0,85;0
1058;2,18;1,42;113;true;true;true;0;0,85;0
1059;2,18;1,42;113;true;true;true;0;0,85;0
1060;2,18;1,42;113;true;true;true;0;0,85;0
1061;2,18;1,42;113;true;true;true;0;0,85;0
1062;2,18;1,42;113;true;true;true;0;0,85;0
1063;2,19;1,42;113;true;true;true;0;0,85;0
1064;2,19;1,42;113;true;true;true;0;0,85;0
1065;2,19;1,42;113;true;true;true;0;0,85;0
1066;2,19;1,42;113;true;true;true;0;0,85;0
1067;2,19;1,42;113;true;true;true;0;0,85;0
1068;2,2;1,42;113;true;true;true;0;0,85;0
1069;2,2;1,42;113;true;true;true;0;0,85;0
1070;2,2;1,42;113;true;true;true;0;0,85;0
1071;2,2;1,42;113;true;true;true;0;0,85;0
1072;2,2;1,42;113;true;true;true;0;0,85;0
1073;2,21;1,42;113;true;true;true;0;0,85;0
1074;2,21;1,42;113;true;true;true;0;0,85;0
1075;2,21;1,42;113;true;true;true;0;0,85;0
1076;2,21;1,42;113;true;true;true;0;0,85;0
1077;2,21;1,42;113;true;true;true;0;0,85;0
1078;2,22;1,42;113;true;true;true;0;0,85;0
1079;2,22;1,42;113;true;true;true;0;0,85;0
1080;2,22;1,42;113;true;true;true;0;0,85;0
1081;2,22;1,42;113;true;true;true;0;0,85;0
1082;2,22;1,42;113;true;true;true;0;0,85;0
1083;2,23;1,42;113;true;true;true;0;0,85;0
1084;2,23;1,42;113;true;true;true;0;0,85;0
1085;2,23;1,42;113;true;true;true;0;0,85;0
1086;2,23;1,42;113;true;true;true;0;0,85;0
1087;2,23;1,42;113;true;true;true;0;0,85;0
1088;2,23;1,42;113;true;true;true;0;0,85;0
1089;2,24;1,42;113;true;true;true;0;0,85;0
1090;2,24;1,42;113;true;true;true;0;0,85;0
1091;2,24;1,42;113;true;true;true;0;0,85;0
1092;2,24;1,42;113;true;true;true;0;0,85;0
1093;2,24;1,42;113;true;true;true;0;0,85;0
1094;2,24;1,42;113;true;true;true;0;0,85;0
1095;2,25;1,42;113;true;true;true;0;0,85;0
1096;2,25;1,42;113;true;true;true;0;0,85;0
1097;2,25;1,42;113;true;true;true;0;0,85;0
1098;2,26;1,42;113;true;true;true;0;0,85;0
1099;2,26;1,42;113;true;true;true;0;0,85;0
1100;2,26;1,42;113;true;true;true;0;0,85;0
1101;2,26;1,42;113;true;true;true;0;0,85;0
1102;2,26;1,42;113;true;true;true;0;0,85;0
1103;2,27;1,42;113;true;true;true;0;0,85;0
1104;2,27;1,42;113;true;true;true;0;0,85;0
1105;2,27;1,42;113;true;true;true;0;0,85;0
1106;2,27;1,42;113;true;true;true;0;0,85;0
1107;2,27;1,42;113;true;true;true;0;0,85;0
1108;2,28;1,42;113;true;true;true;0;0,85;0
1109;2,28;1,42;113;true;true;true;0;0,85;0
1110;2,28;1,42;113;true;true;true;0;0,85;0
1111;2,28;1,42;113;true;true;true;0;0,85;0
1112;2,28;1,42;113;true;true;true;0;0,85;0
1113;2,29;1,42;113;true;true;true;0;0,85;0
1114;2,29;1,42;113;true;true;true;0;0,85;0
1115;2,29;1,42;113;true;true;true;0;0,85;0
1116;2,29;1,42;113;true;true;true;0;0,85;0
1117;2,29;1,42;113;true;true;true;0;0,85;0
1118;2,3;1,42;113;true;true;true;0;0,85;0
1119;2,3;1,42;113;true;true;true;0;0,85;0
1120;2,3;1,42;113;true;true;true;0;0,85;0
1121;2,3;1,42;113;true;true;true;0;0,85;0
1122;2,3;1,42;113;true;true;true;0;0,85;0
1123;2,31;1,42;113;true;true;true;0;0,85;0
1124;2,31;1,42;113;true;true;true;0;0,85;0
1125;2,31;1,42;113;true;true;true;0;0,85;0
1126;2,31;1,42;113;true;true;true;0;0,85;0
1127;2,31;1,42;113;true;true;true;0;0,85;0
1128;2,32;1,42;113;true;true;true;0;0,85;0
1129;2,32;1,42;113;true;true;true;0;0,85;0
1130;2,32;1,42;113;true;true;true;0;0,85;0
1131;2,32;1,42;113;true;true;true;0;0,85;0
1132;2,32;1,42;113;true;true;true;0;0,85;0
1133;2,33;1,42;113;true;true;true;0;0,85;0
1134;2,33;1,42;113;true;true;true;0;0,85;0
1135;2,33;1,42;113;true;true;true;0;0,85;0
1136;2,33;1,42;113;true;true;true;0;0,85;0
1137;2,33;1,42;113;true;true;true;0;0,85;0
1138;2,34;1,42;113;true;true;true;0;0,85;0
1139;2,34;1,42;113;true;true;true;0;0,85;0
1140;2,34;1,42;113;true;true;true;0;0,85;0
1141;2,34;1,42;113;true;true;true;0;0,85;0
1142;2,34;1,42;113;true;true;true;0;0,85;0
1143;2,35;1,42;113;true;true;true;0;0,85;0
1144;2,35;1,42;113;true;true;true;0;0,85;0
1145;2,35;1,42;113;true;true;true;0;0,85;0
1146;2,35;1,42;113;true;true;true;0;0,85;0
1147;2,35;1,42;113;true;true;true;0;0,85;0
1148;2,36;1,42;113;true;true;true;0;0,85;0
1149;2,36;1,42;113;true;true;true;0;0,85;0
1150;2,36;1,42;113;true;true;true;0;0,85;0
1151;2,36;1,42;113;true;true;true;0;0,85;0
1152;2,36;1,42;113;true;true;true;0;0,85;0
1153;2,37;1,42;113;true;true;true;0;0,85;0
1154;2,37;1,42;113;true;true;true;0;0,85;0
1155;2,37;1,42;113;true;true;true;0;0,85;0
1156;2,37;1,42;113;true;true;true;0;0,85;0
1157;2,37;1,42;113;true;true;true;0;0,85;0
1158;2,38;1,42;113;true;true;true;0;0,85;0
1159;2,38;1,42;113;true;true;true;0;0,85;0
1160;2,38;1,42;113;true;true;true;0;0,85;0
1161;2,38;1,42;113;true;true;true;0;0,85;0
1162;2,38;1,42;113;true;true;true;0;0,85;0
1163;2,39;1,42;113;true;true;true;0;0,85;0
1164;2,39;1,42;113;true;true;true;0;0,85;0
1165;2,39;1,42;113;true;true;true;0;0,85;0
1166;2,39;1,42;113;true;true;true;0;0,85;0
1167;2,39;1,42;113;true;true;true;0;0,85;0
1168;2,4;1,42;113;true;true;true;0;0,85;0
1169;2,4;1,42;113;true;true;true;0;0,85;0
1170;2,4;1,42;113;true;true;true;0;0,85;0
1171;2,4;1,42;113;true;true;true;0;0,85;0
1172;2,4;1,42;113;true;true;true;0;0,85;0
1173;2,41;1,42;113;true;true;true;0;0,85;0
1174;2,41;1,42;113;true;true;true;0;0,85;0
1175;2,41;1,42;113;true;true;true;0;0,85;0
1176;2,41;1,42;113;true;true;true;0;0,85;0
1177;2,41;1,42;113;true;true;true;0;0,85;0
1178;2,42;1,42;113;true;true;true;0;0,85;0
1179;2,42;1,42;113;true;true;true;0;0,85;0
1180;2,42;1,42;113;true;true;true;0;0,85;0
1181;2,42;1,42;113;true;true;true;0;0,85;0
1182;2,42;1,42;113;true;true;true;0;0,85;0
1183;2,43;1,42;113;true;true;true;0;0,85;0
1184;2,43;1,42;113;true;true;true;0;0,85;0
1185;2,43;1,42;113;true;true;true;0;0,85;0
1186;2,43;1,42;113;true;true;true;0;0,85;0
1187;2,43;1,42;113;true;true;true;0;0,85;0
1188;2,44;1,42;113;true;true;true;0;0,85;0
1189;2,44;1,42;113;true;true;true;0;0,85;0
1190;2,44;1,42;113;true;true;true;0;0,85;0
1191;2,44;1,42;113;true;true;true;0;0,85;0
1192;2,44;1,42;113;true;true;true;0;0,85;0
1193;2,45;1,42;113;true;true;true;0;0,85;0
1194;2,45;1,42;113;true;true;true;0;0,85;0
1195;2,45;1,42;113;true;true;true;0;0,85;0
1196;2,45;1,42;113;true;true;true;0;0,85;0
1197;2,45;1,42;113;true;true;true;0;0,85;0
1198;2,46;1,42;113;true;true;true;0;0,85;0
1199;2,46;1,42;113;true;true;true;0;0,85;0
1200;2,46;1,42;113;true;true;true;0;0,85;0
1201;2,46;1,42;113;true;true;true;0;0,85;0
1202;2,46;1,42;113;true;true;true;0;0,85;0
1203;2,47;1,42;113;true;true;true;0;0,85;0
1204;2,47;1,42;113;true;true;true;0;0,85;0
1205;2,47;1,42;113;true;true;true;0;0,85;0
1206;2,47;1,42;113;true;true;true;0;0,85;0
1207;2,47;1,42;113;true;true;true;0;0,85;0
1208;2,48;1,42;113;true;true;true;0;0,85;0
1209;2,48;1,42;113;true;true;true;0;0,85;0
1210;2,48;1,42;113;true;true;true;0;0,85;0
1211;2,48;1,42;113;true;true;true;0;0,85;0
1212;2,48;1,42;113;true;true;true;0;0,85;0
1213;2,49;1,42;113;true;true;true;0;0,85;0
1214;2,49;1,42;113;true;true;true;0;0,85;0
1215;2,49;1,42;113;true;true;true;0;0,85;0
1216;2,49;1,42;113;true;true;true;0;0,85;0
1217;2,49;1,42;113;true;true;true;0;0,85;0
1218;2,5;1,42;113;true;true;true;0;0,85;0
1219;2,5;1,42;113;true;true;true;0;0,85;0
1220;2,5;1,42;113;true;true;true;0;0,85;0
1221;2,5;1,42;113;true;true;true;0;0,85;0
1222;2,5;1,42;113;true;true;true;0;0,85;0
1223;2,51;1,42;113;true;true;true;0;0,85;0
1224;2,51;1,42;113;true;true;true;0;0,85;0
1225;2,51;1,42;113;true;true;true;0;0,85;0
1226;2,51;1,42;113;true;true;true;0;0,85;0
1227;2,52;1,42;113;true;true;true;0;0,85;0
1228;2,52;1,42;113;true;true;true;0;0,85;0
1229;2,52;1,42;113;true;true;true;0;0,85;0
1230;2,52;1,42;113;true;true;true;0;0,85;0
1231;2,52;1,42;113;true;true;true;0;0,85;0
1232;2,53;1,42;113;true;true;true;0;0,85;0
1233;2,53;1,42;113;true;true;true;0;0,85;0
1234;2,53;1,42;113;true;true;true;0;0,85;0
1235;2,53;1,42;113;true;true;true;0;0,85;0
1236;2,53;1,42;113;true;true;true;0;0,85;0
1237;2,54;1,42;113;true;true;true;0;0,85;0
1238;2,54;1,42;113;true;true;true;0;0,85;0
1239;2,54;1,42;113;true;true;true;0;0,85;0
1240;2,54;1,42;113;true;true;true;0;0,85;0
1241;2,54;1,42;113;true;true;true;0;0,85;0
1242;2,55;1,42;113;true;true;true;0;0,85;0
1243;2,55;1,42;113;true;true;true;0;0,85;0
1244;2,55;1,42;113;true;true;true;0;0,85;0
1245;2,55;1,42;113;true;true;true;0;0,85;0
1246;2,55;1,42;113;true;true;true;0;0,85;0
1247;2,56;1,42;113;true;true;true;0;0,85;0
1248;2,56;1,42;113;true;true;true;0;0,85;0
1249;2,56;1,42;113;true;true;true;0;0,85;0
1250;2,56;1,42;113;true;true;true;0;0,85;0
1251;2,56;1,42;113;true;true;true;0;0,85;0
1252;2,57;1,42;113;true;true;true;0;0,85;0
1253;2,57;1,42;113;true;true;true;0;0,85;0
1254;2,57;1,42;113;true;true;true;0;0,85;0
1255;2,57;1,42;113;true;true;true;0;0,85;0
1256;2,57;1,42;113;true;true;true;0;0,85;0
1257;2,58;1,42;113;true;true;true;0;0,85;0
1258;2,58;1,42;113;true;true;true;0;0,85;0
1259;2,58;1,42;113;true;true;true;0;0,85;0
1260;2,58;1,42;113;true;true;true;0;0,85;0
1261;2,58;1,42;113;true;true;true;0;0,85;0
1262;2,59;1,42;113;true;true;true;0;0,85;0
1263;2,59;1,42;113;true;true;true;0;0,85;0
1264;2,59;1,42;113;true;true;true;0;0,85;0
1265;2,59;1,42;113;true;true;true;0;0,85;0
1266;2,59;1,42;113;true;true;true;0;0,85;0
1267;2,6;1,42;113;true;true;true;0;0,85;0
1268;2,6;1,42;113;true;true;true;0;0,85;0
1269;2,6;1,42;113;true;true;true;0;0,85;0
1270;2,6;1,42;113;true;true;true;0;0,85;0
1271;2,6;1,42;113;true;true;true;0;0,85;0
1272;2,61;1,42;113;true;true;true;0;0,85;0
1273;2,61;1,42;113;true;true;true;0;0,85;0
1274;2,61;1,42;113;true;true;true;0;0,85;0
1275;2,61;1,42;113;true;true;true;0;0,85;0
1276;2,61;1,42;113;true;true;true;0;0,85;0
1277;2,62;1,42;113;true;true;true;0;0,85;0
1278;2,62;1,42;113;true;true;true;0;0,85;0
1279;2,62;1,42;113;true;true;true;0;0,85;0
1280;2,62;1,42;113;true;true;true;0;0,85;0
1281;2,62;1,42;113;true;true;true;0;0,85;0
1282;2,62;1,42;113;true;true;true;0;0,85;0
1283;2,63;1,42;113;true;true;true;0;0,85;0
1284;2,63;1,42;113;true;true;true;0;0,85;0
1285;2,63;1,42;113;true;true;true;0;0,85;0
1286;2,63;1,42;113;true;true;true;0;0,85;0
1287;2,63;1,42;113;true;true;true;0;0,85;0
1288;2,64;1,42;113;true;true;true;0;0,85;0
1289;2,64;1,42;113;true;true;true;0;0,85;0
1290;2,64;1,42;113;true;true;true;0;0,85;0
1291;2,64;1,42;113;true;true;true;0;0,85;0
1292;2,64;1,42;113;true;true;true;0;0,85;0
1293;2,65;1,42;113;true;true;true;0;0,85;0
1294;2,65;1,42;113;true;true;true;0;0,85;0
1295;2,65;1,42;113;true;true;true;0;0,85;0
1296;2,65;1,42;113;true;true;true;0;0,85;0
1297;2,65;1,42;113;true;true;true;0;0,85;0
1298;2,66;1,42;113;true;true;true;0;0,85;0
1299;2,66;1,42;113;true;true;true;0;0,85;0
1300;2,66;1,42;113;true;true;true;0;0,85;0
1301;2,66;1,42;113;true;true;true;0;0,85;0
1302;2,66;1,42;113;true;true;true;0;0,85;0
1303;2,67;1,42;113;true;true;true;0;0,85;0
1304;2,67;1,42;113;true;true;true;0;0,85;0
1305;2,67;1,42;113;true;true;true;0;0,85;0
1306;2,67;1,42;113;true;true;true;0;0,85;0
1307;2,67;1,42;113;true;true;true;0;0,85;0
1308;2,68;1,42;113;true;true;true;0;0,85;0
1309;2,68;1,42;113;true;true;true;0;0,85;0
1310;2,68;1,42;113;true;true;true;0;0,85;0
1311;2,68;1,42;113;true;true;true;0;0,85;0
1312;2,68;1,42;113;true;true;true;0;0,85;0
1313;2,69;1,42;113;true;true;true;0;0,85;0
1314;2,69;1,42;113;true;true;true;0;0,85;0
1315;2,69;1,42;113;true;true;true;0;0,85;0
1316;2,69;1,42;113;true;true;true;0;0,85;0
1317;2,69;1,42;113;true;true;true;0;0,85;0
1318;2,7;1,42;113;true;true;true;0;0,85;0
1319;2,7;1,42;113;true;true;true;0;0,85;0
1320;2,7;1,42;113;true;true;true;0;0,85;0
1321;2,7;1,42;113;true;true;true;0;0,85;0
1322;2,7;1,42;113;true;true;true;0;0,85;0
1323;2,71;1,42;113;true;true;true;0;0,85;0
1324;2,71;1,42;113;true;true;true;0;0,85;0
1325;2,71;1,42;113;true;true;true;0;0,85;0
1326;2,71;1,42;113;true;true;true;0;0,85;0
1327;2,71;1,42;113;true;true;true;0;0,85;0
1328;2,72;1,42;113;true;true;true;0;0,85;0
1329;2,72;1,42;113;true;true;true;0;0,85;0
1330;2,72;1,42;113;true;true;true;0;0,85;0
1331;2,72;1,42;113;true;true;true;0;0,85;0
1332;2,72;1,42;113;true;true;true;0;0,85;0
1333;2,73;1,42;113;true;true;true;0;0,85;0
1334;2,73;1,42;113;true;true;true;0;0,85;0
1335;2,73;1,42;113;true;true;true;0;0,85;0
1336;2,73;1,42;113;true;true;true;0;0,85;0
1337;2,73;1,42;113;true;true;true;0;0,85;0
1338;2,74;1,42;113;true;true;true;0;0,85;0
1339;2,74;1,42;113;true;true;true;0;0,85;0
1340;2,74;1,42;113;true;true;true;0;0,85;0
1341;2,74;1,42;113;true;true;true;0;0,85;0
1342;2,74;1,42;113;true;true;true;0;0,85;0
1343;2,75;1,42;113;true;true;true;0;0,85;0
1344;2,75;1,42;113;true;true;true;0;0,85;0
1345;2,75;1,42;113;true;true;true;0;0,85;0
1346;2,75;1,42;113;true;true;true;0;0,85;0
1347;2,76;1,42;113;true;true;true;0;0,85;0
1348;2,76;1,42;113;true;true;true;0;0,85;0
1349;2,76;1,42;113;true;true;true;0;0,85;0
1350;2,76;1,42;113;true;true;true;0;0,85;0
1351;2,76;1,42;113;true;true;true;0;0,85;0
1352;2,77;1,42;113;true;true;true;0;0,85;0
1353;2,77;1,42;113;true;true;true;0;0,85;0
1354;2,77;1,42;113;true;true;true;0;0,85;0
1355;2,77;1,42;113;true;true;true;0;0,85;0
1356;2,77;1,42;113;true;true;true;0;0,85;0
1357;2,78;1,42;113;true;true;true;0;0,85;0
1358;2,78;1,42;113;true;true;true;0;0,85;0
1359;2,78;1,42;113;true;true;true;0;0,85;0
1360;2,78;1,42;113;true;true;true;0;0,85;0
1361;2,78;1,42;113;true;true;true;0;0,85;0
1362;2,79;1,42;113;true;true;true;0;0,85;0
1363;2,79;1,42;113;true;true;true;0;0,85;0
1364;2,79;1,42;113;true;true;true;0;0,85;0
