lengthMiddleSegment: 287329.7
step_energy: 0.05
electrostatic_force_factor: 1.0
spring_force_factor: 0.1
reject_force_factor: 2.0
distanceRejectRadius: 71832.425
distanceSamePosition: 71832.425
Iteration;time;energy;num nodes;reject force is enabled;spring force is enabled;electrostatic force is enabled;str_force;rep_force;elec_force
1;0;11,42;307;false;true;true;6,15;0;5,42
2;0,01;11,82;300;false;true;true;6,66;0;7,05
3;0,03;10,07;297;false;true;true;6,46;0;6,05
4;0,04;9,75;294;false;true;true;6,41;0;6,25
5;0,04;9,32;289;false;true;true;6,23;0;5,43
6;0,04;9,02;284;false;true;true;5,6;0;4,41
7;0,04;8,35;282;false;true;true;5,17;0;4,49
8;0,04;7,98;281;false;true;true;5,11;0;5
9;0,05;8,39;279;false;true;true;5,74;0;6,14
10;0,05;7,92;275;false;true;true;6,17;0;4,84
11;0,05;7,69;274;false;true;true;6;0;5,45
12;0,05;7,45;272;false;true;true;5,78;0;5,29
13;0,05;7,28;270;false;true;true;6,13;0;5,33
14;0,05;7,25;268;false;true;true;6,18;0;5,28
15;0,05;7,34;265;false;true;true;5,66;0;4,33
16;0,05;7,62;264;false;true;true;5,86;0;5,24
17;0,05;6,81;260;false;true;true;5,47;0;3,28
18;0,05;6,44;259;false;true;true;5,1;0;3,5
19;0,06;6,26;258;false;true;true;4,96;0;3,77
20;0,06;6,28;257;false;true;true;5,25;0;4,17
21;0,06;6,06;255;false;true;true;5,56;0;3,85
22;0,06;6,26;255;false;true;true;5,56;0;4,59
23;0,06;6,04;254;false;true;true;5,8;0;4,63
24;0,06;6,68;254;false;true;true;6,14;0;5,72
25;0,07;6,7;251;false;true;true;6,29;0;4,71
26;0,07;6,51;249;false;true;true;5,75;0;3,9
27;0,07;5,99;248;false;true;true;5,49;0;3,8
28;0,07;6,14;248;false;true;true;5,19;0;4,47
29;0,07;6,09;247;false;true;true;5,61;0;4,63
30;0,07;6,43;246;false;true;true;5,49;0;4,61
31;0,07;6,04;243;false;true;true;5,46;0;3,3
32;0,07;5,98;243;false;true;true;5,2;0;3,82
33;0,07;5,74;242;false;true;true;5,31;0;3,82
34;0,08;5,97;242;false;true;true;5,38;0;4,5
35;0,08;5,88;240;false;true;true;5,6;0;3,92
36;0,08;6,2;240;false;true;true;5,66;0;4,76
37;0,08;5,91;237;false;true;true;5,57;0;3,36
38;0,08;5,76;237;false;true;true;5,13;0;3,89
39;0,08;4,96;235;false;true;true;4,86;0;2,71
40;0,08;4,74;235;false;true;true;4,76;0;2,9
41;0,08;4,66;235;false;true;true;4,92;0;3,13
42;0,08;4,73;235;false;true;true;5,12;0;3,47
43;0,08;4,56;234;false;true;true;5,17;0;3,02
44;0,09;4,47;234;false;true;true;5,2;0;3,23
45;0,09;4,48;234;false;true;true;5,28;0;3,48
46;0,09;4,62;234;false;true;true;5,47;0;3,86
47;0,09;4,58;233;false;true;true;5,46;0;3,36
48;0,09;4,58;233;false;true;true;5,55;0;3,66
49;0,09;4,81;233;false;true;true;5,73;0;4,15
50;0,09;4,66;232;false;true;true;5,66;0;3,71
51;0,09;4,77;231;false;true;true;5,52;0;3,28
52;0,09;4,69;231;false;true;true;5,42;0;3,57
53;0,09;4,67;230;false;true;true;5,17;0;3,13
54;0,09;4,63;230;false;true;true;5,22;0;3,38
55;0,1;4,72;230;false;true;true;5,42;0;3,74
56;0,1;4,83;229;false;true;true;5,35;0;3,38
57;0,1;4,64;228;false;true;true;5,22;0;2,92
58;0,1;4,51;228;false;true;true;5,15;0;3,11
59;0,1;4,5;228;false;true;true;5,16;0;3,36
60;0,1;4,56;227;false;true;true;5,08;0;2,9
61;0,1;4,37;227;false;true;true;5,08;0;3,06
62;0,1;4,32;227;false;true;true;5,18;0;3,24
63;0,1;4,33;227;false;true;true;5,3;0;3,48
64;0,11;4,5;227;false;true;true;5,54;0;3,86
65;0,11;4,31;226;false;true;true;5,51;0;3,3
66;0,11;4,27;226;false;true;true;5,54;0;3,51
67;0,11;4,34;226;false;true;true;5,63;0;3,8
68;0,11;4,43;225;false;true;true;5,44;0;3,24
69;0,11;4,31;225;false;true;true;5,47;0;3,42
70;0,12;4,28;225;false;true;true;5,55;0;3,63
71;0,12;4,35;225;false;true;true;5,7;0;3,9
72;0,12;4,54;225;false;true;true;5,98;0;4,3
73;0,12;4,62;224;false;true;true;6,08;0;4
74;0,12;4,81;224;false;true;true;6,2;0;4,47
75;0,12;5,2;222;false;true;true;5,81;0;3,43
76;0,12;4,84;221;false;true;true;5,18;0;2,8
77;0,13;4,62;221;false;true;true;5,03;0;2,96
78;0,13;4,51;221;false;true;true;5,04;0;3,15
79;0,13;4,49;221;false;true;true;5,19;0;3,38
80;0,13;4,59;221;false;true;true;5,43;0;3,72
81;0,13;4,7;220;false;true;true;5,33;0;3,31
82;0,13;4,47;219;false;true;true;5,18;0;2,74
83;0,13;4,32;219;false;true;true;5,09;0;2,86
84;0,14;4,22;219;false;true;true;5,06;0;3
85;0,14;4,18;219;false;true;true;5,1;0;3,15
86;0,14;4,18;219;false;true;true;5,29;0;3,33
87;0,14;4,23;219;false;true;true;5,51;0;3,57
88;0,14;4,48;218;false;true;true;5,47;0;3,1
89;0,14;4,38;218;false;true;true;5,46;0;3,3
90;0,14;4,43;218;false;true;true;5,54;0;3,6
91;0,14;4,5;217;false;true;true;5,51;0;3,26
92;0,14;4,48;216;false;true;true;5,26;0;2,73
93;0,14;4,26;216;false;true;true;5,09;0;2,85
94;0,14;4,14;216;false;true;true;5,02;0;2,97
95;0,15;4,09;216;false;true;true;5,09;0;3,12
96;0,15;4,08;216;false;true;true;5,26;0;3,29
97;0,15;4,16;216;false;true;true;5,47;0;3,54
98;0,15;4,19;215;false;true;true;5,32;0;2,98
99;0,15;4,11;215;false;true;true;5,34;0;3,13
100;0,15;4,14;215;false;true;true;5,41;0;3,35
101;0,15;4,11;214;false;true;true;5,3;0;2,86
102;0,15;3,96;214;false;true;true;5,21;0;2,96
103;0,15;3,87;214;false;true;true;5,2;0;3,06
104;0,16;3,81;214;false;true;true;5,22;0;3,16
105;0,16;3,78;214;false;true;true;5,33;0;3,28
106;0,16;3,77;214;false;true;true;5,48;0;3,41
107;0,16;3,78;214;false;true;true;5,62;0;3,56
108;0,16;3,83;214;false;true;true;5,78;0;3,74
109;0,16;3,93;214;false;true;true;5,95;0;3,99
110;0,16;4,13;214;false;true;true;6,16;0;4,35
111;0,16;4,34;213;false;true;true;6,09;0;3,93
112;0,16;4,27;212;false;true;true;5,86;0;3,48
113;0,16;4,22;212;false;true;true;5,76;0;3,73
114;0,17;4,27;211;false;true;true;5,41;0;3,26
115;0,17;4,24;211;false;true;true;5,4;0;3,49
116;0,17;4,28;210;false;true;true;5,11;0;2,84
117;0,17;4,06;210;false;true;true;5,01;0;2,95
118;0,17;3,95;210;false;true;true;5,02;0;3,07
119;0,17;3,9;210;false;true;true;5,13;0;3,2
120;0,17;3,88;210;false;true;true;5,3;0;3,36
121;0,17;3,93;210;false;true;true;5,48;0;3,56
122;0,17;4,08;210;false;true;true;5,68;0;3,88
123;0,17;4,12;209;false;true;true;5,49;0;3,32
124;0,17;4,09;208;false;true;true;5,29;0;2,81
125;0,18;3,91;208;false;true;true;5,14;0;2,9
126;0,18;3,8;208;false;true;true;5,06;0;2,99
127;0,18;3,73;208;false;true;true;5,06;0;3,09
128;0,18;3,68;208;false;true;true;5,17;0;3,2
129;0,18;3,66;208;false;true;true;5,31;0;3,34
130;0,18;3,7;208;false;true;true;5,45;0;3,52
131;0,18;3,87;207;false;true;true;5,38;0;2,99
132;0,18;3,69;207;false;true;true;5,29;0;3,08
133;0,18;3,59;207;false;true;true;5,26;0;3,18
134;0,19;3,54;207;false;true;true;5,29;0;3,27
135;0,19;3,52;207;false;true;true;5,39;0;3,38
136;0,19;3,51;207;false;true;true;5,52;0;3,51
137;0,19;3,54;207;false;true;true;5,65;0;3,66
138;0,19;3,6;207;false;true;true;5,79;0;3,85
139;0,19;3,75;207;false;true;true;5,97;0;4,14
140;0,19;4,13;206;false;true;true;5,82;0;3,7
141;0,19;3,92;205;false;true;true;5,35;0;2,96
142;0,19;3,72;205;false;true;true;5,19;0;3,05
143;0,19;3,58;205;false;true;true;5,13;0;3,14
144;0,19;3,51;205;false;true;true;5,24;0;3,23
145;0,2;3,47;205;false;true;true;5,37;0;3,33
146;0,2;3,45;205;false;true;true;5,5;0;3,44
147;0,2;3,47;205;false;true;true;5,63;0;3,58
148;0,2;3,53;205;false;true;true;5,77;0;3,75
149;0,2;3,66;205;false;true;true;5,93;0;4
150;0,2;3,77;204;false;true;true;5,75;0;3,45
151;0,2;3,76;204;false;true;true;5,76;0;3,63
152;0,2;3,86;204;false;true;true;5,84;0;3,89
153;0,2;4,08;203;false;true;true;5,6;0;3,51
154;0,2;3,96;202;false;true;true;5,23;0;2,78
155;0,21;3,78;202;false;true;true;5,1;0;2,87
156;0,21;3,7;202;false;true;true;5,06;0;2,97
157;0,21;3,67;202;false;true;true;5,09;0;3,09
158;0,21;3,69;202;false;true;true;5,24;0;3,25
159;0,21;3,57;201;false;true;true;4,9;0;2,39
160;0,21;3,44;201;false;true;true;4,88;0;2,43
161;0,21;3,38;201;false;true;true;4,91;0;2,46
162;0,21;3,32;201;false;true;true;4,95;0;2,5
163;0,21;3,27;201;false;true;true;4,97;0;2,54
164;0,22;3,24;201;false;true;true;5;0;2,57
165;0,22;3,2;201;false;true;true;5,03;0;2,61
166;0,22;3,17;201;false;true;true;5,06;0;2,65
167;0,22;3,14;201;false;true;true;5,08;0;2,69
168;0,22;3,12;201;false;true;true;5,11;0;2,74
169;0,22;3,1;201;false;true;true;5,14;0;2,79
170;0,22;3,09;201;false;true;true;5,18;0;2,84
171;0,22;3,08;201;false;true;true;5,21;0;2,9
172;0,22;3,08;201;false;true;true;5,25;0;2,96
173;0,22;3,09;201;false;true;true;5,3;0;3,03
174;0,22;3,12;201;false;true;true;5,36;0;3,12
175;0,23;3,16;201;false;true;true;5,43;0;3,24
176;0,23;3,24;201;false;true;true;5,52;0;3,39
177;0,23;3,4;201;false;true;true;5,64;0;3,63
178;0,23;3,54;200;false;true;true;5,43;0;3,04
179;0,23;3,55;200;false;true;true;5,36;0;3,25
180;0,23;3,45;199;false;true;true;4,94;0;2,51
181;0,23;3,33;199;false;true;true;4,82;0;2,56
182;0,23;3,24;199;false;true;true;4,8;0;2,6
183;0,24;3,17;199;false;true;true;4,8;0;2,64
184;0,24;3,12;199;false;true;true;4,84;0;2,68
185;0,24;3,07;199;false;true;true;4,89;0;2,72
186;0,24;3,03;199;false;true;true;4,94;0;2,76
187;0,24;3;199;false;true;true;4,98;0;2,8
188;0,24;2,98;199;false;true;true;5,03;0;2,84
189;0,24;2,96;199;false;true;true;5,07;0;2,89
190;0,24;2,94;199;false;true;true;5,11;0;2,93
191;0,24;2,93;199;false;true;true;5,15;0;2,99
192;0,25;2,92;199;false;true;true;5,19;0;3,04
193;0,25;2,92;199;false;true;true;5,24;0;3,11
194;0,25;2,93;199;false;true;true;5,3;0;3,18
195;0,25;2,95;199;false;true;true;5,35;0;3,26
196;0,25;3;199;false;true;true;5,42;0;3,37
197;0,25;3,07;199;false;true;true;5,51;0;3,53
198;0,25;3,25;199;false;true;true;5,63;0;3,78
199;0,25;3,17;198;false;true;true;5,24;0;3
200;0,25;3,13;198;false;true;true;5,21;0;3,09
201;0,25;3,13;198;false;true;true;5,22;0;3,19
202;0,25;3,17;198;false;true;true;5,27;0;3,33
203;0,26;3,32;198;false;true;true;5,38;0;3,57
204;0,26;3,3;197;false;true;true;5,1;0;2,82
205;0,26;3,18;197;false;true;true;5,02;0;2,88
206;0,26;3,11;197;false;true;true;4,99;0;2,94
207;0,26;3,07;197;false;true;true;5;0;3,01
208;0,26;3,06;197;false;true;true;5,09;0;3,09
209;0,26;3,06;197;false;true;true;5,18;0;3,18
210;0,26;3,09;197;false;true;true;5,27;0;3,3
211;0,26;3,19;197;false;true;true;5,38;0;3,49
212;0,26;3,22;196;false;true;true;5,09;0;2,8
213;0,27;3,12;196;false;true;true;5,03;0;2,85
214;0,27;3,05;196;false;true;true;5;0;2,9
215;0,27;3;196;false;true;true;4,99;0;2,95
216;0,27;2,97;196;false;true;true;5,02;0;3
217;0,27;2,94;196;false;true;true;5,08;0;3,05
218;0,27;2,93;196;false;true;true;5,14;0;3,11
219;0,27;2,92;196;false;true;true;5,2;0;3,17
220;0,27;2,91;196;false;true;true;5,26;0;3,24
221;0,27;2,91;196;false;true;true;5,32;0;3,31
222;0,28;2,93;196;false;true;true;5,39;0;3,39
223;0,28;2,95;196;false;true;true;5,47;0;3,49
224;0,28;3;196;false;true;true;5,56;0;3,62
225;0,28;3,07;196;false;true;true;5,66;0;3,77
226;0,28;3,21;196;false;true;true;5,79;0;4
227;0,28;3,51;195;false;true;true;5,58;0;3,43
228;0,28;3,53;195;false;true;true;5,57;0;3,65
229;0,28;3,69;194;false;true;true;5,07;0;3,04
230;0,28;3,81;193;false;true;true;4,8;0;2,47
231;0,28;3,57;193;false;true;true;4,65;0;2,53
232;0,28;3,42;193;false;true;true;4,62;0;2,59
233;0,29;3,32;193;false;true;true;4,64;0;2,64
234;0,29;3,24;193;false;true;true;4,73;0;2,7
235;0,29;3,18;193;false;true;true;4,82;0;2,76
236;0,29;3,13;193;false;true;true;4,89;0;2,82
237;0,29;3,1;193;false;true;true;4,96;0;2,89
238;0,29;3,08;193;false;true;true;5,03;0;2,97
239;0,29;3,07;193;false;true;true;5,09;0;3,07
240;0,29;3,08;193;false;true;true;5,17;0;3,18
241;0,29;3,14;193;false;true;true;5,26;0;3,34
242;0,29;3,07;192;false;true;true;4,73;0;2,5
243;0,3;3,03;192;false;true;true;4,73;0;2,59
244;0,3;3,06;192;false;true;true;4,79;0;2,69
245;0,3;3,13;192;false;true;true;4,87;0;2,84
246;0,3;3,3;192;false;true;true;4,98;0;3,1
247;0,3;3,25;191;false;true;true;4,63;0;2,35
248;0,3;3,22;191;false;true;true;4,6;0;2,45
249;0,3;3,24;191;false;true;true;4,6;0;2,59
250;0,3;3,3;190;false;true;true;4,24;0;1,97
251;0,3;3,2;190;false;true;true;4,17;0;2,02
252;0,31;3,12;190;false;true;true;4,15;0;2,07
253;0,31;3,08;190;false;true;true;4,16;0;2,13
254;0,31;3,05;190;false;true;true;4,2;0;2,2
255;0,31;3,05;190;false;true;true;4,28;0;2,28
256;0,31;3,09;190;false;true;true;4,37;0;2,4
257;0,31;3,22;190;false;true;true;4,48;0;2,62
258;0,31;3,19;189;false;true;true;4,16;0;1,84
259;0,31;3,04;189;false;true;true;4,04;0;1,88
260;0,31;2,95;189;false;true;true;3,97;0;1,91
261;0,31;2,89;189;false;true;true;3,95;0;1,93
262;0,31;2,83;189;false;true;true;4;0;1,96
263;0,32;2,79;189;false;true;true;4,04;0;1,99
264;0,32;2,75;189;false;true;true;4,07;0;2,02
265;0,32;2,72;189;false;true;true;4,1;0;2,04
266;0,32;2,69;189;false;true;true;4,12;0;2,07
267;0,32;2,66;189;false;true;true;4,14;0;2,1
268;0,32;2,64;189;false;true;true;4,16;0;2,12
269;0,32;2,61;189;false;true;true;4,18;0;2,15
270;0,32;2,59;189;false;true;true;4,2;0;2,18
271;0,32;2,58;189;false;true;true;4,22;0;2,21
272;0,32;2,56;189;false;true;true;4,24;0;2,25
273;0,33;2,55;189;false;true;true;4,27;0;2,28
274;0,33;2,54;189;false;true;true;4,29;0;2,32
275;0,33;2,53;189;false;true;true;4,32;0;2,36
276;0,33;2,53;189;false;true;true;4,34;0;2,4
277;0,33;2,53;189;false;true;true;4,38;0;2,45
278;0,33;2,54;189;false;true;true;4,42;0;2,51
279;0,33;2,56;189;false;true;true;4,46;0;2,58
280;0,33;2,59;189;false;true;true;4,51;0;2,66
281;0,33;2,64;189;false;true;true;4,58;0;2,77
282;0,34;2,72;189;false;true;true;4,66;0;2,92
283;0,34;2,89;189;false;true;true;4,78;0;3,16
284;0,34;3,04;188;false;true;true;4,51;0;2,58
285;0,34;3,13;187;false;true;true;4,2;0;1,94
286;0,34;2,93;187;false;true;true;3,99;0;1,97
287;0,34;2,8;187;false;true;true;3,85;0;2,01
288;0,34;2,71;187;false;true;true;3,8;0;2,04
289;0,34;2,65;187;false;true;true;3,85;0;2,07
290;0,34;2,6;187;false;true;true;3,91;0;2,1
291;0,34;2,56;187;false;true;true;3,95;0;2,13
292;0,34;2,52;187;false;true;true;3,99;0;2,15
293;0,35;2,49;187;false;true;true;4,02;0;2,18
294;0,35;2,46;187;false;true;true;4,05;0;2,21
295;0,35;2,44;187;false;true;true;4,08;0;2,24
296;0,35;2,42;187;false;true;true;4,1;0;2,27
297;0,35;2,4;187;false;true;true;4,13;0;2,3
298;0,35;2,38;187;false;true;true;4,15;0;2,34
299;0,35;2,37;187;false;true;true;4,18;0;2,37
300;0,35;2,37;187;false;true;true;4,21;0;2,41
301;0,35;2,36;187;false;true;true;4,23;0;2,45
302;0,35;2,35;187;false;true;true;4,26;0;2,5
303;0,36;2,36;187;false;true;true;4,3;0;2,55
304;0,36;2,37;187;false;true;true;4,34;0;2,6
305;0,36;2,38;187;false;true;true;4,38;0;2,66
306;0,36;2,4;187;false;true;true;4,43;0;2,74
307;0,36;2,44;187;false;true;true;4,49;0;2,83
308;0,36;2,51;187;false;true;true;4,57;0;2,96
309;0,36;2,62;187;false;true;true;4,67;0;3,14
310;0,36;2,77;186;false;true;true;4,36;0;2,55
311;0,36;2,78;186;false;true;true;4,35;0;2,7
312;0,37;2,94;185;false;true;true;4,1;0;2,08
313;0,37;2,76;185;false;true;true;3,93;0;2,13
314;0,37;2,65;185;false;true;true;3,83;0;2,17
315;0,37;2,58;185;false;true;true;3,82;0;2,21
316;0,37;2,53;185;false;true;true;3,89;0;2,25
317;0,37;2,5;185;false;true;true;3,95;0;2,29
318;0,37;2,47;185;false;true;true;4,01;0;2,34
319;0,37;2,46;185;false;true;true;4,06;0;2,39
320;0,37;2,45;185;false;true;true;4,12;0;2,45
321;0,37;2,46;185;false;true;true;4,18;0;2,53
322;0,38;2,5;185;false;true;true;4,24;0;2,63
323;0,38;2,58;185;false;true;true;4,32;0;2,78
324;0,38;2,68;184;false;true;true;4,04;0;2,12
325;0,38;2,58;184;false;true;true;3,96;0;2,15
326;0,38;2,51;184;false;true;true;3,91;0;2,19
327;0,38;2,46;184;false;true;true;3,9;0;2,23
328;0,38;2,43;184;false;true;true;3,91;0;2,27
329;0,38;2,4;184;false;true;true;3,95;0;2,31
330;0,38;2,38;184;false;true;true;4;0;2,35
331;0,38;2,36;184;false;true;true;4,04;0;2,4
332;0,38;2,36;184;false;true;true;4,09;0;2,45
333;0,39;2,36;184;false;true;true;4,14;0;2,51
334;0,39;2,37;184;false;true;true;4,19;0;2,58
335;0,39;2,4;184;false;true;true;4,25;0;2,67
336;0,39;2,45;184;false;true;true;4,32;0;2,78
337;0,39;2,54;184;false;true;true;4,42;0;2,94
338;0,39;2,72;184;false;true;true;4,55;0;3,2
339;0,39;3,03;183;false;true;true;4,27;0;2,62
340;0,39;2,92;182;false;true;true;3,82;0;1,85
341;0,39;2,73;182;false;true;true;3,62;0;1,88
342;0,4;2,6;182;false;true;true;3,54;0;1,92
343;0,4;2,51;182;false;true;true;3,53;0;1,95
344;0,4;2,45;182;false;true;true;3,59;0;1,97
345;0,4;2,4;182;false;true;true;3,65;0;2
346;0,4;2,35;182;false;true;true;3,69;0;2,03
347;0,4;2,32;182;false;true;true;3,72;0;2,05
348;0,4;2,28;182;false;true;true;3,75;0;2,08
349;0,4;2,25;182;false;true;true;3,77;0;2,1
350;0,4;2,22;182;false;true;true;3,79;0;2,13
351;0,41;2,19;182;false;true;true;3,8;0;2,16
352;0,41;2,17;182;false;true;true;3,82;0;2,18
353;0,41;2,16;182;false;true;true;3,85;0;2,21
354;0,41;2,14;182;false;true;true;3,87;0;2,24
355;0,41;2,13;182;false;true;true;3,89;0;2,27
356;0,41;2,12;182;false;true;true;3,91;0;2,31
357;0,41;2,11;182;false;true;true;3,93;0;2,34
358;0,41;2,1;182;false;true;true;3,96;0;2,38
359;0,41;2,1;182;false;true;true;3,99;0;2,42
360;0,41;2,1;182;false;true;true;4,02;0;2,47
361;0,41;2,1;182;false;true;true;4,05;0;2,52
362;0,42;2,12;182;false;true;true;4,09;0;2,59
363;0,42;2,14;182;false;true;true;4,14;0;2,66
364;0,42;2,18;182;false;true;true;4,2;0;2,75
365;0,42;2,24;182;false;true;true;4,27;0;2,87
366;0,42;2,35;182;false;true;true;4,37;0;3,04
367;0,42;2,55;182;false;true;true;4,5;0;3,32
368;0,42;2,81;180;false;true;true;3,93;0;1,95
369;0,42;2,59;180;false;true;true;3,69;0;1,99
370;0,42;2,45;180;false;true;true;3,54;0;2,02
371;0,43;2,36;180;false;true;true;3,47;0;2,06
372;0,43;2,29;180;false;true;true;3,5;0;2,09
373;0,43;2,24;180;false;true;true;3,56;0;2,12
374;0,43;2,2;180;false;true;true;3,61;0;2,15
375;0,43;2,17;180;false;true;true;3,65;0;2,19
376;0,43;2,14;180;false;true;true;3,69;0;2,22
377;0,43;2,12;180;false;true;true;3,73;0;2,26
378;0,43;2,11;180;false;true;true;3,76;0;2,3
379;0,43;2,1;180;false;true;true;3,8;0;2,35
380;0,43;2,11;180;false;true;true;3,84;0;2,41
381;0,44;2,13;180;false;true;true;3,89;0;2,48
382;0,44;2,17;180;false;true;true;3,95;0;2,58
383;0,44;2,27;180;false;true;true;4,02;0;2,75
384;0,44;2,29;179;false;true;true;3,61;0;2
385;0,44;2,21;179;false;true;true;3,54;0;2,03
386;0,44;2,15;179;false;true;true;3,51;0;2,06
387;0,44;2,11;179;false;true;true;3,5;0;2,08
388;0,44;2,07;179;false;true;true;3,52;0;2,11
389;0,44;2,05;179;false;true;true;3,56;0;2,14
390;0,45;2,02;179;false;true;true;3,59;0;2,18
391;0,45;2,01;179;false;true;true;3,63;0;2,21
392;0,45;2;179;false;true;true;3,66;0;2,25
393;0,45;1,99;179;false;true;true;3,7;0;2,29
394;0,45;2;179;false;true;true;3,74;0;2,35
395;0,45;2,01;179;false;true;true;3,78;0;2,41
396;0,45;2,06;179;false;true;true;3,84;0;2,5
397;0,45;2,14;179;false;true;true;3,91;0;2,65
398;0,45;2,32;178;false;true;true;3,67;0;1,99
399;0,46;2,17;178;false;true;true;3,53;0;2,02
400;0,46;2,08;178;false;true;true;3,44;0;2,04
401;0,46;2,02;178;false;true;true;3,4;0;2,07
402;0,46;1,97;178;false;true;true;3,44;0;2,09
403;0,46;1,94;178;false;true;true;3,48;0;2,12
404;0,46;1,91;178;false;true;true;3,51;0;2,14
405;0,46;1,89;178;false;true;true;3,54;0;2,16
406;0,46;1,86;178;false;true;true;3,56;0;2,19
407;0,46;1,84;178;false;true;true;3,58;0;2,22
408;0,46;1,83;178;false;true;true;3,6;0;2,24
409;0,47;1,81;178;false;true;true;3,62;0;2,27
410;0,47;1,8;178;false;true;true;3,64;0;2,3
411;0,47;1,8;178;false;true;true;3,66;0;2,34
412;0,47;1,8;178;false;true;true;3,69;0;2,38
413;0,47;1,8;178;false;true;true;3,72;0;2,43
414;0,47;1,81;178;false;true;true;3,75;0;2,48
415;0,47;1,84;178;false;true;true;3,79;0;2,55
416;0,47;1,89;178;false;true;true;3,84;0;2,65
417;0,47;2;178;false;true;true;3,92;0;2,82
418;0,47;2,05;177;false;true;true;3,55;0;2,08
419;0,47;1,96;177;false;true;true;3,47;0;2,11
420;0,48;1,91;177;false;true;true;3,43;0;2,13
421;0,48;1,86;177;false;true;true;3,41;0;2,16
422;0,48;1,83;177;false;true;true;3,42;0;2,19
423;0,48;1,8;177;false;true;true;3,45;0;2,22
424;0,48;1,78;177;false;true;true;3,48;0;2,25
425;0,48;1,77;177;false;true;true;3,51;0;2,28
426;0,48;1,76;177;false;true;true;3,55;0;2,32
427;0,48;1,76;177;false;true;true;3,58;0;2,36
428;0,48;1,77;177;false;true;true;3,62;0;2,42
429;0,49;1,79;177;false;true;true;3,67;0;2,49
430;0,49;1,84;177;false;true;true;3,72;0;2,59
431;0,49;1,95;177;false;true;true;3,8;0;2,76
432;0,49;2,05;176;false;true;true;3,49;0;2,02
433;0,49;1,91;176;false;true;true;3,35;0;2,04
434;0,49;1,83;176;false;true;true;3,27;0;2,06
435;0,49;1,77;176;false;true;true;3,24;0;2,08
436;0,49;1,73;176;false;true;true;3,28;0;2,1
437;0,49;1,7;176;false;true;true;3,32;0;2,12
438;0,49;1,67;176;false;true;true;3,34;0;2,14
439;0,5;1,64;176;false;true;true;3,36;0;2,16
440;0,5;1,62;176;false;true;true;3,38;0;2,17
441;0,5;1,59;176;false;true;true;3,39;0;2,19
442;0,5;1,57;176;false;true;true;3,4;0;2,21
443;0,5;1,55;176;false;true;true;3,41;0;2,22
444;0,5;1,54;176;false;true;true;3,43;0;2,24
445;0,5;1,52;176;false;true;true;3,44;0;2,26
446;0,5;1,51;176;false;true;true;3,44;0;2,27
447;0,5;1,49;176;false;true;true;3,45;0;2,29
448;0,5;1,48;176;false;true;true;3,46;0;2,31
449;0,5;1,46;176;false;true;true;3,47;0;2,33
450;0,51;1,45;176;false;true;true;3,48;0;2,35
451;0,51;1,44;176;false;true;true;3,49;0;2,36
452;0,51;1,43;176;false;true;true;3,5;0;2,38
453;0,51;1,42;176;false;true;true;3,51;0;2,4
454;0,51;1,41;176;false;true;true;3,52;0;2,43
455;0,51;1,41;176;false;true;true;3,53;0;2,45
456;0,51;1,4;176;false;true;true;3,55;0;2,47
457;0,51;1,39;176;false;true;true;3,56;0;2,49
458;0,51;1,39;176;false;true;true;3,58;0;2,52
459;0,51;1,38;176;false;true;true;3,59;0;2,54
460;0,52;1,38;176;false;true;true;3,61;0;2,57
461;0,52;1,38;176;false;true;true;3,63;0;2,6
462;0,52;1,38;176;false;true;true;3,66;0;2,63
463;0,52;1,38;176;false;true;true;3,68;0;2,66
464;0,52;1,39;176;false;true;true;3,71;0;2,7
465;0,52;1,39;176;false;true;true;3,73;0;2,74
466;0,52;1,41;176;false;true;true;3,77;0;2,79
467;0,52;1,42;176;false;true;true;3,8;0;2,84
468;0,52;1,44;176;false;true;true;3,84;0;2,9
469;0,52;1,47;176;false;true;true;3,89;0;2,97
470;0,53;1,52;176;false;true;true;3,95;0;3,06
471;0,53;1,59;176;false;true;true;4,03;0;3,18
472;0,53;1,72;176;false;true;true;4,13;0;3,37
473;0,53;1,86;175;false;true;true;3,84;0;2,64
474;0,53;1,76;175;false;true;true;3,75;0;2,71
475;0,53;1,72;175;false;true;true;3,72;0;2,79
476;0,53;1,74;175;false;true;true;3,75;0;2,88
477;0,53;1,79;175;false;true;true;3,83;0;3,02
478;0,53;1,91;175;false;true;true;3,95;0;3,22
479;0,54;2,08;174;false;true;true;3,65;0;2,6
480;0,54;2,26;173;false;true;true;3,27;0;1,92
481;0,54;2,07;173;false;true;true;3,1;0;1,96
482;0,54;1,95;173;false;true;true;3,01;0;1,99
483;0,54;1,86;173;false;true;true;3,01;0;2,02
484;0,54;1,79;173;false;true;true;3,06;0;2,05
485;0,54;1,75;173;false;true;true;3,11;0;2,08
486;0,54;1,71;173;false;true;true;3,15;0;2,11
487;0,54;1,68;173;false;true;true;3,19;0;2,14
488;0,54;1,67;173;false;true;true;3,23;0;2,19
489;0,55;1,66;173;false;true;true;3,27;0;2,24
490;0,55;1,67;173;false;true;true;3,31;0;2,3
491;0,55;1,72;173;false;true;true;3,36;0;2,41
492;0,55;1,84;172;false;true;true;2,97;0;1,73
493;0,55;1,74;172;false;true;true;2,89;0;1,75
494;0,55;1,68;172;false;true;true;2,84;0;1,76
495;0,55;1,62;172;false;true;true;2,82;0;1,78
496;0,55;1,58;172;false;true;true;2,82;0;1,79
497;0,55;1,54;172;false;true;true;2,85;0;1,8
498;0,55;1,51;172;false;true;true;2,87;0;1,81
499;0,56;1,47;172;false;true;true;2,88;0;1,82
500;0,56;1,45;172;false;true;true;2,89;0;1,83
501;0,56;1,42;172;false;true;true;2,9;0;1,84
502;0,56;1,39;172;false;true;true;2,9;0;1,85
503;0,56;1,37;172;false;true;true;2,9;0;1,86
504;0,56;1,35;172;false;true;true;2,91;0;1,86
505;0,56;1,33;172;false;true;true;2,9;0;1,87
506;0,56;1,31;172;false;true;true;2,91;0;1,88
507;0,56;1,29;172;false;true;true;2,9;0;1,89
508;0,56;1,27;172;false;true;true;2,9;0;1,89
509;0,56;1,25;172;false;true;true;2,9;0;1,9
510;0,57;1,24;172;false;true;true;2,91;0;1,91
511;0,57;1,22;172;false;true;true;2,9;0;1,92
512;0,57;1,21;172;false;true;true;2,9;0;1,92
513;0,57;1,19;172;false;true;true;2,9;0;1,93
514;0,57;1,17;172;false;true;true;2,89;0;1,94
515;0,57;1,16;172;false;true;true;2,89;0;1,94
516;0,57;1,14;172;false;true;true;2,89;0;1,95
517;0,57;1,13;172;false;true;true;2,89;0;1,96
518;0,57;1,12;172;false;true;true;2,88;0;1,96
519;0,57;1,1;172;false;true;true;2,88;0;1,97
520;0,58;1,09;172;false;true;true;2,88;0;1,98
521;0,58;1,08;172;false;true;true;2,88;0;1,98
522;0,58;1,07;172;false;true;true;2,87;0;1,99
523;0,58;1,05;172;false;true;true;2,87;0;1,99
524;0,58;1,05;172;false;true;true;2,88;0;2
525;0,58;1,04;172;false;true;true;2,87;0;2,01
526;0,58;1,02;172;false;true;true;2,87;0;2,01
527;0,58;1,01;172;false;true;true;2,87;0;2,02
528;0,58;1,01;172;false;true;true;2,87;0;2,03
529;0,58;1;172;false;true;true;2,87;0;2,03
530;0,59;0,99;172;false;true;true;2,87;0;2,04
531;0,59;0,98;172;false;true;true;2,87;0;2,04
532;0,59;0,97;172;false;true;true;2,87;0;2,05
533;0,59;0,96;172;false;true;true;2,87;0;2,06
534;0,59;0,96;172;false;true;true;2,87;0;2,06
535;0,59;0,95;172;false;true;true;2,87;0;2,07
536;0,59;0,94;172;false;true;true;2,87;0;2,07
537;0,59;0,93;172;false;true;true;2,87;0;2,08
538;0,59;0,92;172;false;true;true;2,87;0;2,09
539;0,6;0,92;172;false;true;true;2,87;0;2,09
540;0,6;0,91;172;false;true;true;2,86;0;2,1
541;0,6;0,9;172;false;true;true;2,87;0;2,1
542;0,6;0,9;172;false;true;true;2,87;0;2,11
543;0,6;0,89;172;false;true;true;2,87;0;2,12
544;0,6;0,88;172;false;true;true;2,87;0;2,12
545;0,6;0,88;172;false;true;true;2,88;0;2,13
546;0,6;0,87;172;false;true;true;2,87;0;2,14
547;0,6;0,87;172;false;true;true;2,88;0;2,14
548;0,6;0,86;172;false;true;true;2,88;0;2,15
549;0,61;0,86;172;false;true;true;2,88;0;2,16
550;0,61;0,85;172;false;true;true;2,88;0;2,16
551;0,61;0,84;172;false;true;true;2,88;0;2,17
552;0,61;0,84;172;false;true;true;2,89;0;2,18
553;0,61;0,84;172;false;true;true;2,89;0;2,18
554;0,61;0,83;172;false;true;true;2,89;0;2,19
555;0,61;0,83;172;false;true;true;2,9;0;2,2
556;0,61;0,82;172;false;true;true;2,9;0;2,21
557;0,61;0,82;172;false;true;true;2,91;0;2,22
558;0,61;0,82;172;false;true;true;2,91;0;2,22
559;0,62;0,82;172;false;true;true;2,91;0;2,23
560;0,62;0,82;172;false;true;true;2,92;0;2,24
561;0,62;0,82;172;false;true;true;2,93;0;2,25
562;0,62;0,81;172;false;true;true;2,93;0;2,26
563;0,62;0,81;172;false;true;true;2,94;0;2,27
564;0,62;0,81;172;false;true;true;2,95;0;2,29
565;0,62;0,81;172;false;true;true;2,95;0;2,3
566;0,62;0,81;172;false;true;true;2,96;0;2,31
567;0,62;0,81;172;false;true;true;2,98;0;2,33
568;0,62;0,82;172;false;true;true;2,99;0;2,34
569;0,62;0,82;172;false;true;true;3;0;2,36
570;0,63;0,83;172;false;true;true;3,01;0;2,39
571;0,63;0,84;172;false;true;true;3,04;0;2,41
572;0,63;0,86;172;false;true;true;3,06;0;2,45
573;0,63;0,88;172;false;true;true;3,08;0;2,49
574;0,63;0,92;172;false;true;true;3,12;0;2,55
575;0,63;0,99;172;false;true;true;3,17;0;2,64
576;0,63;1,12;172;false;true;true;3,24;0;2,81
577;0,63;1,15;171;false;true;true;2,76;0;1,97
578;0,63;1,07;171;false;true;true;2,68;0;1,98
579;0,63;1,02;171;false;true;true;2,63;0;1,99
580;0,64;0,99;171;false;true;true;2,62;0;2
581;0,64;0,96;171;false;true;true;2,64;0;2
582;0,64;0,94;171;false;true;true;2,66;0;2,01
583;0,64;0,92;171;false;true;true;2,68;0;2,02
584;0,64;0,9;171;false;true;true;2,69;0;2,02
585;0,64;0,89;171;false;true;true;2,7;0;2,03
586;0,64;0,87;171;false;true;true;2,71;0;2,03
587;0,64;0,86;171;false;true;true;2,72;0;2,04
588;0,64;0,85;171;false;true;true;2,72;0;2,04
589;0,64;0,84;171;false;true;true;2,72;0;2,05
590;0,65;0,83;171;false;true;true;2,73;0;2,05
591;0,65;0,83;171;false;true;true;2,74;0;2,06
592;0,65;0,82;171;false;true;true;2,74;0;2,06
593;0,65;0,81;171;false;true;true;2,74;0;2,06
594;0,65;0,8;171;false;true;true;2,74;0;2,07
595;0,65;0,79;171;false;true;true;2,74;0;2,07
596;0,65;0,79;171;false;true;true;2,74;0;2,08
597;0,65;0,78;171;false;true;true;2,74;0;2,08
598;0,65;0,77;171;false;true;true;2,74;0;2,08
599;0,65;0,76;171;false;true;true;2,74;0;2,09
600;0,66;0,76;171;false;true;true;2,74;0;2,09
601;0,66;0,75;171;false;true;true;2,74;0;2,1
602;0,66;0,75;171;false;true;true;2,74;0;2,1
603;0,66;0,74;171;false;true;true;2,74;0;2,1
604;0,66;0,74;171;false;true;true;2,74;0;2,11
605;0,66;0,73;171;false;true;true;2,74;0;2,11
606;0,66;0,72;171;false;true;true;2,74;0;2,11
607;0,66;0,72;171;false;true;true;2,74;0;2,12
608;0,66;0,71;171;false;true;true;2,74;0;2,12
609;0,67;0,71;171;false;true;true;2,74;0;2,12
610;0,67;0,7;171;false;true;true;2,74;0;2,13
611;0,67;0,7;171;false;true;true;2,74;0;2,13
612;0,67;0,69;171;false;true;true;2,74;0;2,13
613;0,67;0,69;171;false;true;true;2,74;0;2,14
614;0,67;0,68;171;false;true;true;2,74;0;2,14
615;0,67;0,68;171;false;true;true;2,74;0;2,14
616;0,67;0,68;171;false;true;true;2,74;0;2,15
617;0,67;0,67;171;false;true;true;2,74;0;2,15
618;0,67;0,67;171;false;true;true;2,74;0;2,15
619;0,68;0,66;171;false;true;true;2,74;0;2,16
620;0,68;0,66;171;false;true;true;2,74;0;2,16
621;0,68;0,66;171;false;true;true;2,74;0;2,16
622;0,68;0,66;171;false;true;true;2,74;0;2,17
623;0,68;0,65;171;false;true;true;2,74;0;2,17
624;0,68;0,65;171;false;true;true;2,75;0;2,17
625;0,68;0,65;171;false;true;true;2,75;0;2,18
626;0,68;0,65;171;false;true;true;2,75;0;2,18
627;0,68;0,64;171;false;true;true;2,75;0;2,18
628;0,68;0,64;171;false;true;true;2,75;0;2,19
629;0,69;0,64;171;false;true;true;2,75;0;2,19
630;0,69;0,63;171;false;true;true;2,75;0;2,2
631;0,69;0,63;171;false;true;true;2,75;0;2,2
632;0,69;0,63;171;false;true;true;2,76;0;2,2
633;0,69;0,63;171;false;true;true;2,76;0;2,21
634;0,69;0,62;171;false;true;true;2,76;0;2,21
635;0,69;0,62;171;false;true;true;2,76;0;2,21
636;0,69;0,62;171;false;true;true;2,76;0;2,22
637;0,69;0,62;171;false;true;true;2,76;0;2,22
638;0,69;0,61;171;false;true;true;2,76;0;2,23
639;0,69;0,61;171;false;true;true;2,77;0;2,23
640;0,7;0,61;171;false;true;true;2,77;0;2,23
641;0,7;0,61;171;false;true;true;2,77;0;2,24
642;0,7;0,61;171;false;true;true;2,78;0;2,24
643;0,7;0,6;171;false;true;true;2,78;0;2,25
644;0,7;0,61;171;false;true;true;2,78;0;2,25
645;0,7;0,61;171;false;true;true;2,78;0;2,26
646;0,7;0,6;171;false;true;true;2,79;0;2,26
647;0,7;0,6;171;false;true;true;2,79;0;2,27
648;0,7;0,61;171;false;true;true;2,8;0;2,27
649;0,7;0,6;171;false;true;true;2,8;0;2,28
650;0,71;0,6;171;false;true;true;2,8;0;2,28
651;0,71;0,6;171;false;true;true;2,81;0;2,29
652;0,71;0,6;171;false;true;true;2,81;0;2,29
653;0,71;0,6;171;false;true;true;2,81;0;2,3
654;0,71;0,6;171;false;true;true;2,82;0;2,31
655;0,71;0,6;171;false;true;true;2,82;0;2,31
656;0,71;0,6;171;false;true;true;2,83;0;2,32
657;0,71;0,6;171;false;true;true;2,84;0;2,33
658;0,71;0,61;171;false;true;true;2,84;0;2,34
659;0,71;0,61;171;false;true;true;2,85;0;2,35
660;0,72;0,61;171;false;true;true;2,86;0;2,36
661;0,72;0,62;171;false;true;true;2,87;0;2,37
662;0,72;0,62;171;false;true;true;2,88;0;2,38
663;0,72;0,62;171;false;true;true;2,89;0;2,39
664;0,72;0,63;171;false;true;true;2,91;0;2,41
665;0,72;0,64;171;false;true;true;2,92;0;2,43
666;0,72;0,65;171;false;true;true;2,94;0;2,45
667;0,72;0,66;171;false;true;true;2,95;0;2,48
668;0,72;0,69;171;false;true;true;2,98;0;2,52
669;0,73;0,72;171;false;true;true;3,01;0;2,57
670;0,73;0,78;171;false;true;true;3,05;0;2,64
671;0,73;0,87;171;false;true;true;3,11;0;2,76
672;0,73;1,09;170;false;true;true;2,76;0;2
673;0,73;0,97;170;false;true;true;2,63;0;2,02
674;0,73;0,9;170;false;true;true;2,56;0;2,02
675;0,73;0,85;170;false;true;true;2,55;0;2,03
676;0,73;0,81;170;false;true;true;2,57;0;2,04
677;0,73;0,79;170;false;true;true;2,59;0;2,04
678;0,73;0,77;170;false;true;true;2,61;0;2,05
679;0,74;0,75;170;false;true;true;2,62;0;2,05
680;0,74;0,73;170;false;true;true;2,62;0;2,06
681;0,74;0,72;170;false;true;true;2,63;0;2,06
682;0,74;0,71;170;false;true;true;2,63;0;2,06
683;0,74;0,7;170;false;true;true;2,64;0;2,07
684;0,74;0,7;170;false;true;true;2,64;0;2,07
685;0,74;0,69;170;false;true;true;2,64;0;2,07
686;0,74;0,68;170;false;true;true;2,65;0;2,08
687;0,74;0,67;170;false;true;true;2,64;0;2,08
688;0,74;0,67;170;false;true;true;2,65;0;2,08
689;0,75;0,66;170;false;true;true;2,65;0;2,09
690;0,75;0,65;170;false;true;true;2,65;0;2,09
691;0,75;0,65;170;false;true;true;2,65;0;2,09
692;0,75;0,64;170;false;true;true;2,65;0;2,09
693;0,75;0,64;170;false;true;true;2,65;0;2,1
694;0,75;0,64;170;false;true;true;2,65;0;2,1
695;0,75;0,63;170;false;true;true;2,65;0;2,1
696;0,75;0,63;170;false;true;true;2,65;0;2,1
697;0,75;0,63;170;false;true;true;2,66;0;2,1
698;0,75;0,63;170;false;true;true;2,66;0;2,11
699;0,75;0,62;170;false;true;true;2,66;0;2,11
700;0,76;0,62;170;false;true;true;2,66;0;2,11
701;0,76;0,61;170;false;true;true;2,65;0;2,11
702;0,76;0,61;170;false;true;true;2,65;0;2,12
703;0,76;0,61;170;false;true;true;2,66;0;2,12
704;0,76;0,61;170;false;true;true;2,66;0;2,12
705;0,76;0,61;170;false;true;true;2,66;0;2,12
706;0,76;0,6;170;false;true;true;2,66;0;2,12
707;0,76;0,6;170;false;true;true;2,66;0;2,13
708;0,76;0,6;170;false;true;true;2,66;0;2,13
709;0,76;0,59;170;false;true;true;2,66;0;2,13
710;0,77;0,59;170;false;true;true;2,66;0;2,13
711;0,77;0,59;170;false;true;true;2,66;0;2,13
712;0,77;0,59;170;false;true;true;2,66;0;2,14
713;0,77;0,59;170;false;true;true;2,66;0;2,14
714;0,77;0,59;170;false;true;true;2,67;0;2,14
715;0,77;0,58;170;false;true;true;2,67;0;2,14
716;0,77;0,58;170;false;true;true;2,67;0;2,14
717;0,77;0,58;170;false;true;true;2,67;0;2,15
718;0,77;0,58;170;false;true;true;2,67;0;2,15
719;0,77;0,58;170;false;true;true;2,67;0;2,15
720;0,78;0,57;170;false;true;true;2,67;0;2,15
721;0,78;0,57;170;false;true;true;2,67;0;2,15
722;0,78;0,57;170;false;true;true;2,67;0;2,16
723;0,78;0,57;170;false;true;true;2,67;0;2,16
724;0,78;0,57;170;false;true;true;2,67;0;2,16
725;0,78;0,57;170;false;true;true;2,67;0;2,16
726;0,78;0,57;170;false;true;true;2,67;0;2,16
727;0,78;0,57;170;false;true;true;2,68;0;2,17
728;0,78;0,57;170;false;true;true;2,68;0;2,17
729;0,79;0,56;170;false;true;true;2,68;0;2,17
730;0,79;0,56;170;false;true;true;2,68;0;2,17
731;0,79;0,56;170;false;true;true;2,68;0;2,17
732;0,79;0,56;170;false;true;true;2,68;0;2,17
733;0,79;0,56;170;false;true;true;2,68;0;2,18
734;0,79;0,55;170;false;true;true;2,68;0;2,18
735;0,79;0,55;170;false;true;true;2,68;0;2,18
736;0,79;0,55;170;false;true;true;2,68;0;2,18
737;0,79;0,55;170;false;true;true;2,68;0;2,18
738;0,79;0,55;170;false;true;true;2,68;0;2,19
739;0,8;0,55;170;false;true;true;2,68;0;2,19
740;0,8;0,55;170;false;true;true;2,69;0;2,19
741;0,8;0,55;170;false;true;true;2,69;0;2,19
742;0,8;0,55;170;false;true;true;2,69;0;2,19
743;0,8;0,54;170;false;true;true;2,69;0;2,2
744;0,8;0,54;170;false;true;true;2,69;0;2,2
745;0,8;0,54;170;false;true;true;2,68;0;2,2
746;0,8;0,54;170;false;true;true;2,69;0;2,2
747;0,8;0,54;170;false;true;true;2,69;0;2,21
748;0,8;0,54;170;false;true;true;2,69;0;2,21
749;0,81;0,53;170;false;true;true;2,69;0;2,21
750;0,81;0,53;170;false;true;true;2,69;0;2,21
751;0,81;0,53;170;false;true;true;2,69;0;2,21
752;0,81;0,53;170;false;true;true;2,7;0;2,22
753;0,81;0,53;170;false;true;true;2,7;0;2,22
754;0,81;0,53;170;false;true;true;2,7;0;2,22
755;0,81;0,53;170;false;true;true;2,7;0;2,22
756;0,81;0,53;170;false;true;true;2,7;0;2,23
757;0,81;0,52;170;false;true;true;2,7;0;2,23
758;0,81;0,52;170;false;true;true;2,7;0;2,23
759;0,81;0,52;170;false;true;true;2,71;0;2,23
760;0,82;0,53;170;false;true;true;2,71;0;2,24
761;0,82;0,52;170;false;true;true;2,71;0;2,24
762;0,82;0,52;170;false;true;true;2,71;0;2,24
763;0,82;0,52;170;false;true;true;2,71;0;2,25
764;0,82;0,53;170;false;true;true;2,72;0;2,25
765;0,82;0,52;170;false;true;true;2,72;0;2,25
766;0,82;0,52;170;false;true;true;2,72;0;2,25
767;0,82;0,52;170;false;true;true;2,72;0;2,26
768;0,82;0,52;170;false;true;true;2,73;0;2,26
769;0,82;0,52;170;false;true;true;2,73;0;2,26
770;0,83;0,52;170;false;true;true;2,73;0;2,27
771;0,83;0,52;170;false;true;true;2,73;0;2,27
772;0,83;0,52;170;false;true;true;2,74;0;2,27
773;0,83;0,52;170;false;true;true;2,74;0;2,28
774;0,83;0,52;170;false;true;true;2,74;0;2,28
775;0,83;0,52;170;false;true;true;2,74;0;2,29
776;0,83;0,52;170;false;true;true;2,75;0;2,29
777;0,83;0,52;170;false;true;true;2,75;0;2,3
778;0,83;0,52;170;false;true;true;2,76;0;2,3
779;0,83;0,52;170;false;true;true;2,76;0;2,31
780;0,84;0,53;170;false;true;true;2,77;0;2,31
781;0,84;0,53;170;false;true;true;2,77;0;2,32
782;0,84;0,53;170;false;true;true;2,77;0;2,32
783;0,84;0,53;170;false;true;true;2,78;0;2,33
784;0,84;0,53;170;false;true;true;2,79;0;2,34
785;0,84;0,54;170;false;true;true;2,79;0;2,34
786;0,84;0,54;170;false;true;true;2,8;0;2,35
787;0,84;0,54;170;false;true;true;2,81;0;2,36
788;0,84;0,55;170;false;true;true;2,82;0;2,37
789;0,85;0,55;170;false;true;true;2,83;0;2,38
790;0,85;0,56;170;false;true;true;2,84;0;2,4
791;0,85;0,57;170;false;true;true;2,85;0;2,41
792;0,85;0,58;170;false;true;true;2,87;0;2,43
793;0,85;0,59;170;false;true;true;2,88;0;2,45
794;0,85;0,6;170;false;true;true;2,9;0;2,48
795;0,85;0,63;170;false;true;true;2,92;0;2,51
796;0,85;0,66;170;false;true;true;2,95;0;2,56
797;0,85;0,72;170;false;true;true;2,99;0;2,63
798;0,85;0,81;170;false;true;true;3,05;0;2,75
799;0,86;0,9;169;false;true;true;2,57;0;1,98
800;0,86;0,84;169;false;true;true;2,5;0;1,98
801;0,86;0,81;169;false;true;true;2,46;0;1,99
802;0,86;0,77;169;false;true;true;2,45;0;2
803;0,86;0,75;169;false;true;true;2,46;0;2
804;0,86;0,73;169;false;true;true;2,49;0;2,01
805;0,86;0,71;169;false;true;true;2,5;0;2,01
806;0,86;0,7;169;false;true;true;2,52;0;2,01
807;0,86;0,69;169;false;true;true;2,53;0;2,02
808;0,86;0,68;169;false;true;true;2,54;0;2,02
809;0,87;0,67;169;false;true;true;2,55;0;2,02
810;0,87;0,66;169;false;true;true;2,55;0;2,03
811;0,87;0,66;169;false;true;true;2,56;0;2,03
812;0,87;0,65;169;false;true;true;2,56;0;2,03
813;0,87;0,64;169;false;true;true;2,56;0;2,03
814;0,87;0,63;169;false;true;true;2,56;0;2,04
815;0,87;0,63;169;false;true;true;2,56;0;2,04
816;0,87;0,62;169;false;true;true;2,56;0;2,04
817;0,87;0,62;169;false;true;true;2,56;0;2,04
818;0,87;0,61;169;false;true;true;2,56;0;2,04
819;0,88;0,61;169;false;true;true;2,56;0;2,05
820;0,88;0,6;169;false;true;true;2,57;0;2,05
821;0,88;0,6;169;false;true;true;2,56;0;2,05
822;0,88;0,59;169;false;true;true;2,56;0;2,05
823;0,88;0,59;169;false;true;true;2,56;0;2,05
824;0,88;0,58;169;false;true;true;2,56;0;2,05
825;0,88;0,58;169;false;true;true;2,56;0;2,06
826;0,88;0,58;169;false;true;true;2,56;0;2,06
827;0,88;0,57;169;false;true;true;2,56;0;2,06
828;0,88;0,57;169;false;true;true;2,56;0;2,06
829;0,88;0,56;169;false;true;true;2,56;0;2,06
830;0,89;0,56;169;false;true;true;2,56;0;2,06
831;0,89;0,55;169;false;true;true;2,56;0;2,07
832;0,89;0,55;169;false;true;true;2,56;0;2,07
833;0,89;0,55;169;false;true;true;2,56;0;2,07
834;0,89;0,55;169;false;true;true;2,56;0;2,07
835;0,89;0,54;169;false;true;true;2,56;0;2,07
836;0,89;0,54;169;false;true;true;2,56;0;2,07
837;0,89;0,54;169;false;true;true;2,56;0;2,07
838;0,89;0,53;169;false;true;true;2,55;0;2,08
839;0,89;0,53;169;false;true;true;2,55;0;2,08
840;0,9;0,53;169;false;true;true;2,56;0;2,08
841;0,9;0,53;169;false;true;true;2,56;0;2,08
842;0,9;0,53;169;false;true;true;2,56;0;2,08
843;0,9;0,52;169;false;true;true;2,56;0;2,08
844;0,9;0,52;169;false;true;true;2,56;0;2,08
845;0,9;0,52;169;false;true;true;2,55;0;2,09
846;0,9;0,51;169;false;true;true;2,55;0;2,09
847;0,9;0,51;169;false;true;true;2,55;0;2,09
848;0,9;0,52;169;false;true;true;2,56;0;2,09
849;0,9;0,51;169;false;true;true;2,55;0;2,09
850;0,91;0,51;169;false;true;true;2,55;0;2,09
851;0,91;0,51;169;false;true;true;2,55;0;2,09
852;0,91;0,51;169;false;true;true;2,56;0;2,1
853;0,91;0,5;169;false;true;true;2,55;0;2,1
854;0,91;0,5;169;false;true;true;2,55;0;2,1
855;0,91;0,5;169;false;true;true;2,56;0;2,1
856;0,91;0,5;169;false;true;true;2,56;0;2,1
857;0,91;0,5;169;false;true;true;2,56;0;2,1
858;0,91;0,5;169;false;true;true;2,56;0;2,1
859;0,92;0,49;169;false;true;true;2,56;0;2,11
860;0,92;0,49;169;false;true;true;2,56;0;2,11
861;0,92;0,49;169;false;true;true;2,56;0;2,11
862;0,92;0,49;169;false;true;true;2,56;0;2,11
863;0,92;0,49;169;false;true;true;2,56;0;2,11
864;0,92;0,49;169;false;true;true;2,56;0;2,11
865;0,92;0,49;169;false;true;true;2,56;0;2,11
866;0,92;0,48;169;false;true;true;2,56;0;2,11
867;0,92;0,48;169;false;true;true;2,56;0;2,12
868;0,92;0,48;169;false;true;true;2,56;0;2,12
869;0,93;0,48;169;false;true;true;2,56;0;2,12
870;0,93;0,48;169;false;true;true;2,56;0;2,12
871;0,93;0,48;169;false;true;true;2,56;0;2,12
872;0,93;0,48;169;false;true;true;2,56;0;2,12
873;0,93;0,48;169;false;true;true;2,56;0;2,12
874;0,93;0,48;169;false;true;true;2,56;0;2,12
875;0,93;0,48;169;false;true;true;2,56;0;2,13
876;0,93;0,48;169;false;true;true;2,56;0;2,13
877;0,93;0,48;169;false;true;true;2,56;0;2,13
878;0,93;0,47;169;false;true;true;2,56;0;2,13
879;0,94;0,47;169;false;true;true;2,56;0;2,13
880;0,94;0,47;169;false;true;true;2,56;0;2,13
881;0,94;0,47;169;false;true;true;2,56;0;2,13
882;0,94;0,47;169;false;true;true;2,57;0;2,14
883;0,94;0,47;169;false;true;true;2,57;0;2,14
884;0,94;0,47;169;false;true;true;2,57;0;2,14
885;0,94;0,47;169;false;true;true;2,57;0;2,14
886;0,94;0,47;169;false;true;true;2,57;0;2,14
887;0,94;0,47;169;false;true;true;2,57;0;2,14
888;0,94;0,47;169;false;true;true;2,57;0;2,14
889;0,94;0,47;169;false;true;true;2,57;0;2,15
890;0,95;0,47;169;false;true;true;2,57;0;2,15
891;0,95;0,47;169;false;true;true;2,57;0;2,15
892;0,95;0,46;169;false;true;true;2,57;0;2,15
893;0,95;0,46;169;false;true;true;2,57;0;2,15
894;0,95;0,47;169;false;true;true;2,58;0;2,15
895;0,95;0,47;169;false;true;true;2,58;0;2,15
896;0,95;0,46;169;false;true;true;2,58;0;2,16
897;0,95;0,46;169;false;true;true;2,58;0;2,16
898;0,95;0,46;169;false;true;true;2,58;0;2,16
899;0,95;0,46;169;false;true;true;2,58;0;2,16
900;0,96;0,47;169;false;true;true;2,59;0;2,16
901;0,96;0,46;169;false;true;true;2,58;0;2,16
902;0,96;0,46;169;false;true;true;2,59;0;2,17
903;0,96;0,46;169;false;true;true;2,58;0;2,17
904;0,96;0,46;169;false;true;true;2,59;0;2,17
905;0,96;0,46;169;false;true;true;2,59;0;2,17
906;0,96;0,46;169;false;true;true;2,59;0;2,17
907;0,96;0,46;169;false;true;true;2,59;0;2,17
908;0,96;0,46;169;false;true;true;2,59;0;2,18
909;0,96;0,46;169;false;true;true;2,59;0;2,18
910;0,97;0,46;169;false;true;true;2,6;0;2,18
911;0,97;0,46;169;false;true;true;2,6;0;2,18
912;0,97;0,46;169;false;true;true;2,6;0;2,18
913;0,97;0,46;169;false;true;true;2,6;0;2,19
914;0,97;0,46;169;false;true;true;2,6;0;2,19
915;0,97;0,46;169;false;true;true;2,6;0;2,19
916;0,97;0,46;169;false;true;true;2,61;0;2,19
917;0,97;0,46;169;false;true;true;2,61;0;2,19
918;0,97;0,46;169;false;true;true;2,61;0;2,2
919;0,98;0,46;169;false;true;true;2,61;0;2,2
920;0,98;0,46;169;false;true;true;2,61;0;2,2
921;0,98;0,46;169;false;true;true;2,61;0;2,2
922;0,98;0,46;169;false;true;true;2,62;0;2,21
923;0,98;0,46;169;false;true;true;2,62;0;2,21
924;0,98;0,46;169;false;true;true;2,63;0;2,21
925;0,98;0,46;169;false;true;true;2,63;0;2,22
926;0,98;0,46;169;false;true;true;2,63;0;2,22
927;0,98;0,46;169;false;true;true;2,63;0;2,22
928;0,98;0,46;169;false;true;true;2,63;0;2,22
929;0,99;0,46;169;false;true;true;2,64;0;2,23
930;0,99;0,47;169;false;true;true;2,64;0;2,23
931;0,99;0,47;169;false;true;true;2,65;0;2,24
932;0,99;0,47;169;false;true;true;2,65;0;2,24
933;0,99;0,47;169;false;true;true;2,65;0;2,24
934;0,99;0,47;169;false;true;true;2,66;0;2,25
935;0,99;0,47;169;false;true;true;2,66;0;2,25
936;0,99;0,47;169;false;true;true;2,67;0;2,26
937;0,99;0,47;169;false;true;true;2,67;0;2,26
938;0,99;0,47;169;false;true;true;2,67;0;2,27
939;1;0,48;169;false;true;true;2,68;0;2,27
940;1;0,48;169;false;true;true;2,69;0;2,28
941;1;0,48;169;false;true;true;2,69;0;2,29
942;1;0,49;169;false;true;true;2,7;0;2,3
943;1;0,49;169;false;true;true;2,71;0;2,3
944;1;0,49;169;false;true;true;2,72;0;2,31
945;1;0,5;169;false;true;true;2,72;0;2,33
946;1;0,5;169;false;true;true;2,73;0;2,34
947;1;0,51;169;false;true;true;2,75;0;2,35
948;1;0,52;169;false;true;true;2,76;0;2,37
949;1;0,53;169;false;true;true;2,78;0;2,39
950;1,01;0,55;169;false;true;true;2,8;0;2,41
951;1,01;0,57;169;false;true;true;2,82;0;2,45
952;1,01;0,6;169;false;true;true;2,85;0;2,49
953;1,01;0,64;169;false;true;true;2,88;0;2,55
954;1,01;0,72;169;false;true;true;2,93;0;2,65
955;1,01;1;168;false;true;true;2,61;0;1,93
956;1,01;0,87;168;false;true;true;2,48;0;1,94
957;1,01;0,8;168;false;true;true;2,4;0;1,95
958;1,01;0,75;168;false;true;true;2,39;0;1,96
959;1,01;0,71;168;false;true;true;2,41;0;1,96
960;1,02;0,69;168;false;true;true;2,43;0;1,97
961;1,02;0,66;168;false;true;true;2,44;0;1,97
962;1,02;0,65;168;false;true;true;2,45;0;1,97
963;1,02;0,63;168;false;true;true;2,46;0;1,98
964;1,02;0,62;168;false;true;true;2,46;0;1,98
965;1,02;0,61;168;false;true;true;2,47;0;1,98
966;1,02;0,6;168;false;true;true;2,47;0;1,98
967;1,02;0,6;168;false;true;true;2,47;0;1,99
968;1,02;0,59;168;false;true;true;2,47;0;1,99
969;1,02;0,58;168;false;true;true;2,47;0;1,99
970;1,03;0,57;168;false;true;true;2,48;0;1,99
971;1,03;0,56;168;false;true;true;2,47;0;1,99
972;1,03;0,56;168;false;true;true;2,47;0;2
973;1,03;0,56;168;false;true;true;2,48;0;2
974;1,03;0,55;168;false;true;true;2,47;0;2
975;1,03;0,54;168;false;true;true;2,47;0;2
976;1,03;0,54;168;false;true;true;2,48;0;2
977;1,03;0,54;168;false;true;true;2,48;0;2
978;1,03;0,54;168;false;true;true;2,48;0;2
979;1,03;0,54;168;false;true;true;2,48;0;2,01
980;1,04;0,53;168;false;true;true;2,48;0;2,01
981;1,04;0,53;168;false;true;true;2,48;0;2,01
982;1,04;0,52;168;false;true;true;2,48;0;2,01
983;1,04;0,52;168;false;true;true;2,48;0;2,01
984;1,04;0,52;168;false;true;true;2,48;0;2,01
985;1,04;0,52;168;false;true;true;2,48;0;2,01
986;1,04;0,52;168;false;true;true;2,48;0;2,01
987;1,04;0,51;168;false;true;true;2,48;0;2,02
988;1,04;0,51;168;false;true;true;2,48;0;2,02
989;1,04;0,52;168;false;true;true;2,49;0;2,02
990;1,05;0,52;168;false;true;true;2,49;0;2,02
991;1,05;0,51;168;false;true;true;2,48;0;2,02
992;1,05;0,5;168;false;true;true;2,48;0;2,02
993;1,05;0,5;168;false;true;true;2,48;0;2,02
994;1,05;0,5;168;false;true;true;2,48;0;2,02
995;1,05;0,5;168;false;true;true;2,48;0;2,02
996;1,05;0,5;168;false;true;true;2,48;0;2,02
997;1,05;0,5;168;false;true;true;2,48;0;2,02
998;1,05;0,5;168;false;true;true;2,48;0;2,03
999;1,05;0,49;168;false;true;true;2,48;0;2,03
1000;1,06;0,49;168;false;true;true;2,48;0;2,03
1001;1,06;0,49;168;false;true;true;2,48;0;2,03
1002;1,06;0,49;168;false;true;true;2,48;0;2,03
1003;1,06;0,49;168;false;true;true;2,48;0;2,03
1004;1,06;0,49;168;false;true;true;2,48;0;2,03
1005;1,06;0,49;168;false;true;true;2,48;0;2,03
1006;1,06;0,49;168;false;true;true;2,48;0;2,03
1007;1,06;0,49;168;false;true;true;2,48;0;2,03
1008;1,06;0,48;168;false;true;true;2,48;0;2,03
1009;1,07;0,48;168;false;true;true;2,48;0;2,03
1010;1,07;0,48;168;false;true;true;2,48;0;2,04
1011;1,07;0,48;168;false;true;true;2,48;0;2,04
1012;1,07;0,48;168;false;true;true;2,48;0;2,04
1013;1,07;0,48;168;false;true;true;2,48;0;2,04
1014;1,07;0,48;168;false;true;true;2,48;0;2,04
1015;1,07;0,47;168;false;true;true;2,48;0;2,04
1016;1,07;0,47;168;false;true;true;2,48;0;2,04
1017;1,07;0,47;168;false;true;true;2,48;0;2,04
1018;1,07;0,47;168;false;true;true;2,48;0;2,04
1019;1,08;0,47;168;false;true;true;2,48;0;2,04
1020;1,08;0,47;168;false;true;true;2,47;0;2,04
1021;1,08;0,47;168;false;true;true;2,48;0;2,04
1022;1,08;0,47;168;false;true;true;2,48;0;2,04
1023;1,08;0,47;168;false;true;true;2,48;0;2,04
1024;1,08;0,47;168;false;true;true;2,48;0;2,05
1025;1,08;0,47;168;false;true;true;2,48;0;2,05
1026;1,08;0,46;168;false;true;true;2,48;0;2,05
1027;1,08;0,46;168;false;true;true;2,47;0;2,05
1028;1,08;0,46;168;false;true;true;2,47;0;2,05
1029;1,09;0,46;168;false;true;true;2,48;0;2,05
1030;1,09;0,46;168;false;true;true;2,48;0;2,05
1031;1,09;0,46;168;false;true;true;2,48;0;2,05
1032;1,09;0,45;168;false;true;true;2,47;0;2,05
1033;1,09;0,45;168;false;true;true;2,47;0;2,05
1034;1,09;0,46;168;false;true;true;2,48;0;2,05
1035;1,09;0,46;168;false;true;true;2,48;0;2,05
1036;1,09;0,45;168;false;true;true;2,48;0;2,05
1037;1,09;0,45;168;false;true;true;2,48;0;2,05
1038;1,09;0,45;168;false;true;true;2,48;0;2,05
1039;1,1;0,45;168;false;true;true;2,47;0;2,05
1040;1,1;0,45;168;false;true;true;2,47;0;2,06
1041;1,1;0,45;168;false;true;true;2,48;0;2,06
1042;1,1;0,45;168;false;true;true;2,48;0;2,06
1043;1,1;0,45;168;false;true;true;2,48;0;2,06
1044;1,1;0,45;168;false;true;true;2,47;0;2,06
1045;1,1;0,45;168;false;true;true;2,47;0;2,06
1046;1,1;0,45;168;false;true;true;2,47;0;2,06
1047;1,1;0,45;168;false;true;true;2,48;0;2,06
1048;1,1;0,45;168;false;true;true;2,48;0;2,06
1049;1,11;0,44;168;false;true;true;2,47;0;2,06
1050;1,11;0,44;168;false;true;true;2,47;0;2,06
1051;1,11;0,44;168;false;true;true;2,47;0;2,06
1052;1,11;0,44;168;false;true;true;2,47;0;2,06
1053;1,11;0,44;168;false;true;true;2,47;0;2,06
1054;1,11;0,44;168;false;true;true;2,47;0;2,06
1055;1,11;0,44;168;false;true;true;2,48;0;2,06
1056;1,11;0,44;168;false;true;true;2,48;0;2,06
1057;1,11;0,44;168;false;true;true;2,47;0;2,07
1058;1,11;0,43;168;false;true;true;2,47;0;2,07
1059;1,12;0,43;168;false;true;true;2,47;0;2,07
1060;1,12;0,43;168;false;true;true;2,47;0;2,07
1061;1,12;0,43;168;false;true;true;2,47;0;2,07
1062;1,12;0,43;168;false;true;true;2,47;0;2,07
1063;1,12;0,43;168;false;true;true;2,48;0;2,07
1064;1,12;0,43;168;false;true;true;2,47;0;2,07
1065;1,12;0,43;168;false;true;true;2,47;0;2,07
1066;1,12;0,43;168;false;true;true;2,47;0;2,07
1067;1,12;0,43;168;false;true;true;2,47;0;2,07
1068;1,12;0,43;168;false;true;true;2,47;0;2,07
1069;1,12;0,43;168;false;true;true;2,47;0;2,07
1070;1,13;0,43;168;false;true;true;2,47;0;2,07
1071;1,13;0,43;168;false;true;true;2,47;0;2,07
1072;1,13;0,43;168;false;true;true;2,47;0;2,07
1073;1,13;0,42;168;false;true;true;2,47;0;2,07
1074;1,13;0,42;168;false;true;true;2,47;0;2,07
1075;1,13;0,42;168;false;true;true;2,47;0;2,08
1076;1,13;0,42;168;false;true;true;2,47;0;2,08
1077;1,13;0,42;168;false;true;true;2,47;0;2,08
1078;1,13;0,42;168;false;true;true;2,47;0;2,08
1079;1,13;0,42;168;false;true;true;2,47;0;2,08
1080;1,14;0,42;168;false;true;true;2,47;0;2,08
1081;1,14;0,42;168;false;true;true;2,47;0;2,08
1082;1,14;0,42;168;false;true;true;2,47;0;2,08
1083;1,14;0,42;168;false;true;true;2,47;0;2,08
1084;1,14;0,42;168;false;true;true;2,47;0;2,08
1085;1,14;0,42;168;false;true;true;2,47;0;2,08
1086;1,14;0,42;168;false;true;true;2,47;0;2,08
1087;1,14;0,41;168;false;true;true;2,47;0;2,08
1088;1,14;0,41;168;false;true;true;2,47;0;2,08
1089;1,14;0,42;168;false;true;true;2,47;0;2,08
1090;1,15;0,41;168;false;true;true;2,47;0;2,08
1091;1,15;0,41;168;false;true;true;2,47;0;2,08
1092;1,15;0,41;168;false;true;true;2,47;0;2,08
1093;1,15;0,41;168;false;true;true;2,47;0;2,08
1094;1,15;0,41;168;false;true;true;2,47;0;2,08
1095;1,15;0,41;168;false;true;true;2,47;0;2,09
1096;1,15;0,41;168;false;true;true;2,47;0;2,09
1097;1,15;0,41;168;false;true;true;2,47;0;2,09
1098;1,15;0,41;168;false;true;true;2,47;0;2,09
1099;1,15;0,41;168;false;true;true;2,47;0;2,09
1100;1,16;0,41;168;false;true;true;2,47;0;2,09
1101;1,16;0,41;168;false;true;true;2,47;0;2,09
1102;1,16;0,4;168;false;true;true;2,47;0;2,09
1103;1,16;0,4;168;false;true;true;2,47;0;2,09
1104;1,16;0,4;168;false;true;true;2,47;0;2,09
1105;1,16;0,4;168;false;true;true;2,47;0;2,09
1106;1,16;0,4;168;false;true;true;2,47;0;2,09
1107;1,16;0,41;168;false;true;true;2,47;0;2,09
1108;1,16;0,4;168;false;true;true;2,47;0;2,09
1109;1,16;0,4;168;false;true;true;2,47;0;2,09
1110;1,17;0,4;168;false;true;true;2,47;0;2,09
1111;1,17;0,4;168;false;true;true;2,47;0;2,09
1112;1,17;0,4;168;false;true;true;2,47;0;2,09
1113;1,17;0,4;168;false;true;true;2,47;0;2,09
1114;1,17;0,4;168;false;true;true;2,47;0;2,1
1115;1,17;0,4;168;false;true;true;2,47;0;2,1
1116;1,17;0,4;168;false;true;true;2,48;0;2,1
1117;1,17;0,4;168;false;true;true;2,48;0;2,1
1118;1,17;0,4;168;false;true;true;2,47;0;2,1
1119;1,17;0,39;168;false;true;true;2,47;0;2,1
1120;1,18;0,39;168;false;true;true;2,47;0;2,1
1121;1,18;0,39;168;false;true;true;2,47;0;2,1
1122;1,18;0,39;168;false;true;true;2,47;0;2,1
1123;1,18;0,39;168;false;true;true;2,47;0;2,1
1124;1,18;0,39;168;false;true;true;2,47;0;2,1
1125;1,18;0,4;168;false;true;true;2,47;0;2,1
1126;1,18;0,4;168;false;true;true;2,47;0;2,1
1127;1,18;0,39;168;false;true;true;2,47;0;2,1
1128;1,18;0,39;168;false;true;true;2,47;0;2,1
1129;1,18;0,39;168;false;true;true;2,47;0;2,1
1130;1,19;0,39;168;false;true;true;2,47;0;2,1
1131;1,19;0,39;168;false;true;true;2,47;0;2,1
1132;1,19;0,39;168;false;true;true;2,47;0;2,1
1133;1,19;0,39;168;false;true;true;2,47;0;2,1
1134;1,19;0,39;168;false;true;true;2,47;0;2,11
1135;1,19;0,39;168;false;true;true;2,47;0;2,11
1136;1,19;0,39;168;false;true;true;2,47;0;2,11
1137;1,19;0,39;168;false;true;true;2,47;0;2,11
1138;1,19;0,39;168;false;true;true;2,47;0;2,11
1139;1,2;0,39;168;false;true;true;2,47;0;2,11
1140;1,2;0,39;168;false;true;true;2,47;0;2,11
1141;1,2;0,38;168;false;true;true;2,47;0;2,11
1142;1,2;0,38;168;false;true;true;2,47;0;2,11
1143;1,2;0,38;168;false;true;true;2,47;0;2,11
1144;1,2;0,39;168;false;true;true;2,47;0;2,11
1145;1,2;0,38;168;false;true;true;2,47;0;2,11
1146;1,2;0,38;168;false;true;true;2,47;0;2,11
1147;1,2;0,38;168;false;true;true;2,47;0;2,11
1148;1,2;0,38;168;false;true;true;2,47;0;2,11
1149;1,21;0,38;168;false;true;true;2,47;0;2,11
1150;1,21;0,38;168;false;true;true;2,47;0;2,11
1151;1,21;0,38;168;false;true;true;2,47;0;2,11
1152;1,21;0,38;168;false;true;true;2,47;0;2,11
1153;1,21;0,38;168;false;true;true;2,47;0;2,11
1154;1,21;0,38;168;false;true;true;2,47;0;2,12
1155;1,22;0,38;168;false;true;true;2,47;0;2,12
1156;1,22;0,38;168;false;true;true;2,47;0;2,12
1157;1,22;0,38;168;false;true;true;2,47;0;2,12
1158;1,22;0,37;168;false;true;true;2,47;0;2,12
1159;1,22;0,37;168;false;true;true;2,47;0;2,12
1160;1,22;0,38;168;false;true;true;2,47;0;2,12
1161;1,22;0,38;168;false;true;true;2,47;0;2,12
1162;1,22;0,37;168;false;true;true;2,47;0;2,12
1163;1,23;0,38;168;false;true;true;2,47;0;2,12
1164;1,23;0,38;168;false;true;true;2,48;0;2,12
1165;1,23;0,38;168;false;true;true;2,47;0;2,12
1166;1,23;0,37;168;false;true;true;2,47;0;2,12
1167;1,23;0,37;168;false;true;true;2,47;0;2,12
1168;1,23;0,37;168;false;true;true;2,47;0;2,12
1169;1,23;0,37;168;false;true;true;2,47;0;2,12
1170;1,23;0,37;168;false;true;true;2,47;0;2,12
1171;1,23;0,37;168;false;true;true;2,47;0;2,12
1172;1,23;0,37;168;false;true;true;2,48;0;2,12
1173;1,24;0,37;168;false;true;true;2,48;0;2,13
1174;1,24;0,37;168;false;true;true;2,48;0;2,13
1175;1,24;0,37;168;false;true;true;2,47;0;2,13
1176;1,24;0,37;168;false;true;true;2,47;0;2,13
1177;1,24;0,36;168;false;true;true;2,47;0;2,13
1178;1,24;0,36;168;false;true;true;2,47;0;2,13
1179;1,24;0,36;168;false;true;true;2,47;0;2,13
1180;1,24;0,36;168;false;true;true;2,47;0;2,13
1181;1,24;0,37;168;false;true;true;2,47;0;2,13
1182;1,24;0,37;168;false;true;true;2,47;0;2,13
1183;1,25;0,37;168;false;true;true;2,48;0;2,13
1184;1,25;0,37;168;false;true;true;2,48;0;2,13
1185;1,25;0,37;168;false;true;true;2,48;0;2,13
1186;1,25;0,36;168;false;true;true;2,48;0;2,13
1187;1,25;0,36;168;false;true;true;2,47;0;2,13
1188;1,25;0,36;168;false;true;true;2,48;0;2,13
1189;1,25;0,36;168;false;true;true;2,47;0;2,13
1190;1,25;0,36;168;false;true;true;2,47;0;2,13
1191;1,25;0,36;168;false;true;true;2,47;0;2,14
1192;1,25;0,36;168;false;true;true;2,47;0;2,14
1193;1,25;0,36;168;false;true;true;2,48;0;2,14
1194;1,26;0,36;168;false;true;true;2,48;0;2,14
1195;1,26;0,36;168;false;true;true;2,48;0;2,14
1196;1,26;0,36;168;false;true;true;2,48;0;2,14
1197;1,26;0,36;168;false;true;true;2,48;0;2,14
1198;1,26;0,36;168;false;true;true;2,48;0;2,14
1199;1,26;0,36;168;false;true;true;2,48;0;2,14
1200;1,26;0,36;168;false;true;true;2,48;0;2,14
1201;1,26;0,36;168;false;true;true;2,47;0;2,14
1202;1,26;0,36;168;false;true;true;2,48;0;2,14
1203;1,26;0,36;168;false;true;true;2,48;0;2,14
1204;1,27;0,36;168;false;true;true;2,48;0;2,14
1205;1,27;0,36;168;false;true;true;2,48;0;2,14
1206;1,27;0,36;168;false;true;true;2,48;0;2,14
1207;1,27;0,36;168;false;true;true;2,48;0;2,14
1208;1,27;0,36;168;false;true;true;2,48;0;2,15
1209;1,27;0,36;168;false;true;true;2,48;0;2,15
1210;1,27;0,36;168;false;true;true;2,48;0;2,15
1211;1,27;0,36;168;false;true;true;2,48;0;2,15
1212;1,27;0,35;168;false;true;true;2,48;0;2,15
1213;1,27;0,36;168;false;true;true;2,48;0;2,15
1214;1,28;0,36;168;false;true;true;2,48;0;2,15
1215;1,28;0,35;168;false;true;true;2,48;0;2,15
1216;1,28;0,35;168;false;true;true;2,48;0;2,15
1217;1,28;0,35;168;false;true;true;2,48;0;2,15
1218;1,28;0,35;168;false;true;true;2,48;0;2,15
1219;1,28;0,35;168;false;true;true;2,48;0;2,15
1220;1,28;0,35;168;false;true;true;2,48;0;2,15
1221;1,28;0,35;168;false;true;true;2,48;0;2,15
1222;1,28;0,35;168;false;true;true;2,49;0;2,15
1223;1,28;0,35;168;false;true;true;2,48;0;2,15
1224;1,29;0,35;168;false;true;true;2,48;0;2,16
1225;1,29;0,35;168;false;true;true;2,48;0;2,16
1226;1,29;0,35;168;false;true;true;2,49;0;2,16
1227;1,29;0,35;168;false;true;true;2,49;0;2,16
1228;1,29;0,35;168;false;true;true;2,49;0;2,16
1229;1,29;0,35;168;false;true;true;2,48;0;2,16
1230;1,29;0,35;168;false;true;true;2,49;0;2,16
1231;1,29;0,35;168;false;true;true;2,49;0;2,16
1232;1,29;0,34;168;false;true;true;2,48;0;2,16
1233;1,29;0,35;168;false;true;true;2,49;0;2,16
1234;1,3;0,35;168;false;true;true;2,49;0;2,16
1235;1,3;0,35;168;false;true;true;2,49;0;2,16
1236;1,3;0,35;168;false;true;true;2,49;0;2,16
1237;1,3;0,35;168;false;true;true;2,49;0;2,16
1238;1,3;0,35;168;false;true;true;2,49;0;2,16
1239;1,3;0,35;168;false;true;true;2,49;0;2,17
1240;1,3;0,34;168;false;true;true;2,49;0;2,17
1241;1,3;0,34;168;false;true;true;2,49;0;2,17
1242;1,3;0,34;168;false;true;true;2,49;0;2,17
1243;1,3;0,35;168;false;true;true;2,49;0;2,17
1244;1,31;0,34;168;false;true;true;2,49;0;2,17
1245;1,31;0,34;168;false;true;true;2,49;0;2,17
1246;1,31;0,34;168;false;true;true;2,49;0;2,17
1247;1,31;0,35;168;false;true;true;2,5;0;2,17
1248;1,31;0,34;168;false;true;true;2,49;0;2,17
1249;1,31;0,34;168;false;true;true;2,49;0;2,17
1250;1,31;0,34;168;false;true;true;2,49;0;2,17
1251;1,31;0,34;168;false;true;true;2,5;0;2,17
1252;1,31;0,34;168;false;true;true;2,5;0;2,18
1253;1,32;0,35;168;false;true;true;2,5;0;2,18
1254;1,32;0,34;168;false;true;true;2,5;0;2,18
1255;1,32;0,34;168;false;true;true;2,5;0;2,18
1256;1,32;0,34;168;false;true;true;2,5;0;2,18
1257;1,32;0,34;168;false;true;true;2,5;0;2,18
1258;1,32;0,34;168;false;true;true;2,5;0;2,18
1259;1,32;0,34;168;false;true;true;2,5;0;2,18
1260;1,32;0,34;168;false;true;true;2,5;0;2,18
1261;1,32;0,34;168;false;true;true;2,5;0;2,18
1262;1,32;0,34;168;false;true;true;2,5;0;2,18
1263;1,33;0,34;168;false;true;true;2,5;0;2,18
1264;1,33;0,34;168;false;true;true;2,5;0;2,19
1265;1,33;0,33;168;false;true;true;2,5;0;2,19
1266;1,33;0,33;168;false;true;true;2,5;0;2,19
1267;1,33;0,33;168;false;true;true;2,5;0;2,19
1268;1,33;0,34;168;false;true;true;2,5;0;2,19
1269;1,33;0,34;168;false;true;true;2,5;0;2,19
1270;1,33;0,34;168;false;true;true;2,51;0;2,19
1271;1,33;0,34;168;false;true;true;2,51;0;2,19
1272;1,33;0,34;168;false;true;true;2,51;0;2,19
1273;1,34;0,34;168;false;true;true;2,51;0;2,19
1274;1,34;0,34;168;false;true;true;2,51;0;2,2
1275;1,34;0,34;168;false;true;true;2,51;0;2,2
1276;1,34;0,34;168;false;true;true;2,51;0;2,2
1277;1,34;0,34;168;false;true;true;2,51;0;2,2
1278;1,34;0,34;168;false;true;true;2,51;0;2,2
1279;1,34;0,33;168;false;true;true;2,51;0;2,2
1280;1,34;0,34;168;false;true;true;2,51;0;2,2
1281;1,34;0,34;168;false;true;true;2,52;0;2,2
1282;1,34;0,33;168;false;true;true;2,51;0;2,2
1283;1,35;0,33;168;false;true;true;2,51;0;2,21
1284;1,35;0,33;168;false;true;true;2,52;0;2,21
1285;1,35;0,34;168;false;true;true;2,52;0;2,21
1286;1,35;0,33;168;false;true;true;2,52;0;2,21
1287;1,35;0,33;168;false;true;true;2,52;0;2,21
1288;1,35;0,33;168;false;true;true;2,52;0;2,21
1289;1,35;0,33;168;false;true;true;2,52;0;2,21
1290;1,35;0,33;168;false;true;true;2,52;0;2,21
1291;1,35;0,33;168;false;true;true;2,52;0;2,22
1292;1,35;0,33;168;false;true;true;2,52;0;2,22
1293;1,36;0,33;168;false;true;true;2,52;0;2,22
1294;1,36;0,33;168;false;true;true;2,52;0;2,22
1295;1,36;0,33;168;false;true;true;2,53;0;2,22
1296;1,36;0,33;168;false;true;true;2,53;0;2,22
1297;1,36;0,33;168;false;true;true;2,53;0;2,22
1298;1,36;0,33;168;false;true;true;2,53;0;2,23
1299;1,36;0,33;168;false;true;true;2,53;0;2,23
1300;1,36;0,33;168;false;true;true;2,53;0;2,23
1301;1,36;0,33;168;false;true;true;2,54;0;2,23
1302;1,36;0,33;168;false;true;true;2,54;0;2,23
1303;1,37;0,33;168;false;true;true;2,54;0;2,23
1304;1,37;0,33;168;false;true;true;2,54;0;2,24
1305;1,37;0,33;168;false;true;true;2,54;0;2,24
1306;1,37;0,33;168;false;true;true;2,54;0;2,24
1307;1,37;0,33;168;false;true;true;2,55;0;2,24
1308;1,37;0,33;168;false;true;true;2,55;0;2,24
1309;1,37;0,33;168;false;true;true;2,55;0;2,25
1310;1,37;0,33;168;false;true;true;2,55;0;2,25
1311;1,37;0,34;168;false;true;true;2,56;0;2,25
1312;1,37;0,34;168;false;true;true;2,56;0;2,25
1313;1,38;0,34;168;false;true;true;2,56;0;2,26
1314;1,38;0,33;168;false;true;true;2,56;0;2,26
1315;1,38;0,33;168;false;true;true;2,56;0;2,26
1316;1,38;0,33;168;false;true;true;2,56;0;2,26
1317;1,38;0,33;168;false;true;true;2,56;0;2,27
1318;1,38;0,33;168;false;true;true;2,57;0;2,27
1319;1,38;0,34;168;false;true;true;2,57;0;2,27
1320;1,38;0,34;168;false;true;true;2,58;0;2,28
1321;1,38;0,34;168;false;true;true;2,58;0;2,28
1322;1,38;0,34;168;false;true;true;2,58;0;2,28
1323;1,38;0,34;168;false;true;true;2,58;0;2,29
1324;1,39;0,34;168;false;true;true;2,59;0;2,29
1325;1,39;0,34;168;false;true;true;2,59;0;2,3
1326;1,39;0,34;168;false;true;true;2,59;0;2,3
1327;1,39;0,34;168;false;true;true;2,6;0;2,31
1328;1,39;0,34;168;false;true;true;2,6;0;2,31
1329;1,39;0,35;168;false;true;true;2,61;0;2,32
1330;1,39;0,35;168;false;true;true;2,62;0;2,32
1331;1,39;0,36;168;false;true;true;2,62;0;2,33
1332;1,39;0,36;168;false;true;true;2,64;0;2,34
1333;1,39;0,37;168;false;true;true;2,65;0;2,35
1334;1,4;0,37;168;false;true;true;2,65;0;2,36
1335;1,4;0,38;168;false;true;true;2,66;0;2,37
1336;1,4;0,39;168;false;true;true;2,67;0;2,38
1337;1,4;0,39;168;false;true;true;2,68;0;2,4
1338;1,4;0,4;168;false;true;true;2,7;0;2,41
1339;1,4;0,42;168;false;true;true;2,71;0;2,43
1340;1,4;0,43;168;false;true;true;2,73;0;2,46
1341;1,4;0,45;168;false;true;true;2,75;0;2,5
1342;1,4;0,49;168;false;true;true;2,78;0;2,54
1343;1,4;0,54;168;false;true;true;2,83;0;2,61
1344;1,41;0,64;168;false;true;true;2,89;0;2,73
1345;1,41;0,86;167;false;true;true;2,52;0;1,97
1346;1,41;0,74;167;false;true;true;2,4;0;1,98
1347;1,41;0,67;167;false;true;true;2,33;0;1,98
1348;1,41;0,63;167;false;true;true;2,33;0;1,99
1349;1,41;0,59;167;false;true;true;2,35;0;2
1350;1,41;0,57;167;false;true;true;2,37;0;2
1351;1,41;0,56;167;false;true;true;2,38;0;2
1352;1,41;0,54;167;false;true;true;2,39;0;2,01
1353;1,41;0,53;167;false;true;true;2,4;0;2,01
1354;1,42;0,51;167;false;true;true;2,4;0;2,01
1355;1,42;0,5;167;false;true;true;2,4;0;2,01
1356;1,42;0,49;167;false;true;true;2,4;0;2,02
1357;1,42;0,49;167;false;true;true;2,41;0;2,02
1358;1,42;0,48;167;false;true;true;2,41;0;2,02
1359;1,42;0,47;167;false;true;true;2,41;0;2,02
1360;1,42;0,46;167;false;true;true;2,41;0;2,02
1361;1,42;0,46;167;false;true;true;2,41;0;2,03
1362;1,42;0,45;167;false;true;true;2,41;0;2,03
1363;1,42;0,45;167;false;true;true;2,41;0;2,03
1364;1,43;0,44;167;false;true;true;2,41;0;2,03
1365;1,43;0,43;167;false;true;true;2,41;0;2,03
1366;1,43;0,44;167;false;true;true;2,41;0;2,03
1367;1,43;0,43;167;false;true;true;2,41;0;2,03
1368;1,43;0,43;167;false;true;true;2,41;0;2,03
1369;1,43;0,43;167;false;true;true;2,41;0;2,04
1370;1,43;0,42;167;false;true;true;2,41;0;2,04
1371;1,43;0,42;167;false;true;true;2,41;0;2,04
1372;1,43;0,41;167;false;true;true;2,41;0;2,04
1373;1,43;0,41;167;false;true;true;2,41;0;2,04
1374;1,44;0,41;167;false;true;true;2,41;0;2,04
1375;1,44;0,4;167;false;true;true;2,41;0;2,04
1376;1,44;0,4;167;false;true;true;2,41;0;2,04
1377;1,44;0,4;167;false;true;true;2,41;0;2,04
1378;1,44;0,4;167;false;true;true;2,41;0;2,04
1379;1,44;0,4;167;false;true;true;2,41;0;2,05
1380;1,44;0,4;167;false;true;true;2,41;0;2,05
1381;1,44;0,4;167;false;true;true;2,41;0;2,05
1382;1,44;0,4;167;false;true;true;2,41;0;2,05
1383;1,45;0,39;167;false;true;true;2,41;0;2,05
1384;1,45;0,4;167;false;true;true;2,41;0;2,05
1385;1,45;0,39;167;false;true;true;2,41;0;2,05
1386;1,45;0,39;167;false;true;true;2,41;0;2,05
1387;1,45;0,39;167;false;true;true;2,41;0;2,05
1388;1,45;0,38;167;false;true;true;2,41;0;2,05
1389;1,45;0,38;167;false;true;true;2,4;0;2,05
1390;1,45;0,37;167;false;true;true;2,4;0;2,05
1391;1,45;0,38;167;false;true;true;2,4;0;2,05
1392;1,45;0,37;167;false;true;true;2,4;0;2,06
1393;1,46;0,37;167;false;true;true;2,4;0;2,06
1394;1,46;0,37;167;false;true;true;2,4;0;2,06
1395;1,46;0,37;167;false;true;true;2,4;0;2,06
1396;1,46;0,37;167;false;true;true;2,4;0;2,06
1397;1,46;0,37;167;false;true;true;2,4;0;2,06
1398;1,46;0,37;167;false;true;true;2,4;0;2,06
1399;1,46;0,37;167;false;true;true;2,4;0;2,06
1400;1,46;0,37;167;false;true;true;2,4;0;2,06
1401;1,46;0,37;167;false;true;true;2,41;0;2,06
1402;1,46;0,37;167;false;true;true;2,4;0;2,06
1403;1,47;0,36;167;false;true;true;2,4;0;2,06
1404;1,47;0,37;167;false;true;true;2,41;0;2,06
1405;1,47;0,36;167;false;true;true;2,4;0;2,06
1406;1,47;0,36;167;false;true;true;2,4;0;2,06
1407;1,47;0,36;167;false;true;true;2,4;0;2,06
1408;1,47;0,36;167;false;true;true;2,41;0;2,06
1409;1,47;0,36;167;false;true;true;2,4;0;2,07
1410;1,47;0,36;167;false;true;true;2,4;0;2,07
1411;1,47;0,36;167;false;true;true;2,4;0;2,07
1412;1,47;0,36;167;false;true;true;2,4;0;2,07
1413;1,48;0,36;167;false;true;true;2,4;0;2,07
1414;1,48;0,35;167;false;true;true;2,4;0;2,07
1415;1,48;0,35;167;false;true;true;2,4;0;2,07
1416;1,48;0,35;167;false;true;true;2,4;0;2,07
1417;1,48;0,35;167;false;true;true;2,4;0;2,07
1418;1,48;0,35;167;false;true;true;2,4;0;2,07
1419;1,48;0,35;167;false;true;true;2,4;0;2,07
1420;1,48;0,35;167;false;true;true;2,4;0;2,07
1421;1,48;0,34;167;false;true;true;2,4;0;2,07
1422;1,48;0,34;167;false;true;true;2,39;0;2,07
1423;1,49;0,34;167;false;true;true;2,39;0;2,07
1424;1,49;0,34;167;false;true;true;2,39;0;2,07
1425;1,49;0,34;167;false;true;true;2,39;0;2,07
1426;1,49;0,33;167;false;true;true;2,39;0;2,07
1427;1,49;0,34;167;false;true;true;2,39;0;2,07
1428;1,49;0,33;167;false;true;true;2,39;0;2,07
1429;1,49;0,33;167;false;true;true;2,39;0;2,08
1430;1,49;0,33;167;false;true;true;2,39;0;2,08
1431;1,49;0,33;167;false;true;true;2,39;0;2,08
1432;1,49;0,33;167;false;true;true;2,39;0;2,08
1433;1,5;0,33;167;false;true;true;2,39;0;2,08
1434;1,5;0,33;167;false;true;true;2,39;0;2,08
1435;1,5;0,33;167;false;true;true;2,39;0;2,08
1436;1,5;0,33;167;false;true;true;2,4;0;2,08
1437;1,5;0,33;167;false;true;true;2,4;0;2,08
1438;1,5;0,33;167;false;true;true;2,4;0;2,08
1439;1,5;0,33;167;false;true;true;2,4;0;2,08
1440;1,5;0,33;167;false;true;true;2,4;0;2,08
1441;1,5;0,33;167;false;true;true;2,4;0;2,08
1442;1,5;0,33;167;false;true;true;2,4;0;2,08
1443;1,5;0,33;167;false;true;true;2,4;0;2,08
1444;1,51;0,33;167;false;true;true;2,4;0;2,08
1445;1,51;0,33;167;false;true;true;2,4;0;2,08
1446;1,51;0,33;167;false;true;true;2,4;0;2,08
1447;1,51;0,33;167;false;true;true;2,4;0;2,08
1448;1,51;0,33;167;false;true;true;2,4;0;2,08
1449;1,51;0,33;167;false;true;true;2,4;0;2,08
1450;1,51;0,33;167;false;true;true;2,4;0;2,08
1451;1,51;0,33;167;false;true;true;2,4;0;2,08
1452;1,51;0,33;167;false;true;true;2,4;0;2,09
1453;1,51;0,33;167;false;true;true;2,4;0;2,09
1454;1,52;0,33;167;false;true;true;2,4;0;2,09
1455;1,52;0,33;167;false;true;true;2,4;0;2,09
1456;1,52;0,32;167;false;true;true;2,4;0;2,09
1457;1,52;0,32;167;false;true;true;2,39;0;2,09
1458;1,52;0,32;167;false;true;true;2,39;0;2,09
1459;1,52;0,32;167;false;true;true;2,39;0;2,09
1460;1,52;0,32;167;false;true;true;2,39;0;2,09
1461;1,52;0,32;167;false;true;true;2,39;0;2,09
1462;1,52;0,32;167;false;true;true;2,39;0;2,09
1463;1,52;0,32;167;false;true;true;2,39;0;2,09
1464;1,53;0,32;167;false;true;true;2,39;0;2,09
1465;1,53;0,32;167;false;true;true;2,39;0;2,09
1466;1,53;0,32;167;false;true;true;2,39;0;2,09
1467;1,53;0,32;167;false;true;true;2,4;0;2,09
1468;1,53;0,32;167;false;true;true;2,4;0;2,09
1469;1,53;0,32;167;false;true;true;2,4;0;2,09
1470;1,53;0,32;167;false;true;true;2,4;0;2,09
1471;1,53;0,32;167;false;true;true;2,4;0;2,09
1472;1,53;0,32;167;false;true;true;2,4;0;2,09
1473;1,53;0,31;167;false;true;true;2,39;0;2,09
1474;1,54;0,32;167;false;true;true;2,4;0;2,09
1475;1,54;0,32;167;false;true;true;2,4;0;2,09
1476;1,54;0,32;167;false;true;true;2,4;0;2,1
1477;1,54;0,31;167;false;true;true;2,4;0;2,1
1478;1,54;0,31;167;false;true;true;2,4;0;2,1
1479;1,54;0,31;167;false;true;true;2,39;0;2,1
1480;1,54;0,31;167;false;true;true;2,39;0;2,1
1481;1,54;0,31;167;false;true;true;2,39;0;2,1
1482;1,54;0,31;167;false;true;true;2,39;0;2,1
1483;1,54;0,31;167;false;true;true;2,39;0;2,1
1484;1,55;0,31;167;false;true;true;2,39;0;2,1
1485;1,55;0,3;167;false;true;true;2,39;0;2,1
1486;1,55;0,31;167;false;true;true;2,39;0;2,1
1487;1,55;0,31;167;false;true;true;2,39;0;2,1
1488;1,55;0,31;167;false;true;true;2,39;0;2,1
1489;1,55;0,3;167;false;true;true;2,39;0;2,1
1490;1,55;0,3;167;false;true;true;2,39;0;2,1
1491;1,55;0,3;167;false;true;true;2,39;0;2,1
1492;1,55;0,3;167;false;true;true;2,39;0;2,1
1493;1,55;0,3;167;false;true;true;2,39;0;2,1
1494;1,56;0,31;167;false;true;true;2,39;0;2,1
1495;1,56;0,31;167;false;true;true;2,4;0;2,1
1496;1,56;0,31;167;false;true;true;2,4;0;2,1
1497;1,56;0,3;167;false;true;true;2,39;0;2,1
1498;1,56;0,3;167;false;true;true;2,4;0;2,1
1499;1,56;0,3;167;false;true;true;2,39;0;2,1
1500;1,56;0,3;167;false;true;true;2,39;0;2,1
1501;1,56;0,3;167;false;true;true;2,39;0;2,11
1502;1,56;0,3;167;false;true;true;2,39;0;2,11
1503;1,57;0,3;167;false;true;true;2,39;0;2,11
1504;1,57;0,3;167;false;true;true;2,39;0;2,11
1505;1,57;0,3;167;false;true;true;2,39;0;2,11
1506;1,57;0,3;167;false;true;true;2,39;0;2,11
1507;1,57;0,3;167;false;true;true;2,39;0;2,11
1508;1,57;0,29;167;false;true;true;2,39;0;2,11
1509;1,57;0,3;167;false;true;true;2,39;0;2,11
1510;1,57;0,3;167;false;true;true;2,39;0;2,11
1511;1,57;0,3;167;false;true;true;2,4;0;2,11
1512;1,57;0,3;167;false;true;true;2,39;0;2,11
1513;1,58;0,3;167;false;true;true;2,39;0;2,11
1514;1,58;0,29;167;false;true;true;2,39;0;2,11
1515;1,58;0,3;167;false;true;true;2,4;0;2,11
1516;1,58;0,3;167;false;true;true;2,4;0;2,11
1517;1,58;0,3;167;false;true;true;2,4;0;2,11
1518;1,58;0,3;167;false;true;true;2,4;0;2,11
1519;1,58;0,3;167;false;true;true;2,4;0;2,11
1520;1,58;0,3;167;false;true;true;2,4;0;2,11
1521;1,58;0,3;167;false;true;true;2,4;0;2,11
1522;1,58;0,3;167;false;true;true;2,4;0;2,11
1523;1,59;0,3;167;false;true;true;2,4;0;2,11
1524;1,59;0,29;167;false;true;true;2,4;0;2,11
1525;1,59;0,29;167;false;true;true;2,4;0;2,11
1526;1,59;0,29;167;false;true;true;2,4;0;2,12
1527;1,59;0,29;167;false;true;true;2,39;0;2,12
1528;1,59;0,29;167;false;true;true;2,39;0;2,12
1529;1,59;0,29;167;false;true;true;2,39;0;2,12
1530;1,59;0,29;167;false;true;true;2,39;0;2,12
1531;1,59;0,29;167;false;true;true;2,39;0;2,12
1532;1,59;0,29;167;false;true;true;2,39;0;2,12
1533;1,6;0,29;167;false;true;true;2,39;0;2,12
1534;1,6;0,29;167;false;true;true;2,4;0;2,12
1535;1,6;0,29;167;false;true;true;2,4;0;2,12
1536;1,6;0,29;167;false;true;true;2,4;0;2,12
1537;1,6;0,29;167;false;true;true;2,4;0;2,12
1538;1,6;0,29;167;false;true;true;2,4;0;2,12
1539;1,6;0,29;167;false;true;true;2,39;0;2,12
1540;1,6;0,29;167;false;true;true;2,4;0;2,12
1541;1,6;0,29;167;false;true;true;2,4;0;2,12
1542;1,6;0,29;167;false;true;true;2,4;0;2,12
1543;1,61;0,29;167;false;true;true;2,4;0;2,12
1544;1,61;0,29;167;false;true;true;2,4;0;2,12
1545;1,61;0,29;167;false;true;true;2,4;0;2,12
1546;1,61;0,29;167;false;true;true;2,4;0;2,12
1547;1,61;0,29;167;false;true;true;2,4;0;2,12
1548;1,61;0,29;167;false;true;true;2,4;0;2,12
1549;1,61;0,28;167;false;true;true;2,39;0;2,12
1550;1,61;0,28;167;false;true;true;2,39;0;2,12
1551;1,61;0,28;167;false;true;true;2,39;0;2,12
1552;1,61;0,28;167;false;true;true;2,39;0;2,13
1553;1,62;0,28;167;false;true;true;2,39;0;2,13
1554;1,62;0,28;167;false;true;true;2,39;0;2,13
1555;1,62;0,28;167;false;true;true;2,4;0;2,13
1556;1,62;0,28;167;false;true;true;2,4;0;2,13
1557;1,62;0,28;167;false;true;true;2,4;0;2,13
1558;1,62;0,28;167;false;true;true;2,4;0;2,13
1559;1,62;0,28;167;false;true;true;2,4;0;2,13
1560;1,62;0,28;167;false;true;true;2,39;0;2,13
1561;1,62;0,28;167;false;true;true;2,39;0;2,13
1562;1,62;0,28;167;false;true;true;2,4;0;2,13
1563;1,62;0,28;167;false;true;true;2,4;0;2,13
1564;1,63;0,28;167;false;true;true;2,4;0;2,13
1565;1,63;0,28;167;false;true;true;2,4;0;2,13
1566;1,63;0,28;167;false;true;true;2,4;0;2,13
1567;1,63;0,28;167;false;true;true;2,4;0;2,13
1568;1,63;0,28;167;false;true;true;2,4;0;2,13
1569;1,63;0,28;167;false;true;true;2,4;0;2,13
1570;1,63;0,28;167;false;true;true;2,4;0;2,13
1571;1,63;0,28;167;false;true;true;2,4;0;2,13
1572;1,63;0,28;167;false;true;true;2,4;0;2,13
1573;1,63;0,27;167;false;true;true;2,4;0;2,13
1574;1,64;0,28;167;false;true;true;2,4;0;2,13
1575;1,64;0,27;167;false;true;true;2,4;0;2,13
1576;1,64;0,28;167;false;true;true;2,4;0;2,13
1577;1,64;0,27;167;false;true;true;2,4;0;2,13
1578;1,64;0,27;167;false;true;true;2,4;0;2,14
1579;1,64;0,27;167;false;true;true;2,4;0;2,14
1580;1,64;0,27;167;false;true;true;2,4;0;2,14
1581;1,64;0,27;167;false;true;true;2,4;0;2,14
1582;1,64;0,27;167;false;true;true;2,4;0;2,14
1583;1,64;0,27;167;false;true;true;2,4;0;2,14
1584;1,65;0,28;167;false;true;true;2,4;0;2,14
1585;1,65;0,28;167;false;true;true;2,4;0;2,14
1586;1,65;0,28;167;false;true;true;2,4;0;2,14
1587;1,65;0,28;167;false;true;true;2,4;0;2,14
1588;1,65;0,28;167;false;true;true;2,41;0;2,14
1589;1,65;0,27;167;false;true;true;2,4;0;2,14
1590;1,65;0,27;167;false;true;true;2,4;0;2,14
1591;1,65;0,27;167;false;true;true;2,4;0;2,14
1592;1,65;0,27;167;false;true;true;2,4;0;2,14
1593;1,65;0,27;167;false;true;true;2,4;0;2,14
1594;1,66;0,27;167;false;true;true;2,4;0;2,14
1595;1,66;0,27;167;false;true;true;2,4;0;2,14
1596;1,66;0,27;167;false;true;true;2,4;0;2,14
1597;1,66;0,27;167;false;true;true;2,4;0;2,14
1598;1,66;0,27;167;false;true;true;2,4;0;2,14
1599;1,66;0,27;167;false;true;true;2,4;0;2,14
1600;1,66;0,27;167;false;true;true;2,4;0;2,14
1601;1,66;0,27;167;false;true;true;2,4;0;2,15
1602;1,66;0,27;167;false;true;true;2,4;0;2,15
1603;1,66;0,27;167;false;true;true;2,41;0;2,15
1604;1,67;0,27;167;false;true;true;2,4;0;2,15
1605;1,67;0,27;167;false;true;true;2,4;0;2,15
1606;1,67;0,27;167;false;true;true;2,4;0;2,15
1607;1,67;0,27;167;false;true;true;2,4;0;2,15
1608;1,67;0,27;167;false;true;true;2,41;0;2,15
1609;1,67;0,27;167;false;true;true;2,41;0;2,15
1610;1,67;0,27;167;false;true;true;2,41;0;2,15
1611;1,67;0,27;167;false;true;true;2,41;0;2,15
1612;1,67;0,27;167;false;true;true;2,41;0;2,15
1613;1,67;0,27;167;false;true;true;2,41;0;2,15
1614;1,68;0,27;167;false;true;true;2,41;0;2,15
1615;1,68;0,27;167;false;true;true;2,41;0;2,15
1616;1,68;0,27;167;false;true;true;2,41;0;2,15
1617;1,68;0,27;167;false;true;true;2,41;0;2,15
1618;1,68;0,27;167;false;true;true;2,41;0;2,15
1619;1,68;0,27;167;false;true;true;2,41;0;2,15
1620;1,68;0,27;167;false;true;true;2,41;0;2,15
1621;1,68;0,26;167;false;true;true;2,41;0;2,15
1622;1,68;0,26;167;false;true;true;2,41;0;2,15
1623;1,68;0,26;167;false;true;true;2,41;0;2,16
1624;1,69;0,26;167;false;true;true;2,41;0;2,16
1625;1,69;0,26;167;false;true;true;2,41;0;2,16
1626;1,69;0,26;167;false;true;true;2,41;0;2,16
1627;1,69;0,26;167;false;true;true;2,41;0;2,16
1628;1,69;0,26;167;false;true;true;2,41;0;2,16
1629;1,69;0,26;167;false;true;true;2,41;0;2,16
1630;1,69;0,26;167;false;true;true;2,41;0;2,16
1631;1,69;0,26;167;false;true;true;2,41;0;2,16
1632;1,69;0,26;167;false;true;true;2,41;0;2,16
1633;1,7;0,26;167;false;true;true;2,41;0;2,16
1634;1,7;0,26;167;false;true;true;2,41;0;2,16
1635;1,7;0,26;167;false;true;true;2,41;0;2,16
1636;1,7;0,26;167;false;true;true;2,41;0;2,16
1637;1,7;0,26;167;false;true;true;2,41;0;2,16
1638;1,7;0,26;167;false;true;true;2,41;0;2,16
1639;1,7;0,26;167;false;true;true;2,42;0;2,16
1640;1,7;0,26;167;false;true;true;2,41;0;2,16
1641;1,7;0,26;167;false;true;true;2,42;0;2,16
1642;1,7;0,26;167;false;true;true;2,41;0;2,16
1643;1,71;0,26;167;false;true;true;2,42;0;2,17
1644;1,71;0,26;167;false;true;true;2,41;0;2,17
1645;1,71;0,26;167;false;true;true;2,42;0;2,17
1646;1,71;0,26;167;false;true;true;2,41;0;2,17
1647;1,71;0,26;167;false;true;true;2,41;0;2,17
1648;1,71;0,26;167;false;true;true;2,41;0;2,17
1649;1,71;0,25;167;false;true;true;2,41;0;2,17
1650;1,71;0,26;167;false;true;true;2,41;0;2,17
1651;1,71;0,26;167;false;true;true;2,41;0;2,17
1652;1,71;0,26;167;false;true;true;2,42;0;2,17
1653;1,72;0,26;167;false;true;true;2,42;0;2,17
1654;1,72;0,26;167;false;true;true;2,42;0;2,17
1655;1,72;0,26;167;false;true;true;2,42;0;2,17
1656;1,72;0,26;167;false;true;true;2,42;0;2,17
1657;1,72;0,26;167;false;true;true;2,42;0;2,17
1658;1,72;0,26;167;false;true;true;2,42;0;2,17
1659;1,72;0,26;167;false;true;true;2,42;0;2,17
1660;1,72;0,26;167;false;true;true;2,42;0;2,18
1661;1,72;0,26;167;false;true;true;2,42;0;2,18
1662;1,72;0,26;167;false;true;true;2,42;0;2,18
1663;1,73;0,26;167;false;true;true;2,42;0;2,18
1664;1,73;0,26;167;false;true;true;2,42;0;2,18
1665;1,73;0,26;167;false;true;true;2,42;0;2,18
1666;1,73;0,26;167;false;true;true;2,43;0;2,18
1667;1,73;0,26;167;false;true;true;2,43;0;2,18
1668;1,73;0,26;167;false;true;true;2,43;0;2,18
1669;1,73;0,26;167;false;true;true;2,43;0;2,18
1670;1,73;0,26;167;false;true;true;2,43;0;2,18
1671;1,73;0,26;167;false;true;true;2,43;0;2,18
1672;1,73;0,26;167;false;true;true;2,43;0;2,18
1673;1,74;0,25;167;false;true;true;2,42;0;2,18
1674;1,74;0,25;167;false;true;true;2,42;0;2,18
1675;1,74;0,25;167;false;true;true;2,42;0;2,18
1676;1,74;0,25;167;false;true;true;2,43;0;2,19
1677;1,74;0,25;167;false;true;true;2,43;0;2,19
1678;1,74;0,25;167;false;true;true;2,43;0;2,19
1679;1,74;0,25;167;false;true;true;2,43;0;2,19
1680;1,74;0,25;167;false;true;true;2,43;0;2,19
1681;1,74;0,25;167;false;true;true;2,43;0;2,19
1682;1,74;0,25;167;false;true;true;2,43;0;2,19
1683;1,75;0,26;167;false;true;true;2,43;0;2,19
1684;1,75;0,25;167;false;true;true;2,43;0;2,19
1685;1,75;0,25;167;false;true;true;2,43;0;2,19
1686;1,75;0,25;167;false;true;true;2,43;0;2,19
1687;1,75;0,25;167;false;true;true;2,43;0;2,19
1688;1,75;0,25;167;false;true;true;2,43;0;2,19
1689;1,75;0,25;167;false;true;true;2,43;0;2,2
1690;1,75;0,25;167;false;true;true;2,43;0;2,2
1691;1,75;0,25;167;false;true;true;2,43;0;2,2
1692;1,75;0,25;167;false;true;true;2,44;0;2,2
1693;1,75;0,25;167;false;true;true;2,44;0;2,2
1694;1,76;0,25;167;false;true;true;2,44;0;2,2
1695;1,76;0,25;167;false;true;true;2,44;0;2,2
1696;1,76;0,26;167;false;true;true;2,44;0;2,2
1697;1,76;0,25;167;false;true;true;2,44;0;2,2
1698;1,76;0,25;167;false;true;true;2,44;0;2,2
1699;1,76;0,25;167;false;true;true;2,44;0;2,2
1700;1,76;0,25;167;false;true;true;2,44;0;2,2
1701;1,76;0,25;167;false;true;true;2,45;0;2,21
1702;1,76;0,25;167;false;true;true;2,45;0;2,21
1703;1,76;0,25;167;false;true;true;2,45;0;2,21
1704;1,77;0,25;167;false;true;true;2,45;0;2,21
1705;1,77;0,25;167;false;true;true;2,45;0;2,21
1706;1,77;0,25;167;false;true;true;2,45;0;2,21
1707;1,77;0,25;167;false;true;true;2,45;0;2,21
1708;1,77;0,25;167;false;true;true;2,45;0;2,21
1709;1,77;0,25;167;false;true;true;2,45;0;2,21
1710;1,78;0,25;167;false;true;true;2,45;0;2,22
1711;1,78;0,25;167;false;true;true;2,45;0;2,22
1712;1,78;0,25;167;false;true;true;2,45;0;2,22
1713;1,79;0,25;167;false;true;true;2,45;0;2,22
1714;1,79;0,25;167;false;true;true;2,45;0;2,22
1715;1,79;0,25;167;false;true;true;2,45;0;2,22
1716;1,79;0,25;167;false;true;true;2,46;0;2,22
1717;1,79;0,25;167;false;true;true;2,46;0;2,22
1718;1,79;0,25;167;false;true;true;2,46;0;2,22
1719;1,79;0,25;167;false;true;true;2,46;0;2,23
1720;1,79;0,25;167;false;true;true;2,46;0;2,23
1721;1,79;0,25;167;false;true;true;2,46;0;2,23
1722;1,79;0,25;167;false;true;true;2,46;0;2,23
1723;1,8;0,25;167;false;true;true;2,46;0;2,23
1724;1,8;0,25;167;false;true;true;2,46;0;2,23
1725;1,8;0,25;167;false;true;true;2,47;0;2,23
1726;1,8;0,25;167;false;true;true;2,47;0;2,24
1727;1,8;0,25;167;false;true;true;2,47;0;2,24
1728;1,8;0,25;167;false;true;true;2,47;0;2,24
1729;1,8;0,25;167;false;true;true;2,47;0;2,24
1730;1,8;0,25;167;false;true;true;2,47;0;2,24
1731;1,8;0,25;167;false;true;true;2,47;0;2,24
1732;1,8;0,25;167;false;true;true;2,48;0;2,25
1733;1,81;0,25;167;false;true;true;2,48;0;2,25
1734;1,81;0,25;167;false;true;true;2,48;0;2,25
1735;1,81;0,25;167;false;true;true;2,48;0;2,25
1736;1,81;0,25;167;false;true;true;2,48;0;2,25
1737;1,81;0,25;167;false;true;true;2,49;0;2,26
1738;1,81;0,26;167;false;true;true;2,49;0;2,26
1739;1,81;0,26;167;false;true;true;2,49;0;2,26
1740;1,81;0,26;167;false;true;true;2,5;0;2,26
1741;1,81;0,26;167;false;true;true;2,5;0;2,27
1742;1,82;0,26;167;false;true;true;2,5;0;2,27
1743;1,82;0,26;167;false;true;true;2,5;0;2,27
1744;1,82;0,26;167;false;true;true;2,51;0;2,27
1745;1,82;0,26;167;false;true;true;2,51;0;2,28
1746;1,82;0,26;167;false;true;true;2,51;0;2,28
1747;1,82;0,26;167;false;true;true;2,51;0;2,28
1748;1,82;0,26;167;false;true;true;2,52;0;2,29
1749;1,82;0,26;167;false;true;true;2,52;0;2,29
1750;1,83;0,26;167;false;true;true;2,52;0;2,29
1751;1,83;0,27;167;false;true;true;2,53;0;2,3
1752;1,83;0,27;167;false;true;true;2,53;0;2,3
1753;1,83;0,27;167;false;true;true;2,54;0;2,31
1754;1,83;0,27;167;false;true;true;2,54;0;2,31
1755;1,83;0,28;167;false;true;true;2,55;0;2,32
1756;1,84;0,28;167;false;true;true;2,55;0;2,32
1757;1,84;0,28;167;false;true;true;2,56;0;2,33
1758;1,84;0,29;167;false;true;true;2,57;0;2,34
1759;1,84;0,29;167;false;true;true;2,58;0;2,34
1760;1,84;0,3;167;false;true;true;2,58;0;2,35
1761;1,84;0,3;167;false;true;true;2,59;0;2,36
1762;1,84;0,31;167;false;true;true;2,6;0;2,37
1763;1,84;0,32;167;false;true;true;2,61;0;2,39
1764;1,84;0,32;167;false;true;true;2,63;0;2,4
1765;1,84;0,33;167;false;true;true;2,64;0;2,42
1766;1,85;0,35;167;false;true;true;2,66;0;2,44
1767;1,85;0,36;167;false;true;true;2,67;0;2,46
1768;1,85;0,39;167;false;true;true;2,7;0;2,5
1769;1,85;0,42;167;false;true;true;2,73;0;2,54
1770;1,85;0,47;167;false;true;true;2,77;0;2,61
1771;1,85;0,56;167;false;true;true;2,82;0;2,71
1772;1,85;0,8;166;false;true;true;2,47;0;1,97
1773;1,85;0,69;166;false;true;true;2,35;0;1,98
1774;1,85;0,62;166;false;true;true;2,28;0;1,99
1775;1,85;0,58;166;false;true;true;2,28;0;2
1776;1,86;0,54;166;false;true;true;2,3;0;2
1777;1,86;0,52;166;false;true;true;2,31;0;2
1778;1,86;0,5;166;false;true;true;2,33;0;2,01
1779;1,86;0,49;166;false;true;true;2,34;0;2,01
1780;1,86;0,47;166;false;true;true;2,35;0;2,01
1781;1,86;0,46;166;false;true;true;2,35;0;2,02
1782;1,86;0,45;166;false;true;true;2,36;0;2,02
1783;1,86;0,44;166;false;true;true;2,36;0;2,02
1784;1,86;0,44;166;false;true;true;2,36;0;2,02
1785;1,86;0,43;166;false;true;true;2,36;0;2,02
1786;1,87;0,42;166;false;true;true;2,37;0;2,03
1787;1,87;0,42;166;false;true;true;2,37;0;2,03
1788;1,87;0,41;166;false;true;true;2,37;0;2,03
1789;1,87;0,41;166;false;true;true;2,37;0;2,03
1790;1,87;0,4;166;false;true;true;2,37;0;2,03
1791;1,87;0,4;166;false;true;true;2,37;0;2,03
1792;1,87;0,4;166;false;true;true;2,37;0;2,03
1793;1,87;0,39;166;false;true;true;2,37;0;2,04
1794;1,87;0,39;166;false;true;true;2,37;0;2,04
1795;1,87;0,38;166;false;true;true;2,37;0;2,04
1796;1,88;0,38;166;false;true;true;2,37;0;2,04
1797;1,88;0,38;166;false;true;true;2,37;0;2,04
1798;1,88;0,37;166;false;true;true;2,37;0;2,04
1799;1,88;0,37;166;false;true;true;2,37;0;2,04
1800;1,88;0,37;166;false;true;true;2,37;0;2,04
1801;1,88;0,36;166;false;true;true;2,37;0;2,04
1802;1,88;0,36;166;false;true;true;2,37;0;2,04
1803;1,88;0,36;166;false;true;true;2,37;0;2,05
1804;1,88;0,36;166;false;true;true;2,37;0;2,05
1805;1,88;0,35;166;false;true;true;2,37;0;2,05
1806;1,88;0,35;166;false;true;true;2,37;0;2,05
1807;1,89;0,35;166;false;true;true;2,37;0;2,05
1808;1,89;0,35;166;false;true;true;2,37;0;2,05
1809;1,89;0,34;166;false;true;true;2,37;0;2,05
1810;1,89;0,34;166;false;true;true;2,37;0;2,05
1811;1,89;0,34;166;false;true;true;2,36;0;2,05
1812;1,89;0,34;166;false;true;true;2,36;0;2,05
1813;1,89;0,34;166;false;true;true;2,36;0;2,05
1814;1,89;0,34;166;false;true;true;2,37;0;2,05
1815;1,89;0,33;166;false;true;true;2,36;0;2,05
1816;1,89;0,33;166;false;true;true;2,36;0;2,06
1817;1,9;0,33;166;false;true;true;2,36;0;2,06
1818;1,9;0,33;166;false;true;true;2,36;0;2,06
1819;1,9;0,33;166;false;true;true;2,36;0;2,06
1820;1,9;0,33;166;false;true;true;2,36;0;2,06
1821;1,9;0,33;166;false;true;true;2,36;0;2,06
1822;1,9;0,33;166;false;true;true;2,36;0;2,06
1823;1,9;0,32;166;false;true;true;2,36;0;2,06
1824;1,9;0,32;166;false;true;true;2,36;0;2,06
1825;1,9;0,32;166;false;true;true;2,36;0;2,06
1826;1,9;0,32;166;false;true;true;2,36;0;2,06
1827;1,91;0,32;166;false;true;true;2,36;0;2,06
1828;1,91;0,32;166;false;true;true;2,36;0;2,06
1829;1,91;0,32;166;false;true;true;2,36;0;2,06
1830;1,91;0,32;166;false;true;true;2,36;0;2,06
1831;1,91;0,32;166;false;true;true;2,36;0;2,06
1832;1,91;0,32;166;false;true;true;2,36;0;2,06
1833;1,91;0,32;166;false;true;true;2,36;0;2,06
1834;1,91;0,32;166;false;true;true;2,36;0;2,07
1835;1,91;0,31;166;false;true;true;2,36;0;2,07
1836;1,91;0,31;166;false;true;true;2,36;0;2,07
1837;1,92;0,31;166;false;true;true;2,36;0;2,07
1838;1,92;0,31;166;false;true;true;2,36;0;2,07
1839;1,92;0,31;166;false;true;true;2,36;0;2,07
1840;1,92;0,31;166;false;true;true;2,36;0;2,07
1841;1,92;0,31;166;false;true;true;2,36;0;2,07
1842;1,92;0,31;166;false;true;true;2,36;0;2,07
1843;1,92;0,31;166;false;true;true;2,36;0;2,07
1844;1,92;0,31;166;false;true;true;2,36;0;2,07
1845;1,92;0,31;166;false;true;true;2,36;0;2,07
1846;1,92;0,3;166;false;true;true;2,36;0;2,07
1847;1,93;0,3;166;false;true;true;2,36;0;2,07
1848;1,93;0,3;166;false;true;true;2,36;0;2,07
1849;1,93;0,3;166;false;true;true;2,36;0;2,07
1850;1,93;0,3;166;false;true;true;2,36;0;2,07
1851;1,93;0,3;166;false;true;true;2,36;0;2,07
1852;1,93;0,3;166;false;true;true;2,36;0;2,07
1853;1,93;0,3;166;false;true;true;2,36;0;2,07
1854;1,93;0,3;166;false;true;true;2,36;0;2,07
1855;1,93;0,3;166;false;true;true;2,36;0;2,07
1856;1,93;0,3;166;false;true;true;2,36;0;2,08
1857;1,94;0,3;166;false;true;true;2,36;0;2,08
1858;1,94;0,3;166;false;true;true;2,36;0;2,08
1859;1,94;0,3;166;false;true;true;2,36;0;2,08
1860;1,94;0,3;166;false;true;true;2,36;0;2,08
1861;1,94;0,3;166;false;true;true;2,36;0;2,08
1862;1,94;0,29;166;false;true;true;2,36;0;2,08
1863;1,94;0,29;166;false;true;true;2,36;0;2,08
1864;1,94;0,29;166;false;true;true;2,36;0;2,08
1865;1,94;0,29;166;false;true;true;2,36;0;2,08
1866;1,95;0,29;166;false;true;true;2,36;0;2,08
1867;1,95;0,29;166;false;true;true;2,36;0;2,08
1868;1,95;0,29;166;false;true;true;2,36;0;2,08
1869;1,95;0,29;166;false;true;true;2,36;0;2,08
1870;1,95;0,29;166;false;true;true;2,36;0;2,08
1871;1,95;0,29;166;false;true;true;2,36;0;2,08
1872;1,95;0,29;166;false;true;true;2,36;0;2,08
1873;1,95;0,29;166;false;true;true;2,36;0;2,08
1874;1,95;0,29;166;false;true;true;2,36;0;2,08
1875;1,95;0,29;166;false;true;true;2,36;0;2,08
1876;1,96;0,29;166;false;true;true;2,36;0;2,08
1877;1,96;0,29;166;false;true;true;2,36;0;2,08
1878;1,96;0,28;166;false;true;true;2,35;0;2,08
1879;1,96;0,28;166;false;true;true;2,35;0;2,08
1880;1,96;0,28;166;false;true;true;2,36;0;2,08
1881;1,96;0,28;166;false;true;true;2,35;0;2,08
1882;1,96;0,28;166;false;true;true;2,36;0;2,09
1883;1,96;0,28;166;false;true;true;2,36;0;2,09
1884;1,96;0,28;166;false;true;true;2,36;0;2,09
1885;1,96;0,28;166;false;true;true;2,35;0;2,09
1886;1,97;0,28;166;false;true;true;2,36;0;2,09
1887;1,97;0,28;166;false;true;true;2,36;0;2,09
1888;1,97;0,28;166;false;true;true;2,36;0;2,09
1889;1,97;0,28;166;false;true;true;2,36;0;2,09
1890;1,97;0,28;166;false;true;true;2,36;0;2,09
1891;1,97;0,28;166;false;true;true;2,36;0;2,09
1892;1,97;0,28;166;false;true;true;2,36;0;2,09
1893;1,97;0,28;166;false;true;true;2,35;0;2,09
1894;1,97;0,28;166;false;true;true;2,35;0;2,09
1895;1,97;0,28;166;false;true;true;2,36;0;2,09
1896;1,98;0,28;166;false;true;true;2,35;0;2,09
1897;1,98;0,28;166;false;true;true;2,36;0;2,09
1898;1,98;0,28;166;false;true;true;2,36;0;2,09
1899;1,98;0,28;166;false;true;true;2,36;0;2,09
1900;1,98;0,27;166;false;true;true;2,35;0;2,09
1901;1,98;0,27;166;false;true;true;2,35;0;2,09
1902;1,98;0,28;166;false;true;true;2,36;0;2,09
1903;1,98;0,27;166;false;true;true;2,36;0;2,09
1904;1,98;0,27;166;false;true;true;2,36;0;2,09
1905;1,98;0,27;166;false;true;true;2,35;0;2,09
1906;1,99;0,27;166;false;true;true;2,35;0;2,09
1907;1,99;0,27;166;false;true;true;2,35;0;2,09
1908;1,99;0,27;166;false;true;true;2,35;0;2,09
1909;1,99;0,27;166;false;true;true;2,35;0;2,09
1910;1,99;0,27;166;false;true;true;2,35;0;2,09
1911;1,99;0,27;166;false;true;true;2,36;0;2,1
1912;1,99;0,27;166;false;true;true;2,35;0;2,1
1913;1,99;0,27;166;false;true;true;2,35;0;2,1