lengthMiddleSegment: 85727.35
step_energy: 0.05
electrostatic_force_factor: 1.0
spring_force_factor: 0.1
reject_force_factor: 2.0
distanceRejectRadius: 21431.8375
distanceSamePosition: 21431.8375
Iteration;time;energy;num nodes;reject force is enabled;spring force is enabled;electrostatic force is enabled;str_force;rep_force;elec_force
1;0;46,42;1465;false;true;true;17,42;0;29,3
2;0,03;54,94;1410;false;true;true;18,66;0;37,84
3;0,11;56,12;1355;false;true;true;19,76;0;37,55
4;0,12;53,73;1299;false;true;true;18,38;0;37,23
5;0,13;50,08;1247;false;true;true;17,37;0;35,05
6;0,14;49,19;1196;false;true;true;17,07;0;34,07
7;0,14;46,91;1148;false;true;true;16,66;0;32,61
8;0,15;47,86;1100;false;true;true;16,81;0;33,52
9;0,16;46,62;1053;false;true;true;17,01;0;32,39
10;0,16;44,51;1009;false;true;true;16,94;0;30,61
11;0,16;44,1;967;false;true;true;16,76;0;30,35
12;0,17;42,74;919;false;true;true;16,98;0;27,61
13;0,18;42,09;888;false;true;true;15,95;0;28,38
14;0,18;40,47;856;false;true;true;15,84;0;27,4
15;0,19;40,37;834;false;true;true;16,26;0;28,18
16;0,19;37,08;805;false;true;true;15,66;0;23,47
17;0,2;35,93;785;false;true;true;15,11;0;23,96
18;0,2;32,9;759;false;true;true;14,3;0;21,04
19;0,21;32,35;739;false;true;true;14,67;0;21,51
20;0,21;29,95;721;false;true;true;14,75;0;19,25
21;0,21;27,94;706;false;true;true;14,71;0;17,39
22;0,22;28,31;696;false;true;true;14,37;0;18,83
23;0,22;26,47;681;false;true;true;14,44;0;15,8
24;0,22;24,62;672;false;true;true;13,36;0;14,53
25;0,23;25,02;666;false;true;true;13,09;0;15,66
26;0,23;23,53;657;false;true;true;13,51;0;13,78
27;0,24;22,26;648;false;true;true;13,28;0;11,51
28;0,24;21,86;644;false;true;true;12,26;0;12,09
29;0,24;22,31;640;false;true;true;12,97;0;13,57
30;0,25;21,35;632;false;true;true;12,97;0;11,91
31;0,25;21,9;629;false;true;true;12,84;0;13,46
32;0,25;22,24;623;false;true;true;13,19;0;13,38
33;0,26;21,7;616;false;true;true;13,38;0;12,28
34;0,26;21,77;610;false;true;true;13,36;0;12,18
35;0,26;21,11;605;false;true;true;12,7;0;11,7
36;0,27;21,18;601;false;true;true;12,62;0;12,5
37;0,27;20,58;597;false;true;true;12,94;0;12,74
38;0,27;20,96;593;false;true;true;13,29;0;13,49
39;0,28;21,89;588;false;true;true;13,99;0;14,29
40;0,28;20,86;580;false;true;true;13,58;0;11,95
41;0,28;20,68;575;false;true;true;13,09;0;11,58
42;0,28;20,64;572;false;true;true;12,48;0;12,56
43;0,29;20,47;567;false;true;true;12,91;0;12,4
44;0,29;20,73;565;false;true;true;13,25;0;14,05
45;0,29;20,57;557;false;true;true;13,27;0;11,89
46;0,3;20;551;false;true;true;13,05;0;10,8
47;0,3;20,43;548;false;true;true;12,53;0;11,69
48;0,31;19,99;543;false;true;true;12,39;0;11,23
49;0,31;18,86;538;false;true;true;12,17;0;10,17
50;0,31;18,61;536;false;true;true;11,73;0;11,12
51;0,31;18,46;534;false;true;true;12,02;0;12,05
52;0,32;18,41;529;false;true;true;13,07;0;11,59
53;0,32;18,66;526;false;true;true;13;0;12,13
54;0,32;18,17;522;false;true;true;12,84;0;11,56
55;0,33;17,78;517;false;true;true;12,92;0;10,54
56;0,33;17,66;513;false;true;true;12,5;0;10,11
57;0,34;16,82;509;false;true;true;11,7;0;8,89
58;0,34;16,99;508;false;true;true;11,9;0;10,37
59;0,34;16,31;505;false;true;true;11,77;0;10,07
60;0,35;16,21;503;false;true;true;12,02;0;10,44
61;0,35;16,79;500;false;true;true;12,99;0;11,17
62;0,35;17,12;497;false;true;true;12,74;0;11,41
63;0,35;17,51;493;false;true;true;12,64;0;11
64;0,36;17;488;false;true;true;12,61;0;9,71
65;0,36;17,38;484;false;true;true;11,87;0;9,23
66;0,36;16,74;481;false;true;true;11,21;0;8,71
67;0,37;16,52;479;false;true;true;11,38;0;9,35
68;0,37;15,86;476;false;true;true;11,21;0;8,68
69;0,37;16,05;475;false;true;true;11,37;0;9,86
70;0,37;16,44;472;false;true;true;12,19;0;10,26
71;0,38;16,29;466;false;true;true;11,79;0;8,3
72;0,42;15,61;464;false;true;true;11,09;0;8,21
73;0,42;15,14;462;false;true;true;10,93;0;8,41
74;0,42;15,35;461;false;true;true;11,07;0;9,46
75;0,42;15,86;459;false;true;true;11,63;0;10,17
76;0,43;15,63;455;false;true;true;12,24;0;9,4
77;0,43;16,04;453;false;true;true;11,81;0;9,65
78;0,43;15,72;449;false;true;true;11,39;0;8,58
79;0,43;15,94;447;false;true;true;11,57;0;9,36
80;0,44;15,24;443;false;true;true;11,24;0;8,13
81;0,44;14,69;441;false;true;true;10,67;0;7,92
82;0,44;14,67;440;false;true;true;10,89;0;8,83
83;0,44;14,99;439;false;true;true;11,28;0;9,85
84;0,45;15,32;437;false;true;true;11,85;0;10,13
85;0,45;16,05;434;false;true;true;12,54;0;10,41
86;0,45;14,77;428;false;true;true;11,92;0;7,69
87;0,46;14,29;427;false;true;true;11,3;0;8,01
88;0,46;14,6;427;false;true;true;11,26;0;9,49
89;0,46;14,28;423;false;true;true;11,47;0;8,29
90;0,46;14,72;423;false;true;true;11,86;0;9,91
91;0,47;14,43;419;false;true;true;11,71;0;8,38
92;0,47;14,64;418;false;true;true;11,82;0;9,31
93;0,47;14,11;415;false;true;true;11,74;0;8,48
94;0,47;14,52;415;false;true;true;11,97;0;10,02
95;0,47;14,91;412;false;true;true;11,69;0;9,28
96;0,48;14,92;409;false;true;true;11,66;0;8,68
97;0,48;14,44;407;false;true;true;11,74;0;8,65
98;0,48;14,8;406;false;true;true;11,69;0;9,57
99;0,48;14,28;402;false;true;true;11,21;0;7,79
100;0,49;14,45;402;false;true;true;11,41;0;9,17
101;0,49;14,69;398;false;true;true;11,25;0;7,99
102;0,49;14,76;397;false;true;true;11,12;0;8,73
103;0,49;14,31;394;false;true;true;10,93;0;7,65
104;0,49;14,39;393;false;true;true;11,07;0;8,36
105;0,5;14,47;391;false;true;true;11,3;0;8,51
106;0,5;13,72;388;false;true;true;10,68;0;7,13
107;0,5;13,66;388;false;true;true;10,81;0;8,18
108;0,5;14,29;388;false;true;true;11,42;0;9,8
109;0,51;14,39;383;false;true;true;11,73;0;8,18
110;0,51;13,46;380;false;true;true;10,98;0;6,72
111;0,51;13,46;380;false;true;true;10,88;0;7,8
112;0,51;13,21;378;false;true;true;10,58;0;7,34
113;0,51;13,05;376;false;true;true;10,8;0;7,28
114;0,52;12,88;375;false;true;true;10,8;0;7,48
115;0,52;13,22;374;false;true;true;11,05;0;8
116;0,52;13,17;372;false;true;true;11,15;0;7,8
117;0,52;12,97;370;false;true;true;11,07;0;7,56
118;0,53;12,49;369;false;true;true;11,05;0;7,67
119;0,53;12,72;369;false;true;true;11,25;0;8,79
120;0,53;12,84;366;false;true;true;11,3;0;7,98
121;0,54;13,16;366;false;true;true;11,77;0;9,29
122;0,54;13,41;363;false;true;true;11,94;0;8,77
123;0,54;13,98;361;false;true;true;11,74;0;9
124;0,54;13,4;358;false;true;true;11,07;0;7,81
125;0,54;13,39;356;false;true;true;10,58;0;7,46
126;0,55;13,31;354;false;true;true;10,25;0;7,16
127;0,55;12,46;352;false;true;true;9,77;0;6,44
128;0,55;11,93;351;false;true;true;9,58;0;6,37
129;0,55;11,76;351;false;true;true;9,75;0;7,07
130;0,56;11,9;351;false;true;true;10,3;0;7,99
131;0,56;12,61;351;false;true;true;11,16;0;9,46
132;0,56;12,48;347;false;true;true;11,29;0;7,82
133;0,56;12,31;346;false;true;true;11,28;0;8,12
134;0,56;12,45;344;false;true;true;11,09;0;7,92
135;0,57;12,66;343;false;true;true;11,1;0;8,5
136;0,57;12,51;340;false;true;true;10,83;0;7,79
137;0,57;12,32;338;false;true;true;10,54;0;7,5
138;0,57;12,03;336;false;true;true;10,13;0;6,84
139;0,57;11,81;335;false;true;true;10,12;0;7,31
140;0,58;11,68;334;false;true;true;9,94;0;7,38
141;0,58;11,59;333;false;true;true;10,03;0;7,69
142;0,58;10,49;331;false;true;true;10,3;0;6,86
143;0,58;10,52;331;false;true;true;10,62;0;7,64
144;0,59;11,02;331;false;true;true;11,18;0;8,85
145;0,59;10,99;326;false;true;true;10,62;0;6,18
146;0,59;10,74;326;false;true;true;10,41;0;6,94
147;0,59;10,46;324;false;true;true;9,87;0;6,2
148;0,59;10,36;324;false;true;true;9,79;0;6,93
149;0,6;10,54;323;false;true;true;9,87;0;7,23
150;0,6;10,18;320;false;true;true;9,51;0;5,65
151;0,6;9,82;320;false;true;true;9,39;0;6,14
152;0,6;9,79;320;false;true;true;9,5;0;6,82
153;0,6;9,62;319;false;true;true;9,38;0;6,61
154;0,61;9,29;318;false;true;true;9,46;0;6,36
155;0,61;9,18;318;false;true;true;9,74;0;6,86
156;0,61;9,23;318;false;true;true;10,11;0;7,49
157;0,61;9,51;318;false;true;true;10,61;0;8,34
158;0,61;9,96;317;false;true;true;11,07;0;8,73
159;0,62;10,17;314;false;true;true;10,86;0;7,59
160;0,62;9,99;313;false;true;true;10,5;0;7,52
161;0,62;9,87;310;false;true;true;9,55;0;5,92
162;0,62;9,8;310;false;true;true;9,4;0;6,64
163;0,62;9,62;308;false;true;true;9,15;0;5,86
164;0,63;9,46;308;false;true;true;9,16;0;6,49
165;0,63;9,43;306;false;true;true;8,78;0;5,65
166;0,63;9,01;305;false;true;true;8,48;0;5,31
167;0,63;8,92;305;false;true;true;8,66;0;5,85
168;0,63;9,03;304;false;true;true;8,74;0;5,88
169;0,64;8,74;303;false;true;true;8,73;0;5,56
170;0,64;8,69;302;false;true;true;8,76;0;5,43
171;0,64;8,52;301;false;true;true;8,62;0;5,2
172;0,64;8,34;301;false;true;true;8,67;0;5,63
173;0,64;8,38;301;false;true;true;8,94;0;6,23
174;0,65;8,28;300;false;true;true;8,98;0;6,03
175;0,65;8,46;300;false;true;true;9,26;0;6,77
176;0,65;8,72;297;false;true;true;8,87;0;5,23
177;0,65;8,26;296;false;true;true;8,32;0;4,84
178;0,65;7,98;296;false;true;true;8,18;0;5,22
179;0,66;7,86;295;false;true;true;7,97;0;4,89
180;0,66;7,62;295;false;true;true;8,03;0;5,23
181;0,66;7,55;295;false;true;true;8,27;0;5,66
182;0,66;7,48;294;false;true;true;8,34;0;5,41
183;0,66;7,44;294;false;true;true;8,53;0;5,86
184;0,67;7,66;294;false;true;true;8,84;0;6,56
185;0,67;7,31;292;false;true;true;8,34;0;5,32
186;0,67;7,28;291;false;true;true;8,2;0;5,12
187;0,67;6,89;290;false;true;true;7,76;0;4,52
188;0,67;6,68;290;false;true;true;7,7;0;4,77
189;0,68;6,57;290;false;true;true;7,76;0;5,05
190;0,68;6,55;290;false;true;true;7,96;0;5,41
191;0,68;6,72;290;false;true;true;8,29;0;5,96
192;0,68;6,65;288;false;true;true;7,96;0;4,8
193;0,68;6,48;288;false;true;true;7,93;0;5,11
194;0,69;6,38;287;false;true;true;7,78;0;4,77
195;0,69;6,2;287;false;true;true;7,73;0;5,02
196;0,69;6,12;287;false;true;true;7,84;0;5,32
197;0,69;6,18;287;false;true;true;8,07;0;5,73
198;0,69;6,14;286;false;true;true;7,88;0;5,29
199;0,7;6,23;286;false;true;true;8,06;0;5,77
200;0,7;6,13;285;false;true;true;7,91;0;5,34
201;0,7;5,9;284;false;true;true;7,59;0;4,74
202;0,7;5,7;284;false;true;true;7,55;0;4,94
203;0,7;5,57;284;false;true;true;7,58;0;5,16
204;0,71;5,52;284;false;true;true;7,71;0;5,41
205;0,71;5,54;284;false;true;true;7,96;0;5,73
206;0,71;5,71;284;false;true;true;8,26;0;6,19
207;0,71;5,79;283;false;true;true;8,3;0;5,91
208;0,71;5,86;282;false;true;true;8;0;5,52
209;0,72;6,01;281;false;true;true;7,7;0;5,11
210;0,72;5,77;280;false;true;true;7,28;0;4,63
211;0,72;5,58;280;false;true;true;7,18;0;4,84
212;0,72;5,5;280;false;true;true;7,29;0;5,09
213;0,72;5,55;280;false;true;true;7,5;0;5,44
214;0,73;5,44;279;false;true;true;7,24;0;4,83
215;0,73;5,44;279;false;true;true;7,36;0;5,1
216;0,73;5,47;278;false;true;true;7,29;0;4,68
217;0,73;5,32;278;false;true;true;7,27;0;4,87
218;0,73;5,27;278;false;true;true;7,38;0;5,11
219;0,73;5,33;278;false;true;true;7,53;0;5,45
220;0,73;5,21;277;false;true;true;7,43;0;4,93
221;0,73;5,15;277;false;true;true;7,51;0;5,16
222;0,74;5,18;277;false;true;true;7,63;0;5,47
223;0,74;5,42;276;false;true;true;7,41;0;4,98
224;0,74;5,25;275;false;true;true;7,04;0;4,41
225;0,74;5;275;false;true;true;6,94;0;4,55
226;0,74;4,84;275;false;true;true;6,98;0;4,71
227;0,75;4,74;275;false;true;true;7,08;0;4,88
228;0,75;4,72;275;false;true;true;7,25;0;5,1
229;0,75;4,82;275;false;true;true;7,47;0;5,42
230;0,75;4,76;274;false;true;true;7,28;0;4,87
231;0,75;4,73;274;false;true;true;7,34;0;5,11
232;0,76;4,85;274;false;true;true;7,47;0;5,46
233;0,76;4,92;273;false;true;true;7,36;0;5,1
234;0,76;4,78;272;false;true;true;7,07;0;4,5
235;0,76;4,63;272;false;true;true;6,98;0;4,65
236;0,76;4,57;272;false;true;true;6,98;0;4,85
237;0,76;4,58;271;false;true;true;6,56;0;4,24
238;0,76;4,42;271;false;true;true;6,56;0;4,33
239;0,77;4,3;271;false;true;true;6,63;0;4,43
240;0,77;4,22;271;false;true;true;6,73;0;4,53
241;0,77;4,15;271;false;true;true;6,86;0;4,64
242;0,77;4,11;271;false;true;true;6,99;0;4,76
243;0,77;4,09;271;false;true;true;7,11;0;4,9
244;0,77;4,11;271;false;true;true;7,24;0;5,07
245;0,78;4,19;271;false;true;true;7,39;0;5,31
246;0,78;4,22;270;false;true;true;7,3;0;4,83
247;0,78;4,15;270;false;true;true;7,29;0;4,97
248;0,78;4,13;270;false;true;true;7,31;0;5,14
249;0,79;4,15;270;false;true;true;7,38;0;5,34
250;0,79;4,25;270;false;true;true;7,51;0;5,61
251;0,79;4,45;269;false;true;true;7,4;0;5,16
252;0,79;4,47;269;false;true;true;7,46;0;5,44
253;0,79;4,57;268;false;true;true;7,19;0;5,04
254;0,79;4,47;267;false;true;true;6,84;0;4,46
255;0,79;4,29;267;false;true;true;6,74;0;4,57
256;0,8;4,19;267;false;true;true;6,73;0;4,7
257;0,8;4,14;267;false;true;true;6,79;0;4,85
258;0,8;4,14;267;false;true;true;6,93;0;5,04
259;0,8;4,26;267;false;true;true;7,12;0;5,34
260;0,8;4,12;266;false;true;true;6,97;0;4,71
261;0,8;4,04;266;false;true;true;6,97;0;4,83
262;0,8;3,99;266;false;true;true;7,01;0;4,97
263;0,81;4;266;false;true;true;7,08;0;5,14
264;0,81;4,06;266;false;true;true;7,2;0;5,38
265;0,81;4,26;265;false;true;true;6,99;0;4,79
266;0,81;4,16;265;false;true;true;6,97;0;4,97
267;0,81;4,4;264;false;true;true;6,58;0;4,49
268;0,82;4,27;264;false;true;true;6,54;0;4,63
269;0,82;4,22;264;false;true;true;6,67;0;4,8
270;0,82;4,21;264;false;true;true;6,82;0;4,99
271;0,82;4,28;264;false;true;true;7,03;0;5,25
272;0,82;4,47;264;false;true;true;7,27;0;5,63
273;0,82;4,51;263;false;true;true;7,14;0;5,18
274;0,82;4,76;263;false;true;true;7,26;0;5,69
275;0,83;4,42;261;false;true;true;6,73;0;4,31
276;0,83;4,21;261;false;true;true;6,51;0;4,41
277;0,83;4,07;261;false;true;true;6,41;0;4,52
278;0,83;3,97;261;false;true;true;6,45;0;4,62
279;0,83;3,88;261;false;true;true;6,56;0;4,74
280;0,83;3,81;261;false;true;true;6,7;0;4,85
281;0,83;3,76;261;false;true;true;6,84;0;4,98
282;0,83;3,73;261;false;true;true;6,97;0;5,12
283;0,84;3,73;261;false;true;true;7,1;0;5,29
284;0,84;3,76;261;false;true;true;7,24;0;5,49
285;0,84;3,87;261;false;true;true;7,41;0;5,77
286;0,84;3,96;260;false;true;true;7,12;0;5,25
287;0,84;3,95;260;false;true;true;7,18;0;5,47
288;0,85;4,02;260;false;true;true;7,28;0;5,75
289;0,85;4,21;260;false;true;true;7,48;0;6,15
290;0,85;4,44;258;false;true;true;7,1;0;5,05
291;0,85;4,34;258;false;true;true;7,05;0;5,3
292;0,85;4,41;258;false;true;true;7,09;0;5,67
293;0,85;4,39;257;false;true;true;6,85;0;5,21
294;0,86;4,45;257;false;true;true;6,92;0;5,58
295;0,86;5,31;255;false;true;true;6,26;0;4,84
296;0,86;5,2;253;false;true;true;5,66;0;3,89
297;0,86;5,07;253;false;true;true;5,34;0;4,31
298;0,86;4,1;252;false;true;true;5,34;0;3,63
299;0,87;3,99;252;false;true;true;5,45;0;3,77
300;0,87;3,93;252;false;true;true;5,57;0;3,93
301;0,87;3,94;252;false;true;true;5,75;0;4,13
302;0,87;4,01;252;false;true;true;5,94;0;4,39
303;0,87;4,22;252;false;true;true;6,17;0;4,8
304;0,87;4,35;251;false;true;true;6,01;0;4,42
305;0,88;4,25;250;false;true;true;5,88;0;4,09
306;0,88;4,18;249;false;true;true;5,56;0;3,61
307;0,88;4,03;249;false;true;true;5,39;0;3,74
308;0,88;3,94;249;false;true;true;5,41;0;3,89
309;0,88;3,91;249;false;true;true;5,54;0;4,07
310;0,88;3,97;249;false;true;true;5,72;0;4,34
311;0,88;3,85;248;false;true;true;5,78;0;3,93
312;0,89;3,78;248;false;true;true;5,78;0;4,09
313;0,89;3,78;248;false;true;true;5,8;0;4,29
314;0,89;3,88;248;false;true;true;5,86;0;4,59
315;0,89;3,79;247;false;true;true;5,67;0;3,96
316;0,89;3,72;247;false;true;true;5,71;0;4,13
317;0,89;3,75;247;false;true;true;5,79;0;4,37
318;0,9;3,63;246;false;true;true;5,73;0;3,96
319;0,9;3,53;246;false;true;true;5,68;0;4,09
320;0,9;3,46;246;false;true;true;5,68;0;4,23
321;0,9;3,43;246;false;true;true;5,7;0;4,39
322;0,9;3,43;246;false;true;true;5,86;0;4,58
323;0,91;3,49;246;false;true;true;6,04;0;4,83
324;0,91;3,64;246;false;true;true;6,26;0;5,17
325;0,91;4,02;246;false;true;true;6,53;0;5,77
326;0,91;3,86;243;false;true;true;5,75;0;3,83
327;0,91;3,62;243;false;true;true;5,47;0;3,98
328;0,91;3,5;243;false;true;true;5,3;0;4,17
329;0,91;3,51;243;false;true;true;5,34;0;4,44
330;0,92;3,4;242;false;true;true;5,05;0;3,71
331;0,92;3,23;242;false;true;true;5,1;0;3,81
332;0,92;3,11;242;false;true;true;5,15;0;3,91
333;0,92;3,02;242;false;true;true;5,23;0;4,02
334;0,92;2,96;242;false;true;true;5,36;0;4,13
335;0,92;2,92;242;false;true;true;5,49;0;4,27
336;0,92;2,93;242;false;true;true;5,62;0;4,43
337;0,93;2,99;242;false;true;true;5,76;0;4,65
338;0,93;3,16;242;false;true;true;5,93;0;4,99
339;0,93;2,9;240;false;true;true;5,21;0;3,46
340;0,93;2,74;240;false;true;true;5,1;0;3,52
341;0,93;2,65;240;false;true;true;5,05;0;3,57
342;0,93;2,59;240;false;true;true;5,04;0;3,62
343;0,93;2,53;240;false;true;true;5,07;0;3,68
344;0,94;2,49;240;false;true;true;5,13;0;3,73
345;0,97;2,45;240;false;true;true;5,18;0;3,79
346;0,97;2,43;240;false;true;true;5,24;0;3,86
347;0,97;2,41;240;false;true;true;5,29;0;3,93
348;0,97;2,41;240;false;true;true;5,36;0;4,02
349;0,98;2,43;240;false;true;true;5,43;0;4,13
350;0,98;2,48;240;false;true;true;5,5;0;4,28
351;0,98;2,63;240;false;true;true;5,62;0;4,53
352;0,98;2,52;239;false;true;true;5,24;0;3,77
353;0,98;2,44;239;false;true;true;5,19;0;3,83
354;0,98;2,4;239;false;true;true;5,17;0;3,9
355;0,98;2,37;239;false;true;true;5,18;0;3,98
356;0,98;2,37;239;false;true;true;5,25;0;4,07
357;0,99;2,39;239;false;true;true;5,34;0;4,19
358;0,99;2,47;239;false;true;true;5,45;0;4,37
359;0,99;2,62;238;false;true;true;5,11;0;3,63
360;0,99;2,49;238;false;true;true;5,02;0;3,69
361;0,99;2,4;238;false;true;true;4,98;0;3,75
362;0,99;2,34;238;false;true;true;5,02;0;3,81
363;0,99;2,3;238;false;true;true;5,09;0;3,88
364;0,99;2,28;238;false;true;true;5,16;0;3,95
365;1;2,27;238;false;true;true;5,23;0;4,04
366;1;2,29;238;false;true;true;5,31;0;4,14
367;1;2,33;238;false;true;true;5,39;0;4,28
368;1;2,45;238;false;true;true;5,51;0;4,5
369;1;2,46;237;false;true;true;5,19;0;3,83
370;1;2,39;237;false;true;true;5,14;0;3,92
371;1;2,36;237;false;true;true;5,13;0;4,02
372;1;2,46;237;false;true;true;5,16;0;4,04
373;1;2,58;236;false;true;true;4,73;0;3,39
374;1,01;2,42;236;false;true;true;4,65;0;3,45
375;1,01;2,31;236;false;true;true;4,61;0;3,52
376;1,01;2,25;236;false;true;true;4,67;0;3,6
377;1,01;2,22;236;false;true;true;4,77;0;3,68
378;1,01;2,23;236;false;true;true;4,88;0;3,79
379;1,01;2,27;236;false;true;true;4,98;0;3,93
380;1,02;2,37;236;false;true;true;5,1;0;4,13
381;1,02;2,55;235;false;true;true;4,82;0;3,52
382;1,02;2,57;235;false;true;true;4,81;0;3,71
383;1,02;2,5;234;false;true;true;4,37;0;2,99
384;1,02;2,38;234;false;true;true;4,27;0;3,04
385;1,02;2,29;234;false;true;true;4,26;0;3,08
386;1,02;2,23;234;false;true;true;4,28;0;3,12
387;1,02;2,18;234;false;true;true;4,33;0;3,16
388;1,02;2,15;234;false;true;true;4,4;0;3,2
389;1,03;2,11;234;false;true;true;4,45;0;3,25
390;1,03;2,1;234;false;true;true;4,5;0;3,3
391;1,03;2,08;234;false;true;true;4,54;0;3,36
392;1,03;2,1;234;false;true;true;4,6;0;3,44
393;1,03;2,14;234;false;true;true;4,66;0;3,56
394;1,03;2,27;234;false;true;true;4,75;0;3,76
395;1,03;2,2;233;false;true;true;4,4;0;3
396;1,03;2,09;233;false;true;true;4,3;0;3,03
397;1,04;2,02;233;false;true;true;4,25;0;3,05
398;1,04;1,97;233;false;true;true;4,22;0;3,07
399;1,04;1,91;233;false;true;true;4,24;0;3,1
400;1,04;1,87;233;false;true;true;4,27;0;3,12
401;1,04;1,84;233;false;true;true;4,3;0;3,14
402;1,04;1,8;233;false;true;true;4,31;0;3,16
403;1,04;1,77;233;false;true;true;4,33;0;3,18
404;1,04;1,74;233;false;true;true;4,35;0;3,2
405;1,05;1,72;233;false;true;true;4,36;0;3,22
406;1,05;1,7;233;false;true;true;4,37;0;3,24
407;1,05;1,68;233;false;true;true;4,39;0;3,26
408;1,05;1,65;233;false;true;true;4,39;0;3,28
409;1,05;1,63;233;false;true;true;4,4;0;3,3
410;1,06;1,61;233;false;true;true;4,41;0;3,32
411;1,06;1,59;233;false;true;true;4,42;0;3,34
412;1,06;1,58;233;false;true;true;4,43;0;3,37
413;1,06;1,56;233;false;true;true;4,44;0;3,39
414;1,06;1,55;233;false;true;true;4,46;0;3,41
415;1,06;1,53;233;false;true;true;4,47;0;3,44
416;1,06;1,52;233;false;true;true;4,48;0;3,46
417;1,07;1,51;233;false;true;true;4,5;0;3,49
418;1,07;1,5;233;false;true;true;4,52;0;3,52
419;1,07;1,5;233;false;true;true;4,53;0;3,55
420;1,07;1,49;233;false;true;true;4,55;0;3,58
421;1,07;1,49;233;false;true;true;4,58;0;3,62
422;1,07;1,49;233;false;true;true;4,6;0;3,66
423;1,07;1,5;233;false;true;true;4,63;0;3,71
424;1,08;1,51;233;false;true;true;4,67;0;3,76
425;1,08;1,52;233;false;true;true;4,71;0;3,82
426;1,08;1,55;233;false;true;true;4,75;0;3,9
427;1,08;1,6;233;false;true;true;4,81;0;4,01
428;1,08;1,7;233;false;true;true;4,9;0;4,16
429;1,08;1,87;232;false;true;true;4,53;0;3,57
430;1,08;1,84;232;false;true;true;4,49;0;3,67
431;1,08;1,9;232;false;true;true;4,5;0;3,83
432;1,08;1,94;231;false;true;true;4,14;0;3,14
433;1,08;1,83;231;false;true;true;4,09;0;3,17
434;1,09;1,75;231;false;true;true;4,06;0;3,2
435;1,09;1,7;231;false;true;true;4,05;0;3,22
436;1,09;1,66;231;false;true;true;4,09;0;3,24
437;1,09;1,62;231;false;true;true;4,14;0;3,27
438;1,09;1,59;231;false;true;true;4,17;0;3,29
439;1,09;1,56;231;false;true;true;4,2;0;3,31
440;1,09;1,53;231;false;true;true;4,23;0;3,33
441;1,09;1,5;231;false;true;true;4,24;0;3,36
442;1,09;1,48;231;false;true;true;4,26;0;3,38
443;1,1;1,46;231;false;true;true;4,28;0;3,4
444;1,1;1,45;231;false;true;true;4,3;0;3,42
445;1,1;1,43;231;false;true;true;4,32;0;3,45
446;1,1;1,41;231;false;true;true;4,34;0;3,47
447;1,1;1,4;231;false;true;true;4,35;0;3,5
448;1,11;1,38;231;false;true;true;4,37;0;3,52
449;1,11;1,37;231;false;true;true;4,38;0;3,55
450;1,11;1,36;231;false;true;true;4,41;0;3,58
451;1,11;1,35;231;false;true;true;4,42;0;3,61
452;1,11;1,35;231;false;true;true;4,45;0;3,65
453;1,11;1,35;231;false;true;true;4,47;0;3,69
454;1,11;1,35;231;false;true;true;4,51;0;3,73
455;1,11;1,37;231;false;true;true;4,54;0;3,79
456;1,11;1,4;231;false;true;true;4,59;0;3,86
457;1,12;1,45;231;false;true;true;4,64;0;3,96
458;1,12;1,56;231;false;true;true;4,71;0;4,13
459;1,12;1,57;230;false;true;true;4,33;0;3,4
460;1,12;1,49;230;false;true;true;4,25;0;3,43
461;1,12;1,43;230;false;true;true;4,19;0;3,45
462;1,12;1,39;230;false;true;true;4,17;0;3,47
463;1,12;1,36;230;false;true;true;4,21;0;3,5
464;1,12;1,34;230;false;true;true;4,25;0;3,52
465;1,12;1,31;230;false;true;true;4,28;0;3,54
466;1,12;1,29;230;false;true;true;4,3;0;3,57
467;1,13;1,27;230;false;true;true;4,32;0;3,59
468;1,13;1,25;230;false;true;true;4,34;0;3,61
469;1,13;1,24;230;false;true;true;4,36;0;3,64
470;1,13;1,22;230;false;true;true;4,38;0;3,66
471;1,13;1,21;230;false;true;true;4,4;0;3,69
472;1,13;1,2;230;false;true;true;4,42;0;3,72
473;1,13;1,19;230;false;true;true;4,44;0;3,75
474;1,13;1,18;230;false;true;true;4,46;0;3,78
475;1,14;1,18;230;false;true;true;4,49;0;3,81
476;1,14;1,17;230;false;true;true;4,51;0;3,85
477;1,14;1,18;230;false;true;true;4,54;0;3,89
478;1,14;1,18;230;false;true;true;4,57;0;3,94
479;1,14;1,2;230;false;true;true;4,62;0;4
480;1,14;1,23;230;false;true;true;4,66;0;4,07
481;1,14;1,28;230;false;true;true;4,72;0;4,16
482;1,14;1,38;230;false;true;true;4,79;0;4,31
483;1,14;1,45;229;false;true;true;4,41;0;3,61
484;1,15;1,37;229;false;true;true;4,34;0;3,64
485;1,15;1,33;229;false;true;true;4,29;0;3,67
486;1,15;1,3;229;false;true;true;4,28;0;3,7
487;1,15;1,28;229;false;true;true;4,32;0;3,74
488;1,15;1,26;229;false;true;true;4,37;0;3,77
489;1,15;1,24;229;false;true;true;4,41;0;3,81
490;1,15;1,23;229;false;true;true;4,44;0;3,85
491;1,15;1,22;229;false;true;true;4,48;0;3,89
492;1,15;1,21;229;false;true;true;4,52;0;3,94
493;1,16;1,21;229;false;true;true;4,56;0;3,99
494;1,16;1,22;229;false;true;true;4,61;0;4,06
495;1,16;1,24;229;false;true;true;4,66;0;4,14
496;1,16;1,29;229;false;true;true;4,73;0;4,25
497;1,16;1,39;229;false;true;true;4,8;0;4,44
498;1,16;1,26;228;false;true;true;4,28;0;3,48
499;1,16;1,18;228;false;true;true;4,22;0;3,51
500;1,16;1,15;228;false;true;true;4,21;0;3,56
501;1,17;1,15;228;false;true;true;4,23;0;3,61
502;1,17;1,18;228;false;true;true;4,28;0;3,68
503;1,17;1,21;228;false;true;true;4,33;0;3,76
504;1,17;1,28;228;false;true;true;4,4;0;3,87
505;1,17;1,4;228;false;true;true;4,5;0;4,05
506;1,17;1,6;227;false;true;true;4,12;0;3,36
507;1,18;1,63;227;false;true;true;4,11;0;3,49
508;1,18;1,69;226;false;true;true;3,68;0;2,8
509;1,18;1,56;226;false;true;true;3,57;0;2,82
510;1,18;1,47;226;false;true;true;3,53;0;2,84
511;1,18;1,4;226;false;true;true;3,52;0;2,85
512;1,18;1,34;226;false;true;true;3,56;0;2,87
513;1,18;1,29;226;false;true;true;3,6;0;2,88
514;1,18;1,24;226;false;true;true;3,62;0;2,9
515;1,19;1,21;226;false;true;true;3,64;0;2,91
516;1,19;1,17;226;false;true;true;3,65;0;2,92
517;1,19;1,14;226;false;true;true;3,65;0;2,93
518;1,19;1,11;226;false;true;true;3,67;0;2,94
519;1,19;1,09;226;false;true;true;3,67;0;2,95
520;1,19;1,06;226;false;true;true;3,67;0;2,96
521;1,19;1,04;226;false;true;true;3,68;0;2,97
522;1,2;1,02;226;false;true;true;3,68;0;2,98
523;1,2;1;226;false;true;true;3,68;0;2,99
524;1,2;0,98;226;false;true;true;3,69;0;3
525;1,2;0,97;226;false;true;true;3,69;0;3,01
526;1,2;0,95;226;false;true;true;3,69;0;3,02
527;1,2;0,94;226;false;true;true;3,7;0;3,03
528;1,21;0,92;226;false;true;true;3,7;0;3,04
529;1,21;0,91;226;false;true;true;3,7;0;3,05
530;1,21;0,9;226;false;true;true;3,71;0;3,06
531;1,21;0,88;226;false;true;true;3,7;0;3,07
532;1,21;0,87;226;false;true;true;3,71;0;3,08
533;1,21;0,86;226;false;true;true;3,71;0;3,09
534;1,21;0,86;226;false;true;true;3,72;0;3,1
535;1,21;0,84;226;false;true;true;3,72;0;3,11
536;1,21;0,83;226;false;true;true;3,72;0;3,13
537;1,22;0,83;226;false;true;true;3,73;0;3,14
538;1,22;0,83;226;false;true;true;3,74;0;3,16
539;1,22;0,82;226;false;true;true;3,75;0;3,18
540;1,22;0,82;226;false;true;true;3,76;0;3,2
541;1,22;0,82;226;false;true;true;3,77;0;3,22
542;1,22;0,84;226;false;true;true;3,79;0;3,25
543;1,22;0,84;226;false;true;true;3,8;0;3,28
544;1,23;0,87;226;false;true;true;3,83;0;3,33
545;1,23;0,91;226;false;true;true;3,86;0;3,4
546;1,23;0,98;226;false;true;true;3,91;0;3,5
547;1,23;1,16;225;false;true;true;3,46;0;2,77
548;1,23;1,11;225;false;true;true;3,34;0;2,78
549;1,23;1,07;225;false;true;true;3,26;0;2,79
550;1,23;1,03;225;false;true;true;3,27;0;2,8
551;1,23;1;225;false;true;true;3,31;0;2,81
552;1,23;0,97;225;false;true;true;3,34;0;2,82
553;1,24;0,95;225;false;true;true;3,37;0;2,83
554;1,24;0,92;225;false;true;true;3,4;0;2,84
555;1,24;0,9;225;false;true;true;3,41;0;2,84
556;1,24;0,88;225;false;true;true;3,43;0;2,85
557;1,24;0,86;225;false;true;true;3,44;0;2,86
558;1,24;0,84;225;false;true;true;3,44;0;2,86
559;1,24;0,82;225;false;true;true;3,44;0;2,87
560;1,24;0,81;225;false;true;true;3,45;0;2,87
561;1,24;0,8;225;false;true;true;3,45;0;2,88
562;1,25;0,78;225;false;true;true;3,46;0;2,88
563;1,25;0,76;225;false;true;true;3,45;0;2,89
564;1,25;0,75;225;false;true;true;3,45;0;2,89
565;1,25;0,74;225;false;true;true;3,46;0;2,9
566;1,25;0,73;225;false;true;true;3,46;0;2,9
567;1,25;0,72;225;false;true;true;3,46;0;2,9
568;1,26;0,71;225;false;true;true;3,46;0;2,91
569;1,26;0,7;225;false;true;true;3,45;0;2,91
570;1,26;0,69;225;false;true;true;3,45;0;2,92
571;1,26;0,68;225;false;true;true;3,45;0;2,92
572;1,26;0,67;225;false;true;true;3,45;0;2,92
573;1,26;0,66;225;false;true;true;3,45;0;2,93
574;1,27;0,66;225;false;true;true;3,45;0;2,93
575;1,27;0,65;225;false;true;true;3,45;0;2,94
576;1,27;0,64;225;false;true;true;3,45;0;2,94
577;1,27;0,63;225;false;true;true;3,44;0;2,94
578;1,27;0,62;225;false;true;true;3,44;0;2,95
579;1,27;0,61;225;false;true;true;3,44;0;2,95
580;1,27;0,61;225;false;true;true;3,44;0;2,95
581;1,27;0,59;225;false;true;true;3,44;0;2,96
582;1,28;0,59;225;false;true;true;3,44;0;2,96
583;1,28;0,58;225;false;true;true;3,44;0;2,97
584;1,28;0,57;225;false;true;true;3,44;0;2,97
585;1,28;0,57;225;false;true;true;3,43;0;2,97
586;1,28;0,56;225;false;true;true;3,43;0;2,98
587;1,28;0,55;225;false;true;true;3,43;0;2,98
588;1,28;0,55;225;false;true;true;3,43;0;2,98
589;1,28;0,55;225;false;true;true;3,43;0;2,99
590;1,29;0,54;225;false;true;true;3,43;0;2,99
591;1,29;0,53;225;false;true;true;3,43;0;2,99
592;1,29;0,53;225;false;true;true;3,43;0;3
593;1,29;0,52;225;false;true;true;3,43;0;3
594;1,29;0,52;225;false;true;true;3,43;0;3,01
595;1,29;0,51;225;false;true;true;3,43;0;3,01
596;1,29;0,5;225;false;true;true;3,43;0;3,01
597;1,29;0,5;225;false;true;true;3,43;0;3,02
598;1,3;0,49;225;false;true;true;3,42;0;3,02
599;1,3;0,49;225;false;true;true;3,43;0;3,02
600;1,3;0,49;225;false;true;true;3,43;0;3,03
601;1,3;0,49;225;false;true;true;3,43;0;3,03
602;1,3;0,48;225;false;true;true;3,42;0;3,03
603;1,3;0,47;225;false;true;true;3,43;0;3,04
604;1,31;0,47;225;false;true;true;3,43;0;3,04
605;1,31;0,46;225;false;true;true;3,43;0;3,05
606;1,31;0,46;225;false;true;true;3,43;0;3,05
607;1,31;0,46;225;false;true;true;3,43;0;3,05
608;1,31;0,46;225;false;true;true;3,43;0;3,06
609;1,32;0,45;225;false;true;true;3,43;0;3,06
610;1,32;0,45;225;false;true;true;3,43;0;3,07
611;1,32;0,44;225;false;true;true;3,43;0;3,07
612;1,32;0,44;225;false;true;true;3,43;0;3,08
613;1,32;0,44;225;false;true;true;3,44;0;3,08
614;1,32;0,43;225;false;true;true;3,43;0;3,08
615;1,32;0,43;225;false;true;true;3,44;0;3,09
616;1,32;0,43;225;false;true;true;3,44;0;3,09
617;1,33;0,42;225;false;true;true;3,44;0;3,1
618;1,33;0,42;225;false;true;true;3,44;0;3,1
619;1,33;0,42;225;false;true;true;3,44;0;3,11
620;1,33;0,42;225;false;true;true;3,45;0;3,11
621;1,33;0,42;225;false;true;true;3,45;0;3,12
622;1,33;0,41;225;false;true;true;3,45;0;3,12
623;1,33;0,41;225;false;true;true;3,46;0;3,13
624;1,34;0,41;225;false;true;true;3,45;0;3,14
625;1,34;0,41;225;false;true;true;3,46;0;3,14
626;1,34;0,4;225;false;true;true;3,46;0;3,15
627;1,34;0,41;225;false;true;true;3,47;0;3,16
628;1,34;0,41;225;false;true;true;3,47;0;3,16
629;1,34;0,4;225;false;true;true;3,48;0;3,17
630;1,34;0,4;225;false;true;true;3,48;0;3,18
631;1,34;0,4;225;false;true;true;3,48;0;3,19
632;1,34;0,4;225;false;true;true;3,49;0;3,2
633;1,35;0,4;225;false;true;true;3,5;0;3,2
634;1,35;0,4;225;false;true;true;3,51;0;3,22
635;1,35;0,41;225;false;true;true;3,52;0;3,23
636;1,35;0,41;225;false;true;true;3,53;0;3,24
637;1,35;0,42;225;false;true;true;3,54;0;3,25
638;1,35;0,42;225;false;true;true;3,54;0;3,27
639;1,35;0,42;225;false;true;true;3,56;0;3,29
640;1,35;0,43;225;false;true;true;3,57;0;3,31
641;1,35;0,44;225;false;true;true;3,59;0;3,33
642;1,36;0,46;225;false;true;true;3,61;0;3,36
643;1,36;0,47;225;false;true;true;3,63;0;3,39
644;1,36;0,51;225;false;true;true;3,66;0;3,44
645;1,36;0,56;225;false;true;true;3,71;0;3,51
646;1,36;0,64;225;false;true;true;3,76;0;3,62
647;1,36;0,82;224;false;true;true;3,27;0;2,93
648;1,36;0,76;224;false;true;true;3,19;0;2,95
649;1,36;0,72;224;false;true;true;3,14;0;2,97
650;1,36;0,7;224;false;true;true;3,19;0;2,99
651;1,36;0,68;224;false;true;true;3,24;0;3,01
652;1,37;0,68;224;false;true;true;3,29;0;3,03
653;1,37;0,67;224;false;true;true;3,32;0;3,05
654;1,37;0,67;224;false;true;true;3,36;0;3,07
655;1,37;0,67;224;false;true;true;3,39;0;3,1
656;1,37;0,66;224;false;true;true;3,42;0;3,12
657;1,37;0,66;224;false;true;true;3,44;0;3,14
658;1,37;0,66;224;false;true;true;3,47;0;3,17
659;1,37;0,66;224;false;true;true;3,5;0;3,2
660;1,37;0,67;224;false;true;true;3,53;0;3,23
661;1,38;0,68;224;false;true;true;3,56;0;3,27
662;1,38;0,7;224;false;true;true;3,59;0;3,31
663;1,38;0,73;224;false;true;true;3,63;0;3,37
664;1,38;0,77;224;false;true;true;3,69;0;3,45
665;1,38;0,85;224;false;true;true;3,75;0;3,57
666;1,38;1,14;223;false;true;true;3,42;0;2,82
667;1,38;0,96;223;false;true;true;3,24;0;2,85
668;1,38;0,87;223;false;true;true;3,17;0;2,89
669;1,38;0,81;223;false;true;true;3,17;0;2,93
670;1,38;0,8;223;false;true;true;3,22;0;2,97
671;1,39;0,8;223;false;true;true;3,27;0;3,04
672;1,39;0,85;223;false;true;true;3,33;0;3,13
673;1,39;0,96;223;false;true;true;3,41;0;3,31
674;1,39;0,92;222;false;true;true;2,98;0;2,52
675;1,39;0,87;222;false;true;true;2,88;0;2,53
676;1,39;0,83;222;false;true;true;2,83;0;2,54
677;1,39;0,79;222;false;true;true;2,8;0;2,55
678;1,39;0,77;222;false;true;true;2,84;0;2,56
679;1,39;0,74;222;false;true;true;2,88;0;2,57
680;1,39;0,72;222;false;true;true;2,92;0;2,57
681;1,4;0,7;222;false;true;true;2,94;0;2,58
682;1,4;0,67;222;false;true;true;2,95;0;2,58
683;1,4;0,66;222;false;true;true;2,97;0;2,59
684;1,4;0,63;222;false;true;true;2,97;0;2,59
685;1,4;0,62;222;false;true;true;2,98;0;2,59
686;1,4;0,61;222;false;true;true;2,99;0;2,6
687;1,4;0,6;222;false;true;true;3;0;2,6
688;1,41;0,58;222;false;true;true;3;0;2,61
689;1,41;0,57;222;false;true;true;3,01;0;2,61
690;1,41;0,56;222;false;true;true;3,01;0;2,61
691;1,41;0,54;222;false;true;true;3;0;2,62
692;1,41;0,53;222;false;true;true;3;0;2,62
693;1,41;0,52;222;false;true;true;3;0;2,62
694;1,41;0,51;222;false;true;true;3;0;2,62
695;1,41;0,5;222;false;true;true;3;0;2,63
696;1,42;0,49;222;false;true;true;3;0;2,63
697;1,42;0,49;222;false;true;true;3,01;0;2,63
698;1,42;0,48;222;false;true;true;3;0;2,63
699;1,42;0,47;222;false;true;true;3;0;2,64
700;1,42;0,47;222;false;true;true;3;0;2,64
701;1,42;0,46;222;false;true;true;3;0;2,64
702;1,42;0,44;222;false;true;true;2,99;0;2,64
703;1,42;0,44;222;false;true;true;2,99;0;2,65
704;1,43;0,43;222;false;true;true;2,99;0;2,65
705;1,43;0,42;222;false;true;true;2,99;0;2,65
706;1,43;0,42;222;false;true;true;2,99;0;2,65
707;1,43;0,41;222;false;true;true;2,98;0;2,66
708;1,43;0,4;222;false;true;true;2,97;0;2,66
709;1,43;0,4;222;false;true;true;2,98;0;2,66
710;1,43;0,4;222;false;true;true;2,98;0;2,66
711;1,44;0,39;222;false;true;true;2,98;0;2,67
712;1,44;0,38;222;false;true;true;2,97;0;2,67
713;1,44;0,38;222;false;true;true;2,98;0;2,67
714;1,44;0,37;222;false;true;true;2,97;0;2,67
715;1,44;0,37;222;false;true;true;2,97;0;2,67
716;1,44;0,36;222;false;true;true;2,97;0;2,68
717;1,44;0,36;222;false;true;true;2,97;0;2,68
718;1,44;0,35;222;false;true;true;2,96;0;2,68
719;1,45;0,34;222;false;true;true;2,96;0;2,68
720;1,45;0,34;222;false;true;true;2,96;0;2,69
721;1,45;0,34;222;false;true;true;2,96;0;2,69
722;1,45;0,34;222;false;true;true;2,96;0;2,69
723;1,45;0,33;222;false;true;true;2,96;0;2,69
724;1,45;0,33;222;false;true;true;2,96;0;2,69
725;1,45;0,32;222;false;true;true;2,96;0;2,7
726;1,46;0,31;222;false;true;true;2,95;0;2,7
727;1,46;0,31;222;false;true;true;2,95;0;2,7
728;1,46;0,31;222;false;true;true;2,96;0;2,7
729;1,46;0,31;222;false;true;true;2,96;0;2,71
730;1,46;0,31;222;false;true;true;2,96;0;2,71
731;1,46;0,31;222;false;true;true;2,96;0;2,71
732;1,46;0,3;222;false;true;true;2,96;0;2,71
733;1,47;0,29;222;false;true;true;2,95;0;2,71
734;1,47;0,29;222;false;true;true;2,96;0;2,72
735;1,47;0,29;222;false;true;true;2,95;0;2,72
736;1,47;0,29;222;false;true;true;2,95;0;2,72
737;1,47;0,28;222;false;true;true;2,95;0;2,72
738;1,47;0,28;222;false;true;true;2,95;0;2,73
739;1,47;0,28;222;false;true;true;2,95;0;2,73
740;1,47;0,27;222;false;true;true;2,95;0;2,73
741;1,47;0,27;222;false;true;true;2,95;0;2,73
742;1,48;0,27;222;false;true;true;2,95;0;2,74
743;1,48;0,27;222;false;true;true;2,95;0;2,74
744;1,48;0,26;222;false;true;true;2,95;0;2,74
745;1,48;0,26;222;false;true;true;2,95;0;2,74
746;1,48;0,26;222;false;true;true;2,95;0;2,75
747;1,48;0,26;222;false;true;true;2,95;0;2,75
748;1,48;0,25;222;false;true;true;2,95;0;2,75
749;1,49;0,25;222;false;true;true;2,95;0;2,75
750;1,49;0,25;222;false;true;true;2,96;0;2,76
751;1,49;0,25;222;false;true;true;2,95;0;2,76
752;1,49;0,24;222;false;true;true;2,95;0;2,76
753;1,49;0,24;222;false;true;true;2,96;0;2,76
754;1,49;0,25;222;false;true;true;2,96;0;2,77
755;1,49;0,24;222;false;true;true;2,96;0;2,77
756;1,5;0,24;222;false;true;true;2,96;0;2,77
757;1,5;0,23;222;false;true;true;2,96;0;2,78
758;1,5;0,23;222;false;true;true;2,96;0;2,78
759;1,5;0,23;222;false;true;true;2,95;0;2,78
760;1,5;0,23;222;false;true;true;2,96;0;2,78
761;1,5;0,23;222;false;true;true;2,96;0;2,79
762;1,5;0,23;222;false;true;true;2,97;0;2,79
763;1,5;0,23;222;false;true;true;2,97;0;2,79
764;1,5;0,22;222;false;true;true;2,97;0;2,8
765;1,51;0,22;222;false;true;true;2,97;0;2,8
766;1,51;0,23;222;false;true;true;2,97;0;2,81
767;1,51;0,22;222;false;true;true;2,98;0;2,81
768;1,51;0,23;222;false;true;true;2,98;0;2,81
769;1,51;0,22;222;false;true;true;2,98;0;2,82
770;1,51;0,22;222;false;true;true;2,98;0;2,82
771;1,51;0,22;222;false;true;true;2,99;0;2,83
772;1,51;0,22;222;false;true;true;2,99;0;2,83
773;1,52;0,22;222;false;true;true;2,99;0;2,84
774;1,52;0,23;222;false;true;true;3;0;2,84
775;1,52;0,23;222;false;true;true;3;0;2,85
776;1,52;0,23;222;false;true;true;3,01;0;2,85
777;1,52;0,22;222;false;true;true;3,01;0;2,86
778;1,52;0,22;222;false;true;true;3,01;0;2,87
779;1,52;0,22;222;false;true;true;3,02;0;2,87
780;1,52;0,23;222;false;true;true;3,03;0;2,88
781;1,52;0,23;222;false;true;true;3,03;0;2,89
782;1,52;0,24;222;false;true;true;3,04;0;2,9
783;1,53;0,24;222;false;true;true;3,05;0;2,91
784;1,53;0,25;222;false;true;true;3,06;0;2,93
785;1,53;0,25;222;false;true;true;3,07;0;2,94
786;1,53;0,26;222;false;true;true;3,08;0;2,96
787;1,53;0,28;222;false;true;true;3,1;0;2,98
788;1,53;0,29;222;false;true;true;3,11;0;3
789;1,53;0,31;222;false;true;true;3,13;0;3,03
790;1,53;0,34;222;false;true;true;3,16;0;3,07
791;1,53;0,39;222;false;true;true;3,19;0;3,13
792;1,53;0,46;222;false;true;true;3,23;0;3,22
793;1,54;0,77;221;false;true;true;2,69;0;2,46
794;1,54;0,69;221;false;true;true;2,64;0;2,49
795;1,54;0,64;221;false;true;true;2,62;0;2,51
796;1,54;0,61;221;false;true;true;2,61;0;2,53
797;1,54;0,59;221;false;true;true;2,67;0;2,56
798;1,54;0,57;221;false;true;true;2,73;0;2,58
799;1,54;0,56;221;false;true;true;2,78;0;2,61
800;1,54;0,55;221;false;true;true;2,82;0;2,64
801;1,54;0,56;221;false;true;true;2,86;0;2,67
802;1,55;0,56;221;false;true;true;2,9;0;2,71
803;1,55;0,58;221;false;true;true;2,93;0;2,75
804;1,55;0,6;221;false;true;true;2,98;0;2,81
805;1,55;0,65;221;false;true;true;3,03;0;2,9
806;1,55;0,75;221;false;true;true;3,1;0;3,04
807;1,55;0,84;220;false;true;true;2,93;0;2,52
808;1,55;0,74;220;false;true;true;2,82;0;2,54
809;1,55;0,68;220;false;true;true;2,75;0;2,56
810;1,56;0,64;220;false;true;true;2,73;0;2,58
811;1,56;0,61;220;false;true;true;2,78;0;2,6
812;1,56;0,59;220;false;true;true;2,82;0;2,61
813;1,56;0,57;220;false;true;true;2,85;0;2,63
814;1,56;0,55;220;false;true;true;2,88;0;2,64
815;1,56;0,54;220;false;true;true;2,9;0;2,66
816;1,56;0,53;220;false;true;true;2,92;0;2,68
817;1,57;0,52;220;false;true;true;2,95;0;2,7
818;1,57;0,51;220;false;true;true;2,96;0;2,71
819;1,57;0,5;220;false;true;true;2,98;0;2,73
820;1,57;0,5;220;false;true;true;2,99;0;2,75
821;1,57;0,5;220;false;true;true;3,01;0;2,78
822;1,57;0,5;220;false;true;true;3,03;0;2,81
823;1,57;0,5;220;false;true;true;3,05;0;2,84
824;1,57;0,51;220;false;true;true;3,08;0;2,87
825;1,57;0,53;220;false;true;true;3,1;0;2,92
826;1,57;0,56;220;false;true;true;3,14;0;2,98
827;1,58;0,62;220;false;true;true;3,19;0;3,08
828;1,58;0,75;220;false;true;true;3,27;0;3,25
829;1,58;0,76;219;false;true;true;2,86;0;2,51
830;1,58;0,68;219;false;true;true;2,77;0;2,53
831;1,58;0,63;219;false;true;true;2,72;0;2,54
832;1,58;0,59;219;false;true;true;2,71;0;2,56
833;1,58;0,57;219;false;true;true;2,73;0;2,57
834;1,58;0,55;219;false;true;true;2,76;0;2,58
835;1,58;0,52;219;false;true;true;2,79;0;2,59
836;1,58;0,5;219;false;true;true;2,81;0;2,6
837;1,59;0,49;219;false;true;true;2,82;0;2,61
838;1,59;0,47;219;false;true;true;2,83;0;2,63
839;1,59;0,45;219;false;true;true;2,84;0;2,64
840;1,59;0,44;219;false;true;true;2,85;0;2,65
841;1,59;0,43;219;false;true;true;2,86;0;2,66
842;1,6;0,42;219;false;true;true;2,87;0;2,67
843;1,6;0,41;219;false;true;true;2,88;0;2,68
844;1,6;0,4;219;false;true;true;2,89;0;2,7
845;1,6;0,39;219;false;true;true;2,9;0;2,71
846;1,6;0,39;219;false;true;true;2,91;0;2,72
847;1,6;0,38;219;false;true;true;2,91;0;2,74
848;1,6;0,37;219;false;true;true;2,92;0;2,76
849;1,6;0,37;219;false;true;true;2,94;0;2,77
850;1,61;0,38;219;false;true;true;2,95;0;2,79
851;1,61;0,38;219;false;true;true;2,97;0;2,82
852;1,61;0,38;219;false;true;true;2,99;0;2,84
853;1,61;0,39;219;false;true;true;3,01;0;2,87
854;1,61;0,4;219;false;true;true;3,03;0;2,91
855;1,61;0,43;219;false;true;true;3,06;0;2,96
856;1,61;0,47;219;false;true;true;3,1;0;3,02
857;1,61;0,54;219;false;true;true;3,15;0;3,12
858;1,61;0,69;219;false;true;true;3,23;0;3,31
859;1,62;0,67;218;false;true;true;2,81;0;2,5
860;1,62;0,58;218;false;true;true;2,7;0;2,51
861;1,62;0,52;218;false;true;true;2,64;0;2,52
862;1,62;0,47;218;false;true;true;2,62;0;2,53
863;1,62;0,44;218;false;true;true;2,64;0;2,54
864;1,62;0,41;218;false;true;true;2,66;0;2,55
865;1,62;0,38;218;false;true;true;2,68;0;2,56
866;1,62;0,36;218;false;true;true;2,69;0;2,56
867;1,62;0,34;218;false;true;true;2,7;0;2,57
868;1,62;0,32;218;false;true;true;2,71;0;2,57
869;1,63;0,31;218;false;true;true;2,72;0;2,58
870;1,63;0,29;218;false;true;true;2,72;0;2,58
871;1,63;0,28;218;false;true;true;2,72;0;2,59
872;1,63;0,27;218;false;true;true;2,73;0;2,59
873;1,63;0,26;218;false;true;true;2,73;0;2,6
874;1,63;0,25;218;false;true;true;2,74;0;2,6
875;1,63;0,24;218;false;true;true;2,74;0;2,6
876;1,63;0,23;218;false;true;true;2,74;0;2,61
877;1,63;0,23;218;false;true;true;2,74;0;2,61
878;1,64;0,22;218;false;true;true;2,74;0;2,61
879;1,64;0,22;218;false;true;true;2,75;0;2,62
880;1,64;0,21;218;false;true;true;2,75;0;2,62
881;1,64;0,21;218;false;true;true;2,75;0;2,62
882;1,64;0,2;218;false;true;true;2,75;0;2,62
883;1,64;0,19;218;false;true;true;2,75;0;2,63
884;1,64;0,19;218;false;true;true;2,75;0;2,63
885;1,64;0,18;218;false;true;true;2,75;0;2,63
886;1,64;0,18;218;false;true;true;2,75;0;2,63
887;1,65;0,18;218;false;true;true;2,75;0;2,63
888;1,65;0,18;218;false;true;true;2,76;0;2,64
889;1,65;0,17;218;false;true;true;2,76;0;2,64
890;1,65;0,17;218;false;true;true;2,76;0;2,64
891;1,65;0,17;218;false;true;true;2,76;0;2,64
892;1,65;0,16;218;false;true;true;2,76;0;2,64
893;1,65;0,16;218;false;true;true;2,76;0;2,65
894;1,66;0,16;218;false;true;true;2,76;0;2,65
895;1,66;0,16;218;false;true;true;2,76;0;2,65
896;1,66;0,16;218;false;true;true;2,76;0;2,65
897;1,66;0,15;218;false;true;true;2,76;0;2,65
898;1,66;0,15;218;false;true;true;2,76;0;2,65
899;1,66;0,15;218;false;true;true;2,76;0;2,66
900;1,66;0,15;218;false;true;true;2,76;0;2,66
901;1,67;0,15;218;false;true;true;2,76;0;2,66
902;1,67;0,15;218;false;true;true;2,76;0;2,66
903;1,67;0,15;218;false;true;true;2,76;0;2,66
904;1,67;0,14;218;false;true;true;2,76;0;2,66
905;1,67;0,14;218;false;true;true;2,76;0;2,67
906;1,67;0,14;218;false;true;true;2,76;0;2,67
907;1,67;0,14;218;false;true;true;2,77;0;2,67
908;1,67;0,14;218;false;true;true;2,77;0;2,67
909;1,67;0,14;218;false;true;true;2,77;0;2,67
910;1,67;0,14;218;false;true;true;2,77;0;2,67
911;1,68;0,13;218;false;true;true;2,77;0;2,67
912;1,68;0,13;218;false;true;true;2,77;0;2,67
913;1,68;0,13;218;false;true;true;2,77;0;2,68
914;1,68;0,13;218;false;true;true;2,77;0;2,68
915;1,68;0,13;218;false;true;true;2,77;0;2,68
916;1,68;0,13;218;false;true;true;2,77;0;2,68
917;1,68;0,13;218;false;true;true;2,77;0;2,68
918;1,68;0,12;218;false;true;true;2,77;0;2,68
919;1,69;0,12;218;false;true;true;2,77;0;2,68
920;1,69;0,12;218;false;true;true;2,77;0;2,68
921;1,69;0,12;218;false;true;true;2,77;0;2,69
922;1,69;0,12;218;false;true;true;2,77;0;2,69
923;1,69;0,12;218;false;true;true;2,77;0;2,69
924;1,7;0,12;218;false;true;true;2,77;0;2,69
925;1,7;0,12;218;false;true;true;2,77;0;2,69
926;1,7;0,12;218;false;true;true;2,78;0;2,69
927;1,7;0,11;218;false;true;true;2,78;0;2,69
928;1,7;0,11;218;false;true;true;2,78;0;2,69
929;1,7;0,11;218;false;true;true;2,78;0;2,7
930;1,71;0,11;218;false;true;true;2,77;0;2,7
931;1,71;0,11;218;false;true;true;2,78;0;2,7
932;1,71;0,11;218;false;true;true;2,78;0;2,7
933;1,71;0,11;218;false;true;true;2,78;0;2,7
934;1,71;0,1;218;false;true;true;2,78;0;2,7
935;1,71;0,11;218;false;true;true;2,78;0;2,7
936;1,71;0,1;218;false;true;true;2,78;0;2,7
937;1,71;0,1;218;false;true;true;2,78;0;2,7
938;1,71;0,1;218;false;true;true;2,78;0;2,71
939;1,71;0,1;218;false;true;true;2,78;0;2,71
940;1,72;0,1;218;false;true;true;2,78;0;2,71
941;1,72;0,1;218;false;true;true;2,78;0;2,71
942;1,72;0,1;218;false;true;true;2,78;0;2,71
943;1,72;0,1;218;false;true;true;2,78;0;2,71
944;1,72;0,1;218;false;true;true;2,78;0;2,71
945;1,72;0,1;218;false;true;true;2,78;0;2,71
946;1,72;0,1;218;false;true;true;2,79;0;2,71
947;1,72;0,1;218;false;true;true;2,78;0;2,71
948;1,72;0,1;218;false;true;true;2,79;0;2,72
949;1,72;0,09;218;false;true;true;2,78;0;2,72
950;1,73;0,09;218;false;true;true;2,79;0;2,72
951;1,73;0,09;218;false;true;true;2,79;0;2,72
952;1,73;0,09;218;false;true;true;2,79;0;2,72
953;1,73;0,09;218;false;true;true;2,79;0;2,72
954;1,73;0,09;218;false;true;true;2,79;0;2,72
955;1,73;0,09;218;false;true;true;2,79;0;2,72
956;1,73;0,09;218;false;true;true;2,78;0;2,72
957;1,73;0,09;218;false;true;true;2,79;0;2,72
958;1,74;0,09;218;false;true;true;2,79;0;2,73
959;1,74;0,09;218;false;true;true;2,79;0;2,73
960;1,74;0,09;218;false;true;true;2,79;0;2,73
961;1,74;0,09;218;false;true;true;2,79;0;2,73
962;1,76;0,08;218;false;true;true;2,79;0;2,73
963;1,76;0,08;218;false;true;true;2,79;0;2,73
964;1,77;0,08;218;false;true;true;2,79;0;2,73
965;1,77;0,08;218;false;true;true;2,79;0;2,73
966;1,77;0,08;218;false;true;true;2,79;0;2,73
967;1,77;0,08;218;false;true;true;2,79;0;2,73
968;1,77;0,08;218;false;true;true;2,79;0;2,73
969;1,77;0,08;218;false;true;true;2,79;0;2,74
970;1,78;0,08;218;false;true;true;2,79;0;2,74
971;1,78;0,08;218;false;true;true;2,79;0;2,74
972;1,78;0,08;218;false;true;true;2,8;0;2,74
973;1,78;0,08;218;false;true;true;2,8;0;2,74
974;1,78;0,07;218;false;true;true;2,8;0;2,74
975;1,78;0,07;218;false;true;true;2,8;0;2,74
976;1,78;0,07;218;false;true;true;2,8;0;2,74
977;1,78;0,07;218;false;true;true;2,8;0;2,74
978;1,79;0,07;218;false;true;true;2,8;0;2,74
979;1,79;0,07;218;false;true;true;2,8;0;2,75
980;1,79;0,07;218;false;true;true;2,8;0;2,75
981;1,79;0,07;218;false;true;true;2,8;0;2,75
982;1,79;0,07;218;false;true;true;2,8;0;2,75
983;1,79;0,07;218;false;true;true;2,8;0;2,75
984;1,79;0,07;218;false;true;true;2,8;0;2,75
985;1,79;0,07;218;false;true;true;2,8;0;2,75
986;1,8;0,07;218;false;true;true;2,8;0;2,75
987;1,8;0,07;218;false;true;true;2,8;0;2,75
988;1,8;0,07;218;false;true;true;2,8;0;2,75
989;1,8;0,07;218;false;true;true;2,81;0;2,75
990;1,8;0,07;218;false;true;true;2,81;0;2,76
991;1,8;0,07;218;false;true;true;2,81;0;2,76
992;1,8;0,07;218;false;true;true;2,81;0;2,76
993;1,8;0,06;218;false;true;true;2,81;0;2,76
994;1,8;0,07;218;false;true;true;2,81;0;2,76
995;1,8;0,06;218;false;true;true;2,81;0;2,76
996;1,81;0,07;218;false;true;true;2,81;0;2,76
997;1,81;0,06;218;false;true;true;2,81;0;2,76
998;1,81;0,06;218;false;true;true;2,81;0;2,76
999;1,81;0,06;218;false;true;true;2,81;0;2,76
1000;1,81;0,06;218;false;true;true;2,81;0;2,76
1001;1,81;0,06;218;false;true;true;2,81;0;2,77
1002;1,81;0,06;218;false;true;true;2,81;0;2,77
1003;1,81;0,06;218;false;true;true;2,81;0;2,77
1004;1,81;0,06;218;false;true;true;2,81;0;2,77
1005;1,82;0,06;218;false;true;true;2,82;0;2,77
1006;1,82;0,06;218;false;true;true;2,81;0;2,77
1007;1,82;0,06;218;false;true;true;2,82;0;2,77
1008;1,82;0,06;218;false;true;true;2,82;0;2,77
1009;1,82;0,06;218;false;true;true;2,82;0;2,77
1010;1,82;0,06;218;false;true;true;2,82;0;2,77
1011;1,82;0,06;218;false;true;true;2,82;0;2,77
1012;1,82;0,06;218;false;true;true;2,82;0;2,78
1013;1,83;0,06;218;false;true;true;2,82;0;2,78
1014;1,83;0,06;218;false;true;true;2,82;0;2,78
1015;1,83;0,06;218;false;true;true;2,82;0;2,78
1016;1,83;0,06;218;false;true;true;2,82;0;2,78
1017;1,83;0,06;218;false;true;true;2,82;0;2,78
1018;1,83;0,06;218;false;true;true;2,82;0;2,78
1019;1,83;0,05;218;false;true;true;2,82;0;2,78
1020;1,83;0,05;218;false;true;true;2,82;0;2,78
1021;1,84;0,06;218;false;true;true;2,82;0;2,78
1022;1,84;0,06;218;false;true;true;2,83;0;2,79
1023;1,84;0,06;218;false;true;true;2,83;0;2,79
1024;1,84;0,06;218;false;true;true;2,83;0;2,79
1025;1,84;0,05;218;false;true;true;2,83;0;2,79
1026;1,84;0,05;218;false;true;true;2,83;0;2,79
1027;1,84;0,05;218;false;true;true;2,83;0;2,79
1028;1,84;0,05;218;false;true;true;2,83;0;2,79
1029;1,84;0,05;218;false;true;true;2,83;0;2,79
1030;1,84;0,05;218;false;true;true;2,83;0;2,8
1031;1,85;0,05;218;false;true;true;2,83;0;2,8
1032;1,85;0,05;218;false;true;true;2,83;0;2,8
1033;1,85;0,05;218;false;true;true;2,83;0;2,8
1034;1,85;0,05;218;false;true;true;2,83;0;2,8
1035;1,85;0,05;218;false;true;true;2,84;0;2,8
1036;1,85;0,05;218;false;true;true;2,84;0;2,8
1037;1,85;0,05;218;false;true;true;2,84;0;2,8
1038;1,85;0,05;218;false;true;true;2,84;0;2,81
1039;1,85;0,05;218;false;true;true;2,84;0;2,81
1040;1,85;0,05;218;false;true;true;2,84;0;2,81
1041;1,86;0,05;218;false;true;true;2,84;0;2,81
1042;1,86;0,05;218;false;true;true;2,85;0;2,81
1043;1,86;0,05;218;false;true;true;2,85;0;2,81
1044;1,86;0,05;218;false;true;true;2,85;0;2,82
1045;1,86;0,06;218;false;true;true;2,85;0;2,82
1046;1,86;0,05;218;false;true;true;2,85;0;2,82
1047;1,86;0,05;218;false;true;true;2,85;0;2,82
1048;1,86;0,05;218;false;true;true;2,85;0;2,82
1049;1,86;0,05;218;false;true;true;2,85;0;2,82
1050;1,86;0,05;218;false;true;true;2,85;0;2,83
1051;1,87;0,05;218;false;true;true;2,86;0;2,83
1052;1,87;0,05;218;false;true;true;2,86;0;2,83
1053;1,87;0,05;218;false;true;true;2,86;0;2,83
1054;1,87;0,05;218;false;true;true;2,86;0;2,83
1055;1,87;0,05;218;false;true;true;2,87;0;2,84
1056;1,87;0,05;218;false;true;true;2,87;0;2,84
1057;1,87;0,05;218;false;true;true;2,87;0;2,84
1058;1,87;0,06;218;false;true;true;2,88;0;2,84
1059;1,87;0,05;218;false;true;true;2,88;0;2,85
1060;1,88;0,05;218;false;true;true;2,88;0;2,85
1061;1,88;0,05;218;false;true;true;2,88;0;2,85
1062;1,88;0,05;218;false;true;true;2,88;0;2,85
1063;1,88;0,05;218;false;true;true;2,88;0;2,86
1064;1,88;0,06;218;false;true;true;2,89;0;2,86
1065;1,88;0,06;218;false;true;true;2,89;0;2,86
1066;1,88;0,06;218;false;true;true;2,89;0;2,87
1067;1,88;0,06;218;false;true;true;2,9;0;2,87
1068;1,88;0,06;218;false;true;true;2,9;0;2,88
1069;1,88;0,06;218;false;true;true;2,9;0;2,88
1070;1,89;0,06;218;false;true;true;2,91;0;2,89
1071;1,89;0,06;218;false;true;true;2,91;0;2,89
1072;1,89;0,07;218;false;true;true;2,92;0;2,9
1073;1,89;0,07;218;false;true;true;2,92;0;2,9
1074;1,89;0,07;218;false;true;true;2,93;0;2,91
1075;1,89;0,08;218;false;true;true;2,94;0;2,92
1076;1,89;0,08;218;false;true;true;2,95;0;2,93
1077;1,89;0,08;218;false;true;true;2,95;0;2,94
1078;1,89;0,09;218;false;true;true;2,96;0;2,95
1079;1,89;0,09;218;false;true;true;2,97;0;2,97
1080;1,9;0,1;218;false;true;true;2,99;0;2,98
1081;1,9;0,12;218;false;true;true;3;0;3,01
1082;1,9;0,14;218;false;true;true;3,02;0;3,03
1083;1,9;0,16;218;false;true;true;3,04;0;3,07
1084;1,9;0,19;218;false;true;true;3,08;0;3,12
1085;1,9;0,25;218;false;true;true;3,12;0;3,2
1086;1,9;0,36;218;false;true;true;3,17;0;3,34
1087;1,9;0,47;217;false;true;true;2,66;0;2,49
1088;1,9;0,35;217;false;true;true;2,53;0;2,5
1089;1,9;0,27;217;false;true;true;2,46;0;2,51
1090;1,91;0,21;217;false;true;true;2,46;0;2,51
1091;1,91;0,18;217;false;true;true;2,49;0;2,51
1092;1,91;0,15;217;false;true;true;2,51;0;2,52
1093;1,91;0,14;217;false;true;true;2,53;0;2,52
1094;1,91;0,12;217;false;true;true;2,55;0;2,52
1095;1,91;0,11;217;false;true;true;2,56;0;2,52
1096;1,91;0,11;217;false;true;true;2,57;0;2,52
1097;1,91;0,1;217;false;true;true;2,57;0;2,53
1098;1,91;0,1;217;false;true;true;2,58;0;2,53
1099;1,92;0,09;217;false;true;true;2,58;0;2,53
1100;1,92;0,09;217;false;true;true;2,58;0;2,53
1101;1,92;0,08;217;false;true;true;2,58;0;2,53
1102;1,92;0,08;217;false;true;true;2,58;0;2,53
1103;1,92;0,08;217;false;true;true;2,58;0;2,53
1104;1,92;0,08;217;false;true;true;2,58;0;2,53
1105;1,92;0,08;217;false;true;true;2,58;0;2,53
1106;1,92;0,08;217;false;true;true;2,58;0;2,53
1107;1,92;0,08;217;false;true;true;2,58;0;2,53
1108;1,93;0,07;217;false;true;true;2,58;0;2,53
1109;1,93;0,07;217;false;true;true;2,58;0;2,53
1110;1,93;0,07;217;false;true;true;2,58;0;2,53
1111;1,93;0,07;217;false;true;true;2,58;0;2,53
1112;1,93;0,06;217;false;true;true;2,57;0;2,53
1113;1,93;0,06;217;false;true;true;2,57;0;2,53
1114;1,94;0,06;217;false;true;true;2,57;0;2,53
1115;1,94;0,06;217;false;true;true;2,58;0;2,53
1116;1,94;0,06;217;false;true;true;2,58;0;2,53
1117;1,94;0,06;217;false;true;true;2,57;0;2,53
1118;1,94;0,06;217;false;true;true;2,57;0;2,53
1119;1,94;0,06;217;false;true;true;2,57;0;2,53
1120;1,94;0,06;217;false;true;true;2,57;0;2,53
1121;1,94;0,06;217;false;true;true;2,57;0;2,53
1122;1,94;0,06;217;false;true;true;2,58;0;2,53
1123;1,95;0,06;217;false;true;true;2,57;0;2,53
1124;1,95;0,06;217;false;true;true;2,57;0;2,53
1125;1,95;0,05;217;false;true;true;2,57;0;2,53
1126;1,95;0,05;217;false;true;true;2,57;0;2,53
1127;1,95;0,05;217;false;true;true;2,57;0;2,53
1128;1,95;0,05;217;false;true;true;2,57;0;2,53
1129;1,95;0,05;217;false;true;true;2,57;0;2,53
1130;1,95;0,05;217;false;true;true;2,57;0;2,54
1131;1,95;0,05;217;false;true;true;2,57;0;2,54
1132;1,96;0,05;217;false;true;true;2,57;0;2,54
1133;1,96;0,05;217;false;true;true;2,57;0;2,54
1134;1,96;0,05;217;false;true;true;2,57;0;2,54
1135;1,96;0,05;217;false;true;true;2,57;0;2,54
1136;1,96;0,05;217;false;true;true;2,57;0;2,54
1137;1,96;0,05;217;false;true;true;2,57;0;2,54
1138;1,96;0,05;217;false;true;true;2,57;0;2,54
1139;1,96;0,05;217;false;true;true;2,57;0;2,54
1140;1,96;0,05;217;false;true;true;2,57;0;2,54
1141;1,96;0,05;217;false;true;true;2,57;0;2,54
1142;1,97;0,05;217;false;true;true;2,57;0;2,54
1143;1,97;0,04;217;false;true;true;2,57;0;2,54
1144;1,97;0,04;217;false;true;true;2,57;0;2,54
1145;1,97;0,04;217;false;true;true;2,57;0;2,54
1146;1,97;0,04;217;false;true;true;2,56;0;2,54
1147;1,97;0,04;217;false;true;true;2,56;0;2,54
1148;1,97;0,04;217;false;true;true;2,56;0;2,54
1149;1,97;0,04;217;false;true;true;2,56;0;2,54
1150;1,98;0,04;217;false;true;true;2,56;0;2,54
1151;1,98;0,04;217;false;true;true;2,57;0;2,54
1152;1,98;0,04;217;false;true;true;2,57;0;2,54
1153;1,98;0,04;217;false;true;true;2,57;0;2,54
1154;1,98;0,04;217;false;true;true;2,57;0;2,54
1155;1,98;0,04;217;false;true;true;2,57;0;2,54
1156;1,98;0,04;217;false;true;true;2,57;0;2,54
1157;1,98;0,04;217;false;true;true;2,57;0;2,54
1158;1,98;0,04;217;false;true;true;2,57;0;2,54
1159;1,98;0,04;217;false;true;true;2,56;0;2,54
1160;1,99;0,03;217;false;true;true;2,56;0;2,54
1161;1,99;0,03;217;false;true;true;2,56;0;2,54
1162;1,99;0,03;217;false;true;true;2,56;0;2,54
1163;1,99;0,03;217;false;true;true;2,56;0;2,54
1164;1,99;0,03;217;false;true;true;2,56;0;2,54
1165;1,99;0,03;217;false;true;true;2,56;0;2,54
1166;1,99;0,03;217;false;true;true;2,56;0;2,54
1167;1,99;0,03;217;false;true;true;2,56;0;2,54
1168;1,99;0,03;217;false;true;true;2,56;0;2,54
1169;1,99;0,03;217;false;true;true;2,56;0;2,54
1170;2;0,03;217;false;true;true;2,56;0;2,54
1171;2;0,03;217;false;true;true;2,56;0;2,54
1172;2;0,03;217;false;true;true;2,56;0;2,54
1173;2;0,03;217;false;true;true;2,56;0;2,54
1174;2;0,03;217;false;true;true;2,56;0;2,54
1175;2;0,03;217;false;true;true;2,56;0;2,54
1176;2;0,03;217;false;true;true;2,57;0;2,54
1177;2;0,03;217;false;true;true;2,56;0;2,54
1178;2;0,03;217;false;true;true;2,56;0;2,54
1179;2;0,03;217;false;true;true;2,56;0;2,54
1180;2,01;0,03;217;false;true;true;2,56;0;2,54
1181;2,01;0,03;217;false;true;true;2,56;0;2,54
1182;2,01;0,03;217;false;true;true;2,56;0;2,54
1183;2,01;0,03;217;false;true;true;2,56;0;2,54
1184;2,01;0,03;217;false;true;true;2,56;0;2,54
1185;2,01;0,03;217;false;true;true;2,56;0;2,54
1186;2,01;0,03;217;false;true;true;2,56;0;2,54
1187;2,02;0,03;217;false;true;true;2,56;0;2,54
1188;2,02;0,02;217;false;true;true;2,56;0;2,54
1189;2,02;0,02;217;false;true;true;2,56;0;2,54
1190;2,02;0,02;217;false;true;true;2,55;0;2,54
1191;2,02;0,02;217;false;true;true;2,55;0;2,54
1192;2,02;0,02;217;false;true;true;2,55;0;2,54
1193;2,02;0,02;217;false;true;true;2,55;0;2,54
1194;2,02;0,02;217;false;true;true;2,55;0;2,54
1195;2,02;0,02;217;false;true;true;2,56;0;2,54
1196;2,02;0,02;217;false;true;true;2,56;0;2,54
1197;2,03;0,02;217;false;true;true;2,56;0;2,54
1198;2,03;0,02;217;false;true;true;2,56;0;2,54
1199;2,03;0,02;217;false;true;true;2,56;0;2,54
1200;2,03;0,02;217;false;true;true;2,56;0;2,54
1201;2,03;0,02;217;false;true;true;2,56;0;2,54
1202;2,03;0,02;217;false;true;true;2,56;0;2,54
1203;2,03;0,02;217;false;true;true;2,56;0;2,54
1204;2,03;0,02;217;false;true;true;2,56;0;2,54
1205;2,03;0,02;217;false;true;true;2,55;0;2,54
1206;2,03;0,02;217;false;true;true;2,56;0;2,54
1207;2,04;0,02;217;false;true;true;2,55;0;2,54
1208;2,04;0,02;217;false;true;true;2,56;0;2,54
1209;2,04;0,02;217;false;true;true;2,56;0;2,54
1210;2,04;0,02;217;false;true;true;2,55;0;2,54
1211;2,04;0,02;217;false;true;true;2,55;0;2,54
1212;2,04;0,02;217;false;true;true;2,55;0;2,54
1213;2,04;0,01;217;false;true;true;2,55;0;2,54
1214;2,04;0,01;217;false;true;true;2,55;0;2,54
1215;2,04;0,01;217;false;true;true;2,55;0;2,54
1216;2,05;0,01;217;false;true;true;2,55;0;2,54
1217;2,05;0,01;217;false;true;true;2,55;0;2,54
1218;2,05;0,01;217;false;true;true;2,55;0;2,54
1219;2,05;0,01;217;false;true;true;2,55;0;2,54
1220;2,05;0,01;217;false;true;true;2,55;0;2,54
1221;2,05;0;217;false;true;true;2,54;0;2,54
1222;2,05;0;217;false;true;true;2,54;0;2,54
1223;2,05;0,01;217;false;true;true;2,54;0;2,54
1224;2,06;0,01;217;false;true;true;2,55;0;2,54
1225;2,06;0,01;217;false;true;true;2,55;0;2,54
1226;2,06;0,01;217;false;true;true;2,55;0;2,54
1227;2,06;0,01;217;false;true;true;2,55;0;2,54
1228;2,06;0,01;217;false;true;true;2,55;0;2,54
1229;2,06;0,01;217;false;true;true;2,55;0;2,54
1230;2,06;0,01;217;false;true;true;2,55;0;2,54
1231;2,06;0,01;217;false;true;true;2,55;0;2,54
1232;2,06;0,01;217;false;true;true;2,55;0;2,54
1233;2,06;0,01;217;false;true;true;2,55;0;2,54
1234;2,07;0,01;217;false;true;true;2,55;0;2,54
1235;2,07;0,01;217;false;true;true;2,55;0;2,54
1236;2,07;0,01;217;false;true;true;2,55;0;2,54
1237;2,07;0,01;217;false;true;true;2,55;0;2,54
1238;2,07;0,01;217;false;true;true;2,55;0;2,54
1239;2,07;0,01;217;false;true;true;2,55;0;2,54
1240;2,07;0;217;false;true;true;2,54;0;2,54
1241;2,07;0;217;false;true;true;2,54;0;2,54
1242;2,07;0;217;false;true;true;2,54;0;2,54
1243;2,08;0;217;false;true;true;2,54;0;2,54
1244;2,08;0;217;false;true;true;2,54;0;2,54
1245;2,08;0;217;false;true;true;2,54;0;2,54
1246;2,08;0;217;false;true;true;2,54;0;2,54
1247;2,08;0;217;false;true;true;2,54;0;2,54
1248;2,08;0;217;false;true;true;2,54;0;2,54
1249;2,08;0;217;false;true;true;2,54;0;2,54
1250;2,08;0;217;false;true;true;2,54;0;2,54
1251;2,09;0;217;false;true;true;2,54;0;2,54
1252;2,09;0;217;false;true;true;2,54;0;2,54
1253;2,09;0;217;false;true;true;2,54;0;2,54
1254;2,09;0;217;false;true;true;2,54;0;2,54
1255;2,09;0;217;false;true;true;2,54;0;2,54
1256;2,09;0;217;false;true;true;2,54;0;2,54
1257;2,09;0;217;false;true;true;2,54;0;2,54
1258;2,09;0;217;false;true;true;2,54;0;2,54
1259;2,09;0;217;false;true;true;2,54;0;2,54
1260;2,09;0;217;false;true;true;2,54;0;2,54
1261;2,1;0;217;false;true;true;2,54;0;2,54
1262;2,1;0;217;false;true;true;2,54;0;2,54
1263;2,1;0;217;false;true;true;2,54;0;2,54
1264;2,1;0;217;false;true;true;2,54;0;2,54
1265;2,1;0;217;false;true;true;2,54;0;2,54
1266;2,1;0;217;false;true;true;2,54;0;2,54
1267;2,1;0;217;false;true;true;2,54;0;2,54
1268;2,1;0;217;false;true;true;2,54;0;2,54
1269;2,1;0;217;false;true;true;2,54;0;2,54
1270;2,11;0;217;false;true;true;2,54;0;2,54
1271;2,11;0;217;false;true;true;2,54;0;2,54
1272;2,11;0;217;false;true;true;2,54;0;2,54
1273;2,11;0;217;false;true;true;2,54;0;2,54
1274;2,11;0;217;false;true;true;2,54;0;2,54
1275;2,11;0;217;false;true;true;2,54;0;2,54
1276;2,11;0;217;false;true;true;2,54;0;2,54
1277;2,12;0;217;false;true;true;2,54;0;2,54
1278;2,12;0;217;false;true;true;2,54;0;2,54
1279;2,12;0;217;false;true;true;2,54;0;2,54
1280;2,12;0;217;false;true;true;2,54;0;2,54
1281;2,12;0;217;false;true;true;2,54;0;2,54
1282;2,12;0;217;false;true;true;2,54;0;2,54
1283;2,12;0;217;false;true;true;2,54;0;2,54
1284;2,12;0;217;false;true;true;2,54;0;2,54
1285;2,12;0;217;false;true;true;2,54;0;2,54
1286;2,12;0;217;false;true;true;2,54;0;2,54
1287;2,12;0;217;false;true;true;2,54;0;2,54
1288;2,13;0;217;false;true;true;2,54;0;2,54
1289;2,13;0;217;false;true;true;2,54;0;2,54
1290;2,13;0;217;false;true;true;2,54;0;2,54
1291;2,13;0;217;false;true;true;2,54;0;2,54
1292;2,13;0;217;false;true;true;2,54;0;2,54
1293;2,13;0;217;false;true;true;2,54;0;2,54
1294;2,13;0;217;false;true;true;2,54;0;2,54
1295;2,13;0;217;false;true;true;2,54;0;2,54
1296;2,13;0;217;false;true;true;2,54;0;2,54
1297;2,14;0;217;false;true;true;2,54;0;2,54
1298;2,14;0;217;false;true;true;2,54;0;2,54
1299;2,14;0;217;false;true;true;2,54;0;2,54
1300;2,14;0;217;false;true;true;2,54;0;2,54
1301;2,14;0;217;false;true;true;2,54;0;2,54
1302;2,14;0;217;false;true;true;2,54;0;2,54
1303;2,15;0;217;false;true;true;2,54;0;2,54
1304;2,15;0;217;false;true;true;2,54;0;2,54
1305;2,15;0;217;false;true;true;2,54;0;2,54
1306;2,15;0;217;false;true;true;2,54;0;2,54
1307;2,15;0;217;false;true;true;2,54;0;2,54
1308;2,15;0;217;false;true;true;2,54;0;2,54
1309;2,16;0;217;false;true;true;2,54;0;2,54
1310;2,16;0;217;false;true;true;2,54;0;2,54
1311;2,16;0;217;false;true;true;2,54;0;2,54
1312;2,16;0;217;false;true;true;2,54;0;2,54
1313;2,16;0;217;false;true;true;2,54;0;2,54
1314;2,16;0;217;false;true;true;2,54;0;2,54
1315;2,16;0;217;false;true;true;2,54;0;2,54
1316;2,16;0;217;false;true;true;2,54;0;2,54
1317;2,16;0;217;false;true;true;2,54;0;2,54
1318;2,16;0;217;false;true;true;2,54;0;2,54
1319;2,17;0;217;false;true;true;2,54;0;2,54
1320;2,17;0;217;false;true;true;2,54;0;2,54
1321;2,17;0;217;false;true;true;2,54;0;2,54
1322;2,17;0;217;false;true;true;2,54;0;2,54
1323;2,17;0;217;false;true;true;2,54;0;2,54
1324;2,17;0;217;false;true;true;2,54;0;2,54
1325;2,17;0;217;false;true;true;2,54;0;2,54
1326;2,17;0;217;false;true;true;2,54;0;2,54
1327;2,17;0;217;false;true;true;2,54;0;2,54
1328;2,17;0;217;false;true;true;2,54;0;2,54
1329;2,18;0;217;false;true;true;2,54;0;2,54
1330;2,18;0;217;false;true;true;2,54;0;2,54
1331;2,18;0;217;false;true;true;2,54;0;2,54
1332;2,18;0;217;false;true;true;2,54;0;2,54
1333;2,18;0;217;false;true;true;2,54;0;2,54
1334;2,18;0;217;false;true;true;2,54;0;2,54
1335;2,18;0;217;false;true;true;2,54;0;2,54
1336;2,18;0;217;false;true;true;2,54;0;2,54
1337;2,18;0;217;false;true;true;2,54;0;2,54
1338;2,19;0;217;false;true;true;2,54;0;2,54
1339;2,19;0;217;false;true;true;2,54;0;2,54
1340;2,19;0;217;false;true;true;2,54;0;2,54
1341;2,19;0;217;false;true;true;2,54;0;2,54
1342;2,19;0;217;false;true;true;2,54;0;2,54
1343;2,19;0;217;false;true;true;2,54;0;2,54
1344;2,19;0;217;false;true;true;2,54;0;2,54
1345;2,19;0;217;false;true;true;2,54;0;2,54
1346;2,2;0;217;false;true;true;2,54;0;2,54
1347;2,2;0;217;false;true;true;2,54;0;2,54
1348;2,2;0;217;false;true;true;2,54;0;2,54
1349;2,2;0;217;false;true;true;2,54;0;2,54
1350;2,2;0;217;false;true;true;2,54;0;2,54
1351;2,2;0;217;false;true;true;2,54;0;2,54
1352;2,2;0;217;false;true;true;2,54;0;2,54
1353;2,2;0;217;false;true;true;2,54;0;2,54
1354;2,2;0;217;false;true;true;2,54;0;2,54
1355;2,21;0;217;false;true;true;2,54;0;2,54
1356;2,21;0;217;false;true;true;2,54;0;2,54
1357;2,21;0;217;false;true;true;2,54;0;2,54
1358;2,21;0;217;false;true;true;2,54;0;2,54
1359;2,21;0;217;false;true;true;2,54;0;2,54
1360;2,21;0;217;false;true;true;2,54;0;2,54
1361;2,21;0;217;false;true;true;2,54;0;2,54
1362;2,22;0;217;false;true;true;2,54;0;2,54
1363;2,22;0;217;false;true;true;2,54;0;2,54
1364;2,22;0;217;false;true;true;2,54;0;2,54
1365;2,22;0;217;false;true;true;2,54;0;2,54
1366;2,22;0;217;false;true;true;2,54;0;2,54
1367;2,22;0;217;false;true;true;2,54;0;2,54
1368;2,22;0;217;false;true;true;2,54;0;2,54
1369;2,22;0;217;false;true;true;2,54;0;2,54
1370;2,22;0;217;false;true;true;2,54;0;2,54
1371;2,22;0;217;false;true;true;2,54;0;2,54
1372;2,23;0;217;false;true;true;2,54;0;2,54
1373;2,23;0;217;false;true;true;2,54;0;2,54
1374;2,23;0;217;false;true;true;2,54;0;2,54
1375;2,23;0;217;false;true;true;2,54;0;2,54
1376;2,23;0;217;false;true;true;2,54;0;2,54
1377;2,23;0;217;false;true;true;2,54;0;2,54
1378;2,23;0;217;false;true;true;2,54;0;2,54
1379;2,23;0;217;false;true;true;2,54;0;2,54
1380;2,23;0;217;false;true;true;2,54;0;2,54
1381;2,23;0;217;false;true;true;2,54;0;2,54
1382;2,24;0;217;false;true;true;2,54;0;2,54
1383;2,24;0;217;false;true;true;2,54;0;2,54
1384;2,24;0;217;false;true;true;2,54;0;2,54
1385;2,24;0;217;false;true;true;2,54;0;2,54
1386;2,24;0;217;false;true;true;2,54;0;2,54
1387;2,24;0;217;false;true;true;2,54;0;2,54
1388;2,24;0;217;false;true;true;2,54;0;2,54
1389;2,24;0;217;false;true;true;2,54;0;2,54
1390;2,24;0;217;false;true;true;2,54;0;2,54
1391;2,24;0;217;false;true;true;2,54;0;2,54
1392;2,25;0;217;false;true;true;2,54;0;2,54
1393;2,25;0;217;false;true;true;2,54;0;2,54
1394;2,25;0;217;false;true;true;2,54;0;2,54
1395;2,25;0;217;false;true;true;2,54;0;2,54
1396;2,25;0;217;false;true;true;2,54;0;2,54
1397;2,25;0;217;false;true;true;2,54;0;2,54
1398;2,25;0;217;false;true;true;2,54;0;2,54
1399;2,26;0;217;false;true;true;2,54;0;2,54
1400;2,26;0;217;false;true;true;2,54;0;2,54
1401;2,26;0;217;false;true;true;2,54;0;2,54
1402;2,26;0;217;false;true;true;2,54;0;2,54
1403;2,26;0;217;false;true;true;2,54;0;2,54
1404;2,26;0;217;false;true;true;2,54;0;2,54
1405;2,26;0;217;false;true;true;2,54;0;2,54
1406;2,26;0;217;false;true;true;2,54;0;2,54
1407;2,26;0;217;false;true;true;2,54;0;2,54
1408;2,26;0;217;false;true;true;2,54;0;2,54
1409;2,27;0;217;false;true;true;2,54;0;2,54
1410;2,27;0;217;false;true;true;2,54;0;2,54
1411;2,27;0;217;false;true;true;2,54;0;2,54
1412;2,27;0;217;false;true;true;2,54;0;2,54
1413;2,27;0;217;false;true;true;2,54;0;2,54
1414;2,27;0;217;false;true;true;2,54;0;2,54
1415;2,27;0;217;false;true;true;2,54;0;2,54
1416;2,27;0;217;false;true;true;2,54;0;2,54
1417;2,27;0;217;false;true;true;2,54;0;2,54
1418;2,27;0;217;false;true;true;2,54;0;2,54
1419;2,28;0;217;false;true;true;2,54;0;2,54
1420;2,28;0;217;false;true;true;2,54;0;2,54
1421;2,28;0;217;false;true;true;2,54;0;2,54
1422;2,28;0;217;false;true;true;2,54;0;2,54
1423;2,28;0;217;false;true;true;2,54;0;2,54
1424;2,28;0;217;false;true;true;2,54;0;2,54
1425;2,28;0;217;false;true;true;2,54;0;2,54
1426;2,28;0;217;false;true;true;2,54;0;2,54
1427;2,28;0;217;false;true;true;2,54;0;2,54
1428;2,29;0;217;false;true;true;2,54;0;2,54
1429;2,29;0;217;false;true;true;2,54;0;2,54
1430;2,29;0;217;false;true;true;2,54;0;2,54
1431;2,29;0;217;false;true;true;2,54;0;2,54
1432;2,29;0;217;false;true;true;2,54;0;2,54
1433;2,29;0;217;false;true;true;2,54;0;2,54
1434;2,29;0;217;false;true;true;2,54;0;2,54
1435;2,29;0;217;false;true;true;2,54;0;2,54
1436;2,29;0;217;false;true;true;2,54;0;2,54
1437;2,29;0;217;false;true;true;2,54;0;2,54
1438;2,3;0;217;false;true;true;2,54;0;2,54
1439;2,3;0;217;false;true;true;2,54;0;2,54
1440;2,3;0;217;false;true;true;2,54;0;2,54
1441;2,3;0;217;false;true;true;2,54;0;2,54
1442;2,3;0;217;false;true;true;2,54;0;2,54
1443;2,3;0;217;false;true;true;2,54;0;2,54
1444;2,3;0;217;false;true;true;2,54;0;2,54
1445;2,3;0;217;false;true;true;2,54;0;2,54
1446;2,3;0;217;false;true;true;2,54;0;2,54
1447;2,3;0;217;false;true;true;2,54;0;2,54
1448;2,31;0;217;false;true;true;2,54;0;2,54
1449;2,31;0;217;false;true;true;2,54;0;2,54
1450;2,31;0;217;false;true;true;2,54;0;2,54
1451;2,31;0;217;false;true;true;2,54;0;2,54
1452;2,31;0;217;false;true;true;2,54;0;2,54
1453;2,31;0;217;false;true;true;2,54;0;2,54
1454;2,31;0;217;false;true;true;2,54;0;2,54
1455;2,31;0;217;false;true;true;2,54;0;2,54
1456;2,32;0;217;false;true;true;2,54;0;2,54
1457;2,32;0;217;false;true;true;2,54;0;2,54
1458;2,32;0;217;false;true;true;2,54;0;2,54
1459;2,32;0;217;false;true;true;2,54;0;2,54
1460;2,32;0;217;false;true;true;2,54;0;2,54
1461;2,32;0;217;false;true;true;2,54;0;2,54
1462;2,32;0;217;false;true;true;2,54;0;2,54
1463;2,32;0;217;false;true;true;2,54;0;2,54
1464;2,32;0;217;false;true;true;2,54;0;2,54
1465;2,33;0;217;false;true;true;2,54;0;2,54
1466;2,33;0;217;false;true;true;2,54;0;2,54
1467;2,33;0;217;false;true;true;2,54;0;2,54
1468;2,33;0;217;false;true;true;2,54;0;2,54
1469;2,33;0;217;false;true;true;2,54;0;2,54
1470;2,33;0;217;false;true;true;2,54;0;2,54
1471;2,33;0;217;false;true;true;2,54;0;2,54
1472;2,33;0;217;false;true;true;2,54;0;2,54
1473;2,33;0;217;false;true;true;2,54;0;2,54
1474;2,34;0;217;false;true;true;2,54;0;2,54
1475;2,34;0;217;false;true;true;2,54;0;2,54
1476;2,34;0;217;false;true;true;2,54;0;2,54
1477;2,34;0;217;false;true;true;2,54;0;2,54
1478;2,34;0;217;false;true;true;2,54;0;2,54
1479;2,34;0;217;false;true;true;2,54;0;2,54
1480;2,34;0;217;false;true;true;2,54;0;2,54
1481;2,34;0;217;false;true;true;2,54;0;2,54
1482;2,34;0;217;false;true;true;2,54;0;2,54
1483;2,34;0;217;false;true;true;2,54;0;2,54
1484;2,35;0;217;false;true;true;2,54;0;2,54
1485;2,35;0;217;false;true;true;2,54;0;2,54
1486;2,35;0;217;false;true;true;2,54;0;2,54
1487;2,35;0;217;false;true;true;2,54;0;2,54
1488;2,35;0;217;false;true;true;2,54;0;2,54
1489;2,35;0;217;false;true;true;2,54;0;2,54
1490;2,35;0;217;false;true;true;2,54;0;2,54
1491;2,35;0;217;false;true;true;2,54;0;2,54
1492;2,35;0;217;false;true;true;2,54;0;2,54
1493;2,35;0;217;false;true;true;2,54;0;2,54
1494;2,36;0;217;false;true;true;2,54;0;2,54
1495;2,36;0;217;false;true;true;2,54;0;2,54
1496;2,36;0;217;false;true;true;2,54;0;2,54
1497;2,36;0;217;false;true;true;2,54;0;2,54
1498;2,36;0;217;false;true;true;2,54;0;2,54
1499;2,37;0;217;false;true;true;2,54;0;2,54
1500;2,37;0;217;false;true;true;2,54;0;2,54
1501;2,37;0;217;false;true;true;2,54;0;2,54
1502;2,37;0;217;false;true;true;2,54;0;2,54
1503;2,37;0;217;false;true;true;2,54;0;2,54
1504;2,37;0;217;false;true;true;2,54;0;2,54
1505;2,37;0;217;false;true;true;2,54;0;2,54
1506;2,37;0;217;false;true;true;2,54;0;2,54
1507;2,38;0;217;false;true;true;2,54;0;2,54
1508;2,38;0;217;false;true;true;2,54;0;2,54
1509;2,38;0;217;false;true;true;2,54;0;2,54
1510;2,38;0;217;false;true;true;2,54;0;2,54
1511;2,38;0;217;false;true;true;2,54;0;2,54
1512;2,38;0;217;false;true;true;2,54;0;2,54
1513;2,38;0;217;false;true;true;2,54;0;2,54
1514;2,38;0;217;false;true;true;2,54;0;2,54
1515;2,38;0;217;false;true;true;2,54;0;2,54
1516;2,38;0;217;false;true;true;2,54;0;2,54
1517;2,39;0;217;false;true;true;2,54;0;2,54
1518;2,39;0;217;false;true;true;2,54;0;2,54
1519;2,39;0;217;false;true;true;2,54;0;2,54
1520;2,39;0;217;false;true;true;2,54;0;2,54
1521;2,39;0;217;false;true;true;2,54;0;2,54
1522;2,39;0;217;false;true;true;2,54;0;2,54
1523;2,39;0;217;false;true;true;2,54;0;2,54
1524;2,39;0;217;false;true;true;2,54;0;2,54
1525;2,39;0;217;false;true;true;2,54;0;2,54
1526;2,39;0;217;false;true;true;2,54;0;2,54
1527;2,4;0;217;false;true;true;2,54;0;2,54
1528;2,4;0;217;false;true;true;2,54;0;2,54
1529;2,4;0;217;false;true;true;2,54;0;2,54
1530;2,4;0;217;false;true;true;2,54;0;2,54
1531;2,4;0;217;false;true;true;2,54;0;2,54
1532;2,4;0;217;false;true;true;2,54;0;2,54
1533;2,4;0;217;false;true;true;2,54;0;2,54
1534;2,4;0;217;false;true;true;2,54;0;2,54
1535;2,4;0;217;false;true;true;2,54;0;2,54
1536;2,4;0;217;false;true;true;2,54;0;2,54
1537;2,41;0;217;false;true;true;2,54;0;2,54
1538;2,41;0;217;false;true;true;2,54;0;2,54
1539;2,41;0;217;false;true;true;2,54;0;2,54
1540;2,41;0;217;false;true;true;2,54;0;2,54
1541;2,41;0;217;false;true;true;2,54;0;2,54
1542;2,41;0;217;false;true;true;2,54;0;2,54
1543;2,41;0;217;false;true;true;2,54;0;2,54
1544;2,41;0;217;false;true;true;2,54;0;2,54
1545;2,41;0;217;false;true;true;2,54;0;2,54
1546;2,41;0;217;false;true;true;2,54;0;2,54
1547;2,42;0;217;false;true;true;2,54;0;2,54
1548;2,42;0;217;false;true;true;2,54;0;2,54
1549;2,42;0;217;false;true;true;2,54;0;2,54
1550;2,42;0;217;false;true;true;2,54;0;2,54
1551;2,42;0;217;false;true;true;2,54;0;2,54
1552;2,43;0;217;false;true;true;2,54;0;2,54
1553;2,43;0;217;false;true;true;2,54;0;2,54
1554;2,43;0;217;false;true;true;2,54;0;2,54
1555;2,43;0;217;false;true;true;2,54;0;2,54
1556;2,43;0;217;false;true;true;2,54;0;2,54
1557;2,43;0;217;false;true;true;2,54;0;2,54
1558;2,43;0;217;false;true;true;2,54;0;2,54
1559;2,43;0;217;false;true;true;2,54;0;2,54
1560;2,43;0;217;false;true;true;2,54;0;2,54
1561;2,43;0;217;false;true;true;2,54;0;2,54
1562;2,44;0;217;false;true;true;2,54;0;2,54
1563;2,44;0;217;false;true;true;2,54;0;2,54
1564;2,44;0;217;false;true;true;2,54;0;2,54
1565;2,44;0;217;false;true;true;2,54;0;2,54
1566;2,44;0;217;false;true;true;2,54;0;2,54
1567;2,44;0;217;false;true;true;2,54;0;2,54
1568;2,44;0;217;false;true;true;2,54;0;2,54
1569;2,44;0;217;false;true;true;2,54;0;2,54
1570;2,44;0;217;false;true;true;2,54;0;2,54
1571;2,44;0;217;false;true;true;2,54;0;2,54
1572;2,45;0;217;false;true;true;2,54;0;2,54
1573;2,45;0;217;false;true;true;2,54;0;2,54
1574;2,45;0;217;false;true;true;2,54;0;2,54
1575;2,45;0;217;false;true;true;2,54;0;2,54
1576;2,45;0;217;false;true;true;2,54;0;2,54
1577;2,45;0;217;false;true;true;2,54;0;2,54
1578;2,45;0;217;false;true;true;2,54;0;2,54
1579;2,45;0;217;false;true;true;2,54;0;2,54
1580;2,45;0;217;false;true;true;2,54;0;2,54
1581;2,45;0;217;false;true;true;2,54;0;2,54
1582;2,46;0;217;false;true;true;2,54;0;2,54
1583;2,46;0;217;false;true;true;2,54;0;2,54
1584;2,46;0;217;false;true;true;2,54;0;2,54
1585;2,46;0;217;false;true;true;2,54;0;2,54
1586;2,46;0;217;false;true;true;2,54;0;2,54
1587;2,46;0;217;false;true;true;2,54;0;2,54
1588;2,46;0;217;false;true;true;2,54;0;2,54
1589;2,46;0;217;false;true;true;2,54;0;2,54
1590;2,47;0;217;false;true;true;2,54;0;2,54
1591;2,47;0;217;false;true;true;2,54;0;2,54
1592;2,47;0;217;false;true;true;2,54;0;2,54
1593;2,47;0;217;false;true;true;2,54;0;2,54
1594;2,47;0;217;false;true;true;2,54;0;2,54
1595;2,47;0;217;false;true;true;2,54;0;2,54
1596;2,47;0;217;false;true;true;2,54;0;2,54
1597;2,47;0;217;false;true;true;2,54;0;2,54
1598;2,47;0;217;false;true;true;2,54;0;2,54
1599;2,47;0;217;false;true;true;2,54;0;2,54
1600;2,48;0;217;false;true;true;2,54;0;2,54
1601;2,48;0;217;false;true;true;2,54;0;2,54
1602;2,48;0;217;false;true;true;2,54;0;2,54
1603;2,48;0;217;false;true;true;2,54;0;2,54
1604;2,48;0;217;false;true;true;2,54;0;2,54
1605;2,48;0;217;false;true;true;2,54;0;2,54
1606;2,48;0;217;false;true;true;2,54;0;2,54
1607;2,48;0;217;false;true;true;2,54;0;2,54
1608;2,48;0;217;false;true;true;2,54;0;2,54
1609;2,49;0;217;false;true;true;2,54;0;2,54
1610;2,49;0;217;false;true;true;2,54;0;2,54
1611;2,49;0;217;false;true;true;2,54;0;2,54
1612;2,49;0;217;false;true;true;2,54;0;2,54
1613;2,49;0;217;false;true;true;2,54;0;2,54
1614;2,49;0;217;false;true;true;2,54;0;2,54
1615;2,49;0;217;false;true;true;2,54;0;2,54
1616;2,49;0;217;false;true;true;2,54;0;2,54
1617;2,5;0;217;false;true;true;2,54;0;2,54
1618;2,5;0;217;false;true;true;2,54;0;2,54
1619;2,5;0;217;false;true;true;2,54;0;2,54
1620;2,5;0;217;false;true;true;2,54;0;2,54
1621;2,5;0;217;false;true;true;2,54;0;2,54
1622;2,5;0;217;false;true;true;2,54;0;2,54
1623;2,5;0;217;false;true;true;2,54;0;2,54
1624;2,5;0;217;false;true;true;2,54;0;2,54
1625;2,5;0;217;false;true;true;2,54;0;2,54
1626;2,51;0;217;false;true;true;2,54;0;2,54
1627;2,51;0;217;false;true;true;2,54;0;2,54
1628;2,51;0;217;false;true;true;2,54;0;2,54
1629;2,51;0;217;false;true;true;2,54;0;2,54
1630;2,51;0;217;false;true;true;2,54;0;2,54
1631;2,51;0;217;false;true;true;2,54;0;2,54
1632;2,51;0;217;false;true;true;2,54;0;2,54
1633;2,51;0;217;false;true;true;2,54;0;2,54
1634;2,51;0;217;false;true;true;2,54;0;2,54
1635;2,52;0;217;false;true;true;2,54;0;2,54
1636;2,52;0;217;false;true;true;2,54;0;2,54
1637;2,52;0;217;false;true;true;2,54;0;2,54
1638;2,52;0;217;false;true;true;2,54;0;2,54
1639;2,52;0;217;false;true;true;2,54;0;2,54
1640;2,52;0;217;false;true;true;2,54;0;2,54
1641;2,53;0;217;false;true;true;2,54;0;2,54
1642;2,53;0;217;false;true;true;2,54;0;2,54
1643;2,53;0;217;false;true;true;2,54;0;2,54
1644;2,53;0;217;false;true;true;2,54;0;2,54
1645;2,53;0;217;false;true;true;2,54;0;2,54
1646;2,53;0;217;false;true;true;2,54;0;2,54
1647;2,54;0;217;false;true;true;2,54;0;2,54
1648;2,54;0;217;false;true;true;2,54;0;2,54
1649;2,54;0;217;false;true;true;2,54;0;2,54
1650;2,54;0;217;false;true;true;2,54;0;2,54
1651;2,54;0;217;false;true;true;2,54;0;2,54
1652;2,54;0;217;false;true;true;2,54;0;2,54
1653;2,54;0;217;false;true;true;2,54;0;2,54
1654;2,54;0;217;false;true;true;2,54;0;2,54
1655;2,54;0;217;false;true;true;2,54;0;2,54
1656;2,55;0;217;false;true;true;2,54;0;2,54
1657;2,55;0;217;false;true;true;2,54;0;2,54
1658;2,55;0;217;false;true;true;2,54;0;2,54
1659;2,55;0;217;false;true;true;2,54;0;2,54
1660;2,55;0;217;false;true;true;2,54;0;2,54
1661;2,55;0;217;false;true;true;2,54;0;2,54
1662;2,55;0;217;false;true;true;2,54;0;2,54
1663;2,55;0;217;false;true;true;2,54;0;2,54
1664;2,55;0;217;false;true;true;2,54;0;2,54
1665;2,56;0;217;false;true;true;2,54;0;2,54
1666;2,56;0;217;false;true;true;2,54;0;2,54
1667;2,56;0;217;false;true;true;2,54;0;2,54
1668;2,56;0;217;false;true;true;2,54;0;2,54
1669;2,56;0;217;false;true;true;2,54;0;2,54
1670;2,56;0;217;false;true;true;2,54;0;2,54
1671;2,56;0;217;false;true;true;2,54;0;2,54
1672;2,56;0;217;false;true;true;2,54;0;2,54
1673;2,56;0;217;false;true;true;2,54;0;2,54
1674;2,56;0;217;false;true;true;2,54;0;2,54
1675;2,57;0;217;false;true;true;2,54;0;2,54
1676;2,57;0;217;false;true;true;2,54;0;2,54
1677;2,57;0;217;false;true;true;2,54;0;2,54
1678;2,57;0;217;false;true;true;2,54;0;2,54
1679;2,57;0;217;false;true;true;2,54;0;2,54
1680;2,57;62,88;217;true;true;true;0;61,86;0
1681;2,58;18,89;217;true;true;true;0;18,37;0
1682;2,58;17,3;217;true;true;true;0;16,73;0
1683;2,58;15,92;217;true;true;true;0;15,37;0
1684;2,59;14,7;217;true;true;true;0;14,13;0
1685;2,59;13,46;217;true;true;true;0;12,9;0
1686;2,6;12,33;217;true;true;true;0;11,77;0
1687;2,6;11,27;217;true;true;true;0;10,72;0
1688;2,61;10,35;217;true;true;true;0;9,8;0
1689;2,61;9,54;217;true;true;true;0;8,99;0
1690;2,62;8,83;217;true;true;true;0;8,29;0
1691;2,62;8,2;217;true;true;true;0;7,67;0
1692;2,62;7,68;217;true;true;true;0;7,15;0
1693;2,63;7,23;217;true;true;true;0;6,71;0
1694;2,63;6,86;217;true;true;true;0;6,35;0
1695;2,64;6,55;217;true;true;true;0;6,04;0
1696;2,64;6,3;217;true;true;true;0;5,79;0
1697;2,65;6,09;217;true;true;true;0;5,58;0
1698;2,65;5,91;217;true;true;true;0;5,41;0
1699;2,66;5,76;217;true;true;true;0;5,26;0
1700;2,66;5,64;217;true;true;true;0;5,14;0
1701;2,66;5,53;217;true;true;true;0;5,04;0
1702;2,67;5,44;217;true;true;true;0;4,95;0
1703;2,67;5,36;217;true;true;true;0;4,87;0
1704;2,68;5,29;217;true;true;true;0;4,8;0
1705;2,68;5,26;217;true;true;true;0;4,78;0
1706;2,69;5,22;217;true;true;true;0;4,74;0
1707;2,69;5,18;217;true;true;true;0;4,7;0
1708;2,7;5,15;217;true;true;true;0;4,67;0
1709;2,7;5,11;217;true;true;true;0;4,63;0
1710;2,71;5,08;217;true;true;true;0;4,6;0
1711;2,71;5,05;217;true;true;true;0;4,58;0
1712;2,72;5,03;217;true;true;true;0;4,55;0
1713;2,72;5;217;true;true;true;0;4,53;0
1714;2,73;4,98;217;true;true;true;0;4,51;0
1715;2,73;4,97;217;true;true;true;0;4,49;0
1716;2,73;4,95;217;true;true;true;0;4,48;0
1717;2,74;4,94;217;true;true;true;0;4,46;0
1718;2,74;4,92;217;true;true;true;0;4,44;0
1719;2,75;4,91;217;true;true;true;0;4,43;0
1720;2,76;4,89;217;true;true;true;0;4,42;0
1721;2,76;4,89;217;true;true;true;0;4,41;0
1722;2,76;4,88;217;true;true;true;0;4,4;0
1723;2,77;4,87;217;true;true;true;0;4,39;0
1724;2,77;4,86;217;true;true;true;0;4,38;0
1725;2,78;4,85;217;true;true;true;0;4,38;0
1726;2,78;4,84;217;true;true;true;0;4,37;0
1727;2,79;4,84;217;true;true;true;0;4,36;0
1728;2,79;4,83;217;true;true;true;0;4,35;0
1729;2,79;4,82;217;true;true;true;0;4,35;0
1730;2,8;4,82;217;true;true;true;0;4,34;0
1731;2,8;4,81;217;true;true;true;0;4,33;0
1732;2,81;4,81;217;true;true;true;0;4,33;0
1733;2,81;4,8;217;true;true;true;0;4,32;0
1734;2,82;4,8;217;true;true;true;0;4,32;0
1735;2,82;4,79;217;true;true;true;0;4,31;0
1736;2,83;4,79;217;true;true;true;0;4,31;0
1737;2,83;4,78;217;true;true;true;0;4,31;0
1738;2,84;4,78;217;true;true;true;0;4,3;0
1739;2,84;4,78;217;true;true;true;0;4,3;0
1740;2,84;4,77;217;true;true;true;0;4,29;0
1741;2,85;4,77;217;true;true;true;0;4,29;0
1742;2,85;4,76;217;true;true;true;0;4,29;0
1743;2,86;4,76;217;true;true;true;0;4,28;0
1744;2,86;4,76;217;true;true;true;0;4,28;0
1745;2,87;4,75;217;true;true;true;0;4,28;0
1746;2,87;4,75;217;true;true;true;0;4,27;0
1747;2,88;4,75;217;true;true;true;0;4,27;0
1748;2,88;4,75;217;true;true;true;0;4,27;0
1749;2,89;4,74;217;true;true;true;0;4,26;0
1750;2,89;4,74;217;true;true;true;0;4,26;0
1751;2,9;4,74;217;true;true;true;0;4,26;0
1752;2,9;4,74;217;true;true;true;0;4,26;0
1753;2,9;4,73;217;true;true;true;0;4,25;0
1754;2,91;4,73;217;true;true;true;0;4,25;0
1755;2,91;4,73;217;true;true;true;0;4,25;0
1756;2,92;4,73;217;true;true;true;0;4,25;0
1757;2,92;4,72;217;true;true;true;0;4,25;0
1758;2,93;4,72;217;true;true;true;0;4,24;0
1759;2,93;4,72;217;true;true;true;0;4,24;0
1760;2,93;4,72;217;true;true;true;0;4,24;0
1761;2,94;4,72;217;true;true;true;0;4,24;0
1762;2,94;4,71;217;true;true;true;0;4,24;0
1763;2,95;4,71;217;true;true;true;0;4,23;0
1764;2,95;4,71;217;true;true;true;0;4,23;0
1765;2,96;4,71;217;true;true;true;0;4,23;0
1766;2,96;4,71;217;true;true;true;0;4,23;0
1767;2,97;4,7;217;true;true;true;0;4,23;0
1768;2,97;4,7;217;true;true;true;0;4,22;0
1769;2,98;4,7;217;true;true;true;0;4,22;0
1770;2,98;4,7;217;true;true;true;0;4,22;0
1771;2,99;4,7;217;true;true;true;0;4,22;0
1772;2,99;4,7;217;true;true;true;0;4,22;0
1773;2,99;4,7;217;true;true;true;0;4,22;0
1774;3;4,69;217;true;true;true;0;4,22;0
1775;3;4,69;217;true;true;true;0;4,21;0
1776;3,01;4,69;217;true;true;true;0;4,21;0
1777;3,01;4,69;217;true;true;true;0;4,21;0
1778;3,02;4,69;217;true;true;true;0;4,21;0
1779;3,02;4,69;217;true;true;true;0;4,21;0
1780;3,03;4,69;217;true;true;true;0;4,21;0
1781;3,03;4,68;217;true;true;true;0;4,21;0
1782;3,04;4,68;217;true;true;true;0;4,21;0
1783;3,04;4,69;217;true;true;true;0;4,21;0
1784;3,05;4,69;217;true;true;true;0;4,21;0
1785;3,05;4,69;217;true;true;true;0;4,21;0
1786;3,05;4,69;217;true;true;true;0;4,21;0
1787;3,06;4,69;217;true;true;true;0;4,21;0
1788;3,06;4,69;217;true;true;true;0;4,21;0
1789;3,07;4,69;217;true;true;true;0;4,21;0
1790;3,07;4,69;217;true;true;true;0;4,21;0
1791;3,07;4,68;217;true;true;true;0;4,21;0
1792;3,08;4,68;217;true;true;true;0;4,21;0
1793;3,08;4,68;217;true;true;true;0;4,2;0
1794;3,09;4,68;217;true;true;true;0;4,2;0
1795;3,09;4,68;217;true;true;true;0;4,2;0
1796;3,1;4,68;217;true;true;true;0;4,2;0
1797;3,1;4,68;217;true;true;true;0;4,2;0
1798;3,11;4,68;217;true;true;true;0;4,2;0
1799;3,11;4,68;217;true;true;true;0;4,2;0
1800;3,12;4,68;217;true;true;true;0;4,2;0
1801;3,12;4,68;217;true;true;true;0;4,2;0
1802;3,12;4,68;217;true;true;true;0;4,2;0
1803;3,13;4,68;217;true;true;true;0;4,2;0
1804;3,13;4,68;217;true;true;true;0;4,2;0
1805;3,14;4,68;217;true;true;true;0;4,2;0
1806;3,14;4,68;217;true;true;true;0;4,2;0
1807;3,14;4,68;217;true;true;true;0;4,2;0
1808;3,15;4,68;217;true;true;true;0;4,2;0
1809;3,16;4,68;217;true;true;true;0;4,2;0
1810;3,16;4,68;217;true;true;true;0;4,2;0
1811;3,17;4,68;217;true;true;true;0;4,2;0
1812;3,17;4,68;217;true;true;true;0;4,2;0
1813;3,17;4,68;217;true;true;true;0;4,2;0
1814;3,18;4,67;217;true;true;true;0;4,2;0
1815;3,18;4,67;217;true;true;true;0;4,2;0
1816;3,19;4,67;217;true;true;true;0;4,2;0
1817;3,19;4,67;217;true;true;true;0;4,2;0
1818;3,19;4,67;217;true;true;true;0;4,2;0
1819;3,2;4,67;217;true;true;true;0;4,19;0
1820;3,2;4,67;217;true;true;true;0;4,19;0
1821;3,21;4,67;217;true;true;true;0;4,19;0
1822;3,21;4,67;217;true;true;true;0;4,19;0
1823;3,22;4,67;217;true;true;true;0;4,19;0
1824;3,22;4,67;217;true;true;true;0;4,19;0
1825;3,23;4,67;217;true;true;true;0;4,19;0
1826;3,23;4,67;217;true;true;true;0;4,19;0
1827;3,23;4,67;217;true;true;true;0;4,19;0
1828;3,24;4,67;217;true;true;true;0;4,19;0
1829;3,24;4,67;217;true;true;true;0;4,19;0
1830;3,25;4,67;217;true;true;true;0;4,19;0
1831;3,25;4,67;217;true;true;true;0;4,19;0
1832;3,26;4,67;217;true;true;true;0;4,19;0
1833;3,26;4,67;217;true;true;true;0;4,19;0
1834;3,27;4,67;217;true;true;true;0;4,19;0
1835;3,27;4,67;217;true;true;true;0;4,19;0
1836;3,27;4,67;217;true;true;true;0;4,19;0
1837;3,28;4,66;217;true;true;true;0;4,19;0
1838;3,28;4,66;217;true;true;true;0;4,19;0
1839;3,29;4,66;217;true;true;true;0;4,19;0
1840;3,29;4,66;217;true;true;true;0;4,19;0
1841;3,3;4,66;217;true;true;true;0;4,19;0
1842;3,3;4,66;217;true;true;true;0;4,19;0
1843;3,31;4,66;217;true;true;true;0;4,19;0
1844;3,31;4,66;217;true;true;true;0;4,18;0
1845;3,32;4,66;217;true;true;true;0;4,18;0
1846;3,32;4,66;217;true;true;true;0;4,18;0
1847;3,33;4,66;217;true;true;true;0;4,18;0
1848;3,33;4,66;217;true;true;true;0;4,18;0
1849;3,33;4,66;217;true;true;true;0;4,18;0
1850;3,34;4,66;217;true;true;true;0;4,18;0
1851;3,34;4,66;217;true;true;true;0;4,18;0
1852;3,35;4,66;217;true;true;true;0;4,18;0
1853;3,35;4,66;217;true;true;true;0;4,18;0
1854;3,36;4,66;217;true;true;true;0;4,18;0
1855;3,36;4,66;217;true;true;true;0;4,18;0
1856;3,36;4,66;217;true;true;true;0;4,18;0
1857;3,37;4,66;217;true;true;true;0;4,18;0
1858;3,37;4,66;217;true;true;true;0;4,18;0
1859;3,38;4,66;217;true;true;true;0;4,18;0
1860;3,38;4,66;217;true;true;true;0;4,18;0
1861;3,39;4,66;217;true;true;true;0;4,18;0
1862;3,39;4,66;217;true;true;true;0;4,18;0
1863;3,39;4,66;217;true;true;true;0;4,18;0
1864;3,4;4,66;217;true;true;true;0;4,18;0
1865;3,4;4,66;217;true;true;true;0;4,18;0
1866;3,41;4,66;217;true;true;true;0;4,18;0
1867;3,41;4,66;217;true;true;true;0;4,18;0
1868;3,42;4,66;217;true;true;true;0;4,18;0
1869;3,43;4,66;217;true;true;true;0;4,18;0
1870;3,43;4,65;217;true;true;true;0;4,18;0
1871;3,44;4,65;217;true;true;true;0;4,18;0
1872;3,45;4,65;217;true;true;true;0;4,18;0
1873;3,45;4,65;217;true;true;true;0;4,18;0
1874;3,45;4,65;217;true;true;true;0;4,18;0
1875;3,46;4,65;217;true;true;true;0;4,18;0
1876;3,47;4,65;217;true;true;true;0;4,18;0
1877;3,47;4,65;217;true;true;true;0;4,18;0
1878;3,48;4,65;217;true;true;true;0;4,18;0
1879;3,48;4,65;217;true;true;true;0;4,18;0
1880;3,48;4,65;217;true;true;true;0;4,17;0
1881;3,49;4,65;217;true;true;true;0;4,17;0
1882;3,49;4,65;217;true;true;true;0;4,17;0
1883;3,5;4,65;217;true;true;true;0;4,17;0
1884;3,5;4,65;217;true;true;true;0;4,17;0
1885;3,51;4,65;217;true;true;true;0;4,17;0
1886;3,52;4,65;217;true;true;true;0;4,17;0
1887;3,52;4,65;217;true;true;true;0;4,17;0
1888;3,52;4,65;217;true;true;true;0;4,17;0
1889;3,53;4,65;217;true;true;true;0;4,17;0
1890;3,54;4,65;217;true;true;true;0;4,17;0
1891;3,54;4,65;217;true;true;true;0;4,17;0
1892;3,55;4,65;217;true;true;true;0;4,17;0
1893;3,55;4,65;217;true;true;true;0;4,17;0
1894;3,56;4,65;217;true;true;true;0;4,17;0
1895;3,56;4,65;217;true;true;true;0;4,17;0
1896;3,57;4,65;217;true;true;true;0;4,17;0
1897;3,57;4,65;217;true;true;true;0;4,17;0
1898;3,58;4,65;217;true;true;true;0;4,17;0
1899;3,58;4,65;217;true;true;true;0;4,17;0
1900;3,58;4,65;217;true;true;true;0;4,17;0
1901;3,59;4,65;217;true;true;true;0;4,17;0
1902;3,59;4,65;217;true;true;true;0;4,17;0
1903;3,6;4,65;217;true;true;true;0;4,17;0
1904;3,6;4,65;217;true;true;true;0;4,17;0
1905;3,61;4,65;217;true;true;true;0;4,17;0
1906;3,61;4,65;217;true;true;true;0;4,17;0
1907;3,62;4,65;217;true;true;true;0;4,17;0
1908;3,62;4,65;217;true;true;true;0;4,17;0
1909;3,63;4,65;217;true;true;true;0;4,17;0
1910;3,63;4,65;217;true;true;true;0;4,17;0
1911;3,63;4,65;217;true;true;true;0;4,17;0
1912;3,64;4,65;217;true;true;true;0;4,17;0
1913;3,64;4,65;217;true;true;true;0;4,17;0
1914;3,65;4,65;217;true;true;true;0;4,17;0
1915;3,65;4,65;217;true;true;true;0;4,17;0
1916;3,65;4,65;217;true;true;true;0;4,17;0
1917;3,66;4,65;217;true;true;true;0;4,17;0
1918;3,66;4,65;217;true;true;true;0;4,17;0
1919;3,67;4,65;217;true;true;true;0;4,17;0
1920;3,67;4,65;217;true;true;true;0;4,17;0
1921;3,68;4,65;217;true;true;true;0;4,17;0
1922;3,68;4,65;217;true;true;true;0;4,17;0
1923;3,69;4,65;217;true;true;true;0;4,17;0
1924;3,69;4,65;217;true;true;true;0;4,17;0
1925;3,69;4,65;217;true;true;true;0;4,17;0
1926;3,7;4,64;217;true;true;true;0;4,17;0
1927;3,7;4,64;217;true;true;true;0;4,17;0
1928;3,71;4,64;217;true;true;true;0;4,17;0
1929;3,71;4,64;217;true;true;true;0;4,17;0
1930;3,72;4,64;217;true;true;true;0;4,17;0
1931;3,72;4,64;217;true;true;true;0;4,17;0
1932;3,73;4,64;217;true;true;true;0;4,17;0
1933;3,73;4,64;217;true;true;true;0;4,17;0
1934;3,74;4,64;217;true;true;true;0;4,17;0
1935;3,74;4,64;217;true;true;true;0;4,17;0
1936;3,75;4,64;217;true;true;true;0;4,17;0
1937;3,75;4,64;217;true;true;true;0;4,17;0
1938;3,76;4,64;217;true;true;true;0;4,17;0
1939;3,76;4,64;217;true;true;true;0;4,17;0
1940;3,76;4,64;217;true;true;true;0;4,17;0
1941;3,77;4,64;217;true;true;true;0;4,17;0
1942;3,77;4,64;217;true;true;true;0;4,17;0
1943;3,78;4,64;217;true;true;true;0;4,17;0
1944;3,78;4,64;217;true;true;true;0;4,17;0
1945;3,79;4,64;217;true;true;true;0;4,17;0
1946;3,79;4,64;217;true;true;true;0;4,17;0
1947;3,8;4,64;217;true;true;true;0;4,17;0
1948;3,8;4,64;217;true;true;true;0;4,16;0
1949;3,8;4,64;217;true;true;true;0;4,16;0
