lengthMiddleSegment: 9575.605
step_energy: 0.05
electrostatic_force_factor: 1.0
spring_force_factor: 0.1
reject_force_factor: 2.0
distanceRejectRadius: 2393.90125
distanceSamePosition: 2393.90125
Iteration;time;energy;num nodes;reject force is enabled;spring force is enabled;electrostatic force is enabled;str_force;rep_force;elec_force
1;0;12,8;388;false;true;true;5,38;0;7,77
2;0,03;13,54;373;false;true;true;5,16;0;9,24
3;0,08;13,24;361;false;true;true;4,94;0;9,39
4;0,09;12,2;348;false;true;true;4,67;0;8,85
5;0,09;11,63;334;false;true;true;4,93;0;8,29
6;0,1;11,9;323;false;true;true;4,88;0;8,72
7;0,1;10,48;311;false;true;true;4,61;0;7,77
8;0,1;9,42;299;false;true;true;4,52;0;6,75
9;0,1;9,39;287;false;true;true;3,85;0;7,27
10;0,11;9,2;281;false;true;true;3,99;0;7,3
11;0,11;8,78;273;false;true;true;3,67;0;7,16
12;0,11;8,6;265;false;true;true;4,12;0;6,73
13;0,11;8,34;259;false;true;true;3,87;0;6,64
14;0,11;7,72;251;false;true;true;3,91;0;6,23
15;0,12;8,08;244;false;true;true;3,66;0;6,69
16;0,12;7,79;236;false;true;true;3,58;0;5,73
17;0,12;7,83;228;false;true;true;3,58;0;5,84
18;0,12;7,58;219;false;true;true;3,68;0;5,2
19;0,12;7,29;213;false;true;true;3,67;0;5,34
20;0,13;7,04;206;false;true;true;3,47;0;5,08
21;0,13;6,74;199;false;true;true;3,48;0;4,64
22;0,13;6,67;193;false;true;true;3,44;0;4,78
23;0,13;6,66;186;false;true;true;3,44;0;4,98
24;0,14;6,76;180;false;true;true;3,59;0;5,38
25;0,14;5,65;172;false;true;true;3,28;0;3,8
26;0,14;3,95;166;false;true;true;2,9;0;2,46
27;0,14;3,91;164;false;true;true;2,87;0;2,49
28;0,14;4,16;164;false;true;true;2,28;0;3,48
29;0,14;3,84;162;false;true;true;2,79;0;2,98
30;0,15;3,83;160;false;true;true;2,89;0;2,72
31;0,15;3,7;159;false;true;true;2,8;0;2,78
32;0,15;3,76;157;false;true;true;2,9;0;2,41
33;0,15;3,56;156;false;true;true;2,64;0;2,38
34;0,15;3,48;155;false;true;true;2,61;0;2,43
35;0,15;3,38;154;false;true;true;2,46;0;2,42
36;0,15;3,36;153;false;true;true;2,54;0;2,47
37;0,16;3,31;152;false;true;true;2,52;0;2,49
38;0,16;3,33;151;false;true;true;2,64;0;2,56
39;0,16;3,35;150;false;true;true;2,65;0;2,65
40;0,16;3,54;149;false;true;true;2,8;0;2,89
41;0,16;3,3;147;false;true;true;2,61;0;2,18
42;0,16;3,2;146;false;true;true;2,54;0;2,19
43;0,16;3,11;145;false;true;true;2,41;0;2,21
44;0,16;3,07;144;false;true;true;2,4;0;2,21
45;0,16;3,02;143;false;true;true;2,39;0;2,25
46;0,17;3,01;142;false;true;true;2,48;0;2,26
47;0,17;3;141;false;true;true;2,5;0;2,33
48;0,17;3,02;140;false;true;true;2,61;0;2,36
49;0,17;3,1;139;false;true;true;2,65;0;2,53
50;0,17;3,13;137;false;true;true;2,71;0;1,95
51;0,17;3,04;137;false;true;true;2,5;0;2,51
52;0,17;2,94;135;false;true;true;2,65;0;1,83
53;0,17;2,73;135;false;true;true;2,23;0;2,22
54;0,17;2,99;134;false;true;true;2,75;0;2,13
55;0,17;2,62;133;false;true;true;2,21;0;2,12
56;0,18;2,79;132;false;true;true;2,57;0;2,09
57;0,18;2,57;132;false;true;true;2,02;0;2,57
58;0,18;1,8;131;false;true;true;2,22;0;2,11
59;0,18;1,39;130;false;true;true;2,06;0;1,41
60;0,18;1,39;130;false;true;true;2,01;0;1,59
61;0,18;1,32;129;false;true;true;1,88;0;0,98
62;0,18;1,18;129;false;true;true;1,72;0;1,01
63;0,18;1,1;129;false;true;true;1,62;0;1,03
64;0,18;1,04;129;false;true;true;1,56;0;1,06
65;0,19;1,01;129;false;true;true;1,54;0;1,09
66;0,19;0,98;129;false;true;true;1,56;0;1,12
67;0,19;0,97;129;false;true;true;1,6;0;1,15
68;0,19;0,96;129;false;true;true;1,63;0;1,19
69;0,19;0,97;129;false;true;true;1,67;0;1,23
70;0,19;0,98;129;false;true;true;1,71;0;1,29
71;0,19;1,02;129;false;true;true;1,76;0;1,36
72;0,19;1,09;129;false;true;true;1,82;0;1,48
73;0,19;1,27;129;false;true;true;1,91;0;1,72
74;0,19;1,13;128;false;true;true;1,71;0;0,99
75;0,19;1,03;128;false;true;true;1,6;0;1,01
76;0,2;0,98;128;false;true;true;1,53;0;1,03
77;0,2;0,94;128;false;true;true;1,49;0;1,06
78;0,2;0,92;128;false;true;true;1,47;0;1,08
79;0,2;0,89;128;false;true;true;1,5;0;1,1
80;0,2;0,88;128;false;true;true;1,54;0;1,13
81;0,2;0,87;128;false;true;true;1,58;0;1,15
82;0,2;0,87;128;false;true;true;1,61;0;1,18
83;0,2;0,87;128;false;true;true;1,64;0;1,22
84;0,2;0,88;128;false;true;true;1,68;0;1,26
85;0,2;0,9;128;false;true;true;1,72;0;1,32
86;0,21;0,94;128;false;true;true;1,76;0;1,39
87;0,21;1,02;128;false;true;true;1,82;0;1,51
88;0,21;1,2;128;false;true;true;1,91;0;1,73
89;0,21;1,08;127;false;true;true;1,69;0;0,99
90;0,22;0,98;127;false;true;true;1,58;0;1,01
91;0,22;0,93;127;false;true;true;1,51;0;1,03
92;0,22;0,88;127;false;true;true;1,47;0;1,04
93;0,22;0,86;127;false;true;true;1,46;0;1,06
94;0,22;0,83;127;false;true;true;1,48;0;1,08
95;0,22;0,82;127;false;true;true;1,5;0;1,09
96;0,22;0,8;127;false;true;true;1,53;0;1,11
97;0,22;0,79;127;false;true;true;1,56;0;1,13
98;0,22;0,78;127;false;true;true;1,58;0;1,15
99;0,22;0,78;127;false;true;true;1,6;0;1,17
100;0,22;0,78;127;false;true;true;1,63;0;1,19
101;0,23;0,78;127;false;true;true;1,65;0;1,22
102;0,23;0,78;127;false;true;true;1,67;0;1,25
103;0,23;0,79;127;false;true;true;1,7;0;1,28
104;0,23;0,81;127;false;true;true;1,73;0;1,32
105;0,23;0,83;127;false;true;true;1,77;0;1,38
106;0,23;0,88;127;false;true;true;1,81;0;1,46
107;0,23;0,97;127;false;true;true;1,87;0;1,58
108;0,23;1,17;127;false;true;true;1,96;0;1,82
109;0,23;1,03;126;false;true;true;1,66;0;1,01
110;0,23;0,94;126;false;true;true;1,56;0;1,03
111;0,24;0,89;126;false;true;true;1,51;0;1,04
112;0,24;0,85;126;false;true;true;1,49;0;1,06
113;0,24;0,83;126;false;true;true;1,49;0;1,08
114;0,24;0,8;126;false;true;true;1,51;0;1,09
115;0,24;0,79;126;false;true;true;1,53;0;1,1
116;0,24;0,77;126;false;true;true;1,56;0;1,12
117;0,24;0,76;126;false;true;true;1,58;0;1,13
118;0,24;0,76;126;false;true;true;1,6;0;1,15
119;0,25;0,75;126;false;true;true;1,62;0;1,17
120;0,25;0,74;126;false;true;true;1,64;0;1,18
121;0,25;0,74;126;false;true;true;1,65;0;1,2
122;0,25;0,74;126;false;true;true;1,67;0;1,22
123;0,25;0,74;126;false;true;true;1,69;0;1,24
124;0,25;0,74;126;false;true;true;1,71;0;1,27
125;0,25;0,75;126;false;true;true;1,73;0;1,29
126;0,25;0,76;126;false;true;true;1,76;0;1,33
127;0,25;0,77;126;false;true;true;1,79;0;1,37
128;0,25;0,8;126;false;true;true;1,82;0;1,42
129;0,26;0,84;126;false;true;true;1,86;0;1,48
130;0,26;0,91;126;false;true;true;1,92;0;1,59
131;0,26;1,06;126;false;true;true;1,99;0;1,77
132;0,26;1,09;125;false;true;true;1,7;0;1,1
133;0,26;1,02;125;false;true;true;1,61;0;1,13
134;0,26;0,98;125;false;true;true;1,61;0;1,16
135;0,26;0,96;125;false;true;true;1,61;0;1,2
136;0,26;0,95;125;false;true;true;1,63;0;1,24
137;0,26;0,95;125;false;true;true;1,66;0;1,28
138;0,26;0,96;125;false;true;true;1,7;0;1,34
139;0,27;0,99;125;false;true;true;1,76;0;1,41
140;0,27;1,04;125;false;true;true;1,82;0;1,52
141;0,27;1,17;125;false;true;true;1,91;0;1,7
142;0,27;1,1;124;false;true;true;1,77;0;1,11
143;0,27;1,04;124;false;true;true;1,68;0;1,14
144;0,27;1;124;false;true;true;1,62;0;1,17
145;0,27;0,98;124;false;true;true;1,61;0;1,2
146;0,27;0,96;124;false;true;true;1,63;0;1,24
147;0,27;0,95;124;false;true;true;1,66;0;1,28
148;0,28;0,95;124;false;true;true;1,7;0;1,33
149;0,28;0,97;124;false;true;true;1,75;0;1,38
150;0,28;0,99;124;false;true;true;1,81;0;1,45
151;0,28;1,03;124;false;true;true;1,87;0;1,53
152;0,28;1,1;124;false;true;true;1,95;0;1,65
153;0,28;1,24;124;false;true;true;2,05;0;1,84
154;0,28;1,27;123;false;true;true;1,94;0;1,35
155;0,28;1,66;122;false;true;true;1,46;0;0,91
156;0,28;1,44;122;false;true;true;1,33;0;0,96
157;0,28;1,33;122;false;true;true;1,3;0;1
158;0,28;1,26;122;false;true;true;1,36;0;1,03
159;0,29;1,21;122;false;true;true;1,43;0;1,07
160;0,29;1,18;122;false;true;true;1,5;0;1,11
161;0,29;1,16;122;false;true;true;1,57;0;1,15
162;0,29;1,14;122;false;true;true;1,62;0;1,2
163;0,29;1,15;122;false;true;true;1,68;0;1,25
164;0,29;1,16;122;false;true;true;1,74;0;1,32
165;0,29;1,2;122;false;true;true;1,81;0;1,42
166;0,29;1,3;122;false;true;true;1,89;0;1,57
167;0,29;1,27;121;false;true;true;1,74;0;1,01
168;0,29;1,19;121;false;true;true;1,65;0;1,04
169;0,3;1,14;121;false;true;true;1,6;0;1,06
170;0,3;1,1;121;false;true;true;1,57;0;1,09
171;0,3;1,08;121;false;true;true;1,58;0;1,12
172;0,3;1,05;121;false;true;true;1,61;0;1,15
173;0,3;1,04;121;false;true;true;1,64;0;1,18
174;0,3;1,03;121;false;true;true;1,68;0;1,22
175;0,3;1,03;121;false;true;true;1,72;0;1,26
176;0,3;1,03;121;false;true;true;1,76;0;1,3
177;0,3;1,04;121;false;true;true;1,81;0;1,36
178;0,31;1,07;121;false;true;true;1,86;0;1,43
179;0,31;1,13;121;false;true;true;1,92;0;1,54
180;0,31;1,27;121;false;true;true;2;0;1,73
181;0,31;1,18;120;false;true;true;1,79;0;1,08
182;0,31;1,11;120;false;true;true;1,7;0;1,11
183;0,31;1,06;120;false;true;true;1,65;0;1,14
184;0,31;1,03;120;false;true;true;1,61;0;1,17
185;0,31;1;120;false;true;true;1,63;0;1,19
186;0,31;0,98;120;false;true;true;1,66;0;1,22
187;0,31;0,97;120;false;true;true;1,69;0;1,25
188;0,32;0,97;120;false;true;true;1,73;0;1,29
189;0,32;0,96;120;false;true;true;1,77;0;1,32
190;0,32;0,97;120;false;true;true;1,81;0;1,37
191;0,32;0,98;120;false;true;true;1,85;0;1,42
192;0,32;1;120;false;true;true;1,89;0;1,48
193;0,32;1,05;120;false;true;true;1,95;0;1,57
194;0,32;1,14;120;false;true;true;2,02;0;1,71
195;0,32;1,16;119;false;true;true;1,86;0;1,17
196;0,32;1,09;119;false;true;true;1,77;0;1,19
197;0,33;1,04;119;false;true;true;1,71;0;1,22
198;0,33;1,01;119;false;true;true;1,68;0;1,25
199;0,33;0,98;119;false;true;true;1,69;0;1,28
200;0,33;0,97;119;false;true;true;1,72;0;1,32
201;0,33;0,96;119;false;true;true;1,77;0;1,35
202;0,33;0,95;119;false;true;true;1,81;0;1,39
203;0,33;0,95;119;false;true;true;1,84;0;1,43
204;0,33;0,96;119;false;true;true;1,89;0;1,48
205;0,33;0,97;119;false;true;true;1,93;0;1,53
206;0,34;0,99;119;false;true;true;1,99;0;1,6
207;0,34;1,03;119;false;true;true;2,04;0;1,68
208;0,34;1,09;119;false;true;true;2,12;0;1,79
209;0,34;1,21;119;false;true;true;2,21;0;1,97
210;0,34;1,27;118;false;true;true;2,07;0;1,47
211;0,34;1,26;118;false;true;true;2,02;0;1,58
212;0,34;1,59;117;false;true;true;1,71;0;0,92
213;0,34;1,32;117;false;true;true;1,45;0;0,95
214;0,34;1,22;117;false;true;true;1,38;0;0,98
215;0,34;1,16;117;false;true;true;1,39;0;1
216;0,34;1,11;117;false;true;true;1,43;0;1,03
217;0,35;1,08;117;false;true;true;1,48;0;1,06
218;0,35;1,05;117;false;true;true;1,52;0;1,08
219;0,35;1,03;117;false;true;true;1,56;0;1,11
220;0,35;1,02;117;false;true;true;1,59;0;1,15
221;0,35;1,01;117;false;true;true;1,63;0;1,19
222;0,35;1,01;117;false;true;true;1,67;0;1,24
223;0,35;1,03;117;false;true;true;1,71;0;1,3
224;0,35;1,07;117;false;true;true;1,76;0;1,38
225;0,35;1,15;117;false;true;true;1,83;0;1,52
226;0,35;1,16;116;false;true;true;1,63;0;0,94
227;0,36;1,07;116;false;true;true;1,53;0;0,97
228;0,36;1,01;116;false;true;true;1,46;0;0,99
229;0,36;0,96;116;false;true;true;1,42;0;1,01
230;0,36;0,93;116;false;true;true;1,42;0;1,03
231;0,36;0,9;116;false;true;true;1,44;0;1,05
232;0,36;0,88;116;false;true;true;1,47;0;1,07
233;0,36;0,85;116;false;true;true;1,49;0;1,09
234;0,36;0,83;116;false;true;true;1,51;0;1,11
235;0,36;0,82;116;false;true;true;1,53;0;1,13
236;0,37;0,81;116;false;true;true;1,56;0;1,16
237;0,37;0,8;116;false;true;true;1,57;0;1,19
238;0,37;0,79;116;false;true;true;1,59;0;1,22
239;0,37;0,8;116;false;true;true;1,62;0;1,26
240;0,37;0,81;116;false;true;true;1,65;0;1,31
241;0,37;0,83;116;false;true;true;1,68;0;1,37
242;0,37;0,87;116;false;true;true;1,73;0;1,45
243;0,37;0,97;116;false;true;true;1,79;0;1,6
244;0,37;0,97;115;false;true;true;1,54;0;0,98
245;0,37;0,88;115;false;true;true;1,44;0;1
246;0,38;0,82;115;false;true;true;1,38;0;1,01
247;0,38;0,78;115;false;true;true;1,33;0;1,03
248;0,38;0,74;115;false;true;true;1,33;0;1,05
249;0,38;0,7;115;false;true;true;1,35;0;1,06
250;0,38;0,67;115;false;true;true;1,37;0;1,08
251;0,38;0,65;115;false;true;true;1,38;0;1,09
252;0,38;0,63;115;false;true;true;1,4;0;1,11
253;0,38;0,61;115;false;true;true;1,41;0;1,12
254;0,38;0,59;115;false;true;true;1,43;0;1,14
255;0,38;0,58;115;false;true;true;1,44;0;1,15
256;0,38;0,56;115;false;true;true;1,45;0;1,17
257;0,39;0,55;115;false;true;true;1,46;0;1,18
258;0,39;0,54;115;false;true;true;1,48;0;1,2
259;0,39;0,54;115;false;true;true;1,49;0;1,22
260;0,39;0,53;115;false;true;true;1,51;0;1,24
261;0,39;0,53;115;false;true;true;1,52;0;1,27
262;0,39;0,53;115;false;true;true;1,54;0;1,29
263;0,39;0,53;115;false;true;true;1,56;0;1,32
264;0,39;0,54;115;false;true;true;1,58;0;1,36
265;0,39;0,56;115;false;true;true;1,6;0;1,4
266;0,4;0,59;115;false;true;true;1,64;0;1,46
267;0,4;0,64;115;false;true;true;1,68;0;1,55
268;0,4;0,75;115;false;true;true;1,75;0;1,71
269;0,4;0,75;114;false;true;true;1,4;0;1
270;0,4;0,65;114;false;true;true;1,29;0;1,01
271;0,4;0,59;114;false;true;true;1,23;0;1,02
272;0,4;0,54;114;false;true;true;1,21;0;1,03
273;0,4;0,5;114;false;true;true;1,22;0;1,04
274;0,4;0,48;114;false;true;true;1,25;0;1,05
275;0,41;0,45;114;false;true;true;1,27;0;1,06
276;0,41;0,43;114;false;true;true;1,29;0;1,06
277;0,41;0,42;114;false;true;true;1,3;0;1,07
278;0,41;0,4;114;false;true;true;1,31;0;1,07
279;0,41;0,39;114;false;true;true;1,31;0;1,08
280;0,41;0,38;114;false;true;true;1,32;0;1,08
281;0,41;0,36;114;false;true;true;1,32;0;1,09
282;0,41;0,36;114;false;true;true;1,33;0;1,09
283;0,41;0,35;114;false;true;true;1,33;0;1,1
284;0,41;0,34;114;false;true;true;1,33;0;1,1
285;0,41;0,33;114;false;true;true;1,33;0;1,1
286;0,42;0,33;114;false;true;true;1,33;0;1,11
287;0,42;0,32;114;false;true;true;1,33;0;1,11
288;0,42;0,31;114;false;true;true;1,33;0;1,11
289;0,42;0,3;114;false;true;true;1,33;0;1,12
290;0,42;0,3;114;false;true;true;1,33;0;1,12
291;0,42;0,29;114;false;true;true;1,33;0;1,12
292;0,42;0,29;114;false;true;true;1,33;0;1,13
293;0,42;0,28;114;false;true;true;1,33;0;1,13
294;0,42;0,28;114;false;true;true;1,33;0;1,13
295;0,43;0,27;114;false;true;true;1,33;0;1,13
296;0,43;0,27;114;false;true;true;1,33;0;1,14
297;0,43;0,26;114;false;true;true;1,32;0;1,14
298;0,43;0,25;114;false;true;true;1,32;0;1,14
299;0,43;0,25;114;false;true;true;1,32;0;1,15
300;0,43;0,24;114;false;true;true;1,33;0;1,15
301;0,43;0,24;114;false;true;true;1,33;0;1,15
302;0,43;0,24;114;false;true;true;1,33;0;1,15
303;0,43;0,24;114;false;true;true;1,33;0;1,16
304;0,43;0,23;114;false;true;true;1,33;0;1,16
305;0,44;0,22;114;false;true;true;1,33;0;1,16
306;0,44;0,22;114;false;true;true;1,32;0;1,16
307;0,44;0,22;114;false;true;true;1,32;0;1,16
308;0,44;0,21;114;false;true;true;1,33;0;1,17
309;0,44;0,21;114;false;true;true;1,33;0;1,17
310;0,44;0,21;114;false;true;true;1,33;0;1,17
311;0,44;0,2;114;false;true;true;1,32;0;1,17
312;0,44;0,2;114;false;true;true;1,32;0;1,18
313;0,44;0,19;114;false;true;true;1,32;0;1,18
314;0,44;0,19;114;false;true;true;1,32;0;1,18
315;0,44;0,19;114;false;true;true;1,32;0;1,18
316;0,45;0,19;114;false;true;true;1,32;0;1,18
317;0,45;0,19;114;false;true;true;1,33;0;1,19
318;0,45;0,18;114;false;true;true;1,33;0;1,19
319;0,45;0,18;114;false;true;true;1,33;0;1,19
320;0,45;0,17;114;false;true;true;1,32;0;1,19
321;0,45;0,17;114;false;true;true;1,32;0;1,19
322;0,45;0,17;114;false;true;true;1,32;0;1,2
323;0,45;0,16;114;false;true;true;1,32;0;1,2
324;0,45;0,16;114;false;true;true;1,32;0;1,2
325;0,46;0,16;114;false;true;true;1,32;0;1,2
326;0,46;0,16;114;false;true;true;1,32;0;1,2
327;0,46;0,16;114;false;true;true;1,32;0;1,2
328;0,46;0,16;114;false;true;true;1,33;0;1,21
329;0,46;0,16;114;false;true;true;1,33;0;1,21
330;0,46;0,16;114;false;true;true;1,33;0;1,21
331;0,46;0,15;114;false;true;true;1,33;0;1,21
332;0,46;0,15;114;false;true;true;1,33;0;1,21
333;0,46;0,14;114;false;true;true;1,33;0;1,21
334;0,46;0,14;114;false;true;true;1,32;0;1,22
335;0,47;0,14;114;false;true;true;1,32;0;1,22
336;0,47;0,13;114;false;true;true;1,32;0;1,22
337;0,47;0,13;114;false;true;true;1,32;0;1,22
338;0,47;0,13;114;false;true;true;1,32;0;1,22
339;0,47;0,13;114;false;true;true;1,32;0;1,22
340;0,47;0,13;114;false;true;true;1,33;0;1,22
341;0,47;0,13;114;false;true;true;1,32;0;1,23
342;0,47;0,12;114;false;true;true;1,32;0;1,23
343;0,47;0,12;114;false;true;true;1,32;0;1,23
344;0,47;0,12;114;false;true;true;1,32;0;1,23
345;0,47;0,12;114;false;true;true;1,33;0;1,23
346;0,48;0,12;114;false;true;true;1,32;0;1,23
347;0,48;0,12;114;false;true;true;1,32;0;1,23
348;0,48;0,12;114;false;true;true;1,33;0;1,23
349;0,48;0,12;114;false;true;true;1,33;0;1,24
350;0,48;0,11;114;false;true;true;1,32;0;1,24
351;0,48;0,11;114;false;true;true;1,33;0;1,24
352;0,48;0,11;114;false;true;true;1,33;0;1,24
353;0,48;0,11;114;false;true;true;1,33;0;1,24
354;0,48;0,11;114;false;true;true;1,33;0;1,24
355;0,49;0,1;114;false;true;true;1,33;0;1,24
356;0,49;0,1;114;false;true;true;1,33;0;1,24
357;0,49;0,1;114;false;true;true;1,33;0;1,25
358;0,49;0,1;114;false;true;true;1,33;0;1,25
359;0,49;0,1;114;false;true;true;1,33;0;1,25
360;0,49;0,1;114;false;true;true;1,33;0;1,25
361;0,49;0,1;114;false;true;true;1,33;0;1,25
362;0,49;0,1;114;false;true;true;1,33;0;1,25
363;0,49;0,1;114;false;true;true;1,33;0;1,25
364;0,5;0,1;114;false;true;true;1,33;0;1,25
365;0,5;0,1;114;false;true;true;1,33;0;1,25
366;0,5;0,09;114;false;true;true;1,33;0;1,26
367;0,5;0,09;114;false;true;true;1,33;0;1,26
368;0,5;0,09;114;false;true;true;1,33;0;1,26
369;0,5;0,09;114;false;true;true;1,33;0;1,26
370;0,5;0,09;114;false;true;true;1,33;0;1,26
371;0,5;0,09;114;false;true;true;1,33;0;1,26
372;0,5;0,09;114;false;true;true;1,33;0;1,26
373;0,5;0,09;114;false;true;true;1,33;0;1,26
374;0,5;0,09;114;false;true;true;1,34;0;1,26
375;0,51;0,09;114;false;true;true;1,34;0;1,26
376;0,51;0,09;114;false;true;true;1,34;0;1,27
377;0,51;0,08;114;false;true;true;1,34;0;1,27
378;0,51;0,09;114;false;true;true;1,34;0;1,27
379;0,51;0,08;114;false;true;true;1,34;0;1,27
380;0,51;0,08;114;false;true;true;1,34;0;1,27
381;0,51;0,08;114;false;true;true;1,34;0;1,27
382;0,51;0,08;114;false;true;true;1,34;0;1,27
383;0,51;0,08;114;false;true;true;1,34;0;1,27
384;0,51;0,08;114;false;true;true;1,34;0;1,27
385;0,52;0,08;114;false;true;true;1,34;0;1,27
386;0,52;0,08;114;false;true;true;1,34;0;1,27
387;0,52;0,08;114;false;true;true;1,34;0;1,28
388;0,52;0,08;114;false;true;true;1,34;0;1,28
389;0,52;0,08;114;false;true;true;1,34;0;1,28
390;0,52;0,08;114;false;true;true;1,34;0;1,28
391;0,52;0,07;114;false;true;true;1,34;0;1,28
392;0,52;0,07;114;false;true;true;1,34;0;1,28
393;0,52;0,07;114;false;true;true;1,34;0;1,28
394;0,52;0,07;114;false;true;true;1,34;0;1,28
395;0,53;0,07;114;false;true;true;1,34;0;1,28
396;0,53;0,07;114;false;true;true;1,34;0;1,28
397;0,53;0,07;114;false;true;true;1,34;0;1,28
398;0,53;0,07;114;false;true;true;1,34;0;1,28
399;0,53;0,07;114;false;true;true;1,34;0;1,28
400;0,53;0,06;114;false;true;true;1,34;0;1,29
401;0,53;0,06;114;false;true;true;1,34;0;1,29
402;0,53;0,06;114;false;true;true;1,34;0;1,29
403;0,53;0,06;114;false;true;true;1,34;0;1,29
404;0,54;0,06;114;false;true;true;1,34;0;1,29
405;0,54;0,06;114;false;true;true;1,34;0;1,29
406;0,54;0,06;114;false;true;true;1,34;0;1,29
407;0,54;0,06;114;false;true;true;1,34;0;1,29
408;0,54;0,06;114;false;true;true;1,34;0;1,29
409;0,54;0,06;114;false;true;true;1,34;0;1,29
410;0,54;0,06;114;false;true;true;1,34;0;1,29
411;0,54;0,06;114;false;true;true;1,34;0;1,29
412;0,54;0,05;114;false;true;true;1,34;0;1,29
413;0,54;0,06;114;false;true;true;1,34;0;1,29
414;0,55;0,06;114;false;true;true;1,34;0;1,29
415;0,55;0,06;114;false;true;true;1,34;0;1,3
416;0,55;0,06;114;false;true;true;1,34;0;1,3
417;0,55;0,06;114;false;true;true;1,34;0;1,3
418;0,55;0,06;114;false;true;true;1,34;0;1,3
419;0,55;0,06;114;false;true;true;1,34;0;1,3
420;0,55;0,05;114;false;true;true;1,34;0;1,3
421;0,55;0,05;114;false;true;true;1,34;0;1,3
422;0,55;0,05;114;false;true;true;1,34;0;1,3
423;0,56;0,06;114;false;true;true;1,35;0;1,3
424;0,56;0,06;114;false;true;true;1,35;0;1,3
425;0,56;0,06;114;false;true;true;1,35;0;1,3
426;0,56;0,06;114;false;true;true;1,35;0;1,3
427;0,56;0,05;114;false;true;true;1,35;0;1,3
428;0,56;0,05;114;false;true;true;1,35;0;1,3
429;0,56;0,05;114;false;true;true;1,35;0;1,3
430;0,56;0,05;114;false;true;true;1,35;0;1,3
431;0,56;0,05;114;false;true;true;1,35;0;1,3
432;0,56;0,05;114;false;true;true;1,35;0;1,31
433;0,56;0,05;114;false;true;true;1,35;0;1,31
434;0,57;0,04;114;false;true;true;1,34;0;1,31
435;0,57;0,04;114;false;true;true;1,34;0;1,31
436;0,57;0,04;114;false;true;true;1,34;0;1,31
437;0,57;0,04;114;false;true;true;1,34;0;1,31
438;0,57;0,04;114;false;true;true;1,34;0;1,31
439;0,57;0,04;114;false;true;true;1,34;0;1,31
440;0,58;0,04;114;false;true;true;1,34;0;1,31
441;0,58;0,04;114;false;true;true;1,34;0;1,31
442;0,58;0,04;114;false;true;true;1,34;0;1,31
443;0,58;0,04;114;false;true;true;1,34;0;1,31
444;0,58;0,04;114;false;true;true;1,34;0;1,31
445;0,58;0,03;114;false;true;true;1,34;0;1,31
446;0,58;0,04;114;false;true;true;1,34;0;1,31
447;0,59;0,04;114;false;true;true;1,34;0;1,31
448;0,59;0,04;114;false;true;true;1,34;0;1,31
449;0,59;0,04;114;false;true;true;1,34;0;1,31
450;0,59;0,04;114;false;true;true;1,34;0;1,31
451;0,59;0,03;114;false;true;true;1,34;0;1,31
452;0,59;0,03;114;false;true;true;1,34;0;1,32
453;0,59;0,03;114;false;true;true;1,34;0;1,32
454;0,6;0,03;114;false;true;true;1,34;0;1,32
455;0,6;0,03;114;false;true;true;1,34;0;1,32
456;0,6;0,03;114;false;true;true;1,34;0;1,32
457;0,6;0,03;114;false;true;true;1,34;0;1,32
458;0,6;0,03;114;false;true;true;1,35;0;1,32
459;0,6;0,03;114;false;true;true;1,35;0;1,32
460;0,6;0,03;114;false;true;true;1,34;0;1,32
461;0,6;0,03;114;false;true;true;1,34;0;1,32
462;0,61;0,03;114;false;true;true;1,34;0;1,32
463;0,61;0,03;114;false;true;true;1,35;0;1,32
464;0,61;0,03;114;false;true;true;1,35;0;1,32
465;0,61;0,03;114;false;true;true;1,35;0;1,32
466;0,61;0,03;114;false;true;true;1,35;0;1,32
467;0,61;0,03;114;false;true;true;1,34;0;1,32
468;0,61;0,03;114;false;true;true;1,35;0;1,32
469;0,61;0,03;114;false;true;true;1,35;0;1,32
470;0,61;0,03;114;false;true;true;1,35;0;1,32
471;0,61;0,03;114;false;true;true;1,35;0;1,32
472;0,62;0,03;114;false;true;true;1,34;0;1,32
473;0,62;0,03;114;false;true;true;1,35;0;1,33
474;0,62;0,03;114;false;true;true;1,35;0;1,33
475;0,62;0,03;114;false;true;true;1,35;0;1,33
476;0,62;0,03;114;false;true;true;1,35;0;1,33
477;0,62;0,03;114;false;true;true;1,35;0;1,33
478;0,62;0,03;114;false;true;true;1,35;0;1,33
479;0,62;0,03;114;false;true;true;1,35;0;1,33
480;0,62;0,03;114;false;true;true;1,35;0;1,33
481;0,62;0,03;114;false;true;true;1,35;0;1,33
482;0,62;0,03;114;false;true;true;1,35;0;1,33
483;0,63;0,03;114;false;true;true;1,35;0;1,33
484;0,63;0,03;114;false;true;true;1,35;0;1,33
485;0,63;0,02;114;false;true;true;1,35;0;1,33
486;0,63;0,02;114;false;true;true;1,35;0;1,33
487;0,63;0,02;114;false;true;true;1,35;0;1,33
488;0,63;0,02;114;false;true;true;1,35;0;1,33
489;0,63;0,02;114;false;true;true;1,35;0;1,33
490;0,63;0,02;114;false;true;true;1,35;0;1,33
491;0,63;0,02;114;false;true;true;1,35;0;1,33
492;0,63;0,03;114;false;true;true;1,35;0;1,33
493;0,64;0,02;114;false;true;true;1,35;0;1,34
494;0,64;0,02;114;false;true;true;1,35;0;1,34
495;0,64;0,02;114;false;true;true;1,35;0;1,34
496;0,64;0,02;114;false;true;true;1,35;0;1,34
497;0,64;0,02;114;false;true;true;1,35;0;1,34
498;0,64;0,02;114;false;true;true;1,35;0;1,34
499;0,64;0,02;114;false;true;true;1,35;0;1,34
500;0,64;0,02;114;false;true;true;1,35;0;1,34
501;0,64;0,02;114;false;true;true;1,35;0;1,34
502;0,64;0,02;114;false;true;true;1,36;0;1,34
503;0,65;0,02;114;false;true;true;1,36;0;1,34
504;0,65;0,02;114;false;true;true;1,36;0;1,34
505;0,65;0,02;114;false;true;true;1,36;0;1,34
506;0,65;0,02;114;false;true;true;1,36;0;1,34
507;0,65;0,02;114;false;true;true;1,35;0;1,34
508;0,65;0,02;114;false;true;true;1,35;0;1,34
509;0,65;0,02;114;false;true;true;1,35;0;1,34
510;0,65;0,02;114;false;true;true;1,36;0;1,34
511;0,66;0,02;114;false;true;true;1,36;0;1,34
512;0,66;0,02;114;false;true;true;1,36;0;1,34
513;0,66;0,02;114;false;true;true;1,36;0;1,35
514;0,66;0,02;114;false;true;true;1,36;0;1,35
515;0,66;0,02;114;false;true;true;1,36;0;1,35
516;0,66;0,01;114;false;true;true;1,36;0;1,35
517;0,66;0,01;114;false;true;true;1,35;0;1,35
518;0,66;0,01;114;false;true;true;1,35;0;1,35
519;0,66;0,01;114;false;true;true;1,35;0;1,35
520;0,67;0,01;114;false;true;true;1,36;0;1,35
521;0,67;0,01;114;false;true;true;1,36;0;1,35
522;0,67;0,02;114;false;true;true;1,36;0;1,35
523;0,67;0,02;114;false;true;true;1,36;0;1,35
524;0,67;0,02;114;false;true;true;1,37;0;1,35
525;0,67;0,02;114;false;true;true;1,36;0;1,35
526;0,67;0,02;114;false;true;true;1,36;0;1,35
527;0,67;0,01;114;false;true;true;1,36;0;1,35
528;0,67;0,01;114;false;true;true;1,36;0;1,35
529;0,68;0,01;114;false;true;true;1,36;0;1,35
530;0,68;0,01;114;false;true;true;1,36;0;1,35
531;0,68;0,01;114;false;true;true;1,36;0;1,35
532;0,68;0,01;114;false;true;true;1,36;0;1,36
533;0,68;0,01;114;false;true;true;1,36;0;1,36
534;0,68;0,01;114;false;true;true;1,36;0;1,36
535;0,68;0,01;114;false;true;true;1,36;0;1,36
536;0,68;0,01;114;false;true;true;1,37;0;1,36
537;0,68;0,01;114;false;true;true;1,37;0;1,36
538;0,68;0,01;114;false;true;true;1,37;0;1,36
539;0,69;0,01;114;false;true;true;1,37;0;1,36
540;0,69;0,01;114;false;true;true;1,37;0;1,36
541;0,69;0,01;114;false;true;true;1,37;0;1,36
542;0,69;0,01;114;false;true;true;1,37;0;1,36
543;0,69;0,01;114;false;true;true;1,37;0;1,36
544;0,69;0,01;114;false;true;true;1,37;0;1,36
545;0,69;0,01;114;false;true;true;1,37;0;1,36
546;0,69;0,01;114;false;true;true;1,37;0;1,36
547;0,69;0,01;114;false;true;true;1,37;0;1,36
548;0,69;0,01;114;false;true;true;1,37;0;1,37
549;0,69;0,01;114;false;true;true;1,37;0;1,37
550;0,7;0,01;114;false;true;true;1,37;0;1,37
551;0,7;0,01;114;false;true;true;1,37;0;1,37
552;0,7;0,01;114;false;true;true;1,37;0;1,37
553;0,7;0,01;114;false;true;true;1,37;0;1,37
554;0,7;0,01;114;false;true;true;1,37;0;1,37
555;0,7;0,01;114;false;true;true;1,38;0;1,37
556;0,7;0,01;114;false;true;true;1,38;0;1,37
557;0,7;0,01;114;false;true;true;1,38;0;1,37
558;0,7;0,01;114;false;true;true;1,38;0;1,37
559;0,7;0,01;114;false;true;true;1,38;0;1,37
560;0,71;0,01;114;false;true;true;1,38;0;1,37
561;0,71;0,01;114;false;true;true;1,38;0;1,38
562;0,71;0,01;114;false;true;true;1,38;0;1,38
563;0,71;0,01;114;false;true;true;1,38;0;1,38
564;0,71;0,01;114;false;true;true;1,38;0;1,38
565;0,71;0,01;114;false;true;true;1,38;0;1,38
566;0,71;0,01;114;false;true;true;1,38;0;1,38
567;0,71;0,01;114;false;true;true;1,38;0;1,38
568;0,71;0,01;114;false;true;true;1,38;0;1,38
569;0,71;0,01;114;false;true;true;1,39;0;1,38
570;0,72;0,01;114;false;true;true;1,39;0;1,38
571;0,72;0,01;114;false;true;true;1,39;0;1,39
572;0,72;0,02;114;false;true;true;1,39;0;1,39
573;0,72;0,01;114;false;true;true;1,39;0;1,39
574;0,72;0,01;114;false;true;true;1,39;0;1,39
575;0,72;0,01;114;false;true;true;1,39;0;1,39
576;0,72;0,01;114;false;true;true;1,39;0;1,39
577;0,72;0,01;114;false;true;true;1,39;0;1,39
578;0,72;0,01;114;false;true;true;1,39;0;1,39
579;0,73;0,01;114;false;true;true;1,4;0;1,39
580;0,73;0,01;114;false;true;true;1,4;0;1,4
581;0,73;0,01;114;false;true;true;1,4;0;1,4
582;0,73;0,01;114;false;true;true;1,4;0;1,4
583;0,73;0,02;114;false;true;true;1,4;0;1,4
584;0,73;0,02;114;false;true;true;1,41;0;1,4
585;0,73;0,02;114;false;true;true;1,41;0;1,4
586;0,73;0,02;114;false;true;true;1,41;0;1,41
587;0,73;0,02;114;false;true;true;1,41;0;1,41
588;0,73;0,02;114;false;true;true;1,41;0;1,41
589;0,74;0,02;114;false;true;true;1,41;0;1,41
590;0,74;0,02;114;false;true;true;1,41;0;1,41
591;0,74;0,02;114;false;true;true;1,42;0;1,41
592;0,74;0,02;114;false;true;true;1,42;0;1,42
593;0,74;0,02;114;false;true;true;1,42;0;1,42
594;0,74;0,02;114;false;true;true;1,42;0;1,42
595;0,74;0,02;114;false;true;true;1,43;0;1,42
596;0,74;0,02;114;false;true;true;1,43;0;1,43
597;0,74;0,03;114;false;true;true;1,43;0;1,43
598;0,74;0,03;114;false;true;true;1,44;0;1,43
599;0,75;0,03;114;false;true;true;1,44;0;1,44
600;0,75;0,03;114;false;true;true;1,44;0;1,44
601;0,75;0,03;114;false;true;true;1,44;0;1,44
602;0,75;0,03;114;false;true;true;1,45;0;1,45
603;0,75;0,03;114;false;true;true;1,45;0;1,45
604;0,75;0,03;114;false;true;true;1,45;0;1,46
605;0,75;0,03;114;false;true;true;1,46;0;1,46
606;0,75;0,04;114;false;true;true;1,46;0;1,47
607;0,75;0,04;114;false;true;true;1,47;0;1,47
608;0,75;0,04;114;false;true;true;1,48;0;1,48
609;0,75;0,05;114;false;true;true;1,48;0;1,49
610;0,76;0,05;114;false;true;true;1,49;0;1,5
611;0,76;0,06;114;false;true;true;1,5;0;1,51
612;0,76;0,06;114;false;true;true;1,51;0;1,52
613;0,76;0,07;114;false;true;true;1,52;0;1,54
614;0,76;0,08;114;false;true;true;1,53;0;1,55
615;0,76;0,09;114;false;true;true;1,54;0;1,58
616;0,76;0,11;114;false;true;true;1,56;0;1,6
617;0,76;0,13;114;false;true;true;1,58;0;1,64
618;0,76;0,17;114;false;true;true;1,61;0;1,7
619;0,76;0,23;114;false;true;true;1,65;0;1,78
620;0,77;0,17;113;false;true;true;1,07;0;0,91
621;0,77;0,14;113;false;true;true;1,05;0;0,91
622;0,77;0,13;113;false;true;true;1,03;0;0,91
623;0,77;0,12;113;false;true;true;1,03;0;0,91
624;0,77;0,11;113;false;true;true;1,02;0;0,91
625;0,77;0,11;113;false;true;true;1,02;0;0,91
626;0,77;0,1;113;false;true;true;1,01;0;0,91
627;0,77;0,1;113;false;true;true;1,01;0;0,91
628;0,78;0,1;113;false;true;true;1;0;0,91
629;0,78;0,09;113;false;true;true;1;0;0,91
630;0,78;0,09;113;false;true;true;0,99;0;0,91
631;0,78;0,08;113;false;true;true;0,99;0;0,91
632;0,78;0,08;113;false;true;true;0,99;0;0,91
633;0,78;0,08;113;false;true;true;0,98;0;0,91
634;0,78;0,07;113;false;true;true;0,98;0;0,91
635;0,78;0,07;113;false;true;true;0,98;0;0,91
636;0,78;0,07;113;false;true;true;0,98;0;0,91
637;0,79;0,06;113;false;true;true;0,97;0;0,91
638;0,79;0,06;113;false;true;true;0,97;0;0,91
639;0,79;0,06;113;false;true;true;0,97;0;0,91
640;0,79;0,06;113;false;true;true;0,97;0;0,91
641;0,79;0,06;113;false;true;true;0,96;0;0,91
642;0,79;0,05;113;false;true;true;0,96;0;0,91
643;0,79;0,05;113;false;true;true;0,96;0;0,91
644;0,79;0,05;113;false;true;true;0,96;0;0,91
645;0,79;0,05;113;false;true;true;0,96;0;0,91
646;0,79;0,05;113;false;true;true;0,96;0;0,91
647;0,8;0,05;113;false;true;true;0,95;0;0,91
648;0,8;0,04;113;false;true;true;0,95;0;0,91
649;0,8;0,04;113;false;true;true;0,95;0;0,91
650;0,8;0,04;113;false;true;true;0,95;0;0,91
651;0,8;0,04;113;false;true;true;0,95;0;0,91
652;0,8;0,04;113;false;true;true;0,95;0;0,91
653;0,8;0,04;113;false;true;true;0,95;0;0,91
654;0,8;0,04;113;false;true;true;0,95;0;0,91
655;0,8;0,04;113;false;true;true;0,94;0;0,91
656;0,8;0,04;113;false;true;true;0,94;0;0,91
657;0,81;0,04;113;false;true;true;0,94;0;0,91
658;0,81;0,04;113;false;true;true;0,94;0;0,91
659;0,81;0,03;113;false;true;true;0,94;0;0,91
660;0,81;0,03;113;false;true;true;0,94;0;0,91
661;0,81;0,03;113;false;true;true;0,94;0;0,91
662;0,81;0,03;113;false;true;true;0,94;0;0,91
663;0,81;0,03;113;false;true;true;0,94;0;0,91
664;0,81;0,03;113;false;true;true;0,94;0;0,91
665;0,81;0,03;113;false;true;true;0,94;0;0,91
666;0,81;0,03;113;false;true;true;0,94;0;0,91
667;0,81;0,03;113;false;true;true;0,94;0;0,91
668;0,82;0,03;113;false;true;true;0,94;0;0,91
669;0,82;0,03;113;false;true;true;0,94;0;0,91
670;0,82;0,03;113;false;true;true;0,93;0;0,91
671;0,82;0,03;113;false;true;true;0,93;0;0,91
672;0,82;0,03;113;false;true;true;0,93;0;0,91
673;0,82;0,03;113;false;true;true;0,93;0;0,91
674;0,82;0,03;113;false;true;true;0,93;0;0,91
675;0,82;0,02;113;false;true;true;0,93;0;0,91
676;0,82;0,02;113;false;true;true;0,93;0;0,91
677;0,82;0,02;113;false;true;true;0,93;0;0,91
678;0,83;0,02;113;false;true;true;0,93;0;0,91
679;0,83;0,02;113;false;true;true;0,93;0;0,91
680;0,83;0,02;113;false;true;true;0,93;0;0,91
681;0,83;0,02;113;false;true;true;0,93;0;0,91
682;0,83;0,02;113;false;true;true;0,93;0;0,91
683;0,83;0,02;113;false;true;true;0,93;0;0,91
684;0,83;0,02;113;false;true;true;0,93;0;0,91
685;0,83;0,02;113;false;true;true;0,93;0;0,91
686;0,83;0,02;113;false;true;true;0,93;0;0,91
687;0,83;0,02;113;false;true;true;0,93;0;0,91
688;0,84;0,02;113;false;true;true;0,93;0;0,91
689;0,84;0,02;113;false;true;true;0,93;0;0,91
690;0,84;0,02;113;false;true;true;0,93;0;0,91
691;0,84;0,02;113;false;true;true;0,93;0;0,91
692;0,84;0,02;113;false;true;true;0,93;0;0,91
693;0,84;0,02;113;false;true;true;0,93;0;0,91
694;0,84;0,02;113;false;true;true;0,93;0;0,91
695;0,84;0,02;113;false;true;true;0,93;0;0,91
696;0,84;0,02;113;false;true;true;0,93;0;0,91
697;0,85;0,02;113;false;true;true;0,92;0;0,91
698;0,85;0,02;113;false;true;true;0,92;0;0,91
699;0,85;0,02;113;false;true;true;0,93;0;0,91
700;0,85;0,02;113;false;true;true;0,93;0;0,91
701;0,85;0,02;113;false;true;true;0,92;0;0,91
702;0,85;0,02;113;false;true;true;0,92;0;0,91
703;0,85;0,02;113;false;true;true;0,92;0;0,91
704;0,85;0,02;113;false;true;true;0,92;0;0,91
705;0,85;0,02;113;false;true;true;0,92;0;0,91
706;0,85;0,01;113;false;true;true;0,92;0;0,91
707;0,86;0,02;113;false;true;true;0,92;0;0,91
708;0,86;0,02;113;false;true;true;0,92;0;0,91
709;0,86;0,02;113;false;true;true;0,92;0;0,91
710;0,86;0,01;113;false;true;true;0,92;0;0,91
711;0,86;0,01;113;false;true;true;0,92;0;0,91
712;0,86;0,02;113;false;true;true;0,92;0;0,91
713;0,86;0,02;113;false;true;true;0,92;0;0,91
714;0,86;0,01;113;false;true;true;0,92;0;0,91
715;0,86;0,01;113;false;true;true;0,92;0;0,91
716;0,86;0,01;113;false;true;true;0,92;0;0,91
717;0,87;0,01;113;false;true;true;0,92;0;0,91
718;0,87;0,01;113;false;true;true;0,92;0;0,91
719;0,87;0,02;113;false;true;true;0,92;0;0,91
720;0,87;0,01;113;false;true;true;0,92;0;0,91
721;0,87;0,01;113;false;true;true;0,92;0;0,91
722;0,87;0,01;113;false;true;true;0,92;0;0,91
723;0,87;0,01;113;false;true;true;0,92;0;0,91
724;0,87;0,01;113;false;true;true;0,92;0;0,91
725;0,87;0,01;113;false;true;true;0,92;0;0,91
726;0,87;0,01;113;false;true;true;0,92;0;0,91
727;0,88;0,01;113;false;true;true;0,92;0;0,91
728;0,88;0,01;113;false;true;true;0,92;0;0,91
729;0,88;0,01;113;false;true;true;0,92;0;0,91
730;0,88;0,01;113;false;true;true;0,92;0;0,91
731;0,88;0,01;113;false;true;true;0,92;0;0,91
732;0,88;0,01;113;false;true;true;0,92;0;0,91
733;0,88;0,01;113;false;true;true;0,92;0;0,91
734;0,88;0,01;113;false;true;true;0,92;0;0,91
735;0,88;0,01;113;false;true;true;0,92;0;0,91
736;0,88;0,01;113;false;true;true;0,92;0;0,91
737;0,88;0,01;113;false;true;true;0,92;0;0,91
738;0,89;0,01;113;false;true;true;0,92;0;0,91
739;0,89;0,01;113;false;true;true;0,92;0;0,91
740;0,89;0,01;113;false;true;true;0,92;0;0,91
741;0,89;0,01;113;false;true;true;0,92;0;0,91
742;0,89;0,01;113;false;true;true;0,92;0;0,91
743;0,89;0,01;113;false;true;true;0,92;0;0,91
744;0,89;0,01;113;false;true;true;0,92;0;0,91
745;0,89;0,01;113;false;true;true;0,92;0;0,91
746;0,89;0,01;113;false;true;true;0,92;0;0,91
747;0,89;0,01;113;false;true;true;0,92;0;0,91
748;0,9;0,01;113;false;true;true;0,92;0;0,91
749;0,9;0,01;113;false;true;true;0,92;0;0,91
750;0,9;0,01;113;false;true;true;0,92;0;0,91
751;0,9;0,01;113;false;true;true;0,92;0;0,91
752;0,9;0,01;113;false;true;true;0,91;0;0,91
753;0,9;0,01;113;false;true;true;0,92;0;0,91
754;0,9;0,01;113;false;true;true;0,92;0;0,91
755;0,9;0,01;113;false;true;true;0,92;0;0,91
756;0,9;0,01;113;false;true;true;0,92;0;0,91
757;0,9;0,01;113;false;true;true;0,92;0;0,91
758;0,91;0,01;113;false;true;true;0,91;0;0,91
759;0,91;0,01;113;false;true;true;0,91;0;0,91
760;0,91;0,01;113;false;true;true;0,91;0;0,91
761;0,91;0,01;113;false;true;true;0,92;0;0,91
762;0,91;0;113;false;true;true;0,91;0;0,91
763;0,91;0;113;false;true;true;0,91;0;0,91
764;0,91;0,01;113;false;true;true;0,91;0;0,91
765;0,91;0,01;113;false;true;true;0,91;0;0,91
766;0,91;0,01;113;false;true;true;0,91;0;0,91
767;0,92;0;113;false;true;true;0,91;0;0,91
768;0,92;0;113;false;true;true;0,91;0;0,91
769;0,92;0;113;false;true;true;0,91;0;0,91
770;0,92;0;113;false;true;true;0,91;0;0,91
771;0,92;0;113;false;true;true;0,91;0;0,91
772;0,92;0;113;false;true;true;0,91;0;0,91
773;0,92;0;113;false;true;true;0,91;0;0,91
774;0,92;0;113;false;true;true;0,91;0;0,91
775;0,92;0;113;false;true;true;0,91;0;0,91
776;0,92;0;113;false;true;true;0,91;0;0,91
777;0,93;0;113;false;true;true;0,91;0;0,91
778;0,93;0;113;false;true;true;0,91;0;0,91
779;0,93;0;113;false;true;true;0,91;0;0,91
780;0,93;0,01;113;false;true;true;0,91;0;0,91
781;0,93;0,01;113;false;true;true;0,91;0;0,91
782;0,93;0,01;113;false;true;true;0,91;0;0,91
783;0,93;0;113;false;true;true;0,91;0;0,91
784;0,93;0;113;false;true;true;0,91;0;0,91
785;0,93;0;113;false;true;true;0,91;0;0,91
786;0,93;0;113;false;true;true;0,91;0;0,91
787;0,94;0;113;false;true;true;0,91;0;0,91
788;0,94;0;113;false;true;true;0,91;0;0,91
789;0,94;0;113;false;true;true;0,91;0;0,91
790;0,94;0;113;false;true;true;0,91;0;0,91
791;0,94;0;113;false;true;true;0,91;0;0,91
792;0,94;0;113;false;true;true;0,91;0;0,91
793;0,94;0;113;false;true;true;0,91;0;0,91
794;0,94;0;113;false;true;true;0,91;0;0,91
795;0,94;0;113;false;true;true;0,91;0;0,91
796;0,94;0;113;false;true;true;0,91;0;0,91
797;0,94;0;113;false;true;true;0,91;0;0,91
798;0,95;0;113;false;true;true;0,91;0;0,91
799;0,95;0;113;false;true;true;0,91;0;0,91
800;0,95;0;113;false;true;true;0,91;0;0,91
801;0,95;0;113;false;true;true;0,91;0;0,91
802;0,95;0;113;false;true;true;0,91;0;0,91
803;0,95;0;113;false;true;true;0,91;0;0,91
804;0,95;0;113;false;true;true;0,91;0;0,91
805;0,95;0;113;false;true;true;0,91;0;0,91
806;0,95;0;113;false;true;true;0,91;0;0,91
807;0,95;0;113;false;true;true;0,91;0;0,91
808;0,96;0;113;false;true;true;0,91;0;0,91
809;0,96;0;113;false;true;true;0,91;0;0,91
810;0,96;0;113;false;true;true;0,91;0;0,91
811;0,96;0;113;false;true;true;0,91;0;0,91
812;0,96;0;113;false;true;true;0,91;0;0,91
813;0,96;0;113;false;true;true;0,91;0;0,91
814;0,96;0;113;false;true;true;0,91;0;0,91
815;0,96;0;113;false;true;true;0,91;0;0,91
816;0,96;0;113;false;true;true;0,91;0;0,91
817;0,96;0;113;false;true;true;0,91;0;0,91
818;0,97;0;113;false;true;true;0,91;0;0,91
819;0,97;0;113;false;true;true;0,91;0;0,91
820;0,97;0;113;false;true;true;0,91;0;0,91
821;0,97;0;113;false;true;true;0,91;0;0,91
822;0,97;0;113;false;true;true;0,91;0;0,91
823;0,97;0;113;false;true;true;0,91;0;0,91
824;0,97;0;113;false;true;true;0,91;0;0,91
825;0,97;0;113;false;true;true;0,91;0;0,91
826;0,97;0;113;false;true;true;0,91;0;0,91
827;0,98;0;113;false;true;true;0,91;0;0,91
828;0,98;0;113;false;true;true;0,91;0;0,91
829;0,98;0;113;false;true;true;0,91;0;0,91
830;0,98;0;113;false;true;true;0,91;0;0,91
831;0,98;0;113;false;true;true;0,91;0;0,91
832;0,98;0;113;false;true;true;0,91;0;0,91
833;0,98;0;113;false;true;true;0,91;0;0,91
834;0,98;0;113;false;true;true;0,91;0;0,91
835;0,98;0;113;false;true;true;0,91;0;0,91
836;0,98;0;113;false;true;true;0,91;0;0,91
837;0,99;0;113;false;true;true;0,91;0;0,91
838;0,99;0;113;false;true;true;0,91;0;0,91
839;0,99;0;113;false;true;true;0,91;0;0,91
840;0,99;0;113;false;true;true;0,91;0;0,91
841;0,99;0;113;false;true;true;0,91;0;0,91
842;0,99;0;113;false;true;true;0,91;0;0,91
843;0,99;0;113;false;true;true;0,91;0;0,91
844;0,99;0;113;false;true;true;0,91;0;0,91
845;0,99;0;113;false;true;true;0,91;0;0,91
846;0,99;0;113;false;true;true;0,91;0;0,91
847;1;0;113;false;true;true;0,91;0;0,91
848;1;0;113;false;true;true;0,91;0;0,91
849;1;0;113;false;true;true;0,91;0;0,91
850;1;0;113;false;true;true;0,91;0;0,91
851;1;0;113;false;true;true;0,91;0;0,91
852;1;0;113;false;true;true;0,91;0;0,91
853;1;0;113;false;true;true;0,91;0;0,91
854;1;0;113;false;true;true;0,91;0;0,91
855;1;0;113;false;true;true;0,91;0;0,91
856;1;0;113;false;true;true;0,91;0;0,91
857;1;0;113;false;true;true;0,91;0;0,91
858;1,01;0;113;false;true;true;0,91;0;0,91
859;1,01;0;113;false;true;true;0,91;0;0,91
860;1,01;0;113;false;true;true;0,91;0;0,91
861;1,01;0;113;false;true;true;0,91;0;0,91
862;1,01;0;113;false;true;true;0,91;0;0,91
863;1,01;0;113;false;true;true;0,91;0;0,91
864;1,01;0;113;false;true;true;0,91;0;0,91
865;1,01;0;113;false;true;true;0,91;0;0,91
866;1,01;0;113;false;true;true;0,91;0;0,91
867;1,01;0;113;false;true;true;0,91;0;0,91
868;1,02;0;113;false;true;true;0,91;0;0,91
869;1,02;0;113;false;true;true;0,91;0;0,91
870;1,02;0;113;false;true;true;0,91;0;0,91
871;1,02;0;113;false;true;true;0,91;0;0,91
872;1,02;0;113;false;true;true;0,91;0;0,91
873;1,02;0;113;false;true;true;0,91;0;0,91
874;1,02;0;113;false;true;true;0,91;0;0,91
875;1,02;0;113;false;true;true;0,91;0;0,91
876;1,02;0;113;false;true;true;0,91;0;0,91
877;1,02;0;113;false;true;true;0,91;0;0,91
878;1,03;0;113;false;true;true;0,91;0;0,91
879;1,03;0;113;false;true;true;0,91;0;0,91
880;1,03;0;113;false;true;true;0,91;0;0,91
881;1,03;0;113;false;true;true;0,91;0;0,91
882;1,03;0;113;false;true;true;0,91;0;0,91
883;1,03;0;113;false;true;true;0,91;0;0,91
884;1,03;0;113;false;true;true;0,91;0;0,91
885;1,03;0;113;false;true;true;0,91;0;0,91
886;1,03;0;113;false;true;true;0,91;0;0,91
887;1,03;0;113;false;true;true;0,91;0;0,91
888;1,04;0;113;false;true;true;0,91;0;0,91
889;1,04;0;113;false;true;true;0,91;0;0,91
890;1,04;0;113;false;true;true;0,91;0;0,91
891;1,04;0;113;false;true;true;0,91;0;0,91
892;1,04;0;113;false;true;true;0,91;0;0,91
893;1,04;0;113;false;true;true;0,91;0;0,91
894;1,04;0;113;false;true;true;0,91;0;0,91
895;1,04;0;113;false;true;true;0,91;0;0,91
896;1,04;0;113;false;true;true;0,91;0;0,91
897;1,04;0;113;false;true;true;0,91;0;0,91
898;1,05;0;113;false;true;true;0,91;0;0,91
899;1,05;0;113;false;true;true;0,91;0;0,91
900;1,05;0;113;false;true;true;0,91;0;0,91
901;1,05;0;113;false;true;true;0,91;0;0,91
902;1,05;0;113;false;true;true;0,91;0;0,91
903;1,05;0;113;false;true;true;0,91;0;0,91
904;1,05;0;113;false;true;true;0,91;0;0,91
905;1,05;0;113;false;true;true;0,91;0;0,91
906;1,05;0;113;false;true;true;0,91;0;0,91
907;1,05;0;113;false;true;true;0,91;0;0,91
908;1,06;0;113;false;true;true;0,91;0;0,91
909;1,06;0;113;false;true;true;0,91;0;0,91
910;1,06;0;113;false;true;true;0,91;0;0,91
911;1,06;0;113;false;true;true;0,91;0;0,91
912;1,06;0;113;false;true;true;0,91;0;0,91
913;1,06;0;113;false;true;true;0,91;0;0,91
914;1,06;0;113;false;true;true;0,91;0;0,91
915;1,06;0;113;false;true;true;0,91;0;0,91
916;1,06;0;113;false;true;true;0,91;0;0,91
917;1,07;0;113;false;true;true;0,91;0;0,91
918;1,07;0;113;false;true;true;0,91;0;0,91
919;1,07;0;113;false;true;true;0,91;0;0,91
920;1,07;0;113;false;true;true;0,91;0;0,91
921;1,07;0;113;false;true;true;0,91;0;0,91
922;1,07;0;113;false;true;true;0,91;0;0,91
923;1,07;0;113;false;true;true;0,91;0;0,91
924;1,07;0;113;false;true;true;0,91;0;0,91
925;1,07;0;113;false;true;true;0,91;0;0,91
926;1,07;0;113;false;true;true;0,91;0;0,91
927;1,08;0;113;false;true;true;0,91;0;0,91
928;1,08;0;113;false;true;true;0,91;0;0,91
929;1,08;0;113;false;true;true;0,91;0;0,91
930;1,08;0;113;false;true;true;0,91;0;0,91
931;1,08;0;113;false;true;true;0,91;0;0,91
932;1,08;0;113;false;true;true;0,91;0;0,91
933;1,08;0;113;false;true;true;0,91;0;0,91
934;1,08;0;113;false;true;true;0,91;0;0,91
935;1,08;0;113;false;true;true;0,91;0;0,91
936;1,08;0;113;false;true;true;0,91;0;0,91
937;1,09;0;113;false;true;true;0,91;0;0,91
938;1,09;0;113;false;true;true;0,91;0;0,91
939;1,09;0;113;false;true;true;0,91;0;0,91
940;1,09;0;113;false;true;true;0,91;0;0,91
941;1,09;0;113;false;true;true;0,91;0;0,91
942;1,09;0;113;false;true;true;0,91;0;0,91
943;1,09;0;113;false;true;true;0,91;0;0,91
944;1,09;0;113;false;true;true;0,91;0;0,91
945;1,09;0;113;false;true;true;0,91;0;0,91
946;1,09;0;113;false;true;true;0,91;0;0,91
947;1,1;0;113;false;true;true;0,91;0;0,91
948;1,1;0;113;false;true;true;0,91;0;0,91
949;1,1;0;113;false;true;true;0,91;0;0,91
950;1,1;0;113;false;true;true;0,91;0;0,91
951;1,1;0;113;false;true;true;0,91;0;0,91
952;1,1;0;113;false;true;true;0,91;0;0,91
953;1,1;0;113;false;true;true;0,91;0;0,91
954;1,1;0;113;false;true;true;0,91;0;0,91
955;1,1;0;113;false;true;true;0,91;0;0,91
956;1,1;0;113;false;true;true;0,91;0;0,91
957;1,11;0;113;false;true;true;0,91;0;0,91
958;1,11;0;113;false;true;true;0,91;0;0,91
959;1,11;0;113;false;true;true;0,91;0;0,91
960;1,11;0;113;false;true;true;0,91;0;0,91
961;1,11;0;113;false;true;true;0,91;0;0,91
962;1,11;0;113;false;true;true;0,91;0;0,91
963;1,11;0;113;false;true;true;0,91;0;0,91
964;1,11;0;113;false;true;true;0,91;0;0,91
965;1,11;0;113;false;true;true;0,91;0;0,91
966;1,11;0;113;false;true;true;0,91;0;0,91
967;1,12;0;113;false;true;true;0,91;0;0,91
968;1,12;0;113;false;true;true;0,91;0;0,91
969;1,12;0;113;false;true;true;0,91;0;0,91
970;1,12;0;113;false;true;true;0,91;0;0,91
971;1,12;0;113;false;true;true;0,91;0;0,91
972;1,12;0;113;false;true;true;0,91;0;0,91
973;1,12;0;113;false;true;true;0,91;0;0,91
974;1,12;0;113;false;true;true;0,91;0;0,91
975;1,12;0;113;false;true;true;0,91;0;0,91
976;1,12;0;113;false;true;true;0,91;0;0,91
977;1,12;0;113;false;true;true;0,91;0;0,91
978;1,13;0;113;false;true;true;0,91;0;0,91
979;1,13;0;113;false;true;true;0,91;0;0,91
980;1,13;0;113;false;true;true;0,91;0;0,91
981;1,13;0;113;false;true;true;0,91;0;0,91
982;1,13;0;113;false;true;true;0,91;0;0,91
983;1,13;0;113;false;true;true;0,91;0;0,91
984;1,13;0;113;false;true;true;0,91;0;0,91
985;1,13;0;113;false;true;true;0,91;0;0,91
986;1,13;0;113;false;true;true;0,91;0;0,91
987;1,13;0;113;false;true;true;0,91;0;0,91
988;1,14;0;113;false;true;true;0,91;0;0,91
989;1,14;0;113;false;true;true;0,91;0;0,91
990;1,14;0;113;false;true;true;0,91;0;0,91
991;1,14;0;113;false;true;true;0,91;0;0,91
992;1,14;0;113;false;true;true;0,91;0;0,91
993;1,14;0;113;false;true;true;0,91;0;0,91
994;1,14;0;113;false;true;true;0,91;0;0,91
995;1,14;0;113;false;true;true;0,91;0;0,91
996;1,14;0;113;false;true;true;0,91;0;0,91
997;1,14;0;113;false;true;true;0,91;0;0,91
998;1,15;0;113;false;true;true;0,91;0;0,91
999;1,15;0;113;false;true;true;0,91;0;0,91
1000;1,15;0;113;false;true;true;0,91;0;0,91
1001;1,15;0;113;false;true;true;0,91;0;0,91
1002;1,15;0;113;false;true;true;0,91;0;0,91
1003;1,15;0;113;false;true;true;0,91;0;0,91
1004;1,15;0;113;false;true;true;0,91;0;0,91
1005;1,15;0;113;false;true;true;0,91;0;0,91
1006;1,15;0;113;false;true;true;0,91;0;0,91
1007;1,15;0;113;false;true;true;0,91;0;0,91
1008;1,16;0;113;false;true;true;0,91;0;0,91
1009;1,16;0;113;false;true;true;0,91;0;0,91
1010;1,16;0;113;false;true;true;0,91;0;0,91
1011;1,16;0;113;false;true;true;0,91;0;0,91
1012;1,16;0;113;false;true;true;0,91;0;0,91
1013;1,16;0;113;false;true;true;0,91;0;0,91
1014;1,16;0;113;false;true;true;0,91;0;0,91
1015;1,16;0;113;false;true;true;0,91;0;0,91
1016;1,16;0;113;false;true;true;0,91;0;0,91
1017;1,16;0;113;false;true;true;0,91;0;0,91
1018;1,17;0;113;false;true;true;0,91;0;0,91
1019;1,17;0;113;false;true;true;0,91;0;0,91
1020;1,17;0;113;false;true;true;0,91;0;0,91
1021;1,17;0;113;false;true;true;0,91;0;0,91
1022;1,17;0;113;false;true;true;0,91;0;0,91
1023;1,17;0;113;false;true;true;0,91;0;0,91
1024;1,17;0;113;false;true;true;0,91;0;0,91
1025;1,17;0;113;false;true;true;0,91;0;0,91
1026;1,17;0;113;false;true;true;0,91;0;0,91
1027;1,17;0;113;false;true;true;0,91;0;0,91
1028;1,18;0;113;false;true;true;0,91;0;0,91
1029;1,18;0;113;false;true;true;0,91;0;0,91
1030;1,18;0;113;false;true;true;0,91;0;0,91
1031;1,18;0;113;false;true;true;0,91;0;0,91
1032;1,18;0;113;false;true;true;0,91;0;0,91
1033;1,18;0;113;false;true;true;0,91;0;0,91
1034;1,18;0;113;false;true;true;0,91;0;0,91
1035;1,18;0;113;false;true;true;0,91;0;0,91
1036;1,18;0;113;false;true;true;0,91;0;0,91
1037;1,18;0;113;false;true;true;0,91;0;0,91
1038;1,19;0;113;false;true;true;0,91;0;0,91
1039;1,19;0;113;false;true;true;0,91;0;0,91
1040;1,19;0;113;false;true;true;0,91;0;0,91
1041;1,19;0;113;false;true;true;0,91;0;0,91
1042;1,19;0;113;false;true;true;0,91;0;0,91
1043;1,19;0;113;false;true;true;0,91;0;0,91
1044;1,19;0;113;false;true;true;0,91;0;0,91
1045;1,19;0;113;false;true;true;0,91;0;0,91
1046;1,19;0;113;false;true;true;0,91;0;0,91
1047;1,2;0;113;false;true;true;0,91;0;0,91
1048;1,2;0;113;false;true;true;0,91;0;0,91
1049;1,2;0;113;false;true;true;0,91;0;0,91
1050;1,2;0;113;false;true;true;0,91;0;0,91
1051;1,2;0;113;false;true;true;0,91;0;0,91
1052;1,2;0;113;false;true;true;0,91;0;0,91
1053;1,2;0;113;false;true;true;0,91;0;0,91
1054;1,2;0;113;false;true;true;0,91;0;0,91
1055;1,2;0;113;false;true;true;0,91;0;0,91
1056;1,2;0;113;false;true;true;0,91;0;0,91
1057;1,21;0;113;false;true;true;0,91;0;0,91
1058;1,21;0;113;false;true;true;0,91;0;0,91
1059;1,21;0;113;false;true;true;0,91;0;0,91
1060;1,21;0;113;false;true;true;0,91;0;0,91
1061;1,21;0;113;false;true;true;0,91;0;0,91
1062;1,21;0;113;false;true;true;0,91;0;0,91
1063;1,21;0;113;false;true;true;0,91;0;0,91
1064;1,21;0;113;false;true;true;0,91;0;0,91
1065;1,21;0;113;false;t