lengthMiddleSegment: 85597.07
step_energy: 0.05
electrostatic_force_factor: 1.0
spring_force_factor: 0.1
reject_force_factor: 2.0
distanceRejectRadius: 21399.2675
distanceSamePosition: 21399.2675
Iteration;time;energy;num nodes;reject force is enabled;spring force is enabled;electrostatic force is enabled;str_force;rep_force;elec_force
1;0;50,36;1498;false;true;true;18,36;0;32,13
2;0,02;59,92;1444;false;true;true;21,33;0;39,43
3;0,3;56,56;1384;false;true;true;20,87;0;37,6
4;0,31;55,36;1325;false;true;true;19,09;0;37,95
5;0,32;52,92;1278;false;true;true;20,05;0;34,61
6;0,33;50,53;1228;false;true;true;17,97;0;34,52
7;0,33;50,57;1176;false;true;true;18,65;0;33,96
8;0,34;49,8;1131;false;true;true;18,03;0;34,12
9;0,35;48,79;1087;false;true;true;18,65;0;32,01
10;0,36;47,19;1048;false;true;true;18,03;0;30,53
11;0,36;46,92;1009;false;true;true;17,48;0;31,15
12;0,37;45,54;970;false;true;true;18,54;0;28,34
13;0,38;46,44;938;false;true;true;17,5;0;31,76
14;0,38;44,92;901;false;true;true;18,5;0;29,29
15;0,38;43,88;869;false;true;true;17,44;0;29,11
16;0,39;41,66;840;false;true;true;17,35;0;26,83
17;0,4;40,11;814;false;true;true;16,93;0;25,89
18;0,4;39,77;791;false;true;true;17,3;0;26,13
19;0,41;38,63;769;false;true;true;17,46;0;25,97
20;0,41;37,24;748;false;true;true;17,57;0;24,27
21;0,42;35,56;725;false;true;true;16,83;0;22,28
22;0,42;34,93;709;false;true;true;16,43;0;22,55
23;0,43;32,66;690;false;true;true;16,67;0;20,66
24;0,43;31,28;673;false;true;true;15,72;0;18,38
25;0,47;30,08;660;false;true;true;14,83;0;18,49
26;0,47;30,79;647;false;true;true;14,97;0;19,22
27;0,48;28,49;631;false;true;true;14,4;0;16,66
28;0,48;25,84;618;false;true;true;13,91;0;13,66
29;0,48;26,66;613;false;true;true;13,42;0;16,45
30;0,49;25,18;601;false;true;true;14,33;0;14,82
31;0,49;25,24;596;false;true;true;14,02;0;16,44
32;0,49;24,29;586;false;true;true;14,31;0;15,1
33;0,5;22,95;575;false;true;true;14,07;0;12,06
34;0,5;21,04;569;false;true;true;13,06;0;11,58
35;0,5;21,56;566;false;true;true;12,76;0;13,41
36;0,5;22,22;560;false;true;true;13,18;0;13,77
37;0,5;21,01;552;false;true;true;13,34;0;11,78
38;0,5;20,76;548;false;true;true;12,69;0;12,12
39;0,51;20,35;540;false;true;true;12,6;0;10,34
40;0,51;19,6;537;false;true;true;11,72;0;10,8
41;0,51;19,1;534;false;true;true;11,59;0;11,32
42;0,52;19,16;528;false;true;true;12,71;0;11,02
43;0,52;18,77;525;false;true;true;12,57;0;11,36
44;0,52;18,8;520;false;true;true;12,24;0;10,89
45;0,52;19,42;517;false;true;true;12,43;0;11,94
46;0,53;19,09;513;false;true;true;12,49;0;11,81
47;0,53;18,86;508;false;true;true;12,42;0;11,29
48;0,53;18,59;503;false;true;true;12,21;0;10,68
49;0,54;18,43;500;false;true;true;11,91;0;11,14
50;0,54;17,86;496;false;true;true;11,88;0;10,64
51;0,54;17,35;492;false;true;true;12,26;0;10,33
52;0,54;17,12;488;false;true;true;12,18;0;9,72
53;0,54;17,38;485;false;true;true;12,06;0;10,01
54;0,55;17,42;481;false;true;true;12,25;0;9,92
55;0,55;16,93;477;false;true;true;12,17;0;9,42
56;0,55;16,75;474;false;true;true;11,52;0;9,26
57;0,55;16,31;471;false;true;true;11,4;0;9,19
58;0,55;16,37;468;false;true;true;11,98;0;9,6
59;0,56;16,7;466;false;true;true;11,79;0;10,28
60;0,56;16,96;461;false;true;true;12,04;0;9,39
61;0,56;16,99;459;false;true;true;11,95;0;10,1
62;0,56;16,08;454;false;true;true;11,69;0;8,64
63;0,56;16,06;452;false;true;true;11,38;0;9,18
64;0,57;16,15;451;false;true;true;11,47;0;10,38
65;0,57;16,53;447;false;true;true;11,41;0;9,52
66;0,57;16,33;444;false;true;true;11,26;0;9,33
67;0,57;16,51;441;false;true;true;11,35;0;9,49
68;0,58;15,57;437;false;true;true;10,83;0;8,6
69;0,58;16,14;436;false;true;true;10,99;0;10,12
70;0,58;15,43;430;false;true;true;11,14;0;8,15
71;0,58;15,44;429;false;true;true;11,12;0;9,42
72;0,58;15,26;426;false;true;true;11,36;0;9,62
73;0,59;15,05;423;false;true;true;10,94;0;9,13
74;0,59;14,73;420;false;true;true;11,37;0;9,1
75;0,59;15,56;419;false;true;true;11,43;0;10,5
76;0,59;14,93;415;false;true;true;11,68;0;9,84
77;0,59;15,04;411;false;true;true;11,33;0;8,99
78;0,6;14,89;408;false;true;true;11,31;0;9,07
79;0,6;13,83;405;false;true;true;10,25;0;7,76
80;0,6;13,74;403;false;true;true;10,49;0;8,31
81;0,6;13,79;401;false;true;true;10,6;0;8,53
82;0,6;13,83;398;false;true;true;10,54;0;7,96
83;0,61;13,15;396;false;true;true;10,52;0;7,76
84;0,61;13,4;395;false;true;true;10,67;0;8,73
85;0,61;13,47;393;false;true;true;10,44;0;8,64
86;0,62;13,48;390;false;true;true;10,8;0;8,14
87;0,62;13,41;387;false;true;true;10,96;0;7,79
88;0,62;13,3;385;false;true;true;10,4;0;7,58
89;0,62;12,89;382;false;true;true;10,24;0;6,86
90;0,62;13,07;382;false;true;true;10,21;0;8,15
91;0,63;13,27;379;false;true;true;10;0;7,37
92;0,63;13,14;377;false;true;true;10,32;0;7,45
93;0,63;13,17;375;false;true;true;10,44;0;7,66
94;0,63;12,93;372;false;true;true;10,23;0;6,97
95;0,64;12,92;371;false;true;true;10,06;0;7,47
96;0,64;12,87;369;false;true;true;10,12;0;7,49
97;0,64;12,96;367;false;true;true;10,11;0;7,58
98;0,64;12,78;364;false;true;true;10,3;0;7,13
99;0,65;12,65;362;false;true;true;9,79;0;6,94
100;0,65;11,53;360;false;true;true;9,43;0;6,34
101;0,65;11,69;360;false;true;true;9,59;0;7,47
102;0,65;11,43;358;false;true;true;9,8;0;7,03
103;0,65;11,87;357;false;true;true;10,2;0;7,71
104;0,66;11,59;355;false;true;true;10,33;0;7,4
105;0,66;11,73;353;false;true;true;10,12;0;7,07
106;0,66;11,75;352;false;true;true;10;0;7,48
107;0,66;11,43;349;false;true;true;9,62;0;6,22
108;0,67;11,1;348;false;true;true;9,26;0;6,35
109;0,67;10,75;346;false;true;true;9,22;0;5,89
110;0,67;10,3;345;false;true;true;9,08;0;5,74
111;0,67;10,27;345;false;true;true;9,26;0;6,45
112;0,67;10,42;344;false;true;true;9,71;0;6,76
113;0,68;10,44;342;false;true;true;9,86;0;6,27
114;0,68;10,58;342;false;true;true;10,01;0;7,23
115;0,68;10,39;340;false;true;true;9,93;0;6,65
116;0,68;10,31;339;false;true;true;9,91;0;6,83
117;0,68;10,17;338;false;true;true;9,93;0;6,89
118;0,69;9,88;337;false;true;true;9,98;0;6,85
119;0,69;9,97;337;false;true;true;10,25;0;7,65
120;0,69;10,46;337;false;true;true;10,81;0;8,8
121;0,69;11,16;335;false;true;true;11,19;0;8,85
122;0,69;11,51;330;false;true;true;10,35;0;6,56
123;0,7;11,54;329;false;true;true;9,97;0;7,07
124;0,7;11,42;326;false;true;true;9,28;0;5,82
125;0,7;10,81;324;false;true;true;9,03;0;5,47
126;0,7;10,41;323;false;true;true;8,58;0;5,46
127;0,7;10,23;323;false;true;true;8,5;0;6,23
128;0,71;9,6;322;false;true;true;9,05;0;6,09
129;0,71;9,43;320;false;true;true;8,71;0;5,61
130;0,71;9,26;319;false;true;true;8,86;0;5,58
131;0,71;9,08;319;false;true;true;8,91;0;6,17
132;0,72;9,12;318;false;true;true;8,92;0;6,19
133;0,72;9,25;318;false;true;true;9,3;0;7,04
134;0,72;9,32;316;false;true;true;9,46;0;6,54
135;0,72;8,74;315;false;true;true;9,29;0;6,29
136;0,72;9,1;314;false;true;true;9,11;0;6,43
137;0,73;8,84;312;false;true;true;8,8;0;5,58
138;0,73;8,85;311;false;true;true;8,62;0;5,52
139;0,73;8,85;310;false;true;true;8,35;0;5,45
140;0,73;8,41;309;false;true;true;8,09;0;5,06
141;0,73;8,32;309;false;true;true;8,21;0;5,58
142;0,74;8,57;309;false;true;true;8,55;0;6,37
143;0,74;8,34;307;false;true;true;8,41;0;5,34
144;0,74;8,43;306;false;true;true;8,1;0;4,99
145;0,74;8,42;306;false;true;true;8,19;0;5,63
146;0,74;8,3;305;false;true;true;8,11;0;5,41
147;0,75;8,22;304;false;true;true;8,06;0;5,17
148;0,75;7,92;303;false;true;true;7,95;0;4,8
149;0,75;7,83;303;false;true;true;8,02;0;5,26
150;0,75;8,02;303;false;true;true;8,27;0;5,95
151;0,75;7,93;301;false;true;true;7,93;0;4,87
152;0,76;7,5;300;false;true;true;7,74;0;4,47
153;0,76;7,24;300;false;true;true;7,69;0;4,75
154;0,76;7,1;300;false;true;true;7,74;0;5,07
155;0,76;7,07;300;false;true;true;8,03;0;5,43
156;0,76;7,15;300;false;true;true;8,41;0;5,9
157;0,77;7,41;299;false;true;true;8,61;0;5,77
158;0,77;7,45;298;false;true;true;8,67;0;5,6
159;0,77;7,41;297;false;true;true;8,62;0;5,4
160;0,77;7,35;297;false;true;true;8,63;0;5,87
161;0,77;7,52;297;false;true;true;8,82;0;6,52
162;0,78;8,04;296;false;true;true;8,8;0;6,66
163;0,78;7,54;293;false;true;true;8,2;0;4,74
164;0,78;7,27;292;false;true;true;7,65;0;4,22
165;0,78;7,05;292;false;true;true;7,51;0;4,54
166;0,78;7;291;false;true;true;7,25;0;4,09
167;0,79;6,75;291;false;true;true;7,28;0;4,34
168;0,79;6,6;291;false;true;true;7,44;0;4,62
169;0,79;6,57;291;false;true;true;7,66;0;4,99
170;0,79;6,49;290;false;true;true;7,35;0;4,4
171;0,79;6,61;290;false;true;true;7,58;0;4,92
172;0,8;6,42;288;false;true;true;7,22;0;3,72
173;0,8;6,19;288;false;true;true;7,11;0;3,95
174;0,8;6,1;288;false;true;true;7,09;0;4,23
175;0,8;6,18;288;false;true;true;7,19;0;4,66
176;0,8;5,97;287;false;true;true;7,05;0;4,09
177;0,81;5,9;287;false;true;true;7,16;0;4,37
178;0,81;5,95;287;false;true;true;7,31;0;4,75
179;0,81;6,14;286;false;true;true;7,22;0;4,37
180;0,81;6,09;285;false;true;true;6,97;0;3,95
181;0,81;5,96;284;false;true;true;6,7;0;3,48
182;0,82;5,7;284;false;true;true;6,54;0;3,66
183;0,82;5,54;284;false;true;true;6,53;0;3,85
184;0,82;5,48;284;false;true;true;6,63;0;4,1
185;0,82;5,49;283;false;true;true;6,59;0;3,67
186;0,82;5,32;283;false;true;true;6,6;0;3,84
187;0,83;5,24;283;false;true;true;6,67;0;4,05
188;0,83;5,28;283;false;true;true;6,8;0;4,36
189;0,83;5,17;282;false;true;true;6,57;0;3,76
190;0,83;5,04;282;false;true;true;6,59;0;3,93
191;0,83;4,98;282;false;true;true;6,64;0;4,13
192;0,83;5,03;282;false;true;true;6,79;0;4,42
193;0,84;4,93;281;false;true;true;6,56;0;3,77
194;0,84;4,75;281;false;true;true;6,52;0;3,9
195;0,84;4,63;281;false;true;true;6,54;0;4,03
196;0,84;4,56;281;false;true;true;6,68;0;4,18
197;0,84;4,53;281;false;true;true;6,83;0;4,36
198;0,85;4,55;281;false;true;true;6,99;0;4,57
199;0,85;4,66;281;false;true;true;7,18;0;4,87
200;0,85;4,82;280;false;true;true;7,22;0;4,55
201;0,85;4,78;279;false;true;true;6,94;0;4
202;0,85;4,59;279;false;true;true;6,79;0;4,14
203;0,86;4,49;279;false;true;true;6,73;0;4,29
204;0,86;4,45;279;false;true;true;6,78;0;4,47
205;0,86;4,48;279;false;true;true;6,92;0;4,7
206;0,86;4,73;278;false;true;true;6,76;0;4,21
207;0,86;4,63;278;false;true;true;6,77;0;4,4
208;0,87;4,64;278;false;true;true;6,84;0;4,65
209;0,87;4,75;277;false;true;true;6,68;0;4,13
210;0,87;4,63;277;false;true;true;6,7;0;4,31
211;0,87;4,61;277;false;true;true;6,78;0;4,54
212;0,87;4,69;277;false;true;true;6,93;0;4,84
213;0,88;5,01;276;false;true;true;6,73;0;4,52
214;0,88;4,81;275;false;true;true;6,47;0;3,92
215;0,88;4,65;275;false;true;true;6,39;0;4,07
216;0,88;4,56;275;false;true;true;6,45;0;4,23
217;0,88;4,52;275;false;true;true;6,56;0;4,41
218;0,88;4,53;275;false;true;true;6,74;0;4,62
219;0,89;4,59;275;false;true;true;6,96;0;4,88
220;0,89;4,74;275;false;true;true;7,21;0;5,23
221;0,89;5,08;275;false;true;true;7,52;0;5,78
222;0,89;5,4;274;false;true;true;7,51;0;5,58
223;0,89;5,35;272;false;true;true;7,06;0;4,41
224;0,89;5,19;271;false;true;true;6,46;0;3,77
225;0,89;4,95;271;false;true;true;6,2;0;3,96
226;0,89;4,85;271;false;true;true;6,16;0;4,19
227;0,9;4,97;270;false;true;true;5,9;0;3,59
228;0,9;4,78;270;false;true;true;5,94;0;3,76
229;0,9;4,71;270;false;true;true;6,05;0;3,96
230;0,9;4,78;270;false;true;true;6,23;0;4,27
231;0,9;4,64;269;false;true;true;6,06;0;3,61
232;0,9;4,52;269;false;true;true;6,08;0;3,75
233;0,91;4,48;269;false;true;true;6,14;0;3,93
234;0,91;4,55;269;false;true;true;6,29;0;4,21
235;0,91;4,42;268;false;true;true;6,18;0;3,59
236;0,91;4,26;268;false;true;true;6,15;0;3,7
237;0,91;4,17;268;false;true;true;6,15;0;3,8
238;0,91;4,1;268;false;true;true;6,18;0;3,92
239;0,92;4,07;268;false;true;true;6,3;0;4,06
240;0,92;4,09;268;false;true;true;6,43;0;4,23
241;0,92;4,17;268;false;true;true;6,59;0;4,48
242;0,92;4,24;267;false;true;true;6,45;0;3,9
243;0,92;4,13;267;false;true;true;6,42;0;4,03
244;0,92;4,08;267;false;true;true;6,43;0;4,18
245;0,92;4,11;267;false;true;true;6,48;0;4,39
246;0,92;4,24;267;false;true;true;6,65;0;4,7
247;0,93;4,43;266;false;true;true;6,52;0;4,26
248;0,93;4,19;265;false;true;true;6,22;0;3,59
249;0,93;4;265;false;true;true;6,07;0;3,67
250;0,93;3,86;265;false;true;true;5,98;0;3,74
251;0,93;3,76;265;false;true;true;5,96;0;3,82
252;0,93;3,68;265;false;true;true;6,02;0;3,89
253;0,93;3,62;265;false;true;true;6,11;0;3,97
254;0,94;3,57;265;false;true;true;6,2;0;4,05
255;0,94;3,53;265;false;true;true;6,28;0;4,13
256;0,94;3,51;265;false;true;true;6,37;0;4,23
257;0,94;3,49;265;false;true;true;6,45;0;4,33
258;0,94;3,48;265;false;true;true;6,53;0;4,44
259;0,94;3,5;265;false;true;true;6,64;0;4,57
260;0,94;3,54;265;false;true;true;6,75;0;4,72
261;0,94;3,6;265;false;true;true;6,87;0;4,91
262;0,94;3,73;265;false;true;true;7,03;0;5,16
263;0,95;3,96;265;false;true;true;7,23;0;5,54
264;0,95;4,44;264;false;true;true;7,25;0;5,36
265;0,95;4,38;262;false;true;true;6,48;0;3,98
266;0,95;4,17;262;false;true;true;6,24;0;4,13
267;0,95;4,07;262;false;true;true;6,11;0;4,32
268;0,95;4,12;262;false;true;true;6,22;0;4,58
269;0,96;4,11;261;false;true;true;5,89;0;3,85
270;0,96;3,98;261;false;true;true;5,92;0;3,97
271;0,96;3,92;261;false;true;true;5,99;0;4,12
272;0,96;3,93;261;false;true;true;6,13;0;4,31
273;0,96;4,05;261;false;true;true;6,32;0;4,6
274;0,96;3,98;260;false;true;true;6,09;0;3,9
275;0,97;3,88;260;false;true;true;6,09;0;4,02
276;0,97;3,83;260;false;true;true;6,13;0;4,16
277;0,97;3,84;260;false;true;true;6,22;0;4,34
278;0,97;3,94;260;false;true;true;6,37;0;4,6
279;0,97;4,04;259;false;true;true;6,31;0;4,12
280;0,97;4,02;259;false;true;true;6,31;0;4,34
281;0,97;4;258;false;true;true;6,11;0;3,79
282;0,97;3,84;258;false;true;true;6;0;3,89
283;0,98;3,74;258;false;true;true;5,99;0;4
284;0,98;3,69;258;false;true;true;6,03;0;4,13
285;0,98;3,68;258;false;true;true;6,14;0;4,27
286;0,98;3,7;258;false;true;true;6,28;0;4,46
287;0,98;3,81;258;false;true;true;6,44;0;4,72
288;0,98;4,25;257;false;true;true;6,31;0;4,31
289;0,98;4,04;256;false;true;true;5,89;0;3,56
290;0,99;3,85;256;false;true;true;5,76;0;3,65
291;0,99;3,72;256;false;true;true;5,7;0;3,74
292;0,99;3,64;256;false;true;true;5,75;0;3,84
293;0,99;3,59;256;false;true;true;5,87;0;3,95
294;0,99;3,57;256;false;true;true;5,99;0;4,08
295;0,99;3,59;256;false;true;true;6,12;0;4,23
296;0,99;3,67;256;false;true;true;6,26;0;4,45
297;1;3,85;255;false;true;true;6,23;0;4,02
298;1;3,8;255;false;true;true;6,2;0;4,21
299;1;3,87;254;false;true;true;5,96;0;3,68
300;1;3,69;254;false;true;true;5,8;0;3,78
301;1;3,58;254;false;true;true;5,75;0;3,9
302;1;3,55;254;false;true;true;5,79;0;4,05
303;1;3,61;254;false;true;true;5,93;0;4,27
304;1,01;3,61;253;false;true;true;5,69;0;3,59
305;1,01;3,46;253;false;true;true;5,64;0;3,67
306;1,01;3,37;253;false;true;true;5,63;0;3,75
307;1,01;3,31;253;false;true;true;5,66;0;3,84
308;1,01;3,28;253;false;true;true;5,73;0;3,93
309;1,02;3,27;253;false;true;true;5,83;0;4,05
310;1,02;3,29;253;false;true;true;5,94;0;4,2
311;1,02;3,39;253;false;true;true;6,07;0;4,43
312;1,02;3,4;252;false;true;true;5,95;0;3,84
313;1,02;3,29;252;false;true;true;5,88;0;3,93
314;1,03;3,24;252;false;true;true;5,86;0;4,05
315;1,03;3,23;252;false;true;true;5,88;0;4,2
316;1,03;3,32;252;false;true;true;5,96;0;4,43
317;1,03;3,32;251;false;true;true;5,69;0;3,72
318;1,03;3,2;251;false;true;true;5,63;0;3,8
319;1,03;3,11;251;false;true;true;5,61;0;3,88
320;1,03;3,06;251;false;true;true;5,64;0;3,98
321;1,04;3,04;251;false;true;true;5,73;0;4,09
322;1,04;3,06;251;false;true;true;5,83;0;4,24
323;1,04;3,18;250;false;true;true;5,43;0;3,59
324;1,04;3,08;250;false;true;true;5,41;0;3,67
325;1,04;3,03;250;false;true;true;5,42;0;3,75
326;1,04;3;250;false;true;true;5,47;0;3,85
327;1,05;3;250;false;true;true;5,59;0;3,97
328;1,05;3,05;250;false;true;true;5,7;0;4,13
329;1,05;3,23;249;false;true;true;5,5;0;3,54
330;1,05;3,11;249;false;true;true;5,42;0;3,63
331;1,05;3,05;249;false;true;true;5,4;0;3,72
332;1,05;3,03;249;false;true;true;5,45;0;3,85
333;1,05;3,09;249;false;true;true;5,55;0;4,04
334;1,06;3,13;248;false;true;true;5,39;0;3,44
335;1,06;3,01;248;false;true;true;5,32;0;3,5
336;1,06;2,93;248;false;true;true;5,28;0;3,58
337;1,06;2,88;248;false;true;true;5,27;0;3,66
338;1,06;2,86;248;false;true;true;5,33;0;3,77
339;1,06;2,91;248;false;true;true;5,43;0;3,94
340;1,07;2,98;247;false;true;true;5,16;0;3,26
341;1,07;2,84;247;false;true;true;5,05;0;3,3
342;1,07;2,74;247;false;true;true;5;0;3,34
343;1,07;2,68;247;false;true;true;5;0;3,38
344;1,07;2,62;247;false;true;true;5,03;0;3,42
345;1,07;2,57;247;false;true;true;5,08;0;3,46
346;1,08;2,52;247;false;true;true;5,13;0;3,5
347;1,08;2,48;247;false;true;true;5,17;0;3,54
348;1,08;2,45;247;false;true;true;5,21;0;3,59
349;1,08;2,43;247;false;true;true;5,25;0;3,64
350;1,08;2,41;247;false;true;true;5,29;0;3,7
351;1,08;2,41;247;false;true;true;5,34;0;3,76
352;1,08;2,41;247;false;true;true;5,38;0;3,83
353;1,08;2,43;247;false;true;true;5,44;0;3,93
354;1,09;2,48;247;false;true;true;5,51;0;4,05
355;1,09;2,59;247;false;true;true;5,6;0;4,24
356;1,09;2,77;246;false;true;true;5,46;0;3,7
357;1,09;2,75;246;false;true;true;5,38;0;3,85
358;1,09;2,85;245;false;true;true;4,99;0;3,17
359;1,09;2,68;245;false;true;true;4,81;0;3,2
360;1,1;2,56;245;false;true;true;4,72;0;3,23
361;1,1;2,46;245;false;true;true;4,72;0;3,26
362;1,1;2,39;245;false;true;true;4,77;0;3,29
363;1,1;2,33;245;false;true;true;4,82;0;3,32
364;1,1;2,27;245;false;true;true;4,85;0;3,34
365;1,1;2,23;245;false;true;true;4,88;0;3,37
366;1,1;2,19;245;false;true;true;4,9;0;3,39
367;1,1;2,15;245;false;true;true;4,92;0;3,42
368;1,11;2,12;245;false;true;true;4,94;0;3,45
369;1,11;2,09;245;false;true;true;4,97;0;3,48
370;1,11;2,07;245;false;true;true;4,98;0;3,51
371;1,11;2,04;245;false;true;true;5;0;3,54
372;1,11;2,03;245;false;true;true;5,02;0;3,57
373;1,11;2,02;245;false;true;true;5,04;0;3,61
374;1,11;2,01;245;false;true;true;5,06;0;3,65
375;1,11;2;245;false;true;true;5,09;0;3,7
376;1,12;2,01;245;false;true;true;5,13;0;3,76
377;1,12;2,02;245;false;true;true;5,16;0;3,82
378;1,12;2,06;245;false;true;true;5,21;0;3,91
379;1,12;2,12;245;false;true;true;5,27;0;4,03
380;1,12;2,24;245;false;true;true;5,35;0;4,22
381;1,12;2,64;244;false;true;true;5,16;0;3,37
382;1,12;2,66;244;false;true;true;5,01;0;3,58
383;1,12;2,95;244;false;true;true;4,91;0;4,04
384;1,13;2,67;242;false;true;true;4,76;0;4,06
385;1,13;3,07;241;false;true;true;4,46;0;3,38
386;1,13;3,24;241;false;true;true;4,5;0;3,84
387;1,13;2,93;240;false;true;true;4,35;0;3,41
388;1,13;3,15;240;false;true;true;4,3;0;3,85
389;1,13;3,16;239;false;true;true;4,46;0;3,87
390;1,13;3,17;238;false;true;true;4,46;0;3,79
391;1,13;2,71;237;false;true;true;4,42;0;3,41
392;1,13;2,72;237;false;true;true;4,34;0;3,61
393;1,13;2,93;237;false;true;true;4,44;0;4,01
394;1,14;2,54;236;false;true;true;4,43;0;3,46
395;1,14;2,53;236;false;true;true;4,37;0;3,62
396;1,14;2,59;236;false;true;true;4,38;0;3,84
397;1,14;2,54;235;false;true;true;4,69;0;3,56
398;1,14;2,4;235;false;true;true;4,54;0;3,72
399;1,14;2,38;235;false;true;true;4,46;0;3,94
400;1,14;2,3;234;false;true;true;4,34;0;3,49
401;1,14;2,22;234;false;true;true;4,33;0;3,64
402;1,14;2,25;234;false;true;true;4,36;0;3,86
403;1,15;1,83;233;false;true;true;4,19;0;3,12
404;1,15;1,75;233;false;true;true;4,17;0;3,16
405;1,15;1,69;233;false;true;true;4,17;0;3,2
406;1,15;1,66;233;false;true;true;4,19;0;3,24
407;1,15;1,64;233;false;true;true;4,23;0;3,29
408;1,15;1,63;233;false;true;true;4,27;0;3,35
409;1,15;1,65;233;false;true;true;4,31;0;3,43
410;1,15;1,7;233;false;true;true;4,38;0;3,55
411;1,16;1,85;233;false;true;true;4,46;0;3,78
412;1,16;1,71;232;false;true;true;4,21;0;3,08
413;1,16;1,64;232;false;true;true;4,12;0;3,11
414;1,16;1,59;232;false;true;true;4,06;0;3,14
415;1,16;1,55;232;false;true;true;4,03;0;3,17
416;1,16;1,52;232;false;true;true;4,05;0;3,2
417;1,16;1,49;232;false;true;true;4,09;0;3,24
418;1,17;1,48;232;false;true;true;4,13;0;3,27
419;1,17;1,47;232;false;true;true;4,17;0;3,31
420;1,17;1,46;232;false;true;true;4,21;0;3,36
421;1,17;1,46;232;false;true;true;4,25;0;3,41
422;1,17;1,48;232;false;true;true;4,29;0;3,48
423;1,17;1,53;232;false;true;true;4,35;0;3,58
424;1,17;1,64;232;false;true;true;4,43;0;3,75
425;1,17;1,6;231;false;true;true;4,21;0;3,14
426;1,18;1,52;231;false;true;true;4,11;0;3,16
427;1,18;1,47;231;false;true;true;4,04;0;3,19
428;1,18;1,43;231;false;true;true;4,01;0;3,22
429;1,18;1,4;231;false;true;true;4,02;0;3,25
430;1,18;1,38;231;false;true;true;4,06;0;3,27
431;1,18;1,36;231;false;true;true;4,09;0;3,3
432;1,18;1,34;231;false;true;true;4,13;0;3,33
433;1,18;1,33;231;false;true;true;4,16;0;3,37
434;1,18;1,33;231;false;true;true;4,2;0;3,41
435;1,19;1,33;231;false;true;true;4,23;0;3,45
436;1,19;1,34;231;false;true;true;4,27;0;3,51
437;1,19;1,37;231;false;true;true;4,32;0;3,59
438;1,19;1,44;231;false;true;true;4,38;0;3,7
439;1,19;1,59;231;false;true;true;4,46;0;3,91
440;1,19;1,48;230;false;true;true;4,17;0;3,2
441;1,19;1,4;230;false;true;true;4,08;0;3,23
442;1,2;1,36;230;false;true;true;4,02;0;3,25
443;1,2;1,32;230;false;true;true;3,98;0;3,28
444;1,2;1,29;230;false;true;true;4,01;0;3,3
445;1,2;1,26;230;false;true;true;4,04;0;3,32
446;1,2;1,25;230;false;true;true;4,08;0;3,35
447;1,2;1,23;230;false;true;true;4,11;0;3,38
448;1,2;1,22;230;false;true;true;4,14;0;3,4
449;1,2;1,21;230;false;true;true;4,17;0;3,44
450;1,2;1,2;230;false;true;true;4,2;0;3,47
451;1,21;1,21;230;false;true;true;4,23;0;3,51
452;1,21;1,22;230;false;true;true;4,27;0;3,56
453;1,21;1,24;230;false;true;true;4,31;0;3,62
454;1,21;1,27;230;false;true;true;4,36;0;3,7
455;1,21;1,35;230;false;true;true;4,42;0;3,82
456;1,21;1,53;230;false;true;true;4,51;0;4,06
457;1,21;1,38;229;false;true;true;4,17;0;3,28
458;1,21;1,31;229;false;true;true;4,08;0;3,3
459;1,21;1,26;229;false;true;true;4,02;0;3,32
460;1,22;1,22;229;false;true;true;3,99;0;3,35
461;1,22;1,19;229;false;true;true;4,02;0;3,37
462;1,22;1,17;229;false;true;true;4,06;0;3,39
463;1,22;1,15;229;false;true;true;4,1;0;3,41
464;1,22;1,14;229;false;true;true;4,13;0;3,44
465;1,22;1,12;229;false;true;true;4,15;0;3,46
466;1,22;1,11;229;false;true;true;4,18;0;3,48
467;1,22;1,1;229;false;true;true;4,21;0;3,51
468;1,22;1,09;229;false;true;true;4,23;0;3,54
469;1,23;1,09;229;false;true;true;4,25;0;3,57
470;1,23;1,09;229;false;true;true;4,28;0;3,6
471;1,23;1,1;229;false;true;true;4,31;0;3,64
472;1,23;1,1;229;false;true;true;4,34;0;3,68
473;1,23;1,12;229;false;true;true;4,38;0;3,74
474;1,23;1,15;229;false;true;true;4,42;0;3,8
475;1,23;1,19;229;false;true;true;4,48;0;3,89
476;1,23;1,26;229;false;true;true;4,54;0;4,01
477;1,24;1,42;229;false;true;true;4,64;0;4,21
478;1,24;1,4;228;false;true;true;4,31;0;3,52
479;1,24;1,36;228;false;true;true;4,24;0;3,58
480;1,24;1,35;228;false;true;true;4,21;0;3,66
481;1,24;1,38;228;false;true;true;4,21;0;3,77
482;1,24;1,6;227;false;true;true;3,84;0;3,11
483;1,24;1,49;227;false;true;true;3,78;0;3,15
484;1,24;1,42;227;false;true;true;3,75;0;3,18
485;1,24;1,36;227;false;true;true;3,81;0;3,21
486;1,25;1,32;227;false;true;true;3,87;0;3,24
487;1,25;1,29;227;false;true;true;3,93;0;3,27
488;1,25;1,26;227;false;true;true;3,98;0;3,3
489;1,25;1,24;227;false;true;true;4,02;0;3,33
490;1,25;1,22;227;false;true;true;4,06;0;3,36
491;1,25;1,22;227;false;true;true;4,1;0;3,4
492;1,25;1,21;227;false;true;true;4,13;0;3,44
493;1,25;1,22;227;false;true;true;4,17;0;3,49
494;1,25;1,24;227;false;true;true;4,21;0;3,56
495;1,25;1,28;227;false;true;true;4,27;0;3,65
496;1,26;1,38;227;false;true;true;4,34;0;3,81
497;1,26;1,38;226;false;true;true;4,05;0;3,16
498;1,26;1,3;226;false;true;true;3,96;0;3,18
499;1,26;1,24;226;false;true;true;3,89;0;3,21
500;1,26;1,19;226;false;true;true;3,85;0;3,22
501;1,26;1,16;226;false;true;true;3,86;0;3,24
502;1,26;1,12;226;false;true;true;3,89;0;3,26
503;1,26;1,1;226;false;true;true;3,92;0;3,28
504;1,26;1,08;226;false;true;true;3,95;0;3,3
505;1,27;1,06;226;false;true;true;3,97;0;3,31
506;1,27;1,04;226;false;true;true;3,99;0;3,33
507;1,27;1,02;226;false;true;true;4,01;0;3,35
508;1,27;1,01;226;false;true;true;4,02;0;3,37
509;1,27;0,99;226;false;true;true;4,04;0;3,39
510;1,27;0,98;226;false;true;true;4,05;0;3,41
511;1,27;0,98;226;false;true;true;4,07;0;3,43
512;1,27;0,97;226;false;true;true;4,09;0;3,46
513;1,27;0,97;226;false;true;true;4,11;0;3,49
514;1,28;0,97;226;false;true;true;4,13;0;3,52
515;1,28;0,97;226;false;true;true;4,15;0;3,56
516;1,28;0,98;226;false;true;true;4,17;0;3,6
517;1,28;1,01;226;false;true;true;4,21;0;3,66
518;1,59;1,06;226;false;true;true;4,26;0;3,74
519;1,59;1,15;226;false;true;true;4,32;0;3,87
520;1,6;1,19;225;false;true;true;4,01;0;3,24
521;1,6;1,11;225;false;true;true;3,91;0;3,26
522;1,6;1,05;225;false;true;true;3,85;0;3,27
523;1,6;1,01;225;false;true;true;3,8;0;3,29
524;1,6;0,98;225;false;true;true;3,82;0;3,3
525;1,61;0,95;225;false;true;true;3,86;0;3,32
526;1,61;0,93;225;false;true;true;3,88;0;3,33
527;1,61;0,91;225;false;true;true;3,9;0;3,34
528;1,61;0,88;225;false;true;true;3,92;0;3,36
529;1,61;0,87;225;false;true;true;3,93;0;3,37
530;1,62;0,85;225;false;true;true;3,94;0;3,38
531;1,62;0,84;225;false;true;true;3,95;0;3,39
532;1,62;0,83;225;false;true;true;3,97;0;3,41
533;1,62;0,82;225;false;true;true;3,98;0;3,42
534;1,62;0,81;225;false;true;true;3,99;0;3,43
535;1,62;0,79;225;false;true;true;3,99;0;3,45
536;1,62;0,78;225;false;true;true;4;0;3,46
537;1,63;0,77;225;false;true;true;4,01;0;3,47
538;1,63;0,77;225;false;true;true;4,02;0;3,49
539;1,63;0,75;225;false;true;true;4,02;0;3,5
540;1,63;0,75;225;false;true;true;4,03;0;3,52
541;1,63;0,74;225;false;true;true;4,04;0;3,54
542;1,63;0,74;225;false;true;true;4,05;0;3,55
543;1,64;0,74;225;false;true;true;4,06;0;3,57
544;1,64;0,74;225;false;true;true;4,08;0;3,6
545;1,64;0,74;225;false;true;true;4,09;0;3,62
546;1,64;0,74;225;false;true;true;4,11;0;3,65
547;1,64;0,75;225;false;true;true;4,14;0;3,68
548;1,65;0,77;225;false;true;true;4,16;0;3,72
549;1,65;0,79;225;false;true;true;4,19;0;3,77
550;1,65;0,83;225;false;true;true;4,23;0;3,84
551;1,65;0,89;225;false;true;true;4,28;0;3,94
552;1,65;1,04;225;false;true;true;4,36;0;4,13
553;1,65;1,01;224;false;true;true;3,92;0;3,35
554;1,65;0,94;224;false;true;true;3,83;0;3,37
555;1,65;0,9;224;false;true;true;3,78;0;3,39
556;1,65;0,87;224;false;true;true;3,78;0;3,41
557;1,66;0,84;224;false;true;true;3,82;0;3,42
558;1,66;0,82;224;false;true;true;3,86;0;3,44
559;1,66;0,8;224;false;true;true;3,89;0;3,46
560;1,66;0,79;224;false;true;true;3,91;0;3,47
561;1,66;0,77;224;false;true;true;3,93;0;3,49
562;1,66;0,76;224;false;true;true;3,95;0;3,5
563;1,66;0,74;224;false;true;true;3,97;0;3,52
564;1,66;0,74;224;false;true;true;3,98;0;3,54
565;1,66;0,73;224;false;true;true;4;0;3,55
566;1,67;0,72;224;false;true;true;4,01;0;3,57
567;1,67;0,71;224;false;true;true;4,03;0;3,59
568;1,67;0,71;224;false;true;true;4,05;0;3,61
569;1,67;0,71;224;false;true;true;4,06;0;3,63
570;1,67;0,7;224;false;true;true;4,08;0;3,65
571;1,67;0,7;224;false;true;true;4,1;0;3,68
572;1,67;0,7;224;false;true;true;4,12;0;3,7
573;1,67;0,71;224;false;true;true;4,14;0;3,73
574;1,68;0,71;224;false;true;true;4,16;0;3,77
575;1,68;0,72;224;false;true;true;4,19;0;3,8
576;1,68;0,74;224;false;true;true;4,22;0;3,85
577;1,68;0,77;224;false;true;true;4,26;0;3,9
578;1,68;0,81;224;false;true;true;4,31;0;3,97
579;1,68;0,86;224;false;true;true;4,36;0;4,07
580;1,68;0,97;224;false;true;true;4,44;0;4,22
581;1,68;1,06;223;false;true;true;4,1;0;3,57
582;1,68;1,01;223;false;true;true;4,05;0;3,63
583;1,69;0,99;223;false;true;true;4,01;0;3,69
584;1,69;1,02;223;false;true;true;4,02;0;3,79
585;1,69;1,3;222;false;true;true;3,67;0;3,12
586;1,69;1,18;222;false;true;true;3,58;0;3,14
587;1,69;1,1;222;false;true;true;3,54;0;3,16
588;1,69;1,03;222;false;true;true;3,59;0;3,18
589;1,69;0,98;222;false;true;true;3,63;0;3,2
590;1,69;0,94;222;false;true;true;3,67;0;3,22
591;1,69;0,9;222;false;true;true;3,7;0;3,23
592;1,7;0,88;222;false;true;true;3,73;0;3,25
593;1,7;0,86;222;false;true;true;3,75;0;3,26
594;1,7;0,83;222;false;true;true;3,77;0;3,27
595;1,7;0,81;222;false;true;true;3,77;0;3,29
596;1,7;0,79;222;false;true;true;3,79;0;3,3
597;1,7;0,78;222;false;true;true;3,8;0;3,31
598;1,7;0,76;222;false;true;true;3,81;0;3,32
599;1,7;0,74;222;false;true;true;3,81;0;3,33
600;1,7;0,73;222;false;true;true;3,82;0;3,35
601;1,71;0,72;222;false;true;true;3,83;0;3,36
602;1,71;0,71;222;false;true;true;3,84;0;3,37
603;1,71;0,7;222;false;true;true;3,85;0;3,38
604;1,71;0,69;222;false;true;true;3,85;0;3,39
605;1,71;0,67;222;false;true;true;3,86;0;3,4
606;1,71;0,67;222;false;true;true;3,86;0;3,42
607;1,71;0,65;222;false;true;true;3,87;0;3,43
608;1,71;0,64;222;false;true;true;3,87;0;3,44
609;1,71;0,63;222;false;true;true;3,88;0;3,45
610;1,71;0,63;222;false;true;true;3,89;0;3,47
611;1,72;0,63;222;false;true;true;3,9;0;3,48
612;1,72;0,62;222;false;true;true;3,91;0;3,49
613;1,72;0,61;222;false;true;true;3,91;0;3,51
614;1,72;0,6;222;false;true;true;3,92;0;3,52
615;1,72;0,6;222;false;true;true;3,93;0;3,54
616;1,72;0,6;222;false;true;true;3,94;0;3,55
617;1,72;0,59;222;false;true;true;3,95;0;3,57
618;1,72;0,59;222;false;true;true;3,96;0;3,59
619;1,72;0,59;222;false;true;true;3,97;0;3,61
620;1,73;0,59;222;false;true;true;3,99;0;3,63
621;1,73;0,59;222;false;true;true;4;0;3,66
622;1,73;0,6;222;false;true;true;4,02;0;3,68
623;1,73;0,61;222;false;true;true;4,05;0;3,72
624;1,73;0,63;222;false;true;true;4,07;0;3,76
625;1,73;0,66;222;false;true;true;4,11;0;3,81
626;1,73;0,7;222;false;true;true;4,15;0;3,89
627;1,73;0,78;222;false;true;true;4,2;0;4,01
628;1,74;1,01;221;false;true;true;3,91;0;3,33
629;1,74;0,9;221;false;true;true;3,79;0;3,35
630;1,74;0,82;221;false;true;true;3,7;0;3,37
631;1,74;0,77;221;false;true;true;3,7;0;3,38
632;1,74;0,73;221;false;true;true;3,73;0;3,4
633;1,75;0,71;221;false;true;true;3,76;0;3,41
634;1,75;0,69;221;false;true;true;3,79;0;3,43
635;1,75;0,67;221;false;true;true;3,81;0;3,44
636;1,75;0,65;221;false;true;true;3,83;0;3,45
637;1,75;0,63;221;false;true;true;3,84;0;3,46
638;1,75;0,62;221;false;true;true;3,85;0;3,48
639;1,75;0,6;221;false;true;true;3,86;0;3,49
640;1,75;0,59;221;false;true;true;3,87;0;3,5
641;1,76;0,58;221;false;true;true;3,87;0;3,51
642;1,76;0,57;221;false;true;true;3,88;0;3,52
643;1,76;0,56;221;false;true;true;3,89;0;3,54
644;1,76;0,55;221;false;true;true;3,9;0;3,55
645;1,76;0,54;221;false;true;true;3,91;0;3,56
646;1,76;0,53;221;false;true;true;3,91;0;3,57
647;1,76;0,52;221;false;true;true;3,92;0;3,59
648;1,76;0,52;221;false;true;true;3,93;0;3,6
649;1,77;0,51;221;false;true;true;3,94;0;3,61
650;1,77;0,5;221;false;true;true;3,94;0;3,63
651;1,77;0,5;221;false;true;true;3,96;0;3,64
652;1,77;0,49;221;false;true;true;3,96;0;3,65
653;1,77;0,48;221;false;true;true;3,97;0;3,67
654;1,77;0,48;221;false;true;true;3,98;0;3,69
655;1,77;0,47;221;false;true;true;3,99;0;3,7
656;1,78;0,47;221;false;true;true;4;0;3,72
657;1,78;0,47;221;false;true;true;4,02;0;3,74
658;1,78;0,47;221;false;true;true;4,03;0;3,76
659;1,78;0,46;221;false;true;true;4,04;0;3,78
660;1,78;0,47;221;false;true;true;4,06;0;3,8
661;1,78;0,47;221;false;true;true;4,08;0;3,82
662;1,78;0,47;221;false;true;true;4,09;0;3,85
663;1,78;0,48;221;false;true;true;4,12;0;3,88
664;1,79;0,48;221;false;true;true;4,14;0;3,91
665;1,79;0,49;221;false;true;true;4,16;0;3,96
666;1,79;0,51;221;false;true;true;4,19;0;4,01
667;1,79;0,54;221;false;true;true;4,23;0;4,07
668;1,79;0,59;221;false;true;true;4,28;0;4,16
669;1,79;0,68;221;false;true;true;4,34;0;4,3
670;1,79;0,57;220;false;true;true;3,75;0;3,35
671;1,79;0,52;220;false;true;true;3,7;0;3,37
672;1,79;0,49;220;false;true;true;3,69;0;3,39
673;1,8;0,5;220;false;true;true;3,7;0;3,42
674;1,8;0,5;220;false;true;true;3,72;0;3,45
675;1,8;0,53;220;false;true;true;3,76;0;3,49
676;1,8;0,54;220;false;true;true;3,78;0;3,54
677;1,8;0,58;220;false;true;true;3,82;0;3,61
678;1,8;0,65;220;false;true;true;3,87;0;3,71
679;1,8;0,87;219;false;true;true;3,42;0;3,08
680;1,8;0,81;219;false;true;true;3,35;0;3,11
681;1,8;0,77;219;false;true;true;3,31;0;3,15
682;1,8;0,75;219;false;true;true;3,37;0;3,18
683;1,81;0,74;219;false;true;true;3,44;0;3,22
684;1,81;0,73;219;false;true;true;3,5;0;3,26
685;1,81;0,73;219;false;true;true;3,56;0;3,3
686;1,81;0,75;219;false;true;true;3,61;0;3,36
687;1,81;0,77;219;false;true;true;3,67;0;3,43
688;1,81;0,82;219;false;true;true;3,73;0;3,53
689;1,81;0,94;219;false;true;true;3,82;0;3,69
690;1,81;1,06;218;false;true;true;3,43;0;2,9
691;1,81;0,96;218;false;true;true;3,34;0;2,93
692;1,82;0,9;218;false;true;true;3,29;0;2,96
693;1,82;0,85;218;false;true;true;3,29;0;2,98
694;1,82;0,82;218;false;true;true;3,33;0;3,01
695;1,82;0,8;218;false;true;true;3,38;0;3,04
696;1,82;0,78;218;false;true;true;3,41;0;3,07
697;1,82;0,78;218;false;true;true;3,45;0;3,11
698;1,82;0,78;218;false;true;true;3,49;0;3,15
699;1,82;0,79;218;false;true;true;3,53;0;3,21
700;1,82;0,83;218;false;true;true;3,58;0;3,29
701;1,82;0,91;218;false;true;true;3,64;0;3,42
702;1,83;1;217;false;true;true;3,26;0;2,79
703;1,83;0,93;217;false;true;true;3,18;0;2,82
704;1,83;0,89;217;false;true;true;3,12;0;2,84
705;1,83;0,85;217;false;true;true;3,13;0;2,87
706;1,83;0,83;217;false;true;true;3,19;0;2,89
707;1,83;0,8;217;false;true;true;3,23;0;2,92
708;1,83;0,78;217;false;true;true;3,27;0;2,94
709;1,83;0,77;217;false;true;true;3,3;0;2,97
710;1,83;0,76;217;false;true;true;3,34;0;3
711;1,83;0,76;217;false;true;true;3,37;0;3,04
712;1,84;0,76;217;false;true;true;3,4;0;3,08
713;1,84;0,77;217;false;true;true;3,43;0;3,13
714;1,84;0,8;217;false;true;true;3,48;0;3,2
715;1,84;0,85;217;false;true;true;3,53;0;3,3
716;1,84;0,98;217;false;true;true;3,61;0;3,47
717;1,84;0,93;216;false;true;true;3,3;0;2,79
718;1,84;0,85;216;false;true;true;3,21;0;2,81
719;1,84;0,8;216;false;true;true;3,14;0;2,82
720;1,84;0,75;216;false;true;true;3,09;0;2,84
721;1,85;0,72;216;false;true;true;3,11;0;2,86
722;1,85;0,69;216;false;true;true;3,15;0;2,87
723;1,85;0,66;216;false;true;true;3,17;0;2,89
724;1,85;0,64;216;false;true;true;3,19;0;2,91
725;1,85;0,62;216;false;true;true;3,21;0;2,92
726;1,85;0,6;216;false;true;true;3,23;0;2,94
727;1,85;0,59;216;false;true;true;3,24;0;2,96
728;1,85;0,58;216;false;true;true;3,26;0;2,97
729;1,85;0,57;216;false;true;true;3,27;0;2,99
730;1,85;0,55;216;false;true;true;3,28;0;3,01
731;1,86;0,55;216;false;true;true;3,3;0;3,04
732;1,86;0,55;216;false;true;true;3,32;0;3,06
733;1,86;0,55;216;false;true;true;3,33;0;3,09
734;1,86;0,55;216;false;true;true;3,36;0;3,13
735;1,86;0,56;216;false;true;true;3,38;0;3,18
736;1,86;0,59;216;false;true;true;3,42;0;3,24
737;1,86;0,64;216;false;true;true;3,46;0;3,32
738;1,86;0,75;216;false;true;true;3,53;0;3,47
739;1,86;0,76;215;false;true;true;3,18;0;2,79
740;1,87;0,68;215;false;true;true;3,09;0;2,8
741;1,87;0,62;215;false;true;true;3,02;0;2,82
742;1,87;0,58;215;false;true;true;2,99;0;2,83
743;1,87;0,54;215;false;true;true;3,01;0;2,84
744;1,87;0,51;215;false;true;true;3,03;0;2,85
745;1,87;0,48;215;false;true;true;3,05;0;2,86
746;1,87;0,46;215;false;true;true;3,06;0;2,87
747;1,87;0,43;215;false;true;true;3,07;0;2,88
748;1,87;0,42;215;false;true;true;3,09;0;2,89
749;1,88;0,4;215;false;true;true;3,1;0;2,9
750;1,88;0,38;215;false;true;true;3,1;0;2,9
751;1,88;0,37;215;false;true;true;3,11;0;2,91
752;1,88;0,36;215;false;true;true;3,12;0;2,92
753;1,88;0,34;215;false;true;true;3,12;0;2,93
754;1,88;0,33;215;false;true;true;3,12;0;2,93
755;1,88;0,32;215;false;true;true;3,13;0;2,94
756;1,88;0,31;215;false;true;true;3,13;0;2,95
757;1,88;0,31;215;false;true;true;3,14;0;2,95
758;1,88;0,3;215;false;true;true;3,14;0;2,96
759;1,89;0,29;215;false;true;true;3,15;0;2,97
760;1,89;0,29;215;false;true;true;3,15;0;2,97
761;1,89;0,28;215;false;true;true;3,15;0;2,98
762;1,89;0,28;215;false;true;true;3,16;0;2,98
763;1,89;0,27;215;false;true;true;3,16;0;2,99
764;1,89;0,27;215;false;true;true;3,17;0;3
765;1,89;0,26;215;false;true;true;3,17;0;3
766;1,89;0,26;215;false;true;true;3,17;0;3,01
767;1,89;0,25;215;false;true;true;3,18;0;3,02
768;1,89;0,25;215;false;true;true;3,18;0;3,02
769;1,9;0,24;215;false;true;true;3,18;0;3,03
770;1,9;0,24;215;false;true;true;3,18;0;3,04
771;1,9;0,23;215;false;true;true;3,19;0;3,04
772;1,9;0,23;215;false;true;true;3,19;0;3,05
773;1,9;0,23;215;false;true;true;3,2;0;3,06
774;1,9;0,23;215;false;true;true;3,21;0;3,07
775;1,9;0,22;215;false;true;true;3,21;0;3,08
776;1,9;0,23;215;false;true;true;3,22;0;3,09
777;1,9;0,23;215;false;true;true;3,22;0;3,1
778;1,9;0,22;215;false;true;true;3,23;0;3,11
779;1,91;0,23;215;false;true;true;3,24;0;3,12
780;1,91;0,22;215;false;true;true;3,24;0;3,13
781;1,91;0,23;215;false;true;true;3,26;0;3,14
782;1,91;0,23;215;false;true;true;3,27;0;3,16
783;1,91;0,23;215;false;true;true;3,28;0;3,17
784;1,91;0,24;215;false;true;true;3,29;0;3,19
785;1,91;0,25;215;false;true;true;3,31;0;3,22
786;1,91;0,26;215;false;true;true;3,32;0;3,25
787;1,91;0,28;215;false;true;true;3,35;0;3,28
788;1,92;0,31;215;false;true;true;3,38;0;3,33
789;1,92;0,35;215;false;true;true;3,41;0;3,4
790;1,92;0,44;215;false;true;true;3,47;0;3,52
791;1,92;0,53;214;false;true;true;3;0;2,78
792;1,92;0,43;214;false;true;true;2,89;0;2,79
793;1,92;0,37;214;false;true;true;2,83;0;2,8
794;1,92;0,33;214;false;true;true;2,84;0;2,8
795;1,92;0,3;214;false;true;true;2,88;0;2,81
796;1,93;0,28;214;false;true;true;2,91;0;2,81
797;1,93;0,27;214;false;true;true;2,93;0;2,82
798;1,93;0,25;214;false;true;true;2,95;0;2,82
799;1,93;0,24;214;false;true;true;2,96;0;2,82
800;1,93;0,23;214;false;true;true;2,96;0;2,82
801;1,93;0,22;214;false;true;true;2,97;0;2,83
802;1,93;0,21;214;false;true;true;2,97;0;2,83
803;1,93;0,21;214;false;true;true;2,97;0;2,83
804;1,93;0,2;214;false;true;true;2,97;0;2,83
805;1,93;0,19;214;false;true;true;2,96;0;2,83
806;1,94;0,19;214;false;true;true;2,96;0;2,83
807;1,94;0,19;214;false;true;true;2,97;0;2,83
808;1,94;0,18;214;false;true;true;2,97;0;2,84
809;1,94;0,18;214;false;true;true;2,97;0;2,84
810;1,94;0,17;214;false;true;true;2,96;0;2,84
811;1,94;0,17;214;false;true;true;2,96;0;2,84
812;1,94;0,17;214;false;true;true;2,96;0;2,84
813;1,94;0,17;214;false;true;true;2,97;0;2,84
814;1,95;0,16;214;false;true;true;2,96;0;2,84
815;1,95;0,16;214;false;true;true;2,96;0;2,84
816;1,95;0,16;214;false;true;true;2,96;0;2,84
817;1,95;0,15;214;false;true;true;2,96;0;2,84
818;1,95;0,15;214;false;true;true;2,96;0;2,84
819;1,95;0,15;214;false;true;true;2,96;0;2,84
820;1,95;0,14;214;false;true;true;2,95;0;2,84
821;1,95;0,14;214;false;true;true;2,95;0;2,84
822;1,95;0,14;214;false;true;true;2,95;0;2,84
823;1,95;0,14;214;false;true;true;2,95;0;2,84
824;1,96;0,13;214;false;true;true;2,95;0;2,85
825;1,96;0,13;214;false;true;true;2,95;0;2,85
826;1,96;0,12;214;false;true;true;2,94;0;2,85
827;1,96;0,12;214;false;true;true;2,95;0;2,85
828;1,96;0,12;214;false;true;true;2,94;0;2,85
829;1,96;0,11;214;false;true;true;2,94;0;2,85
830;1,96;0,11;214;false;true;true;2,94;0;2,85
831;1,96;0,11;214;false;true;true;2,93;0;2,85
832;1,96;0,11;214;false;true;true;2,93;0;2,85
833;1,97;0,11;214;false;true;true;2,93;0;2,85
834;1,97;0,1;214;false;true;true;2,93;0;2,85
835;1,97;0,1;214;false;true;true;2,93;0;2,85
836;1,97;0,1;214;false;true;true;2,93;0;2,85
837;1,97;0,1;214;false;true;true;2,93;0;2,85
838;1,97;0,09;214;false;true;true;2,93;0;2,85
839;1,97;0,09;214;false;true;true;2,93;0;2,85
840;1,97;0,09;214;false;true;true;2,93;0;2,85
841;1,98;0,09;214;false;true;true;2,93;0;2,85
842;1,98;0,09;214;false;true;true;2,92;0;2,85
843;1,98;0,09;214;false;true;true;2,93;0;2,85
844;1,98;0,08;214;false;true;true;2,92;0;2,85
845;1,98;0,09;214;false;true;true;2,92;0;2,85
846;1,98;0,09;214;false;true;true;2,92;0;2,85
847;1,98;0,09;214;false;true;true;2,92;0;2,85
848;1,98;0,08;214;false;true;true;2,92;0;2,85
849;1,98;0,08;214;false;true;true;2,92;0;2,85
850;1,99;0,08;214;false;true;true;2,92;0;2,85
851;1,99;0,08;214;false;true;true;2,92;0;2,85
852;1,99;0,08;214;false;true;true;2,92;0;2,85
853;1,99;0,08;214;false;true;true;2,92;0;2,85
854;1,99;0,07;214;false;true;true;2,92;0;2,85
855;1,99;0,07;214;false;true;true;2,92;0;2,85
856;1,99;0,07;214;false;true;true;2,92;0;2,85
857;1,99;0,07;214;false;true;true;2,92;0;2,85
858;1,99;0,07;214;false;true;true;2,92;0;2,85
859;2;0,07;214;false;true;true;2,91;0;2,86
860;2;0,07;214;false;true;true;2,91;0;2,86
861;2;0,06;214;false;true;true;2,91;0;2,86
862;2;0,07;214;false;true;true;2,91;0;2,86
863;2;0,06;214;false;true;true;2,91;0;2,86
864;2;0,06;214;false;true;true;2,91;0;2,86
865;2;0,06;214;false;true;true;2,91;0;2,86
866;2;0,06;214;false;true;true;2,9;0;2,86
867;2;0,06;214;false;true;true;2,9;0;2,86
868;2,01;0,05;214;false;true;true;2,9;0;2,86
869;2,01;0,05;214;false;true;true;2,9;0;2,86
870;2,01;0,05;214;false;true;true;2,9;0;2,86
871;2,01;0,05;214;false;true;true;2,9;0;2,86
872;2,01;0,05;214;false;true;true;2,9;0;2,86
873;2,01;0,05;214;false;true;true;2,9;0;2,86
874;2,01;0,05;214;false;true;true;2,9;0;2,86
875;2,01;0,05;214;false;true;true;2,9;0;2,86
876;2,01;0,05;214;false;true;true;2,9;0;2,86
877;2,01;0,05;214;false;true;true;2,9;0;2,86
878;2,02;0,05;214;false;true;true;2,9;0;2,86
879;2,02;0,05;214;false;true;true;2,9;0;2,86
880;2,02;0,05;214;false;true;true;2,9;0;2,86
881;2,02;0,05;214;false;true;true;2,9;0;2,86
882;2,02;0,05;214;false;true;true;2,9;0;2,86
883;2,02;0,05;214;false;true;true;2,9;0;2,86
884;2,02;0,05;214;false;true;true;2,9;0;2,86
885;2,02;0,04;214;false;true;true;2,9;0;2,86
886;2,02;0,04;214;false;true;true;2,9;0;2,86
887;2,02;0,04;214;false;true;true;2,9;0;2,86
888;2,03;0,04;214;false;true;true;2,9;0;2,86
889;2,03;0,04;214;false;true;true;2,9;0;2,86
890;2,03;0,04;214;false;true;true;2,9;0;2,86
891;2,03;0,04;214;false;true;true;2,9;0;2,86
892;2,03;0,04;214;false;true;true;2,89;0;2,86
893;2,03;0,04;214;false;true;true;2,89;0;2,86
894;2,03;0,04;214;false;true;true;2,89;0;2,86
895;2,03;0,04;214;false;true;true;2,89;0;2,86
896;2,03;0,04;214;false;true;true;2,89;0;2,86
897;2,03;0,04;214;false;true;true;2,89;0;2,86
898;2,04;0,04;214;false;true;true;2,89;0;2,86
899;2,04;0,04;214;false;true;true;2,89;0;2,86
900;2,04;0,04;214;false;true;true;2,89;0;2,86
901;2,04;0,04;214;false;true;true;2,89;0;2,86
902;2,04;0,04;214;false;true;true;2,9;0;2,86
903;2,04;0,04;214;false;true;true;2,89;0;2,86
904;2,04;0,03;214;false;true;true;2,89;0;2,86
905;2,04;0,03;214;false;true;true;2,89;0;2,86
906;2,04;0,03;214;false;true;true;2,89;0;2,86
907;2,05;0,03;214;false;true;true;2,89;0;2,86
908;2,05;0,03;214;false;true;true;2,89;0;2,86
909;2,05;0,03;214;false;true;true;2,89;0;2,86
910;2,05;0,03;214;false;true;true;2,89;0;2,86
911;2,05;0,03;214;false;true;true;2,89;0;2,86
912;2,05;0,03;214;false;true;true;2,89;0;2,86
913;2,05;0,03;214;false;true;true;2,89;0;2,86
914;2,05;0,03;214;false;true;true;2,89;0;2,86
915;2,06;0,03;214;false;true;true;2,88;0;2,86
916;2,06;0,03;214;false;true;true;2,88;0;2,86
917;2,06;0,03;214;false;true;true;2,89;0;2,86
918;2,06;0,03;214;false;true;true;2,89;0;2,86
919;2,06;0,03;214;false;true;true;2,89;0;2,86
920;2,06;0,03;214;false;true;true;2,88;0;2,86
921;2,06;0,03;214;false;true;true;2,88;0;2,86
922;2,06;0,02;214;false;true;true;2,88;0;2,86
923;2,06;0,02;214;false;true;true;2,88;0;2,86
924;2,06;0,02;214;false;true;true;2,88;0;2,86
925;2,07;0,03;214;false;true;true;2,88;0;2,86
926;2,07;0,02;214;false;true;true;2,88;0;2,86
927;2,07;0,02;214;false;true;true;2,88;0;2,86
928;2,07;0,02;214;false;true;true;2,88;0;2,86
929;2,07;0,02;214;false;true;true;2,88;0;2,86
930;2,07;0,02;214;false;true;true;2,88;0;2,86
931;2,07;0,02;214;false;true;true;2,88;0;2,86
932;2,07;0,02;214;false;true;true;2,87;0;2,86
933;2,07;0,02;214;false;true;true;2,87;0;2,86
934;2,07;0,02;214;false;true;true;2,88;0;2,86
935;2,08;0,02;214;false;true;true;2,87;0;2,86
936;2,08;0,02;214;false;true;true;2,88;0;2,86
937;2,08;0,01;214;false;true;true;2,87;0;2,86
938;2,08;0,01;214;false;true;true;2,87;0;2,86
939;2,08;0,01;214;false;true;true;2,87;0;2,86
940;2,08;0,01;214;false;true;true;2,87;0;2,86
941;2,08;0,01;214;false;true;true;2,87;0;2,86
942;2,08;0,01;214;false;true;true;2,87;0;2,86
943;2,08;0,01;214;false;true;true;2,87;0;2,86
944;2,08;0,01;214;false;true;true;2,87;0;2,86
945;2,09;0,01;214;false;true;true;2,87;0;2,86
946;2,09;0,01;214;false;true;true;2,87;0;2,86
947;2,09;0,01;214;false;true;true;2,87;0;2,86
948;2,09;0,01;214;false;true;true;2,87;0;2,86
949;2,09;0,01;214;false;true;true;2,87;0;2,86
950;2,09;0,01;214;false;true;true;2,87;0;2,86
951;2,09;0,01;214;false;true;true;2,87;0;2,86
952;2,09;0,01;214;false;true;true;2,87;0;2,86
953;2,09;0,01;214;false;true;true;2,87;0;2,86
954;2,09;0,01;214;false;true;true;2,87;0;2,86
955;2,1;0,01;214;false;true;true;2,87;0;2,86
956;2,1;0,01;214;false;true;true;2,87;0;2,86
957;2,1;0,01;214;false;true;true;2,87;0;2,86
958;2,1;0,01;214;false;true;true;2,87;0;2,86
959;2,1;0,01;214;false;true;true;2,87;0;2,86
960;2,1;0,01;214;false;true;true;2,87;0;2,86
961;2,1;0,01;214;false;true;true;2,87;0;2,86
962;2,1;0,01;214;false;true;true;2,87;0;2,86
963;2,1;0,01;214;false;true;true;2,87;0;2,86
964;2,11;0,01;214;false;true;true;2,87;0;2,86
965;2,11;0,01;214;false;true;true;2,87;0;2,86
966;2,11;0,01;214;false;true;true;2,87;0;2,86
967;2,11;0,01;214;false;true;true;2,87;0;2,86
968;2,11;0;214;false;true;true;2,87;0;2,86
969;2,11;0;214;false;true;true;2,87;0;2,86
970;2,11;0;214;false;true;true;2,86;0;2,86
971;2,11;0;214;false;true;true;2,86;0;2,86
972;2,11;0;214;false;true;true;2,86;0;2,86
973;2,11;0;214;false;true;true;2,86;0;2,86
974;2,12;0;214;false;true;true;2,86;0;2,86
975;2,12;0;214;false;true;true;2,86;0;2,86
976;2,12;0;214;false;true;true;2,86;0;2,86
977;2,12;0;214;false;true;true;2,86;0;2,86
978;2,12;0;214;false;true;true;2,86;0;2,86
979;2,12;0;214;false;true;true;2,86;0;2,86
980;2,12;0;214;false;true;true;2,86;0;2,86
981;2,12;0;214;false;true;true;2,86;0;2,86
982;2,12;0;214;false;true;true;2,86;0;2,86
983;2,13;0;214;false;true;true;2,86;0;2,86
984;2,13;0;214;false;true;true;2,86;0;2,86
985;2,13;0;214;false;true;true;2,86;0;2,86
986;2,13;0;214;false;true;true;2,86;0;2,86
987;2,13;0;214;false;true;true;2,86;0;2,86
988;2,13;0;214;false;true;true;2,86;0;2,86
989;2,13;0;214;false;true;true;2,86;0;2,86
990;2,13;0;214;false;true;true;2,86;0;2,86
991;2,14;0;214;false;true;true;2,86;0;2,86
992;2,14;0;214;false;true;true;2,86;0;2,86
993;2,14;0;214;false;true;true;2,86;0;2,86
994;2,14;0;214;false;true;true;2,86;0;2,86
995;2,14;0;214;false;true;true;2,86;0;2,86
996;2,14;0;214;false;true;true;2,86;0;2,86
997;2,14;0;214;false;true;true;2,86;0;2,86
998;2,14;0;214;false;true;true;2,86;0;2,86
999;2,14;0;214;false;true;true;2,86;0;2,86
1000;2,15;0;214;false;true;true;2,86;0;2,86
1001;2,15;0;214;false;true;true;2,86;0;2,86
1002;2,15;0;214;false;true;true;2,86;0;2,86
1003;2,15;0;214;false;true;true;2,86;0;2,86
1004;2,15;0;214;false;true;true;2,86;0;2,86
1005;2,15;0;214;false;true;true;2,86;0;2,86
1006;2,15;0;214;false;true;true;2,86;0;2,86
1007;2,15;0;214;false;true;true;2,86;0;2,86
1008;2,16;0;214;false;true;true;2,86;0;2,86
1009;2,16;0;214;false;true;true;2,86;0;2,86
1010;2,16;0;214;false;true;true;2,86;0;2,86
1011;2,16;0;214;false;true;true;2,86;0;2,86
1012;2,16;0;214;false;true;true;2,86;0;2,86
1013;2,16;0;214;false;true;true;2,86;0;2,86
1014;2,16;0;214;false;true;true;2,86;0;2,86
1015;2,16;0;214;false;true;true;2,86;0;2,86
1016;2,16;0;214;false;true;true;2,86;0;2,86
1017;2,16;0;214;false;true;true;2,86;0;2,86
1018;2,17;0;214;false;true;true;2,86;0;2,86
1019;2,17;0;214;false;true;true;2,86;0;2,86
1020;2,17;0;214;false;true;true;2,86;0;2,86
1021;2,17;0;214;false;true;true;2,86;0;2,86
1022;2,17;0;214;false;true;true;2,86;0;2,86
1023;2,17;0;214;false;true;true;2,86;0;2,86
1024;2,17;0;214;false;true;true;2,86;0;2,86
1025;2,17;0;214;false;true;true;2,86;0;2,86
1026;2,18;0;214;false;true;true;2,86;0;2,86
1027;2,18;0;214;false;true;true;2,86;0;2,86
1028;2,18;0;214;false;true;true;2,86;0;2,86
1029;2,18;0;214;false;true;true;2,86;0;2,86
1030;2,18;0;214;false;true;true;2,86;0;2,86
1031;2,18;0;214;false;true;true;2,86;0;2,86
1032;2,18;0;214;false;true;true;2,86;0;2,86
1033;2,18;0;214;false;true;true;2,86;0;2,86
1034;2,18;0;214;false;true;true;2,86;0;2,86
1035;2,18;0;214;false;true;true;2,86;0;2,86
1036;2,19;0;214;false;true;true;2,86;0;2,86
1037;2,19;0;214;false;true;true;2,86;0;2,86
1038;2,19;0;214;false;true;true;2,86;0;2,86
1039;2,19;0;214;false;true;true;2,86;0;2,86
1040;2,19;0;214;false;true;true;2,86;0;2,86
1041;2,19;0;214;false;true;true;2,86;0;2,86
1042;2,19;0;214;false;true;true;2,86;0;2,86
1043;2,19;0;214;false;true;true;2,86;0;2,86
1044;2,19;0;214;false;true;true;2,86;0;2,86
1045;2,2;0;214;false;true;true;2,86;0;2,86
1046;2,2;0;214;false;true;true;2,86;0;2,86
1047;2,2;0;214;false;true;true;2,86;0;2,86
1048;2,2;0;214;false;true;true;2,86;0;2,86
1049;2,2;0;214;false;true;true;2,86;0;2,86
1050;2,2;0;214;false;true;true;2,86;0;2,86
1051;2,2;0;214;false;true;true;2,86;0;2,86
1052;2,2;0;214;false;true;true;2,86;0;2,86
1053;2,2;0;214;false;true;true;2,86;0;2,86
1054;2,2;0;214;false;true;true;2,86;0;2,86
1055;2,21;0;214;false;true;true;2,86;0;2,86
1056;2,21;0;214;false;true;true;2,86;0;2,86
1057;2,21;0;214;false;true;true;2,86;0;2,86
1058;2,21;0;214;false;true;true;2,86;0;2,86
1059;2,21;0;214;false;true;true;2,86;0;2,86
1060;2,21;0;214;false;true;true;2,86;0;2,86
1061;2,21;0;214;false;true;true;2,86;0;2,86
1062;2,21;0;214;false;true;true;2,86;0;2,86
1063;2,21;0;214;false;true;true;2,86;0;2,86
1064;2,21;0;214;false;true;true;2,86;0;2,86
1065;2,22;0;214;false;true;true;2,86;0;2,86
1066;2,22;0;214;false;true;true;2,86;0;2,86
1067;2,22;0;214;false;true;true;2,86;0;2,86
1068;2,22;0;214;false;true;true;2,86;0;2,86
1069;2,22;0;214;false;true;true;2,86;0;2,86
1070;2,22;0;214;false;true;true;2,86;0;2,86
1071;2,22;0;214;false;true;true;2,86;0;2,86
1072;2,22;0;214;false;true;true;2,86;0;2,86
1073;2,22;0;214;false;true;true;2,86;0;2,86
1074;2,23;0;214;false;true;true;2,86;0;2,86
1075;2,23;0;214;false;true;true;2,86;0;2,86
1076;2,23;0;214;false;true;true;2,86;0;2,86
1077;2,23;0;214;false;true;true;2,86;0;2,86
1078;2,23;0;214;false;true;true;2,86;0;2,86
1079;2,23;0;214;false;true;true;2,86;0;2,86
1080;2,23;0;214;false;true;true;2,86;0;2,86
1081;2,23;0;214;false;true;true;2,86;0;2,86
1082;2,23;0;214;false;true;true;2,86;0;2,86
1083;2,24;0;214;false;true;true;2,86;0;2,86
1084;2,24;0;214;false;true;true;2,86;0;2,86
1085;2,24;0;214;false;true;true;2,86;0;2,86
1086;2,24;0;214;false;true;true;2,86;0;2,86
1087;2,24;0;214;false;true;true;2,86;0;2,86
1088;2,24;0;214;false;true;true;2,86;0;2,86
1089;2,24;0;214;false;true;true;2,86;0;2,86
1090;2,25;0;214;false;true;true;2,86;0;2,86
1091;2,25;0;214;false;true;true;2,86;0;2,86
1092;2,25;0;214;false;true;true;2,86;0;2,86
1093;2,25;0;214;false;true;true;2,86;0;2,86
1094;2,25;0;214;false;true;true;2,86;0;2,86
1095;2,26;0;214;false;true;true;2,86;0;2,86
1096;2,26;0;214;false;true;true;2,86;0;2,86
1097;2,26;0;214;false;true;true;2,86;0;2,86
1098;2,26;0;214;false;true;true;2,86;0;2,86
1099;2,26;0;214;false;true;true;2,86;0;2,86
1100;2,26;0;214;false;true;true;2,86;0;2,86
1101;2,26;0;214;false;true;true;2,86;0;2,86
1102;2,26;0;214;false;true;true;2,86;0;2,86
1103;2,26;0;214;false;true;true;2,86;0;2,86
1104;2,26;0;214;false;true;true;2,86;0;2,86
1105;2,27;0;214;false;true;true;2,86;0;2,86
1106;2,27;0;214;false;true;true;2,86;0;2,86
1107;2,27;0;214;false;true;true;2,86;0;2,86
1108;2,27;0;214;false;true;true;2,86;0;2,86
1109;2,27;0;214;false;true;true;2,86;0;2,86
1110;2,27;0;214;false;true;true;2,86;0;2,86
1111;2,27;0;214;false;true;true;2,86;0;2,86
1112;2,27;0;214;false;true;true;2,86;0;2,86
1113;2,27;0;214;false;true;true;2,86;0;2,86
1114;2,27;0;214;false;true;true;2,86;0;2,86
1115;2,28;0;214;false;true;true;2,86;0;2,86
1116;2,28;0;214;false;true;true;2,86;0;2,86
1117;2,28;0;214;false;true;true;2,86;0;2,86
1118;2,28;0;214;false;true;true;2,86;0;2,86
1119;2,28;0;214;false;true;true;2,86;0;2,86
1120;2,28;0;214;false;true;true;2,86;0;2,86
1121;2,28;0;214;false;true;true;2,86;0;2,86
1122;2,28;0;214;false;true;true;2,86;0;2,86
1123;2,28;0;214;false;true;true;2,86;0;2,86
1124;2,28;0;214;false;true;true;2,86;0;2,86
1125;2,29;0;214;false;true;true;2,86;0;2,86
1126;2,29;0;214;false;true;true;2,86;0;2,86
1127;2,29;0;214;false;true;true;2,86;0;2,86
1128;2,29;0;214;false;true;true;2,86;0;2,86
1129;2,29;0;214;false;true;true;2,86;0;2,86
1130;2,29;0;214;false;true;true;2,86;0;2,86
1131;2,29;0;214;false;true;true;2,86;0;2,86
1132;2,29;0;214;false;true;true;2,86;0;2,86
1133;2,29;0;214;false;true;true;2,86;0;2,86
1134;2,3;0;214;false;true;true;2,86;0;2,86
1135;2,3;0;214;false;true;true;2,86;0;2,86
1136;2,3;0;214;false;true;true;2,86;0;2,86
1137;2,3;0;214;false;true;true;2,86;0;2,86
1138;2,3;0;214;false;true;true;2,86;0;2,86
1139;2,3;0;214;false;true;true;2,86;0;2,86
1140;2,3;0;214;false;true;true;2,86;0;2,86
1141;2,3;0;214;false;true;true;2,86;0;2,86
1142;2,3;0;214;false;true;true;2,86;0;2,86
1143;2,3;0;214;false;true;true;2,86;0;2,86
1144;2,31;0;214;false;true;true;2,86;0;2,86
1145;2,31;0;214;false;true;true;2,86;0;2,86
1146;2,31;0;214;false;true;true;2,86;0;2,86
1147;2,31;0;214;false;true;true;2,86;0;2,86
1148;2,31;0;214;false;true;true;2,86;0;2,86
1149;2,31;0;214;false;true;true;2,86;0;2,86
1150;2,31;0;214;false;true;true;2,86;0;2,86
1151;2,31;0;214;false;true;true;2,86;0;2,86
1152;2,31;0;214;false;true;true;2,86;0;2,86
1153;2,31;0;214;false;true;true;2,86;0;2,86
1154;2,32;0;214;false;true;true;2,86;0;2,86
1155;2,32;0;214;false;true;true;2,86;0;2,86
1156;2,32;0;214;false;true;true;2,86;0;2,86
1157;2,32;0;214;false;true;true;2,86;0;2,86
1158;2,32;0;214;false;true;true;2,86;0;2,86
1159;2,32;0;214;false;true;true;2,86;0;2,86
1160;2,32;0;214;false;true;true;2,86;0;2,86
1161;2,32;0;214;false;true;true;2,86;0;2,86
1162;2,32;0;214;false;true;true;2,86;0;2,86
1163;2,33;0;214;false;true;true;2,86;0;2,86
1164;2,33;0;214;false;true;true;2,86;0;2,86
1165;2,33;0;214;false;true;true;2,86;0;2,86
1166;2,33;0;214;false;true;true;2,86;0;2,86
1167;2,33;0;214;false;true;true;2,86;0;2,86
1168;2,33;0;214;false;true;true;2,86;0;2,86
1169;2,33;0;214;false;true;true;2,86;0;2,86
1170;2,33;0;214;false;true;true;2,86;0;2,86
1171;2,33;0;214;false;true;true;2,86;0;2,86
1172;2,34;0;214;false;true;true;2,86;0;2,86
1173;2,34;0;214;false;true;true;2,86;0;2,86
1174;2,34;0;214;false;true;true;2,86;0;2,86
1175;2,34;0;214;false;true;true;2,86;0;2,86
1176;2,34;0;214;false;true;true;2,86;0;2,86
1177;2,34;0;214;false;true;true;2,86;0;2,86
1178;2,34;0;214;false;true;true;2,86;0;2,86
1179;2,35;0;214;false;true;true;2,86;0;2,86
1180;2,35;0;214;false;true;true;2,86;0;2,86
1181;2,35;0;214;false;true;true;2,86;0;2,86
1182;2,35;0;214;false;true;true;2,86;0;2,86
1183;2,35;0;214;false;true;true;2,86;0;2,86
1184;2,35;0;214;false;true;true;2,86;0;2,86
1185;2,35;0;214;false;true;true;2,86;0;2,86
1186;2,35;0;214;false;true;true;2,86;0;2,86
1187;2,35;0;214;false;true;true;2,86;0;2,86
1188;2,35;0;214;false;true;true;2,86;0;2,86
1189;2,36;0;214;false;true;true;2,86;0;2,86
1190;2,36;0;214;false;true;true;2,86;0;2,86
1191;2,36;0;214;false;true;true;2,86;0;2,86
1192;2,36;0;214;false;true;true;2,86;0;2,86
1193;2,36;0;214;false;true;true;2,86;0;2,86
1194;2,36;0;214;false;true;true;2,86;0;2,86
1195;2,36;0;214;false;true;true;2,86;0;2,86
1196;2,36;0;214;false;true;true;2,86;0;2,86
1197;2,36;0;214;false;true;true;2,86;0;2,86
1198;2,36;0;214;false;true;true;2,86;0;2,86
1199;2,37;0;214;false;true;true;2,86;0;2,86
1200;2,37;0;214;false;true;true;2,86;0;2,86
1201;2,37;0;214;false;true;true;2,86;0;2,86
1202;2,37;0;214;false;true;true;2,86;0;2,86
1203;2,37;0;214;false;true;true;2,86;0;2,86
1204;2,37;0;214;false;true;true;2,86;0;2,86
1205;2,37;0;214;false;true;true;2,86;0;2,86
1206;2,37;0;214;false;true;true;2,86;0;2,86
1207;2,37;0;214;false;true;true;2,86;0;2,86
1208;2,38;0;214;false;true;true;2,86;0;2,86
1209;2,38;0;214;false;true;true;2,86;0;2,86
1210;2,38;0;214;false;true;true;2,86;0;2,86
1211;2,38;0;214;false;true;true;2,86;0;2,86
1212;2,38;0;214;false;true;true;2,86;0;2,86
1213;2,38;0;214;false;true;true;2,86;0;2,86
1214;2,38;0;214;false;true;true;2,86;0;2,86
1215;2,38;0;214;false;true;true;2,86;0;2,86
1216;2,38;0;214;false;true;true;2,86;0;2,86
1217;2,39;0;214;false;true;true;2,86;0;2,86
1218;2,39;0;214;false;true;true;2,86;0;2,86
1219;2,39;0;214;false;true;true;2,86;0;2,86
1220;2,39;0;214;false;true;true;2,86;0;2,86
1221;2,39;0;214;false;true;true;2,86;0;2,86
1222;2,39;0;214;false;true;true;2,86;0;2,86
1223;2,39;0;214;false;true;true;2,86;0;2,86
1224;2,39;0;214;false;true;true;2,86;0;2,86
1225;2,39;0;214;false;true;true;2,86;0;2,86
1226;2,39;0;214;false;true;true;2,86;0;2,86
1227;2,4;0;214;false;true;true;2,86;0;2,86
1228;2,4;0;214;false;true;true;2,86;0;2,86
1229;2,4;0;214;false;true;true;2,86;0;2,86
1230;2,4;0;214;false;true;true;2,86;0;2,86
1231;2,4;0;214;false;true;true;2,86;0;2,86
1232;2,4;0;214;false;true;true;2,86;0;2,86
1233;2,4;0;214;false;true;true;2,86;0;2,86
1234;2,4;0;214;false;true;true;2,86;0;2,86
1235;2,4;0;214;false;true;true;2,86;0;2,86
1236;2,41;0;214;false;true;true;2,86;0;2,86
1237;2,41;0;214;false;true;true;2,86;0;2,86
1238;2,41;0;214;false;true;true;2,86;0;2,86
1239;2,41;0;214;false;true;true;2,86;0;2,86
1240;2,41;0;214;false;true;true;2,86;0;2,86
1241;2,41;0;214;false;true;true;2,86;0;2,86
1242;2,41;0;214;false;true;true;2,86;0;2,86
1243;2,41;0;214;false;true;true;2,86;0;2,86
1244;2,41;0;214;false;true;true;2,86;0;2,86
1245;2,41;0;214;false;true;true;2,86;0;2,86
1246;2,42;0;214;false;true;true;2,86;0;2,86
1247;2,42;0;214;false;true;true;2,86;0;2,86
1248;2,42;0;214;false;true;true;2,86;0;2,86
1249;2,42;0;214;false;true;true;2,86;0;2,86
1250;2,42;0;214;false;true;true;2,86;0;2,86
1251;2,42;0;214;false;true;true;2,86;0;2,86
1252;2,42;0;214;false;true;true;2,86;0;2,86
1253;2,42;0;214;false;true;true;2,86;0;2,86
1254;2,42;0;214;false;true;true;2,86;0;2,86
1255;2,43;0;214;false;true;true;2,86;0;2,86
1256;2,43;0;214;false;true;true;2,86;0;2,86
1257;2,43;0;214;false;true;true;2,86;0;2,86
1258;2,43;0;214;false;true;true;2,86;0;2,86
1259;2,43;0;214;false;true;true;2,86;0;2,86
1260;2,43;0;214;false;true;true;2,86;0;2,86
1261;2,43;0;214;false;true;true;2,86;0;2,86
1262;2,43;0;214;false;true;true;2,86;0;2,86
1263;2,43;0;214;false;true;true;2,86;0;2,86
1264;2,43;0;214;false;true;true;2,86;0;2,86
1265;2,44;0;214;false;true;true;2,86;0;2,86
1266;2,44;0;214;false;true;true;2,86;0;2,86
1267;2,44;0;214;false;true;true;2,86;0;2,86
1268;2,44;0;214;false;true;true;2,86;0;2,86
1269;2,44;0;214;false;true;true;2,86;0;2,86
1270;2,44;0;214;false;true;true;2,86;0;2,86
1271;2,44;0;214;false;true;true;2,86;0;2,86
1272;2,44;0;214;false;true;true;2,86;0;2,86
1273;2,44;0;214;false;true;true;2,86;0;2,86
1274;2,44;0;214;false;true;true;2,86;0;2,86
1275;2,45;0;214;false;true;true;2,86;0;2,86
1276;2,45;0;214;false;true;true;2,86;0;2,86
1277;2,45;0;214;false;true;true;2,86;0;2,86
1278;2,45;0;214;false;true;true;2,86;0;2,86
1279;2,45;0;214;false;true;true;2,86;0;2,86
1280;2,45;0;214;false;true;true;2,86;0;2,86
1281;2,45;0;214;false;true;true;2,86;0;2,86
1282;2,45;0;214;false;true;true;2,86;0;2,86
1283;2,45;0;214;false;true;true;2,86;0;2,86
1284;2,46;0;214;false;true;true;2,86;0;2,86
1285;2,46;0;214;false;true;true;2,86;0;2,86
1286;2,46;0;214;false;true;true;2,86;0;2,86
1287;2,46;0;214;false;true;true;2,86;0;2,86
1288;2,46;0;214;false;true;true;2,86;0;2,86
1289;2,46;0;214;false;true;true;2,86;0;2,86
1290;2,46;0;214;false;true;true;2,86;0;2,86
1291;2,46;0;214;false;true;true;2,86;0;2,86
1292;2,46;0;214;false;true;true;2,86;0;2,86
1293;2,46;0;214;false;true;true;2,86;0;2,86
1294;2,47;0;214;false;true;true;2,86;0;2,86
1295;2,47;0;214;false;true;true;2,86;0;2,86
1296;2,47;0;214;false;true;true;2,86;0;2,86
1297;2,47;0;214;false;true;true;2,86;0;2,86
1298;2,47;0;214;false;true;true;2,86;0;2,86
1299;2,47;0;214;false;true;true;2,86;0;2,86
1300;2,47;0;214;false;true;true;2,86;0;2,86
1301;2,47;0;214;false;true;true;2,86;0;2,86
1302;2,47;0;214;false;true;true;2,86;0;2,86
1303;2,47;0;214;false;true;true;2,86;0;2,86
1304;2,48;0;214;false;true;true;2,86;0;2,86
1305;2,48;0;214;false;true;true;2,86;0;2,86
1306;2,48;0;214;false;true;true;2,86;0;2,86
1307;2,48;0;214;false;true;true;2,86;0;2,86
1308;2,48;0;214;false;true;true;2,86;0;2,86
1309;2,48;0;214;false;true;true;2,86;0;2,86
1310;2,48;0;214;false;true;true;2,86;0;2,86
1311;2,48;0;214;false;true;true;2,86;0;2,86
1312;2,48;0;214;false;true;true;2,86;0;2,86
1313;2,49;0;214;false;true;true;2,86;0;2,86
1314;2,49;0;214;false;true;true;2,86;0;2,86
1315;2,49;0;214;false;true;true;2,86;0;2,86
1316;2,49;0;214;false;true;true;2,86;0;2,86
1317;2,49;0;214;false;true;true;2,86;0;2,86
1318;2,49;0;214;false;true;true;2,86;0;2,86
1319;2,49;0;214;false;true;true;2,86;0;2,86
1320;2,49;136,33;214;true;true;true;0;126,74;0
1321;2,5;28,36;214;true;true;true;0;27,71;0
1322;2,5;24,46;214;true;true;true;0;24,67;0
1323;2,51;21,08;214;true;true;true;0;21,59;0
1324;2,51;19,35;214;true;true;true;0;19,97;0
1325;2,52;17,71;214;true;true;true;0;18,34;0
1326;2,52;16,64;214;true;true;true;0;17,28;0
1327;2,52;15,7;214;true;true;true;0;16,34;0
1328;2,53;15,01;214;true;true;true;0;15,64;0
1329;2,53;14,42;214;true;true;true;0;15,05;0
1330;2,54;13,98;214;true;true;true;0;14,62;0
1331;2,54;13,58;214;true;true;true;0;14,22;0
1332;2,54;13,25;214;true;true;true;0;13,9;0
1333;2,55;12,96;214;true;true;true;0;13,62;0
1334;2,55;12,71;214;true;true;true;0;13,38;0
1335;2,79;12,49;214;true;true;true;0;13,16;0
1336;2,8;12,31;214;true;true;true;0;12,98;0
1337;2,8;12,14;214;true;true;true;0;12,81;0
1338;2,81;11,99;214;true;true;true;0;12,67;0
1339;2,81;11,86;214;true;true;true;0;12,54;0
1340;2,82;11,75;214;true;true;true;0;12,43;0
1341;2,83;11,64;214;true;true;true;0;12,32;0
1342;2,83;11,55;214;true;true;true;0;12,23;0
1343;2,84;11,47;214;true;true;true;0;12,15;0
1344;2,84;11,39;214;true;true;true;0;12,07;0
1345;2,84;11,33;214;true;true;true;0;12,01;0
1346;2,85;11,27;214;true;true;true;0;11,95;0
1347;2,85;11,21;214;true;true;true;0;11,89;0
1348;2,86;11,16;214;true;true;true;0;11,84;0
1349;2,86;11,12;214;true;true;true;0;11,8;0
1350;2,87;11,08;214;true;true;true;0;11,75;0
1351;2,87;11,04;214;true;true;true;0;11,72;0
1352;2,88;11;214;true;true;true;0;11,68;0
1353;2,88;10,97;214;true;true;true;0;11,65;0
1354;2,89;10,94;214;true;true;true;0;11,62;0
1355;2,89;10,92;214;true;true;true;0;11,6;0
1356;2,89;10,89;214;true;true;true;0;11,57;0
1357;2,9;10,87;214;true;true;true;0;11,55;0
1358;2,9;10,85;214;true;true;true;0;11,53;0
1359;2,91;10,83;214;true;true;true;0;11,5;0
1360;2,91;10,81;214;true;true;true;0;11,49;0
1361;2,92;10,79;214;true;true;true;0;11,47;0
1362;2,92;10,78;214;true;true;true;0;11,45;0
1363;2,92;10,76;214;true;true;true;0;11,43;0
1364;2,93;10,75;214;true;true;true;0;11,42;0
1365;2,93;10,73;214;true;true;true;0;11,41;0
1366;2,94;10,72;214;true;true;true;0;11,39;0
1367;2,94;10,71;214;true;true;true;0;11,38;0
1368;2,94;10,69;214;true;true;true;0;11,37;0
1369;2,95;10,68;214;true;true;true;0;11,36;0
1370;2,95;10,67;214;true;true;true;0;11,34;0
1371;2,96;10,66;214;true;true;true;0;11,33;0
1372;2,96;10,65;214;true;true;true;0;11,32;0
1373;2,96;10,64;214;true;true;true;0;11,31;0
1374;2,97;10,63;214;true;true;true;0;11,3;0
1375;2,97;10,62;214;true;true;true;0;11,29;0
1376;2,98;10,61;214;true;true;true;0;11,29;0
1377;2,98;10,6;214;true;true;true;0;11,28;0
1378;2,98;10,6;214;true;true;true;0;11,27;0
1379;2,99;10,59;214;true;true;true;0;11,26;0
1380;2,99;10,58;214;true;true;true;0;11,25;0
1381;3;10,57;214;true;true;true;0;11,25;0
1382;3;10,57;214;true;true;true;0;11,24;0
1383;3,01;10,56;214;true;true;true;0;11,23;0
1384;3,01;10,55;214;true;true;true;0;11,22;0
1385;3,01;10,55;214;true;true;true;0;11,23;0
1386;3,02;10,55;214;true;true;true;0;11,22;0
1387;3,02;10,55;214;true;true;true;0;11,22;0
1388;3,03;10,54;214;true;true;true;0;11,21;0
1389;3,03;10,54;214;true;true;true;0;11,21;0
1390;3,03;10,53;214;true;true;true;0;11,21;0
1391;3,04;10,53;214;true;true;true;0;11,2;0
1392;3,04;10,53;214;true;true;true;0;11,2;0
1393;3,05;10,52;214;true;true;true;0;11,19;0
1394;3,05;10,52;214;true;true;true;0;11,19;0
1395;3,05;10,51;214;true;true;true;0;11,19;0
1396;3,06;10,51;214;true;true;true;0;11,18;0
1397;3,06;10,51;214;true;true;true;0;11,18;0
1398;3,07;10,5;214;true;true;true;0;11,17;0
1399;3,07;10,5;214;true;true;true;0;11,17;0
1400;3,07;10,5;214;true;true;true;0;11,17;0
1401;3,08;10,49;214;true;true;true;0;11,16;0
1402;3,08;10,49;214;true;true;true;0;11,16;0
1403;3,09;10,49;214;true;true;true;0;11,16;0
1404;3,09;10,48;214;true;true;true;0;11,15;0
1405;3,09;10,48;214;true;true;true;0;11,15;0
1406;3,1;10,48;214;true;true;true;0;11,15;0
1407;3,1;10,47;214;true;true;true;0;11,14;0
1408;3,11;10,47;214;true;true;true;0;11,14;0
1409;3,11;10,47;214;true;true;true;0;11,14;0
1410;3,11;10,46;214;true;true;true;0;11,14;0
1411;3,12;10,46;214;true;true;true;0;11,13;0
1412;3,12;10,46;214;true;true;true;0;11,13;0
1413;3,13;10,45;214;true;true;true;0;11,13;0
1414;3,13;10,45;214;true;true;true;0;11,12;0
1415;3,13;10,45;214;true;true;true;0;11,12;0
1416;3,14;10,45;214;true;true;true;0;11,12;0
1417;3,14;10,44;214;true;true;true;0;11,11;0
1418;3,15;10,44;214;true;true;true;0;11,11;0
1419;3,15;10,44;214;true;true;true;0;11,11;0
1420;3,15;10,43;214;true;true;true;0;11,11;0
1421;3,16;10,43;214;true;true;true;0;11,1;0
1422;3,16;10,43;214;true;true;true;0;11,1;0
1423;3,17;10,43;214;true;true;true;0;11,1;0
1424;3,17;10,42;214;true;true;true;0;11,1;0
1425;3,17;10,42;214;true;true;true;0;11,09;0
1426;3,18;10,42;214;true;true;true;0;11,09;0
1427;3,18;10,42;214;true;true;true;0;11,09;0
1428;3,19;10,41;214;true;true;true;0;11,08;0
1429;3,19;10,41;214;true;true;true;0;11,08;0
1430;3,19;10,41;214;true;true;true;0;11,08;0
1431;3,2;10,4;214;true;true;true;0;11,08;0
1432;3,2;10,4;214;true;true;true;0;11,07;0
1433;3,21;10,4;214;true;true;true;0;11,07;0
1434;3,21;10,4;214;true;true;true;0;11,07;0
1435;3,21;10,39;214;true;true;true;0;11,07;0
1436;3,22;10,39;214;true;true;true;0;11,06;0
1437;3,22;10,39;214;true;true;true;0;11,06;0
1438;3,23;10,39;214;true;true;true;0;11,06;0
1439;3,23;10,38;214;true;true;true;0;11,05;0
1440;3,23;10,38;214;true;true;true;0;11,05;0
1441;3,24;10,38;214;true;true;true;0;11,05;0
1442;3,24;10,38;214;true;true;true;0;11,05;0
1443;3,25;10,37;214;true;true;true;0;11,04;0
1444;3,25;10,37;214;true;true;true;0;11,04;0
1445;3,26;10,37;214;true;true;true;0;11,04;0
1446;3,26;10,37;214;true;true;true;0;11,04;0
1447;3,26;10,36;214;true;true;true;0;11,03;0
1448;3,27;10,36;214;true;true;true;0;11,03;0
1449;3,27;10,36;214;true;true;true;0;11,03;0
1450;3,28;10,36;214;true;true;true;0;11,03;0
1451;3,28;10,35;214;true;true;true;0;11,02;0
1452;3,28;10,35;214;true;true;true;0;11,02;0
1453;3,29;10,35;214;true;true;true;0;11,02;0
1454;3,29;10,35;214;true;true;true;0;11,02;0
1455;3,3;10,34;214;true;true;true;0;11,02;0
1456;3,3;10,34;214;true;true;true;0;11,01;0
1457;3,3;10,34;214;true;true;true;0;11,01;0
1458;3,31;10,34;214;true;true;true;0;11,01;0
1459;3,31;10,34;214;true;true;true;0;11,01;0
1460;3,32;10,33;214;true;true;true;0;11,01;0
1461;3,32;10,33;214;true;true;true;0;11;0
1462;3,32;10,33;214;true;true;true;0;11;0
1463;3,33;10,33;214;true;true;true;0;11;0
1464;3,33;10,33;214;true;true;true;0;11;0
1465;3,34;10,32;214;true;true;true;0;11;0
1466;3,34;10,32;214;true;true;true;0;10,99;0
1467;3,34;10,32;214;true;true;true;0;10,99;0
1468;3,35;10,32;214;true;true;true;0;10,99;0
1469;3,35;10,32;214;true;true;true;0;10,99;0
1470;3,36;10,31;214;true;true;true;0;10,99;0
1471;3,36;10,31;214;true;true;true;0;10,98;0
1472;3,36;10,31;214;true;true;true;0;10,98;0
1473;3,37;10,31;214;true;true;true;0;10,98;0
1474;3,37;10,31;214;true;true;true;0;10,98;0
1475;3,38;10,31;214;true;true;true;0;10,98;0
1476;3,38;10,3;214;true;true;true;0;10,98;0
1477;3,38;10,3;214;true;true;true;0;10,97;0
1478;3,39;10,3;214;true;true;true;0;10,97;0
1479;3,39;10,3;214;true;true;true;0;10,97;0
1480;3,4;10,3;214;true;true;true;0;10,97;0
1481;3,4;10,29;214;true;true;true;0;10,97;0
1482;3,4;10,29;214;true;true;true;0;10,96;0
1483;3,41;10,29;214;true;true;true;0;10,96;0
1484;3,41;10,29;214;true;true;true;0;10,96;0
1485;3,42;10,29;214;true;true;true;0;10,96;0
1486;3,42;10,28;214;true;true;true;0;10,96;0
1487;3,42;10,28;214;true;true;true;0;10,96;0
1488;3,43;10,28;214;true;true;true;0;10,95;0
1489;3,43;10,28;214;true;true;true;0;10,95;0
1490;3,44;10,28;214;true;true;true;0;10,95;0
1491;3,44;10,28;214;true;true;true;0;10,95;0
1492;3,44;10,27;214;true;true;true;0;10,95;0
1493;3,45;10,27;214;true;true;true;0;10,94;0
1494;3,45;10,27;214;true;true;true;0;10,94;0
1495;3,46;10,27;214;true;true;true;0;10,94;0
1496;3,46;10,27;214;true;true;true;0;10,94;0
1497;3,46;10,26;214;true;true;true;0;10,94;0
1498;3,47;10,26;214;true;true;true;0;10,93;0
1499;3,48;10,26;214;true;true;true;0;10,93;0
1500;3,48;10,26;214;true;true;true;0;10,93;0
1501;3,49;10,26;214;true;true;true;0;10,93;0
1502;3,49;10,26;214;true;true;true;0;10,93;0
1503;3,5;10,25;214;true;true;true;0;10,93;0
1504;3,5;10,25;214;true;true;true;0;10,92;0
1505;3,5;10,25;214;true;true;true;0;10,92;0
1506;3,51;10,25;214;true;true;true;0;10,92;0
1507;3,51;10,25;214;true;true;true;0;10,92;0
1508;3,52;10,24;214;true;true;true;0;10,92;0
1509;3,52;10,24;214;true;true;true;0;10,92;0
1510;3,52;10,24;214;true;true;true;0;10,91;0
1511;3,53;10,24;214;true;true;true;0;10,91;0
1512;3,53;10,24;214;true;true;true;0;10,91;0
1513;3,54;10,24;214;true;true;true;0;10,91;0
1514;3,54;10,23;214;true;true;true;0;10,91;0
1515;3,54;10,23;214;true;true;true;0;10,9;0
1516;3,55;10,23;214;true;true;true;0;10,9;0
1517;3,55;10,23;214;true;true;true;0;10,9;0
1518;3,56;10,23;214;true;true;true;0;10,9;0
1519;3,56;10,23;214;true;true;true;0;10,9;0
1520;3,56;10,22;214;true;true;true;0;10,9;0
1521;3,57;10,22;214;true;true;true;0;10,89;0
1522;3,57;10,22;214;true;true;true;0;10,89;0
1523;3,58;10,22;214;true;true;true;0;10,89;0
1524;3,58;10,22;214;true;true;true;0;10,89;0
1525;3,58;10,21;214;true;true;true;0;10,89;0
1526;3,59;10,21;214;true;true;true;0;10,89;0
1527;3,59;10,21;214;true;true;true;0;10,88;0
1528;3,6;10,21;214;true;true;true;0;10,88;0
1529;3,6;10,21;214;true;true;true;0;10,88;0
1530;3,8;10,21;214;true;true;true;0;10,88;0
1531;3,81;10,2;214;true;true;true;0;10,88;0
1532;3,81;10,2;214;true;true;true;0;10,87;0
1533;3,82;10,2;214;true;true;true;0;10,87;0
1534;3,82;10,2;214;true;true;true;0;10,87;0
1535;3,83;10,2;214;true;true;true;0;10,87;0
1536;3,83;10,2;214;true;true;true;0;10,87;0
1537;3,84;10,19;214;true;true;true;0;10,87;0
1538;3,84;10,19;214;true;true;true;0;10,86;0
1539;3,85;10,19;214;true;true;true;0;10,86;0
1540;3,85;10,19;214;true;true;true;0;10,86;0
1541;3,85;10,19;214;true;true;true;0;10,86;0
1542;3,86;10,19;214;true;true;true;0;10,86;0
1543;3,86;10,18;214;true;true;true;0;10,86;0
1544;3,87;10,18;214;true;true;true;0;10,85;0
1545;3,87;10,18;214;true;true;true;0;10,85;0
1546;3,87;10,18;214;true;true;true;0;10,85;0
1547;3,88;10,18;214;true;true;true;0;10,85;0
1548;3,88;10,18;214;true;true;true;0;10,85;0
1549;3,89;10,17;214;true;true;true;0;10,85;0
1550;3,89;10,17;214;true;true;true;0;10,84;0
1551;3,89;10,17;214;true;true;true;0;10,84;0
1552;3,9;10,17;214;true;true;true;0;10,84;0
1553;3,9;10,17;214;true;true;true;0;10,84;0
1554;3,91;10,17;214;true;true;true;0;10,84;0
1555;3,91;10,16;214;true;true;true;0;10,84;0
1556;3,92;10,16;214;true;true;true;0;10,83;0
1557;3,92;10,16;214;true;true;true;0;10,83;0
1558;3,93;10,16;214;true;true;true;0;10,83;0
1559;3,93;10,16;214;true;true;true;0;10,83;0
1560;3,94;10,16;214;true;true;true;0;10,83;0
1561;3,94;10,15;214;true;true;true;0;10,83;0
1562;3,95;10,15;214;true;true;true;0;10,82;0
1563;3,95;10,15;214;true;true;true;0;10,82;0
1564;3,95;10,15;214;true;true;true;0;10,83;0
1565;3,96;10,15;214;true;true;true;0;10,82;0
1566;3,96;10,15;214;true;true;true;0;10,82;0
1567;3,97;10,15;214;true;true;true;0;10,82;0
1568;3,97;10,15;214;true;true;true;0;10,82;0
1569;3,98;10,15;214;true;true;true;0;10,82;0
1570;3,98;10,15;214;true;true;true;0;10,82;0
1571;3,98;10,15;214;true;true;true;0;10,82;0
1572;3,99;10,14;214;true;true;true;0;10,82;0
1573;3,99;10,14;214;true;true;true;0;10,82;0
1574;4;10,14;214;true;true;true;0;10,81;0
1575;4;10,14;214;true;true;true;0;10,81;0
1576;4,01;10,14;214;true;true;true;0;10,81;0
1577;4,01;10,14;214;true;true;true;0;10,81;0
1578;4,01;10,14;214;true;true;true;0;10,81;0
1579;4,02;10,14;214;true;true;true;0;10,81;0
1580;4,02;10,13;214;true;true;true;0;10,81;0
1581;4,03;10,13;214;true;true;true;0;10,81;0
1582;4,03;10,13;214;true;true;true;0;10,8;0
1583;4,04;10,13;214;true;true;true;0;10,8;0
1584;4,04;10,13;214;true;true;true;0;10,8;0
1585;4,04;10,13;214;true;true;true;0;10,8;0
1586;4,05;10,13;214;true;true;true;0;10,8;0
1587;4,05;10,13;214;true;true;true;0;10,8;0
1588;4,06;10,12;214;true;true;true;0;10,8;0
1589;4,06;10,12;214;true;true;true;0;10,8;0
1590;4,06;10,12;214;true;true;true;0;10,79;0
1591;4,07;10,12;214;true;true;true;0;10,79;0
1592;4,07;10,12;214;true;true;true;0;10,79;0
1593;4,08;10,12;214;true;true;true;0;10,79;0
1594;4,08;10,12;214;true;true;true;0;10,79;0
1595;4,08;10,12;214;true;true;true;0;10,79;0
1596;4,09;10,11;214;true;true;true;0;10,79;0
1597;4,09;10,11;214;true;true;true;0;10,79;0
1598;4,1;10,11;214;true;true;true;0;10,78;0
1599;4,1;10,11;214;true;true;true;0;10,78;0
1600;4,1;10,11;214;true;true;true;0;10,78;0
1601;4,11;10,11;214;true;true;true;0;10,78;0
1602;4,11;10,11;214;true;true;true;0;10,78;0
1603;4,12;10,11;214;true;true;true;0;10,78;0
1604;4,12;10,1;214;true;true;true;0;10,78;0
1605;4,12;10,1;214;true;true;true;0;10,78;0
1606;4,13;10,1;214;true;true;true;0;10,77;0
1607;4,13;10,1;214;true;true;true;0;10,77;0
1608;4,14;10,1;214;true;true;true;0;10,77;0
1609;4,14;10,1;214;true;true;true;0;10,77;0
1610;4,14;10,1;214;true;true;true;0;10,77;0
1611;4,16;10,1;214;true;true;true;0;10,77;0
1612;4,17;10,1;214;true;true;true;0;10,77;0
1613;4,17;10,09;214;true;true;true;0;10,77;0
1614;4,18;10,09;214;true;true;true;0;10,77;0
1615;4,18;10,09;214;true;true;true;0;10,76;0
1616;4,18;10,09;214;true;true;true;0;10,76;0
1617;4,19;10,09;214;true;true;true;0;10,76;0
1618;4,19;10,09;214;true;true;true;0;10,76;0
1619;4,2;10,09;214;true;true;true;0;10,76;0
1620;4,2;10,09;214;true;true;true;0;10,76;0
1621;4,2;10,09;214;true;true;true;0;10,76;0
1622;4,21;10,08;214;true;true;true;0;10,76;0
1623;4,21;10,08;214;true;true;true;0;10,76;0
1624;4,22;10,08;214;true;true;true;0;10,75;0
1625;4,22;10,08;214;true;true;true;0;10,75;0
1626;4,22;10,08;214;true;true;true;0;10,75;0
1627;4,23;10,08;214;true;true;true;0;10,75;0
1628;4,23;10,08;214;true;true;true;0;10,75;0
1629;4,24;10,08;214;true;true;true;0;10,75;0
1630;4,24;10,08;214;true;true;true;0;10,75;0
1631;4,24;10,07;214;true;true;true;0;10,75;0
1632;4,25;10,07;214;true;true;true;0;10,75;0
1633;4,25;10,07;214;true;true;true;0;10,75;0
1634;4,26;10,07;214;true;true;true;0;10,74;0
1635;4,26;10,07;214;true;true;true;0;10,74;0
1636;4,26;10,07;214;true;true;true;0;10,74;0
1637;4,27;10,07;214;true;true;true;0;10,74;0
1638;4,27;10,07;214;true;true;true;0;10,74;0
1639;4,28;10,07;214;true;true;true;0;10,74;0
1640;4,28;10,07;214;true;true;true;0;10,74;0
1641;4,29;10,06;214;true;true;true;0;10,74;0
1642;4,29;10,06;214;true;true;true;0;10,74;0
1643;4,29;10,06;214;true;true;true;0;10,73;0
1644;4,3;10,06;214;true;true;true;0;10,73;0
1645;4,3;10,06;214;true;true;true;0;10,73;0
1646;4,31;10,06;214;true;true;true;0;10,73;0
1647;4,31;10,06;214;true;true;true;0;10,73;0
1648;4,31;10,06;214;true;true;true;0;10,73;0
1649;4,32;10,06;214;true;true;true;0;10,73;0
1650;4,32;10,06;214;true;true;true;0;10,73;0
1651;4,33;10,05;214;true;true;true;0;10,73;0
1652;4,33;10,05;214;true;true;true;0;10,73;0
1653;4,33;10,05;214;true;true;true;0;10,73;0
1654;4,34;10,06;214;true;true;true;0;10,73;0
1655;4,34;10,06;214;true;true;true;0;10,73;0
1656;4,35;10,06;214;true;true;true;0;10,73;0
1657;4,35;10,06;214;true;true;true;0;10,73;0
1658;4,35;10,06;214;true;true;true;0;10,73;0
1659;4,36;10,06;214;true;true;true;0;10,73;0
1660;4,36;10,05;214;true;true;true;0;10,73;0
1661;4,37;10,05;214;true;true;true;0;10,73;0
1662;4,37;10,05;214;true;true;true;0;10,73;0
1663;4,37;10,05;214;true;true;true;0;10,73;0
1664;4,38;10,05;214;true;true;true;0;10,73;0
1665;4,38;10,05;214;true;true;true;0;10,73;0
1666;4,39;10,05;214;true;true;true;0;10,72;0
1667;4,39;10,05;214;true;true;true;0;10,72;0
1668;4,39;10,05;214;true;true;true;0;10,72;0
1669;4,4;10,05;214;true;true;true;0;10,72;0
1670;4,4;10,05;214;true;true;true;0;10,72;0
1671;4,41;10,05;214;true;true;true;0;10,72;0
1672;4,42;10,05;214;true;true;true;0;10,72;0
1673;4,42;10,05;214;true;true;true;0;10,72;0
1674;4,43;10,05;214;true;true;true;0;10,72;0
1675;4,43;10,05;214;true;true;true;0;10,72;0
1676;4,44;10,05;214;true;true;true;0;10,72;0
1677;4,44;10,05;214;true;true;true;0;10,72;0
1678;4,45;10,05;214;true;true;true;0;10,72;0
1679;4,45;10,05;214;true;true;true;0;10,72;0
1680;4,46;10,05;214;true;true;true;0;10,72;0
1681;4,46;10,05;214;true;true;true;0;10,72;0
1682;4,47;10,05;214;true;true;true;0;10,72;0
1683;4,47;10,05;214;true;true;true;0;10,72;0
1684;4,47;10,05;214;true;true;true;0;10,72;0
1685;4,48;10,04;214;true;true;true;0;10,72;0
1686;4,48;10,04;214;true;true;true;0;10,72;0
1687;4,49;10,04;214;true;true;true;0;10,72;0
1688;4,49;10,04;214;true;true;true;0;10,72;0
1689;4,5;10,04;214;true;true;true;0;10,72;0
1690;4,5;10,04;214;true;true;true;0;10,72;0
1691;4,51;10,04;214;true;true;true;0;10,72;0
1692;4,51;10,04;214;true;true;true;0;10,72;0
1693;4,52;10,04;214;true;true;true;0;10,71;0
1694;4,52;10,04;214;true;true;true;0;10,71;0
1695;4,53;10,04;214;true;true;true;0;10,71;0
1696;4,53;10,04;214;true;true;true;0;10,71;0
1697;4,54;10,04;214;true;true;true;0;10,71;0
1698;4,54;10,04;214;true;true;true;0;10,71;0
1699;4,55;10,04;214;true;true;true;0;10,71;0
1700;4,55;10,04;214;true;true;true;0;10,71;0
1701;4,56;10,04;214;true;true;true;0;10,71;0
1702;4,56;10,04;214;true;true;true;0;10,71;0
1703;4,57;10,04;214;true;true;true;0;10,71;0
1704;4,57;10,04;214;true;true;true;0;10,71;0
1705;4,58;10,04;214;true;true;true;0;10,71;0
1706;4,58;10,04;214;true;true;true;0;10,71;0
1707;4,59;10,04;214;true;true;true;0;10,71;0
1708;4,59;10,04;214;true;true;true;0;10,71;0
1709;4,59;10,04;214;true;true;true;0;10,71;0
1710;4,6;10,04;214;true;true;true;0;10,71;0
1711;4,61;10,04;214;true;true;true;0;10,71;0
1712;4,61;10,04;214;true;true;true;0;10,71;0
1713;4,61;10,04;214;true;true;true;0;10,71;0
1714;4,62;10,04;214;true;true;true;0;10,71;0
1715;4,62;10,04;214;true;true;true;0;10,71;0
1716;4,63;10,04;214;true;true;true;0;10,71;0
1717;4,63;10,04;214;true;true;true;0;10,71;0
1718;4,64;10,03;214;true;true;true;0;10,71;0
1719;4,64;10,03;214;true;true;true;0;10,71;0
1720;4,65;10,03;214;true;true;true;0;10,71;0
1721;4,65;10,03;214;true;true;true;0;10,71;0
1722;4,66;10,03;214;true;true;true;0;10,71;0
1723;4,66;10,03;214;true;true;true;0;10,71;0
1724;4,66;10,03;214;true;true;true;0;10,71;0
1725;4,67;10,03;214;true;true;true;0;10,71;0
1726;4,67;10,03;214;true;true;true;0;10,71;0
1727;4,68;10,03;214;true;true;true;0;10,71;0
1728;4,68;10,03;214;true;true;true;0;10,71;0
1729;4,69;10,03;214;true;true;true;0;10,71;0
1730;4,69;10,03;214;true;true;true;0;10,7;0
1731;4,7;10,03;214;true;true;true;0;10,7;0
1732;4,7;10,03;214;true;true;true;0;10,7;0
1733;4,7;10,03;214;true;true;true;0;10,7;0
1734;4,71;10,03;214;true;true;true;0;10,7;0
1735;4,71;10,03;214;true;true;true;0;10,7;0
1736;4,72;10,03;214;true;true;true;0;10,7;0
1737;4,72;10,03;214;true;true;true;0;10,7;0
1738;4,73;10,03;214;true;true;true;0;10,7;0
1739;4,73;10,03;214;true;true;true;0;10,7;0
1740;4,74;10,03;214;true;true;true;0;10,7;0
1741;4,74;10,03;214;true;true;true;0;10,7;0
1742;4,74;10,03;214;true;true;true;0;10,7;0
1743;4,75;10,03;214;true;true;true;0;10,7;0
1744;4,75;10,03;214;true;true;true;0;10,7;0
1745;4,76;10,03;214;true;true;true;0;10,7;0
1746;4,76;10,03;214;true;true;true;0;10,7;0
1747;4,76;10,03;214;true;true;true;0;10,7;0
1748;4,77;10,03;214;true;true;true;0;10,7;0
1749;4,77;10,03;214;true;true;true;0;10,7;0
1750;4,78;10,03;214;true;true;true;0;10,7;0
1751;4,78;10,03;214;true;true;true;0;10,7;0
1752;4,78;10,03;214;true;true;true;0;10,7;0
1753;4,79;10,03;214;true;true;true;0;10,7;0
1754;4,79;10,03;214;true;true;true;0;10,7;0
1755;4,8;10,03;214;true;true;true;0;10,7;0
1756;4,8;10,03;214;true;true;true;0;10,7;0
1757;4,8;10,03;214;true;true;true;0;10,7;0
1758;4,81;10,03;214;true;true;true;0;10,7;0
1759;4,81;10,03;214;true;true;true;0;10,7;0
1760;4,82;10,03;214;true;true;true;0;10,7;0
1761;4,82;10,03;214;true;true;true;0;10,7;0
1762;4,82;10,03;214;true;true;true;0;10,7;0
1763;4,83;10,03;214;true;true;true;0;10,7;0
1764;4,83;10,03;214;true;true;true;0;10,7;0
1765;4,84;10,03;214;true;true;true;0;10,7;0
1766;4,84;10,03;214;true;true;true;0;10,7;0
1767;4,84;10,03;214;true;true;true;0;10,7;0
1768;4,85;10,03;214;true;true;true;0;10,7;0
1769;4,85;10,03;214;true;true;true;0;10,7;0
1770;4,86;10,03;214;true;true;true;0;10,7;0
1771;4,86;10,02;214;true;true;true;0;10,7;0
1772;4,86;10,02;214;true;true;true;0;10,7;0
1773;4,87;10,02;214;true;true;true;0;10,7;0
1774;4,87;10,02;214;true;true;true;0;10,7;0
1775;4,88;10,02;214;true;true;true;0;10,7;0
1776;4,88;10,02;214;true;true;true;0;10,7;0
1777;4,89;10,02;214;true;true;true;0;10,7;0
1778;4,89;10,02;214;true;true;true;0;10,7;0
1779;4,89;10,02;214;true;true;true;0;10,7;0
1780;4,9;10,02;214;true;true;true;0;10,7;0
1781;4,9;10,02;214;true;true;true;0;10,7;0
1782;4,91;10,02;214;true;true;true;0;10,7;0
1783;4,91;10,02;214;true;true;true;0;10,7;0
1784;4,91;10,02;214;true;true;true;0;10,7;0
1785;4,92;10,02;214;true;true;true;0;10,7;0
1786;4,92;10,02;214;true;true;true;0;10,7;0
1787;4,93;10,02;214;true;true;true;0;10,7;0
1788;4,93;10,02;214;true;true;true;0;10,7;0
1789;4,93;10,02;214;true;true;true;0;10,7;0
1790;4,94;10,02;214;true;true;true;0;10,7;0
1791;4,94;10,02;214;true;true;true;0;10,7;0
1792;4,95;10,02;214;true;true;true;0;10,7;0
1793;4,95;10,02;214;true;true;true;0;10,7;0
1794;4,95;10,02;214;true;true;true;0;10,7;0
1795;4,96;10,02;214;true;true;true;0;10,7;0
1796;4,96;10,02;214;true;true;true;0;10,7;0
1797;4,97;10,02;214;true;true;true;0;10,7;0
1798;4,97;10,02;214;true;true;true;0;10,7;0
1799;4,97;10,02;214;true;true;true;0;10,69;0
1800;4,98;10,02;214;true;true;true;0;10,69;0
1801;4,98;10,02;214;true;true;true;0;10,69;0
1802;4,99;10,02;214;true;true;true;0;10,69;0
1803;4,99;10,02;214;true;true;true;0;10,69;0
1804;4,99;10,02;214;true;true;true;0;10,69;0
1805;5;10,02;214;true;true;true;0;10,69;0
1806;5;10,02;214;true;true;true;0;10,69;0
1807;5,01;10,02;214;true;true;true;0;10,69;0
1808;5,01;10,02;214;true;true;true;0;10,69;0
1809;5,01;10,02;214;true;true;true;0;10,69;0
1810;5,02;10,02;214;true;true;true;0;10,69;0
1811;5,02;10,02;214;true;true;true;0;10,69;0
1812;5,03;10,02;214;true;true;true;0;10,69;0
1813;5,03;10,02;214;true;true;true;0;10,69;0
1814;5,03;10,02;214;true;true;true;0;10,69;0
1815;5,04;10,02;214;true;true;true;0;10,69;0
1816;5,04;10,02;214;true;true;true;0;10,69;0
1817;5,05;10,02;214;true;true;true;0;10,69;0
1818;5,05;10,02;214;true;true;true;0;10,69;0
1819;5,05;10,02;214;true;true;true;0;10,69;0
1820;5,06;10,02;214;true;true;true;0;10,69;0
1821;5,06;10,02;214;true;true;true;0;10,69;0
1822;5,07;10,02;214;true;true;true;0;10,69;0
1823;5,07;10,02;214;true;true;true;0;10,69;0
1824;5,07;10,02;214;true;true;true;0;10,69;0
1825;5,08;10,02;214;true;true;true;0;10,69;0
1826;5,08;10,02;214;true;true;true;0;10,69;0
1827;5,09;10,02;214;true;true;true;0;10,69;0
1828;5,09;10,02;214;true;true;true;0;10,69;0
1829;5,09;10,02;214;true;true;true;0;10,69;0
1830;5,1;10,02;214;true;true;true;0;10,69;0
1831;5,1;10,02;214;true;true;true;0;10,69;0
1832;5,11;10,02;214;true;true;true;0;10,69;0
1833;5,11;10,02;214;true;true;true;0;10,69;0
1834;5,11;10,02;214;true;true;true;0;10,69;0
1835;5,12;10,02;214;true;true;true;0;10,69;0
1836;5,12;10,02;214;true;true;true;0;10,69;0
1837;5,13;10,02;214;true;true;true;0;10,69;0
1838;5,13;10,02;214;true;true;true;0;10,69;0
1839;5,13;10,02;214;true;true;true;0;10,69;0
1840;5,14;10,02;214;true;true;true;0;10,69;0
1841;5,14;10,02;214;true;true;true;0;10,69;0
1842;5,15;10,02;214;true;true;true;0;10,69;0
1843;5,15;10,02;214;true;true;true;0;10,69;0
1844;5,15;10,02;214;true;true;true;0;10,69;0
1845;5,16;10,02;214;true;true;true;0;10,69;0
1846;5,16;10,02;214;true;true;true;0;10,69;0
1847;5,17;10,02;214;true;true;true;0;10,69;0
1848;5,17;10,02;214;true;true;true;0;10,69;0
1849;5,17;10,02;214;true;true;true;0;10,69;0
1850;5,18;10,02;214;true;true;true;0;10,69;0
1851;5,18;10,02;214;true;true;true;0;10,69;0
1852;5,19;10,02;214;true;true;true;0;10,69;0
1853;5,19;10,02;214;true;true;true;0;10,69;0
1854;5,19;10,02;214;true;true;true;0;10,69;0
1855;5,2;10,02;214;true;true;true;0;10,69;0
1856;5,2;10,02;214;true;true;true;0;10,69;0
1857;5,21;10,02;214;true;true;true;0;10,69;0
1858;5,21;10,02;214;true;true;true;0;10,69;0
1859;5,21;10,02;214;true;true;true;0;10,69;0
1860;5,22;10,02;214;true;true;true;0;10,69;0
1861;5,22;10,02;214;true;true;true;0;10,69;0
1862;5,23;10,02;214;true;true;true;0;10,69;0
1863;5,23;10,02;214;true;true;true;0;10,69;0
1864;5,41;10,02;214;true;true;true;0;10,69;0
1865;5,42;10,02;214;true;true;true;0;10,69;0
1866;5,42;10,02;214;true;true;true;0;10,69;0
1867;5,43;10,02;214;true;true;true;0;10,69;0
1868;5,43;10,02;214;true;true;true;0;10,69;0
1869;5,43;10,02;214;true;true;true;0;10,69;0
1870;5,44;10,02;214;true;true;true;0;10,69;0
1871;5,44;10,02;214;true;true;true;0;10,69;0
1872;5,45;10,02;214;true;true;true;0;10,69;0
1873;5,45;10,02;214;true;true;true;0;10,69;0
1874;5,45;10,02;214;true;true;true;0;10,69;0
1875;5,46;10,02;214;true;true;true;0;10,69;0
1876;5,46;10,02;214;true;true;true;0;10,69;0
1877;5,47;10,02;214;true;true;true;0;10,69;0
1878;5,47;10,02;214;true;true;true;0;10,69;0
1879;5,47;10,02;214;true;true;true;0;10,69;0
1880;5,48;10,02;214;true;true;true;0;10,69;0
1881;5,48;10,02;214;true;true;true;0;10,69;0
1882;5,49;10,02;214;true;true;true;0;10,69;0
1883;5,49;10,02;214;true;true;true;0;10,69;0
1884;5,49;10,02;214;true;true;true;0;10,69;0
1885;5,5;10,02;214;true;true;true;0;10,69;0
1886;5,5;10,02;214;true;true;true;0;10,69;0
1887;5,51;10,02;214;true;true;true;0;10,69;0
1888;5,51;10,02;214;true;true;true;0;10,69;0
1889;5,52;10,02;214;true;true;true;0;10,69;0
1890;5,52;10,02;214;true;true;true;0;10,69;0
1891;5,53;10,02;214;true;true;true;0;10,69;0
1892;5,53;10,02;214;true;true;true;0;10,69;0
1893;5,54;10,02;214;true;true;true;0;10,69;0
1894;5,55;10,02;214;true;true;true;0;10,69;0
1895;5,55;10,02;214;true;true;true;0;10,69;0
1896;5,55;10,02;214;true;true;true;0;10,69;0
1897;5,56;10,02;214;true;true;true;0;10,69;0
1898;5,57;10,02;214;true;true;true;0;10,69;0
1899;5,57;10,02;214;true;true;true;0;10,69;0
1900;5,57;10,02;214;true;true;true;0;10,69;0
1901;5,58;10,02;214;true;true;true;0;10,69;0
1902;5,58;10,02;214;true;true;true;0;10,69;0
1903;5,59;10,02;214;true;true;true;0;10,69;0
1904;5,59;10,02;214;true;true;true;0;10,69;0
1905;5,59;10,02;214;true;true;true;0;10,69;0
1906;5,6;10,02;214;true;true;true;0;10,69;0
1907;5,6;10,02;214;true;true;true;0;10,69;0
1908;5,61;10,02;214;true;true;true;0;10,69;0
1909;5,61;10,02;214;true;true;true;0;10,69;0
1910;5,61;10,02;214;true;true;true;0;10,69;0
1911;5,62;10,02;214;true;true;true;0;10,69;0
1912;5,62;10,02;214;true;true;true;0;10,69;0
1913;5,63;10,02;214;true;true;true;0;10,69;0
1914;5,63;10,02;214;true;true;true;0;10,69;0
1915;5,64;10,02;214;true;true;true;0;10,69;0
1916;5,64;10,02;214;true;true;true;0;10,69;0
1917;5,64;10,02;214;true;true;true;0;10,69;0
1918;5,65;10,02;214;true;true;true;0;10,69;0
1919;5,65;10,02;214;true;true;true;0;10,69;0
1920;5,66;10,02;214;true;true;true;0;10,69;0
1921;5,66;10,02;214;true;true;true;0;10,69;0
1922;5,66;10,02;214;true;true;true;0;10,69;0
1923;5,67;10,02;214;true;true;true;0;10,69;0
1924;5,67;10,02;214;true;true;true;0;10,69;0
1925;5,68;10,02;214;true;true;true;0;10,69;0
1926;5,68;10,02;214;true;true;true;0;10,69;0
1927;5,68;10,02;214;true;true;true;0;10,69;0
1928;5,69;10,02;214;true;true;true;0;10,69;0
1929;5,69;10,02;214;true;true;true;0;10,69;0
1930;5,7;10,02;214;true;true;true;0;10,69;0
1931;5,7;10,02;214;true;true;true;0;10,69;0
1932;5,7;10,02;214;true;true;true;0;10,69;0
1933;5,71;10,02;214;true;true;true;0;10,69;0
1934;5,71;10,02;214;true;true;true;0;10,69;0
1935;5,72;10,02;214;true;true;true;0;10,69;0
1936;5,72;10,02;214;true;true;true;0;10,69;0
1937;5,72;10,02;214;true;true;true;0;10,69;0
1938;5,73;10,02;214;true;true;true;0;10,69;0
1939;5,73;10,02;214;true;true;true;0;10,69;0
1940;5,74;10,02;214;true;true;true;0;10,69;0
1941;5,74;10,02;214;true;true;true;0;10,69;0
1942;5,74;10,02;214;true;true;true;0;10,69;0
1943;5,75;10,02;214;true;true;true;0;10,69;0
1944;5,75;10,02;214;true;true;true;0;10,69;0
1945;5,76;10,02;214;true;true;true;0;10,69;0
1946;5,76;10,02;214;true;true;true;0;10,69;0
1947;5,77;10,02;214;true;true;true;0;10,69;0
1948;5,77;10,02;214;true;true;true;0;10,69;0
1949;5,77;10,02;214;true;true;true;0;10,69;0
1950;5,78;10,02;214;true;true;true;0;10,69;0
1951;5,78;10,02;214;true;true;true;0;10,69;0
1952;5,79;10,02;214;true;true;true;0;10,69;0
1953;5,79;10,02;214;true;true;true;0;10,69;0
1954;5,8;10,02;214;true;true;true;0;10,69;0
1955;5,8;10,02;214;true;true;true;0;10,69;0
1956;5,8;10,02;214;true;true;true;0;10,69;0
1957;5,81;10,02;214;true;true;true;0;10,69;0
1958;5,81;10,02;214;true;true;true;0;10,69;0
1959;5,82;10,02;214;true;true;true;0;10,69;0
1960;5,82;10,02;214;true;true;true;0;10,69;0
1961;5,82;10,02;214;true;true;true;0;10,69;0
1962;5,83;10,02;214;true;true;true;0;10,69;0
1963;5,83;10,02;214;true;true;true;0;10,69;0
1964;5,84;10,02;214;true;true;true;0;10,69;0
1965;5,84;10,02;214;true;true;true;0;10,69;0
1966;5,84;10,02;214;true;true;true;0;10,69;0
1967;5,85;10,02;214;true;true;true;0;10,69;0
1968;5,85;10,02;214;true;true;true;0;10,69;0
1969;5,86;10,02;214;true;true;true;0;10,69;0
1970;5,86;10,02;214;true;true;true;0;10,69;0
1971;5,86;10,02;214;true;true;true;0;10,69;0
1972;5,87;10,02;214;true;true;true;0;10,69;0
1973;5,87;10,02;214;true;true;true;0;10,69;0
1974;5,88;10,02;214;true;true;true;0;10,69;0
1975;5,88;10,02;214;true;true;true;0;10,69;0
1976;5,88;10,02;214;true;true;true;0;10,69;0
1977;5,89;10,02;214;true;true;true;0;10,69;0
1978;5,89;10,02;214;true;true;true;0;10,69;0
1979;5,89;10,02;214;true;true;true;0;10,69;0
1980;5,9;10,02;214;true;true;true;0;10,69;0
1981;5,9;10,02;214;true;true;true;0;10,69;0
1982;5,91;10,02;214;true;true;true;0;10,69;0
1983;5,91;10,02;214;true;true;true;0;10,69;0
1984;5,91;10,02;214;true;true;true;0;10,69;0
1985;5,92;10,02;214;true;true;true;0;10,69;0
1986;5,92;10,02;214;true;true;true;0;10,69;0
1987;5,93;10,02;214;true;true;true;0;10,69;0
1988;5,93;10,02;214;true;true;true;0;10,69;0
1989;5,93;10,02;214;true;true;true;0;10,69;0
1990;5,94;10,02;214;true;true;true;0;10,69;0
1991;5,94;10,02;214;true;true;true;0;10,69;0
1992;5,95;10,02;214;true;true;true;0;10,69;0
1993;5,95;10,02;214;true;true;true;0;10,69;0
1994;5,95;10,02;214;true;true;true;0;10,69;0
1995;5,96;10,02;214;true;true;true;0;10,69;0
1996;5,96;10,02;214;true;true;true;0;10,69;0
1997;5,97;10,02;214;true;true;true;0;10,69;0
1998;5,97;10,02;214;true;true;true;0;10,69;0
1999;5,97;10,02;214;true;true;true;0;10,69;0
2000;5,98;10,02;214;true;true;true;0;10,69;0
2001;5,98;10,02;214;true;true;true;0;10,69;0
2002;5,99;10,02;214;true;true;true;0;10,69;0
2003;5,99;10,02;214;true;true;true;0;10,69;0
2004;5,99;10,02;214;true;true;true;0;10,69;0
2005;6;10,02;214;true;true;true;0;10,69;0
2006;6;10,02;214;true;true;true;0;10,69;0
2007;6,01;10,02;214;true;true;true;0;10,69;0
2008;6,01;10,02;214;true;true;true;0;10,69;0
2009;6,01;10,02;214;true;true;true;0;10,69;0
2010;6,02;10,02;214;true;true;true;0;10,69;0
2011;6,02;10,02;214;true;true;true;0;10,69;0
2012;6,03;10,02;214;true;true;true;0;10,69;0
2013;6,03;10,02;214;true;true;true;0;10,69;0
2014;6,03;10,02;214;true;true;true;0;10,69;0
2015;6,04;10,02;214;true;true;true;0;10,69;0
2016;6,04;10,02;214;true;true;true;0;10,69;0
2017;6,05;10,02;214;true;true;true;0;10,69;0
2018;6,05;10,02;214;true;true;true;0;10,69;0
2019;6,05;10,02;214;true;true;true;0;10,69;0
2020;6,06;10,02;214;true;true;true;0;10,69;0
2021;6,06;10,02;214;true;true;true;0;10,69;0
2022;6,07;10,02;214;true;true;true;0;10,69;0
2023;6,07;10,02;214;true;true;true;0;10,69;0
2024;6,08;10,02;214;true;true;true;0;10,69;0
2025;6,08;10,02;214;true;true;true;0;10,69;0
2026;6,09;10,02;214;true;true;true;0;10,69;0
2027;6,09;10,02;214;true;true;true;0;10,69;0
2028;6,09;10,02;214;true;true;true;0;10,69;0
2029;6,1;10,02;214;true;true;true;0;10,69;0
2030;6,1;10,02;214;true;true;true;0;10,69;0
2031;6,11;10,02;214;true;true;true;0;10,69;0
2032;6,11;10,02;214;true;true;true;0;10,69;0
2033;6,11;10,02;214;true;true;true;0;10,69;0
2034;6,12;10,02;214;true;true;true;0;10,69;0
2035;6,12;10,02;214;true;true;true;0;10,69;0
2036;6,13;10,02;214;true;true;true;0;10,69;0
2037;6,13;10,02;214;true;true;true;0;10,69;0
2038;6,13;10,02;214;true;true;true;0;10,69;0
2039;6,14;10,02;214;true;true;true;0;10,69;0
2040;6,14;10,02;214;true;true;true;0;10,69;0
2041;6,15;10,02;214;true;true;true;0;10,69;0
2042;6,15;10,02;214;true;true;true;0;10,69;0
2043;6,15;10,02;214;true;true;true;0;10,69;0
2044;6,16;10,02;214;true;true;true;0;10,69;0
2045;6,16;10,02;214;true;true;true;0;10,69;0
2046;6,17;10,02;214;true;true;true;0;10,69;0
2047;6,17;10,02;214;true;true;true;0;10,69;0
2048;6,17;10,02;214;true;true;true;0;10,69;0
2049;6,18;10,02;214;true;true;true;0;10,69;0
2050;6,18;10,02;214;true;true;true;0;10,69;0
2051;6,19;10,02;214;true;true;true;0;10,69;0
2052;6,19;10,02;214;true;true;true;0;10,69;0
2053;6,19;10,02;214;true;true;true;0;10,69;0
2054;6,2;10,02;214;true;true;true;0;10,69;0
2055;6,2;10,02;214;true;true;true;0;10,69;0
2056;6,21;10,01;214;true;true;true;0;10,69;0
2057;6,21;10,01;214;true;true;true;0;10,69;0
2058;6,21;10,01;214;true;true;true;0;10,69;0
2059;6,22;10,01;214;true;true;true;0;10,69;0
2060;6,22;10,01;214;true;true;true;0;10,69;0
2061;6,23;10,01;214;true;true;true;0;10,69;0
2062;6,23;10,01;214;true;true;true;0;10,69;0
2063;6,24;10,01;214;true;true;true;0;10,69;0
2064;6,24;10,01;214;true;true;true;0;10,69;0
2065;6,24;10,01;214;true;true;true;0;10,69;0
2066;6,25;10,01;214;true;true;true;0;10,69;0
2067;6,25;10,01;214;true;true;true;0;10,69;0
2068;6,26;10,01;214;true;true;true;0;10,69;0
2069;6,26;10,01;214;true;true;true;0;10,69;0
2070;6,27;10,01;214;true;true;true;0;10,69;0
2071;6,27;10,01;214;true;true;true;0;10,69;0
2072;6,28;10,01;214;true;true;true;0;10,69;0
2073;6,28;10,01;214;true;true;true;0;10,69;0
2074;6,29;10,01;214;true;true;true;0;10,69;0
2075;6,29;10,01;214;true;true;true;0;10,69;0
2076;6,3;10,01;214;true;true;true;0;10,69;0
2077;6,3;10,01;214;true;true;true;0;10,69;0
2078;6,3;10,01;214;true;true;true;0;10,69;0
2079;6,31;10,01;214;true;true;true;0;10,69;0
2080;6,31;10,01;214;true;true;true;0;10,69;0
2081;6,32;10,01;214;true;true;true;0;10,69;0
2082;6,32;10,01;214;true;true;true;0;10,69;0
2083;6,32;10,01;214;true;true;true;0;10,69;0
2084;6,33;10,01;214;true;true;true;0;10,69;0
2085;6,33;10,01;214;true;true;true;0;10,69;0
2086;6,34;10,01;214;true;true;true;0;10,69;0
2087;6,34;10,01;214;true;true;true;0;10,69;0
2088;6,34;10,01;214;true;true;true;0;10,69;0
2089;6,35;10,01;214;true;true;true;0;10,69;0
2090;6,35;10,01;214;true;true;true;0;10,69;0
2091;6,36;10,01;214;true;true;true;0;10,69;0
2092;6,36;10,01;214;true;true;true;0;10,69;0
2093;6,36;10,01;214;true;true;true;0;10,69;0
2094;6,37;10,01;214;true;true;true;0;10,69;0
2095;6,37;10,01;214;true;true;true;0;10,69;0
2096;6,38;10,01;214;true;true;true;0;10,69;0
2097;6,38;10,01;214;true;true;true;0;10,69;0
2098;6,39;10,01;214;true;true;true;0;10,69;0
2099;6,39;10,01;214;true;true;true;0;10,69;0
2100;6,39;10,01;214;true;true;true;0;10,69;0
2101;6,4;10,01;214;true;true;true;0;10,69;0
2102;6,56;10,01;214;true;true;true;0;10,69;0
2103;6,57;10,01;214;true;true;true;0;10,69;0
2104;6,57;10,01;214;true;true;true;0;10,69;0
2105;6,57;10,01;214;true;true;true;0;10,69;0
2106;6,58;10,01;214;true;true;true;0;10,69;0
2107;6,58;10,01;214;true;true;true;0;10,69;0
2108;6,59;10,01;214;true;true;true;0;10,69;0
2109;6,59;10,01;214;true;true;true;0;10,69;0
2110;6,6;10,01;214;true;true;true;0;10,69;0
2111;6,6;10,01;214;true;true;true;0;10,69;0
2112;6,61;10,01;214;true;true;true;0;10,69;0
2113;6,61;10,01;214;true;true;true;0;10,69;0
2114;6,61;10,01;214;true;true;true;0;10,69;0
2115;6,62;10,01;214;true;true;true;0;10,69;0
2116;6,62;10,01;214;true;true;true;0;10,69;0
2117;6,63;10,01;214;true;true;true;0;10,69;0
2118;6,63;10,01;214;true;true;true;0;10,69;0
2119;6,64;10,01;214;true;true;true;0;10,69;0
2120;6,64;10,01;214;true;true;true;0;10,69;0
2121;6,65;10,01;214;true;true;true;0;10,69;0
2122;6,65;10,01;214;true;true;true;0;10,69;0
2123;6,66;10,01;214;true;true;true;0;10,69;0
2124;6,66;10,01;214;true;true;true;0;10,69;0
2125;6,67;10,01;214;true;true;true;0;10,69;0
2126;6,67;10,01;214;true;true;true;0;10,69;0
2127;6,68;10,01;214;true;true;true;0;10,69;0
2128;6,68;10,01;214;true;true;true;0;10,69;0
2129;6,69;