lengthMiddleSegment: 3989.835416666667
step_energy: 0.05
electrostatic_force_factor: 1.0
spring_force_factor: 0.1
reject_force_factor: 2.0
distanceRejectRadius: 2393.90125
distanceSamePosition: 2393.90125
Iteration;time;energy;num nodes;reject force is enabled;spring force is enabled;electrostatic force is enabled;str_force;rep_force;elec_force
1;66,01;4,55;233;true;true;true;0;2,75;0
2;0,01;4,54;233;true;true;true;0;2,75;0
3;0,04;4,55;233;true;true;true;0;2,76;0
4;0,04;4,55;233;true;true;true;0;2,76;0
5;0,04;4,55;233;true;true;true;0;2,76;0
6;0,05;4,55;233;true;true;true;0;2,76;0
7;0,05;4,56;233;true;true;true;0;2,76;0
8;0,05;4,56;233;true;true;true;0;2,76;0
9;0,06;4,56;233;true;true;true;0;2,76;0
10;0,06;4,56;233;true;true;true;0;2,77;0
11;0,06;4,56;233;true;true;true;0;2,77;0
12;0,07;4,56;233;true;true;true;0;2,77;0
13;0,07;4,56;233;true;true;true;0;2,77;0
14;0,07;4,57;233;true;true;true;0;2,77;0
15;0,08;4,57;233;true;true;true;0;2,77;0
16;0,08;4,57;233;true;true;true;0;2,77;0
17;0,08;4,57;233;true;true;true;0;2,77;0
18;0,09;4,57;233;true;true;true;0;2,77;0
19;0,09;4,57;233;true;true;true;0;2,77;0
20;0,09;4,57;233;true;true;true;0;2,77;0
21;0,09;4,57;233;true;true;true;0;2,78;0
22;0,1;4,57;233;true;true;true;0;2,78;0
23;0,1;4,57;233;true;true;true;0;2,78;0
24;0,1;4,57;233;true;true;true;0;2,78;0
25;0,11;4,58;233;true;true;true;0;2,78;0
26;0,11;4,58;233;true;true;true;0;2,78;0
27;0,11;4,58;233;true;true;true;0;2,78;0
28;0,12;4,58;233;true;true;true;0;2,78;0
29;0,12;4,58;233;true;true;true;0;2,78;0
30;0,12;4,58;233;true;true;true;0;2,78;0
31;0,13;4,58;233;true;true;true;0;2,78;0
32;0,13;4,58;233;true;true;true;0;2,78;0
33;0,13;4,58;233;true;true;true;0;2,78;0
34;0,14;4,58;233;true;true;true;0;2,78;0
35;0,14;4,58;233;true;true;true;0;2,78;0
36;0,14;4,58;233;true;true;true;0;2,78;0
37;0,15;4,58;233;true;true;true;0;2,78;0
38;0,15;4,58;233;true;true;true;0;2,79;0
39;0,16;4,58;233;true;true;true;0;2,79;0
40;0,17;4,58;233;true;true;true;0;2,79;0
41;0,17;4,58;233;true;true;true;0;2,79;0
42;0,17;4,59;233;true;true;true;0;2,79;0
43;0,18;4,59;233;true;true;true;0;2,79;0
44;0,18;4,59;233;true;true;true;0;2,79;0
45;0,19;4,59;233;true;true;true;0;2,79;0
46;0,19;4,59;233;true;true;true;0;2,79;0
47;0,19;4,59;233;true;true;true;0;2,79;0
48;0,19;4,59;233;true;true;true;0;2,79;0
49;0,2;4,59;233;true;true;true;0;2,79;0
50;0,2;4,59;233;true;true;true;0;2,79;0
51;0,2;4,59;233;true;true;true;0;2,79;0
52;0,21;4,59;233;true;true;true;0;2,79;0
53;0,21;4,59;233;true;true;true;0;2,79;0
54;0,21;4,59;233;true;true;true;0;2,79;0
55;0,22;4,59;233;true;true;true;0;2,79;0
56;0,22;4,59;233;true;true;true;0;2,79;0
57;0,22;4,59;233;true;true;true;0;2,79;0
58;0,22;4,59;233;true;true;true;0;2,79;0
59;0,23;4,59;233;true;true;true;0;2,79;0
60;0,23;4,59;233;true;true;true;0;2,79;0
61;0,23;4,59;233;true;true;true;0;2,79;0
62;0,24;4,59;233;true;true;true;0;2,79;0
63;0,24;4,59;233;true;true;true;0;2,8;0
64;0,24;4,59;233;true;true;true;0;2,8;0
65;0,25;4,59;233;true;true;true;0;2,8;0
66;0,25;4,59;233;true;true;true;0;2,8;0
67;0,25;4,6;233;true;true;true;0;2,8;0
68;0,25;4,6;233;true;true;true;0;2,8;0
69;0,26;4,6;233;true;true;true;0;2,8;0
70;0,26;4,6;233;true;true;true;0;2,8;0
71;0,26;4,6;233;true;true;true;0;2,8;0
72;0,27;4,6;233;true;true;true;0;2,8;0
73;0,27;4,6;233;true;true;true;0;2,8;0
74;0,27;4,6;233;true;true;true;0;2,8;0
75;0,28;4,6;233;true;true;true;0;2,8;0
76;0,28;4,6;233;true;true;true;0;2,8;0
77;0,28;4,6;233;true;true;true;0;2,8;0
78;0,28;4,6;233;true;true;true;0;2,8;0
79;0,29;4,6;233;true;true;true;0;2,8;0
80;0,29;4,6;233;true;true;true;0;2,8;0
81;0,3;4,6;233;true;true;true;0;2,8;0
82;0,3;4,6;233;true;true;true;0;2,8;0
83;0,3;4,6;233;true;true;true;0;2,8;0
84;0,31;4,6;233;true;true;true;0;2,8;0
85;0,31;4,6;233;true;true;true;0;2,8;0
86;0,31;4,6;233;true;true;true;0;2,8;0
87;0,32;4,6;233;true;true;true;0;2,8;0
88;0,32;4,6;233;true;true;true;0;2,8;0
89;0,32;4,6;233;true;true;true;0;2,8;0
90;0,32;4,6;233;true;true;true;0;2,8;0
91;0,33;4,6;233;true;true;true;0;2,8;0
92;0,33;4,6;233;true;true;true;0;2,8;0
93;0,34;4,6;233;true;true;true;0;2,8;0
94;0,34;4,6;233;true;true;true;0;2,8;0
95;0,34;4,6;233;true;true;true;0;2,8;0
96;0,35;4,6;233;true;true;true;0;2,8;0
97;0,35;4,6;233;true;true;true;0;2,8;0
98;0,35;4,6;233;true;true;true;0;2,8;0
99;0,35;4,6;233;true;true;true;0;2,8;0
100;0,36;4,6;233;true;true;true;0;2,8;0
101;0,36;4,6;233;true;true;true;0;2,8;0
102;0,36;4,6;233;true;true;true;0;2,8;0
103;0,37;4,6;233;true;true;true;0;2,8;0
104;0,37;4,6;233;true;true;true;0;2,8;0
105;0,37;4,6;233;true;true;true;0;2,8;0
106;0,38;4,6;233;true;true;true;0;2,8;0
107;0,38;4,6;233;true;true;true;0;2,8;0
108;0,38;4,6;233;true;true;true;0;2,8;0
109;0,38;4,6;233;true;true;true;0;2,8;0
110;0,39;4,6;233;true;true;true;0;2,81;0
111;0,39;4,6;233;true;true;true;0;2,81;0
112;0,4;4,6;233;true;true;true;0;2,81;0
113;0,4;4,6;233;true;true;true;0;2,81;0
114;0,41;4,6;233;true;true;true;0;2,81;0
115;0,41;4,6;233;true;true;true;0;2,81;0
116;0,41;4,6;233;true;true;true;0;2,81;0
117;0,42;4,6;233;true;true;true;0;2,81;0
118;0,42;4,6;233;true;true;true;0;2,81;0
119;0,42;4,6;233;true;true;true;0;2,81;0
120;0,43;4,6;233;true;true;true;0;2,81;0
121;0,43;4,61;233;true;true;true;0;2,81;0
122;0,43;4,61;233;true;true;true;0;2,81;0
123;0,44;4,61;233;true;true;true;0;2,81;0
124;0,44;4,61;233;true;true;true;0;2,81;0
125;0,44;4,61;233;true;true;true;0;2,81;0
126;0,44;4,61;233;true;true;true;0;2,81;0
127;0,45;4,61;233;true;true;true;0;2,81;0
128;0,45;4,61;233;true;true;true;0;2,81;0
129;0,45;4,61;233;true;true;true;0;2,81;0
130;0,46;4,61;233;true;true;true;0;2,81;0
131;0,46;4,61;233;true;true;true;0;2,81;0
132;0,46;4,61;233;true;true;true;0;2,81;0
133;0,47;4,61;233;true;true;true;0;2,81;0
134;0,47;4,61;233;true;true;true;0;2,81;0
135;0,47;4,61;233;true;true;true;0;2,81;0
136;0,48;4,61;233;true;true;true;0;2,81;0
137;0,48;4,61;233;true;true;true;0;2,81;0
138;0,48;4,61;233;true;true;true;0;2,81;0
139;0,49;4,61;233;true;true;true;0;2,81;0
140;0,49;4,61;233;true;true;true;0;2,81;0
141;0,49;4,61;233;true;true;true;0;2,81;0
142;0,5;4,61;233;true;true;true;0;2,81;0
143;0,5;4,61;233;true;true;true;0;2,81;0
144;0,5;4,61;233;true;true;true;0;2,81;0
145;0,51;4,61;233;true;true;true;0;2,81;0
146;0,51;4,61;233;true;true;true;0;2,81;0
147;0,51;4,61;233;true;true;true;0;2,81;0
148;0,51;4,61;233;true;true;true;0;2,81;0
149;0,52;4,61;233;true;true;true;0;2,81;0
150;0,52;4,61;233;true;true;true;0;2,81;0
151;0,52;4,61;233;true;true;true;0;2,81;0
152;0,53;4,61;233;true;true;true;0;2,81;0
153;0,53;4,61;233;true;true;true;0;2,81;0
154;0,53;4,61;233;true;true;true;0;2,81;0
155;0,54;4,61;233;true;true;true;0;2,81;0
156;0,54;4,61;233;true;true;true;0;2,81;0
157;0,54;4,61;233;true;true;true;0;2,81;0
158;0,55;4,61;233;true;true;true;0;2,81;0
159;0,55;4,61;233;true;true;true;0;2,81;0
160;0,55;4,61;233;true;true;true;0;2,81;0
161;0,56;4,61;233;true;true;true;0;2,81;0
162;0,56;4,61;233;true;true;true;0;2,81;0
163;0,56;4,61;233;true;true;true;0;2,81;0
164;0,56;4,61;233;true;true;true;0;2,81;0
165;0,57;4,61;233;true;true;true;0;2,81;0
166;0,57;4,61;233;true;true;true;0;2,81;0
167;0,58;4,61;233;true;true;true;0;2,81;0
168;0,58;4,61;233;true;true;true;0;2,81;0
169;0,58;4,61;233;true;true;true;0;2,81;0
170;0,59;4,61;233;true;true;true;0;2,81;0
171;0,59;4,61;233;true;true;true;0;2,81;0
172;0,6;4,61;233;true;true;true;0;2,81;0
173;0,6;4,61;233;true;true;true;0;2,81;0
174;0,6;4,61;233;true;true;true;0;2,81;0
175;0,61;4,61;233;true;true;true;0;2,81;0
176;0,61;4,61;233;true;true;true;0;2,81;0
177;0,62;4,61;233;true;true;true;0;2,81;0
178;0,62;4,61;233;true;true;true;0;2,81;0
179;0,62;4,61;233;true;true;true;0;2,81;0
180;0,63;4,61;233;true;true;true;0;2,81;0
181;0,63;4,61;233;true;true;true;0;2,81;0
182;0,64;4,61;233;true;true;true;0;2,81;0
183;0,64;4,61;233;true;true;true;0;2,81;0
184;0,64;4,61;233;true;true;true;0;2,81;0
185;0,65;4,61;233;true;true;true;0;2,81;0
186;0,65;4,61;233;true;true;true;0;2,81;0
187;0,66;4,61;233;true;true;true;0;2,81;0
188;0,66;4,61;233;true;true;true;0;2,81;0
189;0,66;4,61;233;true;true;true;0;2,81;0
190;0,67;4,61;233;true;true;true;0;2,81;0
191;0,67;4,61;233;true;true;true;0;2,81;0
192;0,67;4,61;233;true;true;true;0;2,81;0
193;0,68;4,61;233;true;true;true;0;2,81;0
194;0,68;4,61;233;true;true;true;0;2,81;0
195;0,68;4,61;233;true;true;true;0;2,81;0
196;0,68;4,61;233;true;true;true;0;2,81;0
197;0,69;4,61;233;true;true;true;0;2,81;0
198;0,69;4,61;233;true;true;true;0;2,81;0
199;0,69;4,61;233;true;true;true;0;2,81;0
200;0,7;4,61;233;true;true;true;0;2,81;0
201;0,7;4,61;233;true;true;true;0;2,81;0
202;0,7;4,61;233;true;true;true;0;2,81;0
203;0,7;4,61;233;true;true;true;0;2,81;0
204;0,71;4,61;233;true;true;true;0;2,81;0
205;0,71;4,61;233;true;true;true;0;2,81;0
206;0,71;4,61;233;true;true;true;0;2,81;0
207;0,72;4,61;233;true;true;true;0;2,81;0
208;0,72;4,61;233;true;true;true;0;2,81;0
209;0,72;4,61;233;true;true;true;0;2,81;0
210;0,73;4,61;233;true;true;true;0;2,81;0
211;0,73;4,61;233;true;true;true;0;2,81;0
212;0,73;4,61;233;true;true;true;0;2,81;0
213;0,74;4,61;233;true;true;true;0;2,81;0
214;0,74;4,61;233;true;true;true;0;2,81;0
215;0,74;4,61;233;true;true;true;0;2,81;0
216;0,75;4,61;233;true;true;true;0;2,81;0
217;0,75;4,61;233;true;true;true;0;2,81;0
218;0,75;4,61;233;true;true;true;0;2,81;0
219;0,75;4,61;233;true;true;true;0;2,81;0
220;0,76;4,61;233;true;true;true;0;2,81;0
221;0,76;4,61;233;true;true;true;0;2,81;0
222;0,76;4,61;233;true;true;true;0;2,81;0
223;0,77;4,61;233;true;true;true;0;2,81;0
224;0,77;4,61;233;true;true;true;0;2,81;0
225;0,77;4,61;233;true;true;true;0;2,81;0
226;0,77;4,61;233;true;true;true;0;2,81;0
227;0,78;4,61;233;true;true;true;0;2,81;0
228;0,78;4,61;233;true;true;true;0;2,81;0
229;0,78;4,61;233;true;true;true;0;2,81;0
230;0,79;4,61;233;true;true;true;0;2,81;0
231;0,79;4,61;233;true;true;true;0;2,81;0
232;0,79;4,61;233;true;true;true;0;2,81;0
233;0,8;4,61;233;true;true;true;0;2,81;0
234;0,8;4,61;233;true;true;true;0;2,81;0
235;0,8;4,61;233;true;true;true;0;2,81;0
236;0,81;4,61;233;true;true;true;0;2,81;0
237;0,81;4,61;233;true;true;true;0;2,81;0
238;0,81;4,61;233;true;true;true;0;2,81;0
239;0,81;4,61;233;true;true;true;0;2,81;0
240;0,82;4,61;233;true;true;true;0;2,81;0
241;0,82;4,61;233;true;true;true;0;2,81;0
242;0,82;4,61;233;true;true;true;0;2,81;0
243;0,83;4,61;233;true;true;true;0;2,81;0
244;0,83;4,61;233;true;true;true;0;2,81;0
245;0,83;4,61;233;true;true;true;0;2,81;0
246;0,83;4,61;233;true;true;true;0;2,81;0
247;0,84;4,61;233;true;true;true;0;2,81;0
248;0,84;4,61;233;true;true;true;0;2,81;0
249;0,84;4,61;233;true;true;true;0;2,81;0
250;0,85;4,61;233;true;true;true;0;2,81;0
251;0,85;4,61;233;true;true;true;0;2,81;0
252;0,85;4,61;233;true;true;true;0;2,81;0
253;0,86;4,61;233;true;true;true;0;2,81;0
254;0,86;4,61;233;true;true;true;0;2,81;0
255;0,86;4,61;233;true;true;true;0;2,81;0
256;0,87;4,61;233;true;true;true;0;2,81;0
257;0,87;4,61;233;true;true;true;0;2,81;0
258;0,87;4,61;233;true;true;true;0;2,81;0
259;0,87;4,61;233;true;true;true;0;2,81;0
260;0,88;4,61;233;true;true;true;0;2,81;0
261;0,88;4,61;233;true;true;true;0;2,81;0
262;0,88;4,61;233;true;true;true;0;2,81;0
263;0,89;4,61;233;true;true;true;0;2,81;0
264;0,89;4,61;233;true;true;true;0;2,81;0
265;0,89;4,61;233;true;true;true;0;2,81;0
266;0,89;4,61;233;true;true;true;0;2,81;0
267;0,9;4,61;233;true;true;true;0;2,81;0
268;0,9;4,61;233;true;true;true;0;2,81;0
269;0,9;4,61;233;true;true;true;0;2,81;0
270;0,91;4,61;233;true;true;true;0;2,81;0
271;0,91;4,61;233;true;true;true;0;2,81;0
272;0,91;4,61;233;true;true;true;0;2,81;0
273;0,92;4,61;233;true;true;true;0;2,81;0
274;0,92;4,61;233;true;true;true;0;2,81;0
275;0,92;4,61;233;true;true;true;0;2,81;0
276;0,93;4,61;233;true;true;true;0;2,81;0
277;0,93;4,61;233;true;true;true;0;2,81;0
278;0,93;4,61;233;true;true;true;0;2,81;0
279;0,93;4,61;233;true;true;true;0;2,81;0
280;0,94;4,61;233;true;true;true;0;2,81;0
281;0,94;4,61;233;true;true;true;0;2,81;0
282;0,94;4,61;233;true;true;true;0;2,81;0
283;0,95;4,61;233;true;true;true;0;2,81;0
284;0,95;4,61;233;true;true;true;0;2,81;0
285;0,95;4,61;233;true;true;true;0;2,81;0
286;0,95;4,61;233;true;true;true;0;2,81;0
287;0,96;4,61;233;true;true;true;0;2,81;0
288;0,96;4,61;233;true;true;true;0;2,81;0
289;0,96;4,61;233;true;true;true;0;2,81;0
290;0,97;4,61;233;true;true;true;0;2,81;0
291;0,97;4,61;233;true;true;true;0;2,81;0
292;0,97;4,61;233;true;true;true;0;2,81;0
293;0,98;4,61;233;true;true;true;0;2,81;0
294;0,98;4,61;233;true;true;true;0;2,81;0
295;0,98;4,61;233;true;true;true;0;2,81;0
296;0,99;4,61;233;true;true;true;0;2,81;0
297;0,99;4,61;233;true;true;true;0;2,81;0
298;0,99;4,61;233;true;true;true;0;2,81;0
299;0,99;4,61;233;true;true;true;0;2,81;0
300;1;4,61;233;true;true;true;0;2,81;0
301;1;4,61;233;true;true;true;0;2,81;0
302;1;4,61;233;true;true;true;0;2,81;0
303;1,01;4,61;233;true;true;true;0;2,81;0
304;1,01;4,61;233;true;true;true;0;2,81;0
305;1,01;4,61;233;true;true;true;0;2,81;0
306;1,01;4,61;233;true;true;true;0;2,81;0
307;1,02;4,61;233;true;true;true;0;2,81;0
308;1,02;4,61;233;true;true;true;0;2,81;0
309;1,02;4,61;233;true;true;true;0;2,81;0
310;1,03;4,61;233;true;true;true;0;2,81;0
311;1,03;4,61;233;true;true;true;0;2,81;0
312;1,03;4,61;233;true;true;true;0;2,81;0
313;1,04;4,61;233;true;true;true;0;2,81;0
314;1,04;4,61;233;true;true;true;0;2,81;0
315;1,04;4,61;233;true;true;true;0;2,81;0
316;1,05;4,61;233;true;true;true;0;2,81;0
317;1,05;4,61;233;true;true;true;0;2,81;0
318;1,05;4,61;233;true;true;true;0;2,81;0
319;1,05;4,61;233;true;true;true;0;2,81;0
320;1,06;4,61;233;true;true;true;0;2,81;0
321;1,06;4,61;233;true;true;true;0;2,81;0
322;1,06;4,61;233;true;true;true;0;2,81;0
323;1,07;4,61;233;true;true;true;0;2,81;0
324;1,07;4,61;233;true;true;true;0;2,81;0
325;1,07;4,61;233;true;true;true;0;2,81;0
326;1,08;4,61;233;true;true;true;0;2,81;0
327;1,08;4,61;233;true;true;true;0;2,81;0
328;1,08;4,61;233;true;true;true;0;2,81;0
329;1,09;4,61;233;true;true;true;0;2,81;0
330;1,09;4,61;233;true;true;true;0;2,81;0
331;1,09;4,61;233;true;true;true;0;2,81;0
332;1,09;4,61;233;true;true;true;0;2,81;0
333;1,1;4,61;233;true;true;true;0;2,81;0
334;1,1;4,61;233;true;true;true;0;2,81;0
335;1,1;4,61;233;true;true;true;0;2,81;0
336;1,11;4,61;233;true;true;true;0;2,81;0
337;1,11;4,61;233;true;true;true;0;2,81;0
338;1,11;4,61;233;true;true;true;0;2,81;0
339;1,12;4,61;233;true;true;true;0;2,81;0
340;1,12;4,61;233;true;true;true;0;2,81;0
341;1,12;4,61;233;true;true;true;0;2,81;0
342;1,12;4,61;233;true;true;true;0;2,81;0
343;1,13;4,61;233;true;true;true;0;2,81;0
344;1,13;4,61;233;true;true;true;0;2,81;0
345;1,13;4,61;233;true;true;true;0;2,81;0
346;1,14;4,61;233;true;true;true;0;2,81;0
347;1,14;4,61;233;true;true;true;0;2,81;0
348;1,14;4,61;233;true;true;true;0;2,81;0
349;1,14;4,61;233;true;true;true;0;2,81;0
350;1,15;4,61;233;true;true;true;0;2,81;0
351;1,15;4,61;233;true;true;true;0;2,81;0
352;1,15;4,61;233;true;true;true;0;2,81;0
353;1,16;4,61;233;true;true;true;0;2,81;0
354;1,16;4,61;233;true;true;true;0;2,81;0
355;1,16;4,61;233;true;true;true;0;2,81;0
356;1,17;4,61;233;true;true;true;0;2,81;0
357;1,17;4,61;233;true;true;true;0;2,81;0
358;1,17;4,61;233;true;true;true;0;2,81;0
359;1,17;4,61;233;true;true;true;0;2,81;0
360;1,18;4,61;233;true;true;true;0;2,81;0
361;1,18;4,61;233;true;true;true;0;2,81;0
362;1,18;4,61;233;true;true;true;0;2,81;0
363;1,19;4,61;233;true;true;true;0;2,81;0
364;1,19;4,61;233;true;true;true;0;2,81;0
365;1,19;4,61;233;true;true;true;0;2,81;0
366;1,2;4,61;233;true;true;true;0;2,81;0
367;1,2;4,61;233;true;true;true;0;2,81;0
368;1,2;4,61;233;true;true;true;0;2,81;0
369;1,21;4,61;233;true;true;true;0;2,81;0
370;1,21;4,61;233;true;true;true;0;2,81;0
371;1,21;4,61;233;true;true;true;0;2,81;0
372;1,22;4,61;233;true;true;true;0;2,81;0
373;1,22;4,61;233;true;true;true;0;2,81;0
374;1,22;4,61;233;true;true;true;0;2,81;0
375;1,22;4,61;233;true;true;true;0;2,81;0
376;1,23;4,61;233;true;true;true;0;2,81;0
377;1,23;4,61;233;true;true;true;0;2,81;0
378;1,23;4,61;233;true;true;true;0;2,81;0
379;1,24;4,61;233;true;true;true;0;2,81;0
380;1,24;4,61;233;true;true;true;0;2,81;0
381;1,24;4,61;233;true;true;true;0;2,81;0
382;1,25;4,61;233;true;true;true;0;2,81;0
383;1,25;4,61;233;true;true;true;0;2,81;0
384;1,25;4,61;233;true;true;true;0;2,81;0
385;1,25;4,61;233;true;true;true;0;2,81;0
386;1,26;4,61;233;true;true;true;0;2,81;0
387;1,26;4,61;233;true;true;true;0;2,81;0
388;1,26;4,61;233;true;true;true;0;2,81;0
389;1,27;4,61;233;true;true;true;0;2,81;0
390;1,27;4,61;233;true;true;true;0;2,81;0
391;1,27;4,61;233;true;true;true;0;2,81;0
392;1,27;4,61;233;true;true;true;0;2,81;0
393;1,28;4,61;233;true;true;true;0;2,81;0
394;1,28;4,61;233;true;true;true;0;2,81;0
395;1,28;4,61;233;true;true;true;0;2,81;0
396;1,29;4,61;233;true;true;true;0;2,81;0
397;1,29;4,61;233;true;true;true;0;2,81;0
398;1,29;4,61;233;true;true;true;0;2,81;0
399;1,3;4,61;233;true;true;true;0;2,81;0
400;1,3;4,61;233;true;true;true;0;2,81;0
401;1,3;4,61;233;true;true;true;0;2,81;0
402;1,3;4,61;233;true;true;true;0;2,81;0
403;1,31;4,61;233;true;true;true;0;2,81;0
404;1,31;4,61;233;true;true;true;0;2,81;0
405;1,31;4,61;233;true;true;true;0;2,81;0
406;1,32;4,61;233;true;true;true;0;2,81;0
407;1,32;4,61;233;true;true;true;0;2,81;0
408;1,32;4,61;233;true;true;true;0;2,81;0
409;1,33;4,61;233;true;true;true;0;2,81;0
410;1,33;4,61;233;true;true;true;0;2,81;0
411;1,33;4,61;233;true;true;true;0;2,81;0
412;1,34;4,61;233;true;true;true;0;2,81;0
413;1,34;4,61;233;true;true;true;0;2,81;0
414;1,34;4,61;233;true;true;true;0;2,81;0
415;1,34;4,61;233;true;true;true;0;2,81;0
416;1,35;4,61;233;true;true;true;0;2,81;0
417;1,35;4,61;233;true;true;true;0;2,81;0
418;1,35;4,61;233;true;true;true;0;2,81;0
419;1,36;4,61;233;true;true;true;0;2,81;0
420;1,36;4,61;233;true;true;true;0;2,81;0
421;1,36;4,61;233;true;true;true;0;2,81;0
422;1,37;4,61;233;true;true;true;0;2,81;0
423;1,37;4,61;233;true;true;true;0;2,81;0
424;1,37;4,61;233;true;true;true;0;2,81;0
425;1,38;4,61;233;true;true;true;0;2,81;0
426;1,38;4,61;233;true;true;true;0;2,81;0
427;1,38;4,61;233;true;true;true;0;2,81;0
428;1,38;4,61;233;true;true;true;0;2,81;0
429;1,39;4,61;233;true;true;true;0;2,81;0
430;1,39;4,61;233;true;true;true;0;2,81;0
431;1,39;4,61;233;true;true;true;0;2,81;0
432;1,4;4,61;233;true;true;true;0;2,81;0
433;1,4;4,61;233;true;true;true;0;2,81;0
434;1,4;4,61;233;true;true;true;0;2,81;0
435;1,41;4,61;233;true;true;true;0;2,81;0
436;1,41;4,61;233;true;true;true;0;2,81;0
437;1,41;4,61;233;true;true;true;0;2,81;0
438;1,42;4,61;233;true;true;true;0;2,81;0
439;1,42;4,61;233;true;true;true;0;2,81;0
440;1,42;4,61;233;true;true;true;0;2,81;0
441;1,43;4,61;233;true;true;true;0;2,81;0
442;1,43;4,61;233;true;true;true;0;2,81;0
443;1,43;4,61;233;true;true;true;0;2,81;0
444;1,44;4,61;233;true;true;true;0;2,81;0
445;1,44;4,61;233;true;true;true;0;2,81;0
446;1,44;4,61;233;true;true;true;0;2,81;0
447;1,45;4,61;233;true;true;true;0;2,81;0
448;1,45;4,61;233;true;true;true;0;2,81;0
449;1,45;4,61;233;true;true;true;0;2,81;0
450;1,46;4,61;233;true;true;true;0;2,81;0
451;1,46;4,61;233;true;true;true;0;2,81;0
452;1,46;4,61;233;true;true;true;0;2,81;0
453;1,46;4,61;233;true;true;true;0;2,81;0
454;1,47;4,61;233;true;true;true;0;2,81;0
455;1,47;4,61;233;true;true;true;0;2,81;0
456;1,47;4,61;233;true;true;true;0;2,81;0
457;1,48;4,61;233;true;true;true;0;2,81;0
458;1,48;4,61;233;true;true;true;0;2,81;0
459;1,48;4,61;233;true;true;true;0;2,81;0
460;1,49;4,61;233;true;true;true;0;2,81;0
461;1,49;4,61;233;true;true;true;0;2,81;0
462;1,49;4,61;233;true;true;true;0;2,81;0
463;1,49;4,61;233;true;true;true;0;2,81;0
464;1,5;4,61;233;true;true;true;0;2,81;0
465;1,5;4,61;233;true;true;true;0;2,81;0
466;1,5;4,61;233;true;true;true;0;2,81;0
467;1,51;4,61;233;true;true;true;0;2,81;0
468;1,51;4,61;233;true;true;true;0;2,81;0
469;1,51;4,61;233;true;true;true;0;2,81;0
470;1,52;4,61;233;true;true;true;0;2,81;0
471;1,52;4,61;233;true;true;true;0;2,81;0
472;1,52;4,61;233;true;true;true;0;2,81;0
473;1,52;4,61;233;true;true;true;0;2,81;0
474;1,53;4,61;233;true;true;true;0;2,81;0
475;1,53;4,61;233;true;true;true;0;2,81;0
476;1,53;4,61;233;true;true;true;0;2,81;0
477;1,54;4,61;233;true;true;true;0;2,81;0
478;1,54;4,61;233;true;true;true;0;2,81;0
479;1,54;4,61;233;true;true;true;0;2,81;0
480;1,55;4,61;233;true;true;true;0;2,81;0
481;1,55;4,61;233;true;true;true;0;2,81;0
482;1,55;4,61;233;true;true;true;0;2,81;0
483;1,56;4,61;233;true;true;true;0;2,81;0
484;1,56;4,61;233;true;true;true;0;2,81;0
485;1,56;4,61;233;true;true;true;0;2,81;0
486;1,57;4,61;233;true;true;true;0;2,81;0
487;1,57;4,61;233;true;true;true;0;2,81;0
488;1,57;4,61;233;true;true;true;0;2,81;0
489;1,58;4,61;233;true;true;true;0;2,81;0
490;1,58;4,61;233;true;true;true;0;2,81;0
491;1,58;4,61;233;true;true;true;0;2,81;0
492;1,59;4,61;233;true;true;true;0;2,81;0
493;1,59;4,61;233;true;true;true;0;2,81;0
494;1,59;4,61;233;true;true;true;0;2,81;0
495;1,59;4,61;233;true;true;true;0;2,81;0
496;1,6;4,61;233;true;true;true;0;2,81;0
497;1,6;4,61;233;true;true;true;0;2,81;0
498;1,6;4,61;233;true;true;true;0;2,81;0
499;1,61;4,61;233;true;true;true;0;2,81;0
500;1,61;4,61;233;true;true;true;0;2,81;0
501;1,61;4,61;233;true;true;true;0;2,81;0
502;1,62;4,61;233;true;true;true;0;2,81;0
503;1,62;4,61;233;true;true;true;0;2,81;0
504;1,62;4,61;233;true;true;true;0;2,81;0
505;1,62;4,61;233;true;true;true;0;2,81;0
506;1,63;4,61;233;true;true;true;0;2,81;0
507;1,63;4,61;233;true;true;true;0;2,81;0
508;1,63;4,61;233;true;true;true;0;2,81;0
509;1,64;4,61;233;true;true;true;0;2,81;0
510;1,64;4,61;233;true;true;true;0;2,81;0
511;1,64;4,61;233;true;true;true;0;2,81;0
512;1,65;4,61;233;true;true;true;0;2,81;0
513;1,65;4,61;233;true;true;true;0;2,81;0
514;1,65;4,61;233;true;true;true;0;2,81;0
515;1,66;4,61;233;true;true;true;0;2,81;0
516;1,66;4,61;233;true;true;true;0;2,81;0
517;1,66;4,61;233;true;true;true;0;2,81;0
518;1,67;4,61;233;true;true;true;0;2,81;0
519;1,67;4,61;233;true;true;true;0;2,81;0
520;1,67;4,61;233;true;true;true;0;2,81;0
521;1,67;4,61;233;true;true;true;0;2,81;0
522;1,68;4,61;233;true;true;true;0;2,81;0
523;1,68;4,61;233;true;true;true;0;2,81;0
524;1,68;4,61;233;true;true;true;0;2,81;0
525;1,69;4,61;233;true;true;true;0;2,81;0
526;1,69;4,61;233;true;true;true;0;2,81;0
527;1,69;4,61;233;true;true;true;0;2,81;0
528;1,7;4,61;233;true;true;true;0;2,81;0
529;1,7;4,61;233;true;true;true;0;2,81;0
530;1,73;4,61;233;true;true;true;0;2,81;0
531;1,73;4,61;233;true;true;true;0;2,81;0
532;1,73;4,61;233;true;true;true;0;2,81;0
533;1,74;4,61;233;true;true;true;0;2,81;0
534;1,74;4,61;233;true;true;true;0;2,81;0
535;1,74;4,61;233;true;true;true;0;2,81;0
536;1,75;4,61;233;true;true;true;0;2,81;0
537;1,75;4,61;233;true;true;true;0;2,81;0
538;1,75;4,61;233;true;true;true;0;2,81;0
539;1,75;4,61;233;true;true;true;0;2,81;0
540;1,76;4,61;233;true;true;true;0;2,81;0
541;1,76;4,61;233;true;true;true;0;2,81;0
542;1,76;4,61;233;true;true;true;0;2,81;0
543;1,77;4,61;233;true;true;true;0;2,81;0
544;1,77;4,61;233;true;true;true;0;2,81;0
545;1,77;4,61;233;true;true;true;0;2,81;0
546;1,78;4,61;233;true;true;true;0;2,81;0
547;1,78;4,61;233;true;true;true;0;2,81;0
548;1,78;4,61;233;true;true;true;0;2,81;0
549;1,79;4,61;233;true;true;true;0;2,81;0
550;1,79;4,61;233;true;true;true;0;2,81;0
551;1,79;4,61;233;true;true;true;0;2,81;0
552;1,79;4,61;233;true;true;true;0;2,81;0
553;1,8;4,61;233;true;true;true;0;2,81;0
554;1,8;4,61;233;true;true;true;0;2,81;0
555;1,8;4,61;233;true;true;true;0;2,81;0
556;1,81;4,61;233;true;true;true;0;2,81;0
557;1,81;4,61;233;true;true;true;0;2,81;0
558;1,81;4,61;233;true;true;true;0;2,81;0
559;1,82;4,61;233;true;true;true;0;2,81;0
560;1,82;4,61;233;true;true;true;0;2,81;0
561;1,82;4,61;233;true;true;true;0;2,81;0
562;1,83;4,61;233;true;true;true;0;2,81;0
563;1,83;4,61;233;true;true;true;0;2,81;0
564;1,83;4,61;233;true;true;true;0;2,81;0
565;1,84;4,61;233;true;true;true;0;2,81;0
566;1,84;4,61;233;true;true;true;0;2,81;0
567;1,84;4,61;233;true;true;true;0;2,81;0
568;1,84;4,61;233;true;true;true;0;2,81;0
569;1,85;4,61;233;true;true;true;0;2,81;0
570;1,85;4,61;233;true;true;true;0;2,81;0
571;1,85;4,61;233;true;true;true;0;2,81;0
572;1,86;4,61;233;true;true;true;0;2,81;0
573;1,86;4,61;233;true;true;true;0;2,81;0
574;1,86;4,61;233;true;true;true;0;2,81;0
575;1,87;4,61;233;true;true;true;0;2,81;0
576;1,87;4,61;233;true;true;true;0;2,81;0
577;1,87;4,61;233;true;true;true;0;2,81;0
578;1,88;4,61;233;true;true;true;0;2,81;0
579;1,88;4,61;233;true;true;true;0;2,81;0
580;1,88;4,61;233;true;true;true;0;2,81;0
581;1,88;4,61;233;true;true;true;0;2,81;0
582;1,89;4,61;233;true;true;true;0;2,81;0
583;1,89;4,61;233;true;true;true;0;2,81;0
584;1,89;4,61;233;true;true;true;0;2,81;0
585;1,9;4,61;233;true;true;true;0;2,81;0
586;1,9;4,61;233;true;true;true;0;2,81;0
587;1,9;4,61;233;true;true;true;0;2,81;0
588;1,91;4,61;233;true;true;true;0;2,81;0
589;1,91;4,61;233;true;true;true;0;2,81;0
590;1,91;4,61;233;true;true;true;0;2,81;0
591;1,92;4,61;233;true;true;true;0;2,81;0
592;1,92;4,61;233;true;true;true;0;2,81;0
593;1,92;4,61;233;true;true;true;0;2,81;0
594;1,93;4,61;233;true;true;true;0;2,81;0
595;1,93;4,61;233;true;true;true;0;2,81;0
596;1,93;4,61;233;true;true;true;0;2,81;0
597;1,93;4,61;233;true;true;true;0;2,81;0
598;1,94;4,61;233;true;true;true;0;2,81;0
599;1,94;4,61;233;true;true;true;0;2,81;0
600;1,94;4,61;233;true;true;true;0;2,81;0
601;1,95;4,61;233;true;true;true;0;2,81;0
602;1,95;4,61;233;true;true;true;0;2,81;0
603;1,95;4,61;233;true;true;true;0;2,81;0
604;1,96;4,61;233;true;true;true;0;2,81;0
605;1,96;4,61;233;true;true;true;0;2,81;0
606;1,96;4,61;233;true;true;true;0;2,81;0
607;1,97;4,61;233;true;true;true;0;2,81;0
608;1,97;4,61;233;true;true;true;0;2,81;0
609;1,97;4,61;233;true;true;true;0;2,81;0
610;1,98;4,61;233;true;true;true;0;2,81;0
611;1,98;4,61;233;true;true;true;0;2,81;0
612;1,98;4,61;233;true;true;true;0;2,81;0
613;1,99;4,61;233;true;true;true;0;2,81;0
614;1,99;4,61;233;true;true;true;0;2,81;0
615;1,99;4,61;233;true;true;true;0;2,81;0
616;1,99;4,61;233;true;true;true;0;2,81;0
617;2;4,61;233;true;true;true;0;2,81;0
618;2;4,61;233;true;true;true;0;2,81;0
619;2;4,61;233;true;true;true;0;2,81;0
620;2,01;4,61;233;true;true;true;0;2,81;0
621;2,01;4,61;233;true;true;true;0;2,81;0
622;2,01;4,61;233;true;true;true;0;2,81;0
623;2,02;4,61;233;true;true;true;0;2,81;0
624;2,02;4,61;233;true;true;true;0;2,81;0
625;2,02;4,61;233;true;true;true;0;2,81;0
626;2,02;4,61;233;true;true;true;0;2,81;0
627;2,03;4,61;233;true;true;true;0;2,81;0
628;2,03;4,61;233;true;true;true;0;2,81;0
629;2,03;4,61;233;true;true;true;0;2,81;0
630;2,04;4,61;233;true;true;true;0;2,81;0
631;2,04;4,61;233;true;true;true;0;2,81;0
632;2,04;4,61;233;true;true;true;0;2,81;0
633;2,05;4,61;233;true;true;true;0;2,81;0
634;2,05;4,61;233;true;true;true;0;2,81;0
635;2,05;4,61;233;true;true;true;0;2,81;0
636;2,06;4,61;233;true;true;true;0;2,81;0
637;2,06;4,61;233;true;true;true;0;2,81;0
638;2,06;4,61;233;true;true;true;0;2,81;0
639;2,07;4,61;233;true;true;true;0;2,81;0
640;2,07;4,61;233;true;true;true;0;2,81;0
641;2,07;4,61;233;true;true;true;0;2,81;0
642;2,07;4,61;233;true;true;true;0;2,81;0
643;2,08;4,61;233;true;true;true;0;2,81;0
644;2,08;4,61;233;true;true;true;0;2,81;0
645;2,08;4,61;233;true;true;true;0;2,81;0
646;2,09;4,61;233;true;true;true;0;2,81;0
647;2,09;4,61;233;true;true;true;0;2,81;0
648;2,09;4,61;233;true;true;true;0;2,81;0
649;2,1;4,61;233;true;true;true;0;2,81;0
650;2,1;4,61;233;true;true;true;0;2,81;0
651;2,1;4,61;233;true;true;true;0;2,81;0
652;2,11;4,61;233;true;true;true;0;2,81;0
653;2,11;4,61;233;true;true;true;0;2,81;0
654;2,11;4,61;233;true;true;true;0;2,81;0
655;2,12;4,61;233;true;true;true;0;2,81;0
656;2,12;4,61;233;true;true;true;0;2,81;0
657;2,12;4,61;233;true;true;true;0;2,81;0
658;2,12;4,61;233;true;true;true;0;2,81;0
659;2,13;4,61;233;true;true;true;0;2,81;0
660;2,13;4,61;233;true;true;true;0;2,81;0
661;2,13;4,61;233;true;true;true;0;2,81;0
662;2,14;4,61;233;true;true;true;0;2,81;0
663;2,14;4,61;233;true;true;true;0;2,81;0
664;2,14;4,61;233;true;true;true;0;2,81;0
665;2,15;4,61;233;true;true;true;0;2,81;0
666;2,15;4,61;233;true;true;true;0;2,81;0
667;2,15;4,61;233;true;true;true;0;2,81;0
668;2,16;4,61;233;true;true;true;0;2,81;0
669;2,16;4,61;233;true;true;true;0;2,81;0
670;2,16;4,61;233;true;true;true;0;2,81;0
671;2,16;4,61;233;true;true;true;0;2,81;0
672;2,17;4,61;233;true;true;true;0;2,81;0
673;2,17;4,61;233;true;true;true;0;2,81;0
674;2,17;4,61;233;true;true;true;0;2,81;0
675;2,18;4,61;233;true;true;true;0;2,81;0
676;2,18;4,61;233;true;true;true;0;2,81;0
677;2,18;4,61;233;true;true;true;0;2,81;0
678;2,19;4,61;233;true;true;true;0;2,81;0
679;2,19;4,61;233;true;true;true;0;2,81;0
680;2,19;4,61;233;true;true;true;0;2,81;0
681;2,19;4,61;233;true;true;true;0;2,81;0
682;2,2;4,61;233;true;true;true;0;2,81;0
683;2,2;4,61;233;true;true;true;0;2,81;0
684;2,2;4,61;233;true;true;true;0;2,81;0
685;2,21;4,61;233;true;true;true;0;2,81;0
686;2,21;4,61;233;true;true;true;0;2,81;0
687;2,21;4,61;233;true;true;true;0;2,81;0
688;2,22;4,61;233;true;true;true;0;2,81;0
689;2,22;4,61;233;true;true;true;0;2,81;0
690;2,22;4,61;233;true;true;true;0;2,81;0
691;2,23;4,61;233;true;true;true;0;2,81;0
692;2,23;4,61;233;true;true;true;0;2,81;0
693;2,23;4,61;233;true;true;true;0;2,81;0
694;2,24;4,61;233;true;true;true;0;2,81;0
695;2,24;4,61;233;true;true;true;0;2,81;0
696;2,25;4,61;233;true;true;true;0;2,81;0
697;2,25;4,61;233;true;true;true;0;2,81;0
698;2,25;4,61;233;true;true;true;0;2,81;0
699;2,26;4,61;233;true;true;true;0;2,81;0
700;2,26;4,61;233;true;true;true;0;2,81;0
701;2,26;4,61;233;true;true;true;0;2,81;0
702;2,27;4,61;233;true;true;true;0;2,81;0
703;2,27;4,61;233;true;true;true;0;2,81;0
704;2,27;4,61;233;true;true;true;0;2,81;0
705;2,28;4,61;233;true;true;true;0;2,81;0
706;2,28;4,61;233;true;true;true;0;2,81;0
707;2,28;4,61;233;true;true;true;0;2,81;0
708;2,28;4,61;233;true;true;true;0;2,81;0
709;2,29;4,61;233;true;true;true;0;2,81;0
710;2,29;4,61;233;true;true;true;0;2,81;0
711;2,29;4,61;233;true;true;true;0;2,81;0
712;2,3;4,61;233;true;true;true;0;2,81;0
713;2,3;4,61;233;true;true;true;0;2,81;0
714;2,3;4,61;233;true;true;true;0;2,81;0
715;2,31;4,61;233;true;true;true;0;2,81;0
716;2,31;4,61;233;true;true;true;0;2,81;0
717;2,31;4,61;233;true;true;true;0;2,81;0
718;2,31;4,61;233;true;true;true;0;2,81;0
719;2,32;4,61;233;true;true;true;0;2,81;0
720;2,32;4,61;233;true;true;true;0;2,81;0
721;2,32;4,61;233;true;true;true;0;2,81;0
722;2,33;4,61;233;true;true;true;0;2,81;0
723;2,33;4,61;233;true;true;true;0;2,81;0
724;2,33;4,61;233;true;true;true;0;2,81;0
725;2,34;4,61;233;true;true;true;0;2,81;0
726;2,34;4,61;233;true;true;true;0;2,81;0
727;2,34;4,61;233;true;true;true;0;2,81;0
728;2,34;4,61;233;true;true;true;0;2,81;0
729;2,35;4,61;233;true;true;true;0;2,81;0
730;2,35;4,61;233;true;true;true;0;2,81;0
731;2,35;4,61;233;true;true;true;0;2,81;0
732;2,36;4,61;233;true;true;true;0;2,81;0
733;2,36;4,61;233;true;true;true;0;2,81;0
734;2,36;4,61;233;true;true;true;0;2,81;0
735;2,37;4,61;233;true;true;true;0;2,81;0
736;2,37;4,61;233;true;true;true;0;2,81;0
737;2,37;4,61;233;true;true;true;0;2,81;0
738;2,37;4,61;233;true;true;true;0;2,81;0
739;2,38;4,61;233;true;true;true;0;2,81;0
740;2,38;4,61;233;true;true;true;0;2,81;0
741;2,38;4,61;233;true;true;true;0;2,81;0
742;2,39;4,61;233;true;true;true;0;2,81;0
743;2,39;4,61;233;true;true;true;0;2,81;0
744;2,39;4,61;233;true;true;true;0;2,81;0
745;2,39;4,61;233;true;true;true;0;2,81;0
746;2,4;4,61;233;true;true;true;0;2,81;0
747;2,4;4,61;233;true;true;true;0;2,81;0
748;2,4;4,61;233;true;true;true;0;2,81;0
749;2,41;4,61;233;true;true;true;0;2,81;0
750;2,41;4,61;233;true;true;true;0;2,81;0
751;2,41;4,61;233;true;true;true;0;2,81;0
752;2,42;4,61;233;true;true;true;0;2,81;0
753;2,42;4,61;233;true;true;true;0;2,81;0
754;2,42;4,61;233;true;true;true;0;2,81;0
755;2,42;4,61;233;true;true;true;0;2,81;0
756;2,43;4,61;233;true;true;true;0;2,81;0
757;2,43;4,61;233;true;true;true;0;2,81;0
758;2,43;4,61;233;true;true;true;0;2,81;0
759;2,44;4,61;233;true;true;true;0;2,81;0
760;2,44;4,61;233;true;true;true;0;2,81;0
761;2,44;4,61;233;true;true;true;0;2,81;0
762;2,45;4,61;233;true;true;true;0;2,81;0
763;2,45;4,61;233;true;true;true;0;2,81;0
764;2,45;4,61;233;true;true;true;0;2,81;0
765;2,46;4,61;233;true;true;true;0;2,81;0
766;2,46;4,61;233;true;true;true;0;2,81;0
767;2,46;4,61;233;true;true;true;0;2,81;0
768;2,46;4,61;233;true;true;true;0;2,81;0
769;2,47;4,61;233;true;true;true;0;2,81;0
770;2,47;4,61;233;true;true;true;0;2,81;0
771;2,47;4,61;233;true;true;true;0;2,81;0
772;2,48;4,61;233;true;true;true;0;2,81;0
773;2,48;4,61;233;true;true;true;0;2,81;0
774;2,48;4,61;233;true;true;true;0;2,81;0
775;2,49;4,61;233;true;true;true;0;2,81;0
776;2,49;4,61;233;true;true;true;0;2,81;0
777;2,49;4,61;233;true;true;true;0;2,81;0
778;2,49;4,61;233;true;true;true;0;2,81;0
779;2,5;4,61;233;true;true;true;0;2,81;0
780;2,5;4,61;233;true;true;true;0;2,81;0
781;2,5;4,61;233;true;true;true;0;2,81;0
782;2,51;4,61;233;true;true;true;0;2,81;0
783;2,51;4,61;233;true;true;true;0;2,81;0
784;2,51;4,61;233;true;true;true;0;2,81;0
785;2,52;4,61;233;true;true;true;0;2,81;0
786;2,52;4,61;233;true;true;true;0;2,81;0
787;2,52;4,61;233;true;true;true;0;2,81;0
788;2,53;4,61;233;true;true;true;0;2,81;0
789;2,53;4,61;233;true;true;true;0;2,81;0
790;2,53;4,61;233;true;true;true;0;2,81;0
791;2,53;4,61;233;true;true;true;0;2,81;0
792;2,54;4,61;233;true;true;true;0;2,81;0
793;2,54;4,61;233;true;true;true;0;2,81;0
794;2,54;4,61;233;true;true;true;0;2,81;0
795;2,55;4,61;233;true;true;true;0;2,81;0
796;2,55;4,61;233;true;true;true;0;2,81;0
797;2,55;4,61;233;true;true;true;0;2,81;0
798;2,56;4,61;233;true;true;true;0;2,81;0
799;2,56;4,61;233;true;true;true;0;2,81;0
800;2,56;4,61;233;true;true;true;0;2,81;0
801;2,56;4,61;233;true;true;true;0;2,81;0
802;2,57;4,61;233;true;true;true;0;2,81;0
803;2,57;4,61;233;true;true;true;0;2,81;0
804;2,57;4,61;233;true;true;true;0;2,81;0
805;2,58;4,61;233;true;true;true;0;2,81;0
806;2,58;4,61;233;true;true;true;0;2,81;0
807;2,58;4,61;233;true;true;true;0;2,81;0
808;2,59;4,61;233;true;true;true;0;2,81;0
809;2,59;4,61;233;true;true;true;0;2,81;0
810;2,59;4,61;233;true;true;true;0;2,81;0
811;2,59;4,61;233;true;true;true;0;2,81;0
812;2,6;4,61;233;true;true;true;0;2,81;0
813;2,6;4,61;233;true;true;true;0;2,81;0
814;2,6;4,61;233;true;true;true;0;2,81;0
815;2,61;4,61;233;true;true;true;0;2,81;0
816;2,61;4,61;233;true;true;true;0;2,81;0
817;2,61;4,61;233;true;true;true;0;2,81;0
818;2,62;4,61;233;true;true;true;0;2,81;0
819;2,62;4,61;233;true;true;true;0;2,81;0
820;2,62;4,61;233;true;true;true;0;2,81;0
821;2,62;4,61;233;true;true;true;0;2,81;0
822;2,63;4,61;233;true;true;true;0;2,81;0
823;2,63;4,61;233;true;true;true;0;2,81;0
824;2,63;4,61;233;true;true;true;0;2,81;0
825;2,64;4,61;233;true;true;true;0;2,81;0
826;2,64;4,61;233;true;true;true;0;2,81;0
827;2,64;4,61;233;true;true;true;0;2,81;0
828;2,64;4,61;233;true;true;true;0;2,81;0
829;2,65;4,61;233;true;true;true;0;2,81;0
830;2,65;4,61;233;true;true;true;0;2,81;0
831;2,65;4,61;233;true;true;true;0;2,81;0
832;2,66;4,61;233;true;true;true;0;2,81;0
833;2,66;4,61;233;true;true;true;0;2,81;0
834;2,66;4,61;233;true;true;true;0;2,81;0
835;2,67;4,61;233;true;true;true;0;2,81;0
836;2,67;4,61;233;true;true;true;0;2,81;0
837;2,67;4,61;233;true;true;true;0;2,81;0
838;2,68;4,61;233;true;true;true;0;2,81;0
839;2,68;4,61;233;true;true;true;0;2,81;0
840;2,68;4,61;233;true;true;true;0;2,81;0
841;2,68;4,61;233;true;true;true;0;2,81;0
842;2,69;4,61;233;true;true;true;0;2,81;0
843;2,69;4,61;233;true;true;true;0;2,81;0
844;2,69;4,61;233;true;true;true;0;2,81;0
845;2,7;4,61;233;true;true;true;0;2,81;0
846;2,7;4,61;233;true;true;true;0;2,81;0
847;2,7;4,61;233;true;true;true;0;2,81;0
848;2,71;4,61;233;true;true;true;0;2,81;0
849;2,71;4,61;233;true;true;true;0;2,81;0
850;2,71;4,61;233;true;true;true;0;2,81;0
851;2,71;4,61;233;true;true;true;0;2,81;0
852;2,72;4,61;233;true;true;true;0;2,81;0
853;2,72;4,61;233;true;true;true;0;2,81;0
854;2,72;4,61;233;true;true;true;0;2,81;0
855;2,73;4,61;233;true;true;true;0;2,81;0
856;2,73;4,61;233;true;true;true;0;2,81;0
857;2,73;4,61;233;true;true;true;0;2,81;0
858;2,74;4,61;233;true;true;true;0;2,81;0
859;2,74;4,61;233;true;true;true;0;2,81;0
860;2,74;4,61;233;true;true;true;0;2,81;0
861;2,75;4,61;233;true;true;true;0;2,81;0
862;2,75;4,61;233;true;true;true;0;2,81;0
863;2,75;4,61;233;true;true;true;0;2,81;0
864;2,76;4,61;233;true;true;true;0;2,81;0
865;2,76;4,61;233;true;true;true;0;2,81;0
866;2,76;4,61;233;true;true;true;0;2,81;0
867;2,77;4,61;233;true;true;true;0;2,81;0
868;2,77;4,61;233;true;true;true;0;2,81;0
869;2,77;4,61;233;true;true;true;0;2,81;0
870;2,77;4,61;233;true;true;true;0;2,81;0
871;2,78;4,61;233;true;true;true;0;2,81;0
872;2,78;4,61;233;true;true;true;0;2,81;0
873;2,78;4,61;233;true;true;true;0;2,81;0
874;2,79;4,61;233;true;true;true;0;2,81;0
875;2,79;4,61;233;true;true;true;0;2,81;0
876;2,79;4,61;233;true;true;true;0;2,81;0
877;2,8;4,61;233;true;true;true;0;2,81;0
878;2,8;4,61;233;true;true;true;0;2,81;0
879;2,8;4,61;233;true;true;true;0;2,81;0
880;2,81;4,61;233;true;true;true;0;2,81;0
881;2,81;4,61;233;true;true;true;0;2,81;0
882;2,81;4,61;233;true;true;true;0;2,81;0
883;2,82;4,61;233;true;true;true;0;2,81;0
884;2,82;4,61;233;true;true;true;0;2,81;0
885;2,82;4,61;233;true;true;true;0;2,81;0
886;2,82;4,61;233;true;true;true;0;2,81;0
887;2,83;4,61;233;true;true;true;0;2,81;0
888;2,83;4,61;233;true;true;true;0;2,81;0
889;2,83;4,61;233;true;true;true;0;2,81;0
890;2,84;4,61;233;true;true;true;0;2,81;0
891;2,84;4,61;233;true;true;true;0;2,81;0
892;2,84;4,61;233;true;true;true;0;2,81;0
893;2,85;4,61;233;true;true;true;0;2,81;0
894;2,85;4,61;233;true;true;true;0;2,81;0
895;2,85;4,61;233;true;true;true;0;2,81;0
896;2,85;4,61;233;true;true;true;0;2,81;0
897;2,86;4,61;233;true;true;true;0;2,81;0
898;2,86;4,61;233;true;true;true;0;2,81;0
899;2,86;4,61;233;true;true;true;0;2,81;0
900;2,87;4,61;233;true;true;true;0;2,81;0
901;2,87;4,61;233;true;true;true;0;2,81;0
902;2,87;4,61;233;true;true;true;0;2,81;0
903;2,88;4,61;233;true;true;true;0;2,81;0
904;2,88;4,61;233;true;true;true;0;2,81;0
905;2,88;4,61;233;true;true;true;0;2,81;0
906;2,88;4,61;233;true;true;true;0;2,81;0
907;2,89;4,61;233;true;true;true;0;2,81;0
908;2,89;4,61;233;true;true;true;0;2,81;0
909;2,89;4,61;233;true;true;true;0;2,81;0
910;2,9;4,61;233;true;true;true;0;2,81;0
911;2,9;4,61;233;true;true;true;0;2,81;0
912;2,9;4,61;233;true;true;true;0;2,81;0
913;2,91;4,61;233;true;true;true;0;2,81;0
914;2,91;4,61;233;true;true;true;0;2,81;0
915;2,91;4,61;233;true;true;true;0;2,81;0
916;2,92;4,61;233;true;true;true;0;2,81;0
917;2,92;4,61;233;true;true;true;0;2,81;0
918;2,92;4,61;233;true;true;true;0;2,81;0
919;2,92;4,61;233;true;true;true;0;2,81;0
920;2,93;4,61;233;true;true;true;0;2,81;0
921;2,93;4,61;233;true;true;true;0;2,81;0
922;2,93;4,61;233;true;true;true;0;2,81;0
923;2,94;4,61;233;true;true;true;0;2,81;0
924;2,94;4,61;233;true;true;true;0;2,81;0
925;2,94;4,61;233;true;true;true;0;2,81;0
926;2,95;4,61;233;true;true;true;0;2,81;0
927;2,95;4,61;233;true;true;true;0;2,81;0
928;2,95;4,61;233;true;true;true;0;2,81;0
929;2,95;4,61;233;true;true;true;0;2,81;0
930;2,96;4,61;233;true;true;true;0;2,81;0
931;2,96;4,61;233;true;true;true;0;2,81;0
932;2,96;4,61;233;true;true;true;0;2,81;0
933;2,97;4,61;233;true;true;true;0;2,81;0
934;2,97;4,61;233;true;true;true;0;2,81;0
935;2,97;4,61;233;true;true;true;0;2,81;0
936;2,98;4,61;233;true;true;true;0;2,81;0
937;2,98;4,61;233;true;true;true;0;2,81;0
938;2,98;4,61;233;true;true;true;0;2,81;0
939;2,99;4,61;233;true;true;true;0;2,81;0
940;2,99;4,61;233;true;true;true;0;2,81;0
941;2,99;4,61;233;true;true;true;0;2,81;0
942;3;4,61;233;true;true;true;0;2,81;0
943;3;4,61;233;true;true;true;0;2,81;0
944;3;4,61;233;true;true;true;0;2,81;0
945;3,01;4,61;233;true;true;true;0;2,81;0
946;3,01;4,61;233;true;true;true;0;2,81;0
947;3,01;4,61;233;true;true;true;0;2,81;0
948;3,02;4,61;233;true;true;true;0;2,81;0
949;3,02;4,61;233;true;true;true;0;2,81;0
950;3,02;4,61;233;true;true;true;0;2,81;0
951;3,03;4,61;233;true;true;true;0;2,81;0
952;3,03;4,61;233;true;true;true;0;2,81;0
953;3,03;4,61;233;true;true;true;0;2,81;0
954;3,03;4,61;233;true;true;true;0;2,81;0
955;3,04;4,61;233;true;true;true;0;2,81;0
956;3,04;4,61;233;true;true;true;0;2,81;0
957;3,04;4,61;233;true;true;true;0;2,81;0
958;3,05;4,61;233;true;true;true;0;2,81;0
959;3,05;4,61;233;true;true;true;0;2,81;0
960;3,05;4,61;233;true;true;true;0;2,81;0
961;3,06;4,61;233;true;true;true;0;2,81;0
962;3,06;4,61;233;true;true;true;0;2,81;0
963;3,06;4,61;233;true;true;true;0;2,81;0
964;3,07;4,61;233;true;true;true;0;2,81;0
965;3,07;4,61;233;true;true;true;0;2,81;0
966;3,07;4,61;233;true;true;true;0;2,81;0
967;3,07;4,61;233;true;true;true;0;2,81;0
968;3,08;4,61;233;true;true;true;0;2,81;0
969;3,08;4,61;233;true;true;true;0;2,81;0
970;3,08;4,61;233;true;true;true;0;2,81;0
971;3,09;4,61;233;true;true;true;0;2,81;0
972;3,09;4,61;233;true;true;true;0;2,81;0
973;3,09;4,61;233;true;true;true;0;2,81;0
974;3,1;4,61;233;true;true;true;0;2,81;0
975;3,1;4,61;233;true;true;true;0;2,81;0
976;3,1;4,61;233;true;true;true;0;2,81;0
977;3,11;4,61;233;true;true;true;0;2,81;0
978;3,11;4,61;233;true;true;true;0;2,81;0
979;3,11;4,61;233;true;true;true;0;2,81;0
980;3,11;4,61;233;true;true;true;0;2,81;0
981;3,12;4,61;233;true;true;true;0;2,81;0
982;3,12;4,61;233;true;true;true;0;2,81;0
983;3,12;4,61;233;true;true;true;0;2,81;0
984;3,13;4,61;233;true;true;true;0;2,81;0
985;3,13;4,61;233;true;true;true;0;2,81;0
986;3,13;4,61;233;true;true;true;0;2,81;0
987;3,13;4,61;233;true;true;true;0;2,81;0
988;3,14;4,61;233;true;true;true;0;2,81;0
989;3,14;4,61;233;true;true;true;0;2,81;0
990;3,14;4,61;233;true;true;true;0;2,81;0
991;3,15;4,61;233;true;true;true;0;2,81;0
992;3,15;4,61;233;true;true;true;0;2,81;0
993;3,15;4,61;233;true;true;true;0;2,81;0
994;3,16;4,61;233;true;true;true;0;2,81;0
995;3,16;4,61;233;true;true;true;0;2,81;0
996;3,16;4,61;233;true;true;true;0;2,81;0
997;3,17;4,61;233;true;true;true;0;2,81;0
998;3,17;4,61;233;true;true;true;0;2,81;0
999;3,17;4,61;233;true;true;true;0;2,81;0
1000;3,17;4,61;233;true;true;true;0;2,81;0
1001;3,18;4,61;233;true;true;true;0;2,81;0
1002;3,18;4,61;233;true;true;true;0;2,81;0
1003;3,18;4,61;233;true;true;true;0;2,81;0
1004;3,19;4,61;233;true;true;true;0;2,81;0
1005;3,19;4,61;233;true;true;true;0;2,81;0
1006;3,19;4,61;233;true;true;true;0;2,81;0
1007;3,2;4,61;233;true;true;true;0;2,81;0
1008;3,2;4,61;233;true;true;true;0;2,81;0
1009;3,2;4,61;233;true;true;true;0;2,81;0
1010;3,21;4,61;233;true;true;true;0;2,81;0
1011;3,21;4,61;233;true;true;true;0;2,81;0
1012;3,21;4,61;233;true;true;true;0;2,81;0
1013;3,22;4,61;233;true;true;true;0;2,81;0
1014;3,22;4,61;233;true;true;true;0;2,81;0
1015;3,22;4,61;233;true;true;true;0;2,81;0
1016;3,22;4,61;233;true;true;true;0;2,81;0
1017;3,23;4,61;233;true;true;true;0;2,81;0
1018;3,23;4,61;233;true;true;true;0;2,81;0
1019;3,23;4,61;233;true;true;true;0;2,81;0
1020;3,24;4,61;233;true;true;true;0;2,81;0
1021;3,24;4,61;233;true;true;true;0;2,81;0
1022;3,24;4,61;233;true;true;true;0;2,81;0
1023;3,25;4,61;233;true;true;true;0;2,81;0
1024;3,25;4,61;233;true;true;true;0;2,81;0
1025;3,25;4,61;233;true;true;true;0;2,81;0
1026;3,26;4,61;233;true;true;true;0;2,81;0
1027;3,26;4,61;233;true;true;true;0;2,81;0
1028;3,26;4,61;233;true;true;true;0;2,81;0
1029;3,26;4,61;233;true;true;true;0;2,81;0
1030;3,27;4,61;233;true;true;true;0;2,81;0
1031;3,27;4,61;233;true;true;true;0;2,81;0
1032;3,27;4,61;233;true;true;true;0;2,81;0
1033;3,28;4,61;233;true;true;true;0;2,81;0
1034;3,28;4,61;233;true;true;true;0;2,81;0
1035;3,28;4,61;233;true;true;true;0;2,81;0
1036;3,29;4,61;233;true;true;true;0;2,81;0
1037;3,29;4,61;233;true;true;true;0;2,81;0
1038;3,29;4,61;233;true;true;true;0;2,81;0
1039;3,29;4,61;233;true;true;true;0;2,81;0
1040;3,3;4,61;233;true;true;true;0;2,81;0
1041;3,3;4,61;233;true;true;true;0;2,81;0
1042;3,3;4,61;233;true;true;true;0;2,81;0
1043;3,31;4,61;233;true;true;true;0;2,81;0
1044;3,31;4,61;233;true;true;true;0;2,81;0
1045;3,31;4,61;233;true;true;true;0;2,81;0
1046;3,32;4,61;233;true;true;true;0;2,81;0
1047;3,32;4,61;233;true;true;true;0;2,81;0
1048;3,32;4,61;233;true;true;true;0;2,81;0
1049;3,32;4,61;233;true;true;true;0;2,81;0
1050;3,33;4,61;233;true;true;true;0;2,81;0
1051;3,33;4,61;233;true;true;true;0;2,81;0
1052;3,33;4,61;233;true;true;true;0;2,81;0
1053;3,34;4,61;233;true;true;true;0;2,81;0
1054;3,34;4,61;233;true;true;true;0;2,81;0
1055;3,34;4,61;233;true;true;true;0;2,81;0
1056;3,35;4,61;233;true;true;true;0;2,81;0
1057;3,35;4,61;233;true;true;true;0;2,81;0
1058;3,35;4,61;233;true;true;true;0;2,81;0
1059;3,35;4,61;233;true;true;true;0;2,81;0
1060;3,36;4,61;233;true;true;true;0;2,81;0
1061;3,36;4,61;233;true;true;true;0;2,81;0
1062;3,37;4,61;233;true;true;true;0;2,81;0
1063;3,37;4,61;233;true;true;true;0;2,81;0
1064;3,37;4,61;233;true;true;true;0;2,81;0
1065;3,37;4,61;233;true;true;true;0;2,81;0
1066;3,38;4,61;233;true;true;true;0;2,81;0
1067;3,38;4,61;233;true;true;true;0;2,81;0
1068;3,38;4,61;233;true;true;true;0;2,81;0
1069;3,39;4,61;233;true;true;true;0;2,81;0
1070;3,39;4,61;233;true;true;true;0;2,81;0
1071;3,39;4,61;233;true;true;true;0;2,81;0
1072;3,39;4,61;233;true;true;true;0;2,81;0
1073;3,4;4,61;233;true;true;true;0;2,81;0
1074;3,4;4,61;233;true;true;true;0;2,81;0
1075;3,4;4,61;233;true;true;true;0;2,81;0
1076;3,41;4,61;233;true;true;true;0;2,81;0
1077;3,41;4,61;233;true;true;true;0;2,81;0
1078;3,41;4,61;233;true;true;true;0;2,81;0
1079;3,42;4,61;233;true;true;true;0;2,81;0
1080;3,42;4,61;233;true;true;true;0;2,81;0
1081;3,42;4,61;233;true;true;true;0;2,81;0
1082;3,43;4,61;233;true;true;true;0;2,81;0
1083;3,43;4,61;233;true;true;true;0;2,81;0
1084;3,43;4,61;233;true;true;true;0;2,81;0
1085;3,44;4,61;233;true;true;true;0;2,81;0
1086;3,44;4,61;233;true;true;true;0;2,81;0
1087;3,44;4,61;233;true;true;true;0;2,81;0
1088;3,45;4,61;233;true;true;true;0;2,81;0
1089;3,45;4,61;233;true;true;true;0;2,81;0
1090;3,45;4,61;233;true;true;true;0;2,81;0
1091;3,45;4,61;233;true;true;true;0;2,81;0
1092;3,46;4,61;233;true;true;true;0;2,81;0
1093;3,46;4,61;233;true;true;true;0;2,81;0
1094;3,46;4,61;233;true;true;true;0;2,81;0
1095;3,47;4,61;233;true;true;true;0;2,81;0
1096;3,47;4,61;233;true;true;true;0;2,81;0
1097;3,47;4,61;233;true;true;true;0;2,81;0
1098;3,48;4,61;233;true;true;true;0;2,81;0
1099;3,48;4,61;233;true;true;true;0;2,81;0
1100;3,48;4,61;233;true;true;true;0;2,81;0
1101;3,49;4,61;233;true;true;true;0;2,81;0
1102;3,49;4,61;233;true;true;true;0;2,81;0
1103;3,49;4,61;233;true;true;true;0;2,81;0
1104;3,5;4,61;233;true;true;true;0;2,81;0
1105;3,5;4,61;233;true;true;true;0;2,81;0
1106;3,5;4,61;233;true;true;true;0;2,81;0
1107;3,51;4,61;233;true;true;true;0;2,81;0
1108;3,51;4,61;233;true;true;true;0;2,81;0
1109;3,51;4,61;233;true;true;true;0;2,81;0
1110;3,52;4,61;233;true;true;true;0;2,81;0
1111;3,52;4,61;233;true;true;true;0;2,81;0
1112;3,52;4,61;233;true;true;true;0;2,81;0
1113;3,52;4,61;233;true;true;true;0;2,81;0
1114;3,53;4,61;233;true;true;true;0;2,81;0
1115;3,53;4,61;233;true;true;true;0;2,81;0
1116;3,53;4,61;233;true;true;true;0;2,81;0
1117;3,54;4,61;233;true;true;true;0;2,81;0
1118;3,54;4,61;233;true;true;true;0;2,81;0
1119;3,54;4,61;233;true;true;true;0;2,81;0
1120;3,55;4,61;233;true;true;true;0;2,81;0
1121;3,55;4,61;233;true;true;true;0;2,81;0
1122;3,55;4,61;233;true;true;true;0;2,81;0
1123;3,56;4,61;233;true;true;true;0;2,81;0
1124;3,56;4,61;233;true;true;true;0;2,81;0
1125;3,56;4,61;233;true;true;true;0;2,81;0
1126;3,56;4,61;233;true;true;true;0;2,81;0
1127;3,57;4,61;233;true;true;true;0;2,81;0
1128;3,57;4,61;233;true;true;true;0;2,81;0
1129;3,57;4,61;233;true;true;true;0;2,81;0
1130;3,58;4,61;233;true;true;true;0;2,81;0
1131;3,58;4,61;233;true;true;true;0;2,81;0
1132;3,58;4,61;233;true;true;true;0;2,81;0
1133;3,59;4,61;233;true;true;true;0;2,81;0
1134;3,59;4,61;233;true;true;true;0;2,81;0
1135;3,59;4,61;233;true;true;true;0;2,81;0
1136;3,59;4,61;233;true;true;true;0;2,81;0
1137;3,6;4,61;233;true;true;true;0;2,81;0
1138;3,6;4,61;233;true;true;true;0;2,81;0
1139;3,6;4,61;233;true;true;true;0;2,81;0
1140;3,61;4,61;233;true;true;true;0;2,81;0
1141;3,61;4,61;233;true;true;true;0;2,81;0
1142;3,61;4,61;233;true;true;true;0;2,81;0
1143;3,62;4,61;233;true;true;true;0;2,81;0
1144;3,62;4,61;233;true;true;true;0;2,81;0
1145;3,62;4,61;233;true;true;true;0;2,81;0
1146;3,62;4,61;233;true;true;true;0;2,81;0
1147;3,63;4,61;233;true;true;true;0;2,81;0
1148;3,63;4,61;233;true;true;true;0;2,81;0
1149;3,63;4,61;233;true;true;true;0;2,81;0
1150;3,64;4,61;233;true;true;true;0;2,81;0
1151;3,64;4,61;233;true;true;true;0;2,81;0
1152;3,64;4,61;233;true;true;true;0;2,81;0
1153;3,65;4,61;233;true;true;true;0;2,81;0
1154;3,65;4,61;233;true;true;true;0;2,81;0
1155;3,65;4,61;233;true;true;true;0;2,81;0
1156;3,65;4,61;233;true;true;true;0;2,81;0
1157;3,66;4,61;233;true;true;true;0;2,81;0
1158;3,66;4,61;233;true;true;true;0;2,81;0
1159;3,66;4,61;233;true;true;true;0;2,81;0
1160;3,67;4,61;233;true;true;true;0;2,81;0
1161;3,67;4,61;233;true;true;true;0;2,81;0
1162;3,67;4,61;233;true;true;true;0;2,81;0
1163;3,68;4,61;233;true;true;true;0;2,81;0
1164;3,68;4,61;233;true;true;true;0;2,81;0
1165;3,68;4,61;233;true;true;true;0;2,81;0
1166;3,69;4,61;233;true;true;true;0;2,81;0
1167;3,69;4,61;233;true;true;true;0;2,81;0
1168;3,69;4,61;233;true;true;true;0;2,81;0
1169;3,7;4,61;233;true;true;true;0;2,81;0
1170;3,7;4,61;233;true;true;true;0;2,81;0
1171;3,7;4,61;233;true;true;true;0;2,81;0
1172;3,7;4,61;233;true;true;true;0;2,81;0
1173;3,71;4,61;233;true;true;true;0;2,81;0
1174;3,71;4,61;233;true;true;true;0;2,81;0
1175;3,71;4,61;233;true;true;true;0;2,81;0
1176;3,72;4,61;233;true;true;true;0;2,81;0
1177;3,72;4,61;233;true;true;true;0;2,81;0
1178;3,72;4,61;233;true;true;true;0;2,81;0
1179;3,73;4,61;233;true;true;true;0;2,81;0
1180;3,73;4,61;233;true;true;true;0;2,81;0
1181;3,73;4,61;233;true;true;true;0;2,81;0
1182;3,74;4,61;233;true;true;true;0;2,81;0
1183;3,74;4,61;233;true;true;true;0;2,81;0
1184;3,74;4,61;233;true;true;true;0;2,81;0
1185;3,75;4,61;233;true;true;true;0;2,81;0
1186;3,75;4,61;233;true;true;true;0;2,81;0
1187;3,75;4,61;233;true;true;true;0;2,81;0
1188;3,76;4,61;233;true;true;true;0;2,81;0
1189;3,76;4,61;233;true;true;true;0;2,81;0
1190;3,76;4,61;233;true;true;true;0;2,81;0
1191;3,76;4,61;233;true;true;true;0;2,81;0
1192;3,77;4,61;233;true;true;true;0;2,81;0
1193;3,77;4,61;233;true;true;true;0;2,81;0
1194;3,77;4,61;233;true;true;true;0;2,81;0
1195;3,78;4,61;233;true;true;true;0;2,81;0
1196;3,78;4,61;233;true;true;true;0;2,81;0
1197;3,78;4,61;233;true;true;true;0;2,81;0
1198;3,79;4,61;233;true;true;true;0;2,81;0
1199;3,79;4,61;233;true;true;true;0;2,81;0
1200;3,79;4,61;233;true;true;true;0;2,81;0
1201;3,79;4,61;233;true;true;true;0;2,81;0
1202;3,8;4,61;233;true;true;true;0;2,81;0
1203;3,8;4,61;233;true;true;true;0;2,81;0
1204;3,8;4,61;233;true;true;true;0;2,81;0
1205;3,81;4,61;233;true;true;true;0;2,81;0
1206;3,81;4,61;233;true;true;true;0;2,81;0
1207;3,81;4,61;233;true;true;true;0;2,81;0
1208;3,82;4,61;233;true;true;true;0;2,81;0
1209;3,82;4,61;233;true;true;true;0;2,81;0
1210;3,82;4,61;233;true;true;true;0;2,81;0
1211;3,82;4,61;233;true;true;true;0;2,81;0
1212;3,83;4,61;233;true;true;true;0;2,81;0
1213;3,83;4,61;233;true;true;true;0;2,81;0
1214;3,83;4,61;233;true;true;true;0;2,81;0
1215;3,84;4,61;233;true;true;true;0;2,81;0
1216;3,84;4,61;233;true;true;true;0;2,81;0
1217;3,84;4,61;233;true;true;true;0;2,81;0
1218;3,85;4,61;233;true;true;true;0;2,81;0
1219;3,85;4,61;233;true;true;true;0;2,81;0
1220;3,85;4,61;233;true;true;true;0;2,81;0
1221;3,85;4,61;233;true;true;true;0;2,81;0
1222;3,86;4,61;233;true;true;true;0;2,81;0
1223;3,86;4,61;233;true;true;true;0;2,81;0
1224;3,86;4,61;233;true;true;true;0;2,81;0
1225;3,87;4,61;233;true;true;true;0;2,81;0
1226;3,87;4,61;233;true;true;true;0;2,81;0
1227;3,87;4,61;233;true;true;true;0;2,81;0
1228;3,88;4,61;233;true;true;true;0;2,81;0
1229;3,88;4,61;233;true;true;true;0;2,81;0
1230;3,88;4,61;233;true;true;true;0;2,81;0
1231;3,88;4,61;233;true;true;true;0;2,81;0
1232;3,89;4,61;233;true;true;true;0;2,81;0
1233;3,89;4,61;233;true;true;true;0;2,81;0
1234;3,89;4,61;233;true;true;true;0;2,81;0
1235;3,9;4,61;233;true;true;true;0;2,81;0
1236;3,9;4,61;233;true;true;true;0;2,81;0
1237;3,9;4,61;233;true;true;true;0;2,81;0
1238;3,9;4,61;233;true;true;true;0;2,81;0
1239;3,91;4,61;233;true;true;true;0;2,81;0
1240;3,91;4,61;233;true;true;true;0;2,81;0
1241;3,91;4,61;233;true;true;true;0;2,81;0
1242;3,92;4,61;233;true;true;true;0;2,81;0
1243;3,92;4,61;233;true;true;true;0;2,81;0
1244;3,92;4,61;233;true;true;true;0;2,81;0
1245;3,93;4,61;233;true;true;true;0;2,81;0
1246;3,93;4,61;233;true;true;true;0;2,81;0
1247;3,93;4,61;233;true;true;true;0;2,81;0
1248;3,93;4,61;233;true;true;true;0;2,81;0
1249;3,94;4,61;233;true;true;true;0;2,81;0
1250;3,94;4,61;233;true;true;true;0;2,81;0
1251;3,94;4,61;233;true;true;true;0;2,81;0
1252;3,95;4,61;233;true;true;true;0;2,81;0
1253;3,95;4,61;233;true;true;true;0;2,81;0
1254;3,95;4,61;233;true;true;true;0;2,81;0
1255;3,96;4,61;233;true;true;true;0;2,81;0
1256;3,96;4,61;233;true;true;true;0;2,81;0
1257;3,96;4,61;233;true;true;true;0;2,81;0
1258;3,96;4,61;233;true;true;true;0;2,81;0
1259;3,97;4,61;233;true;true;true;0;2,81;0
1260;3,97;4,61;233;true;true;true;0;2,81;0
1261;3,97;4,61;233;true;true;true;0;2,81;0
1262;3,98;4,61;233;true;true;true;0;2,81;0
1263;3,98;4,61;233;true;true;true;0;2,81;0
1264;3,98;4,61;233;true;true;true;0;2,81;0
1265;3,99;4,61;233;true;true;true;0;2,81;0
1266;3,99;4,61;233;true;true;true;0;2,81;0
1267;3,99;4,61;233;true;true;true;0;2,81;0
1268;3,99;4,61;233;true;true;true;0;2,81;0
1269;4;4,61;233;true;true;true;0;2,81;0
1270;4;4,61;233;true;true;true;0;2,81;0
1271;4;4,61;233;true;true;true;0;2,81;0
1272;4,01;4,61;233;true;true;true;0;2,81;0
1273;4,01;4,61;233;true;true;true;0;2,81;0
1274;4,01;4,61;233;true;true;true;0;2,81;0
1275;4,02;4,61;233;true;true;true;0;2,81;0
1276;4,02;4,61;233;true;true;true;0;2,81;0
1277;4,02;4,61;233;true;true;true;0;2,81;0
1278;4,03;4,61;233;true;true;true;0;2,81;0
1279;4,03;4,61;233;true;true;true;0;2,81;0
1280;4,03;4,61;233;true;true;true;0;2,81;0
1281;4,03;4,61;233;true;true;true;0;2,81;0
1282;4,04;4,61;233;true;true;true;0;2,81;0
1283;4,04;4,61;233;true;true;true;0;2,81;0
1284;4,04;4,61;233;true;true;true;0;2,81;0
1285;4,05;4,61;233;true;true;true;0;2,81;0
1286;4,05;4,61;233;true;true;true;0;2,81;0
1287;4,05;4,61;233;true;true;true;0;2,81;0
1288;4,06;4,61;233;true;true;true;0;2,81;0
1289;4,06;4,61;233;true;true;true;0;2,81;0
1290;4,06;4,61;233;true;true;true;0;2,81;0
1291;4,07;4,61;233;true;true;true;0;2,81;0
1292;4,07;4,61;233;true;true;true;0;2,81;0
1293;4,07;4,61;233;true;true;true;0;2,81;0
1294;4,07;4,61;233;true;true;true;0;2,81;0
1295;4,08;4,61;233;true;true;true;0;2,81;0
1296;4,08;4,61;233;true;true;true;0;2,81;0
1297;4,08;4,61;233;true;true;true;0;2,81;0
1298;4,09;4,61;233;true;true;true;0;2,81;0
1299;4,09;4,61;233;true;true;true;0;2,81;0
1300;4,09;4,61;233;true;true;true;0;2,81;0
1301;4,09;4,61;233;true;true;true;0;2,81;0
1302;4,1;4,61;233;true;true;true;0;2,81;0
1303;4,1;4,61;233;true;true;true;0;2,81;0
1304;4,1;4,61;233;true;true;true;0;2,81;0
1305;4,11;4,61;233;true;true;true;0;2,81;0
1306;4,11;4,61;233;true;true;true;0;2,81;0
1307;4,11;4,61;233;true;true;true;0;2,81;0
1308;4,12;4,61;233;true;true;true;0;2,81;0
1309;4,12;4,61;233;true;true;true;0;2,81;0
1310;4,12;4,61;233;true;true;true;0;2,81;0
1311;4,12;4,61;233;true;true;true;0;2,81;0
1312;4,13;4,61;233;true;true;true;0;2,81;0
1313;4,13;4,61;233;true;true;true;0;2,81;0
1314;4,13;4,61;233;true;true;true;0;2,81;0
1315;4,14;4,61;233;true;true;true;0;2,81;0
1316;4,14;4,61;233;true;true;true;0;2,81;0
1317;4,14;4,61;233;true;true;true;0;2,81;0
1318;4,15;4,61;233;true;true;true;0;2,81;0
1319;4,15;4,61;233;true;true;true;0;2,81;0
1320;4,15;4,61;233;true;true;true;0;2,81;0
1321;4,16;4,61;233;true;true;true;0;2,81;0
1322;4,16;4,61;233;true;true;true;0;2,81;0
1323;4,16;4,61;233;true;true;true;0;2,81;0
1324;4,16;4,61;233;true;true;true;0;2,81;0
1325;4,17;4,61;233;true;true;true;0;2,81;0
1326;4,17;4,61;233;true;true;true;0;2,81;0
1327;4,18;4,61;233;true;true;true;0;2,81;0
1328;4,18;4,61;233;true;true;true;0;2,81;0
1329;4,18;4,61;233;true;true;true;0;2,81;0
1330;4,18;4,61;233;true;true;true;0;2,81;0
1331;4,19;4,61;233;true;true;true;0;2,81;0
1332;4,19;4,61;233;true;true;true;0;2,81;0
1333;4,19;4,61;233;true;true;true;0;2,81;0
1334;4,2;4,61;233;true;true;true;0;2,81;0
1335;4,2;4,61;233;true;true;true;0;2,81;0
1336;4,2;4,61;233;true;true;true;0;2,81;0
1337;4,2;4,61;233;true;true;true;0;2,81;0
1338;4,21;4,61;233;true;true;true;0;2,81;0
1339;4,21;4,61;233;true;true;true;0;2,81;0
1340;4,22;4,61;233;true;true;true;0;2,81;0
1341;4,22;4,61;233;true;true;true;0;2,81;0
1342;4,22;4,61;233;true;true;true;0;2,81;0
1343;4,22;4,61;233;true;true;true;0;2,81;0
1344;4,23;4,61;233;true;true;true;0;2,81;0
1345;4,23;4,61;233;true;true;true;0;2,81;0
1346;4,23;4,61;233;true;true;true;0;2,81;0
1347;4,24;4,61;233;true;true;true;0;2,81;0
1348;4,24;4,61;233;true;true;true;0;2,81;0
1349;4,24;4,61;233;true;true;true;0;2,81;0
1350;4,25;4,61;233;true;true;true;0;2,81;0
1351;4,25;4,61;233;true;true;true;0;2,81;0
1352;4,25;4,61;233;true;true;true;0;2,81;0
1353;4,26;4,61;233;true;true;true;0;2,81;0
1354;4,26;4,61;233;true;true;true;0;2,81;0
1355;4,26;4,61;233;true;true;true;0;2,81;0
1356;4,26;4,61;233;true;true;true;0;2,81;0
1357;4,27;4,61;233;true;true;true;0;2,81;0
1358;4,27;4,61;233;true;true;true;0;2,81;0
1359;4,27;4,61;233;true;true;true;0;2,81;0
1360;4,28;4,61;233;true;true;true;0;2,81;0
1361;4,28;4,61;233;true;true;true;0;2,81;0
1362;4,28;4,61;233;true;true;true;0;2,81;0
1363;4,29;4,61;233;true;true;true;0;2,81;0
1364;4,29;4,61;233;true;true;true;0;2,81;0
1365;4,29;4,61;233;true;true;true;0;2,81;0
1366;4,3;4,61;233;true;true;true;0;2,81;0
1367;4,3;4,61;233;true;true;true;0;2,81;0
1368;4,3;4,61;233;true;true;true;0;2,81;0
1369;4,3;4,61;233;true;true;true;0;2,81;0
1370;4,31;4,61;233;true;true;true;0;2,81;0
1371;4,31;4,61;233;true;true;true;0;2,81;0
1372;4,31;4,61;233;true;true;true;0;2,81;0
1373;4,32;4,61;233;true;true;true;0;2,81;0
1374;4,32;4,61;233;true;true;true;0;2,81;0
1375;4,32;4,61;233;true;true;true;0;2,81;0
1376;4,33;4,61;233;true;true;true;0;2,81;0
1377;4,33;4,61;233;true;true;true;0;2,81;0
1378;4,33;4,61;233;true;true;true;0;2,81;0
1379;4,34;4,61;233;true;true;true;0;2,81;0
1380;4,34;4,61;233;true;true;true;0;2,81;0
1381;4,34;4,61;233;true;true;true;0;2,81;0
1382;4,34;4,61;233;true;true;true;0;2,81;0
1383;4,35;4,61;233;true;true;true;0;2,81;0
1384;4,35;4,61;233;true;true;true;0;2,81;0
1385;4,35;4,61;233;true;true;true;0;2,81;0
1386;4,36;4,61;233;true;true;true;0;2,81;0
1387;4,36;4,61;233;true;true;true;0;2,81;0
1388;4,36;4,61;233;true;true;true;0;2,81;0
1389;4,37;4,61;233;true;true;true;0;2,81;0
1390;4,37;4,61;233;true;true;true;0;2,81;0
1391;4,37;4,61;233;true;true;true;0;2,81;0
1392;4,38;4,61;233;true;true;true;0;2,81;0
1393;4,38;4,61;233;true;true;true;0;2,81;0
1394;4,38;4,61;233;true;true;true;0;2,81;0
1395;4,38;4,61;233;true;true;true;0;2,81;0
1396;4,39;4,61;233;true;true;true;0;2,81;0
1397;4,39;4,61;233;true;true;true;0;2,81;0
1398;4,39;4,61;233;true;true;true;0;2,81;0
1399;4,4;4,61;233;true;true;true;0;2,81;0
1400;4,4;4,61;233;true;true;true;0;2,81;0
1401;4,4;4,61;233;true;true;true;0;2,81;0
1402;4,41;4,61;233;true;true;true;0;2,81;0
1403;4,41;4,61;233;true;true;true;0;2,81;0
1404;4,41;4,61;233;true;true;true;0;2,81;0
1405;4,41;4,61;233;true;true;true;0;2,81;0
1406;4,42;4,61;233;true;true;true;0;2,81;0
1407;4,42;4,61;233;true;true;true;0;2,81;0
1408;4,43;4,61;233;true;true;true;0;2,81;0
1409;4,43;4,61;233;true;true;true;0;2,81;0
1410;4,43;4,61;233;true;true;true;0;2,81;0
1411;4,43;4,61;233;true;true;true;0;2,81;0
1412;4,44;4,61;233;true;true;true;0;2,81;0
1413;4,44;4,61;233;true;true;true;0;2,81;0
1414;4,44;4,61;233;true;true;true;0;2,81;0
1415;4,45;4,61;233;true;true;true;0;2,81;0
1416;4,45;4,61;233;true;true;true;0;2,81;0
1417;4,45;4,61;233;true;true;true;0;2,81;0
1418;4,46;4,61;233;true;true;true;0;2,81;0
1419;4,46;4,61;233;true;true;true;0;2,81;0
1420;4,46;4,61;233;true;true;true;0;2,81;0
1421;4,47;4,61;233;true;true;true;0;2,81;0
1422;4,47;4,61;233;true;true;true;0;2,81;0
1423;4,47;4,61;233;true;true;true;0;2,81;0
1424;4,47;4,61;233;true;true;true;0;2,81;0
1425;4,48;4,61;233;true;true;true;0;2,81;0
1426;4,48;4,61;233;true;true;true;0;2,81;0
1427;4,48;4,61;233;true;true;true;0;2,81;0
1428;4,49;4,61;233;true;true;true;0;2,81;0
1429;4,49;4,61;233;true;true;true;0;2,81;0
1430;4,49;4,61;233;true;true;true;0;2,81;0
1431;4,5;4,61;233;true;true;true;0;2,81;0
1432;4,5;4,61;233;true;true;true;0;2,81;0
1433;4,5;4,61;233;true;true;true;0;2,81;0
1434;4,51;4,61;233;true;true;true;0;2,81;0
1435;4,51;4,61;233;true;true;true;0;2,81;0
1436;4,51;4,61;233;true;true;true;0;2,81;0
1437;4,51;4,61;233;true;true;true;0;2,81;0
1438;4,52;4,61;233;true;true;true;0;2,81;0
1439;4,52;4,61;233;true;true;true;0;2,81;0
1440;4,53;4,61;233;true;true;true;0;2,81;0
1441;4,53;4,61;233;true;true;true;0;2,81;0
1442;4,53;4,61;233;true;true;true;0;2,81;0
1443;4,53;4,61;233;true;true;true;0;2,81;0
1444;4,54;4,61;233;true;true;true;0;2,81;0
1445;4,54;4,61;233;true;true;true;0;2,81;0
1446;4,54;4,61;233;true;true;true;0;2,81;0
1447;4,55;4,61;233;true;true;true;0;2,81;0
1448;4,55;4,61;233;true;true;true;0;2,81;0
1449;4,55;4,61;233;true;true;true;0;2,81;0
1450;4,56;4,61;233;true;true;true;0;2,81;0
1451;4,56;4,61;233;true;true;true;0;2,81;0
1452;4,56;4,61;233;true;true;true;0;2,81;0
1453;4,57;4,61;233;true;true;true;0;2,81;0
1454;4,57;4,61;233;true;true;true;0;2,81;0
1455;4,57;4,61;233;true;true;true;0;2,81;0
1456;4,57;4,61;233;true;true;true;0;2,81;0
1457;4,58;4,61;233;true;true;true;0;2,81;0
1458;4,58;4,61;233;true;true;true;0;2,81;0
1459;4,58;4,61;233;true;true;true;0;2,81;0
1460;4,59;4,61;233;true;true;true;0;2,81;0
1461;4,59;4,61;233;true;true;true;0;2,81;0
1462;4,59;4,61;233;true;true;true;0;2,81;0
1463;4,59;4,61;233;true;true;true;0;2,81;0
1464;4,6;4,61;233;true;true;true;0;2,81;0
1465;4,6;4,61;233;true;true;true;0;2,81;0
1466;4,6;4,61;233;true;true;true;0;2,81;0
1467;4,61;4,61;233;true;true;true;0;2,81;0
1468;4,61;4,61;233;true;true;true;0;2,81;0
1469;4,61;4,61;233;true;true;true;0;2,81;0
1470;4,62;4,61;233;true;true;true;0;2,81;0
1471;4,62;4,61;233;true;true;true;0;2,81;0
1472;4,62;4,61;233;true;true;true;0;2,81;0
1473;4,63;4,61;233;true;true;true;0;2,81;0
1474;4,63;4,61;233;true;true;true;0;2,81;0
1475;4,63;4,61;233;true;true;true;0;2,81;0
1476;4,64;4,61;233;true;true;true;0;2,81;0
1477;4,64;4,61;233;true;true;true;0;2,81;0
1478;4,64;4,61;233;true;true;true;0;2,81;0
1479;4,64;4,61;233;true;true;true;0;2,81;0
1480;4,65;4,61;233;true;true;true;0;2,81;0
1481;4,65;4,61;233;true;true;true;0;2,81;0
1482;4,65;4,61;233;true;true;true;0;2,81;0
1483;4,66;4,61;233;true;true;true;0;2,81;0
1484;4,66;4,61;233;true;true;true;0;2,81;0
1485;4,66;4,61;233;true;true;true;0;2,81;0
1486;4,67;4,61;233;true;true;true;0;2,81;0
1487;4,67;4,61;233;true;true;true;0;2,81;0
1488;4,67;4,61;233;true;true;true;0;2,81;0
1489;4,68;4,61;233;true;true;true;0;2,81;0
1490;4,68;4,61;233;true;true;true;0;2,81;0
1491;4,68;4,61;233;true;true;true;0;2,81;0
1492;4,68;4,61;233;true;true;true;0;2,81;0
1493;4,69;4,61;233;true;true;true;0;2,81;0
1494;4,69;4,61;233;true;true;true;0;2,81;0
1495;4,69;4,61;233;true;true;true;0;2,81;0
1496;4,7;4,61;233;true;true;true;0;2,81;0
1497;4,7;4,61;233;true;true;true;0;2,81;0
1498;4,7;4,61;233;true;true;true;0;2,81;0
1499;4,71;4,61;233;true;true;true;0;2,81;0
1500;4,71;4,61;233;true;true;true;0;2,81;0
1501;4,71;4,61;233;true;true;true;0;2,81;0
1502;4,72;4,61;233;true;true;true;0;2,81;0
1503;4,72;4,61;233;true;true;true;0;2,81;0
1504;4,72;4,61;233;true;true;true;0;2,81;0
1505;4,72;4,61;233;true;true;true;0;2,81;0
1506;4,73;4,61;233;true;true;true;0;2,81;0
1507;4,73;4,61;233;true;true;true;0;2,81;0
1508;4,73;4,61;233;true;true;true;0;2,81;0
1509;4,74;4,61;233;true;true;true;0;2,81;0
1510;4,74;4,61;233;true;true;true;0;2,81;0
1511;4,74;4,61;233;true;true;true;0;2,81;0
1512;4,75;4,61;233;true;true;true;0;2,81;0
1513;4,75;4,61;233;true;true;true;0;2,81;0
1514;4,75;4,61;233;true;true;true;0;2,81;0
1515;4,76;4,61;233;true;true;true;0;2,81;0
1516;4,76;4,61;233;true;true;true;0;2,81;0
1517;4,76;4,61;233;true;true;true;0;2,81;0
1518;4,77;4,61;233;true;true;true;0;2,81;0
1519;4,77;4,61;233;true;true;true;0;2,81;0
1520;4,77;4,61;233;true;true;true;0;2,81;0
1521;4,78;4,61;233;true;true;true;0;2,81;0
1522;4,78;4,61;233;true;true;true;0;2,81;0
1523;4,78;4,61;233;true;true;true;0;2,81;0
1524;4,78;4,61;233;true;true;true;0;2,81;0
1525;4,79;4,61;233;true;true;true;0;2,81;0
1526;4,79;4,61;233;true;true;true;0;2,81;0
1527;4,79;4,61;233;true;true;true;0;2,81;0
1528;4,8;4,61;233;true;true;true;0;2,81;0
1529;4,8;4,61;233;true;true;true;0;2,81;0
1530;4,8;4,61;233;true;true;true;0;2,81;0
1531;4,81;4,61;233;true;true;true;0;2,81;0
1532;4,81;4,61;233;true;true;true;0;2,81;0
1533;4,81;4,61;233;true;true;true;0;2,81;0
1534;4,82;4,61;233;true;true;true;0;2,81;0
1535;4,82;4,61;233;true;true;true;0;2,81;0
1536;4,82;4,61;233;true;true;true;0;2,81;0
1537;4,82;4,61;233;true;true;true;0;2,81;0
1538;4,83;4,61;233;true;true;true;0;2,81;0
1539;4,83;4,61;233;true;true;true;0;2,81;0
1540;4,83;4,61;233;true;true;true;0;2,81;0
1541;4,84;4,61;233;true;true;true;0;2,81;0
1542;4,84;4,61;233;true;true;true;0;2,81;0
1543;4,84;4,61;233;true;true;true;0;2,81;0
1544;4,85;4,61;233;true;true;true;0;2,81;0
1545;4,85;4,61;233;true;true;true;0;2,81;0
1546;4,85;4,61;233;true;true;true;0;2,81;0
1547;4,86;4,61;233;true;true;true;0;2,81;0
1548;4,86;4,61;233;true;true;true;0;2,81;0
1549;4,86;4,61;233;true;true;true;0;2,81;0
1550;4,86;4,61;233;true;true;true;0;2,81;0
1551;4,87;4,61;233;true;true;true;0;2,81;0
1552;4,87;4,61;233;true;true;true;0;2,81;0
1553;4,87;4,61;233;true;true;true;0;2,81;0
1554;4,88;4,61;233;true;true;true;0;2,81;0
1555;4,88;4,61;233;true;true;true;0;2,81;0
1556;4,88;4,61;233;true;true;true;0;2,81;0
1557;4,89;4,61;233;true;true;true;0;2,81;0
1558;4,89;4,61;233;true;true;true;0;2,81;0
1559;4,89;4,61;233;true;true;true;0;2,81;0
1560;4,9;4,61;233;true;true;true;0;2,81;0
1561;4,9;4,61;233;true;true;true;0;2,81;0
1562;4,9;4,61;233;true;true;true;0;2,81;0
1563;4,91;4,61;233;true;true;true;0;2,81;0
1564;4,91;4,61;233;true;true;true;0;2,81;0
1565;4,91;4,61;233;true;true;true;0;2,81;0
1566;4,91;4,61;233;true;true;true;0;2,81;0
1567;4,92;4,61;233;true;true;true;0;2,81;0
1568;4,92;4,61;233;true;true;true;0;2,81;0
1569;4,92;4,61;233;true;true;true;0;2,81;0
1570;4,93;4,61;233;true;true;true;0;2,81;0
1571;4,93;4,61;233;true;true;true;0;2,81;0
1572;4,93;4,61;233;true;true;true;0;2,81;0
1573;4,93;4,61;233;true;true;true;0;2,81;0
1574;4,94;4,61;233;true;true;true;0;2,81;0
1575;4,94;4,61;233;true;true;true;0;2,81;0
1576;4,94;4,61;233;true;true;true;0;2,81;0
1577;4,95;4,61;233;true;true;true;0;2,81;0
1578;4,95;4,61;233;true;true;true;0;2,81;0
1579;4,95;4,61;233;true;true;true;0;2,81;0
1580;4,96;4,61;233;true;true;true;0;2,81;0
1581;4,96;4,61;233;true;true;true;0;2,81;0
1582;4,96;4,61;233;true;true;true;0;2,81;0
1583;4,97;4,61;233;true;true;true;0;2,81;0
1584;4,97;4,61;233;true;true;true;0;2,81;0
1585;4,97;4,61;233;true;true;true;0;2,81;0
1586;4,97;4,61;233;true;true;true;0;2,81;0
1587;4,98;4,61;233;true;true;true;0;2,81;0
1588;4,98;4,61;233;true;true;true;0;2,81;0
1589;4,98;4,61;233;true;true;true;0;2,81;0
1590;4,99;4,61;233;true;true;true;0;2,81;0
1591;4,99;4,61;233;true;true;true;0;2,81;0
1592;4,99;4,61;233;true;true;true;0;2,81;0
1593;5;4,61;233;true;true;true;0;2,81;0
1594;5;4,61;233;true;true;true;0;2,81;0
1595;5;4,61;233;true;true;true;0;2,81;0
1596;5,01;4,61;233;true;true;true;0;2,81;0
1597;5,01;4,61;233;true;true;true;0;2,81;0
1598;5,01;4,61;233;true;true;true;0;2,81;0
1599;5,01;4,61;233;true;true;true;0;2,81;0
1600;5,02;4,61;233;true;true;true;0;2,81;0
1601;5,02;4,61;233;true;true;true;0;2,81;0
1602;5,02;4,61;233;true;true;true;0;2,81;0
1603;5,03;4,61;233;true;true;true;0;2,81;0
1604;5,03;4,61;233;true;true;true;0;2,81;0
1605;5,03;4,61;233;true;true;true;0;2,81;0
1606;5,04;4,61;233;true;true;true;0;2,81;0
1607;5,04;4,61;233;true;true;true;0;2,81;0
1608;5,04;4,61;233;true;true;true;0;2,81;0
1609;5,05;4,61;233;true;true;true;0;2,81;0
1610;5,05;4,61;233;true;true;true;0;2,81;0
1611;5,05;4,61;233;true;true;true;0;2,81;0
1612;5,05;4,61;233;true;true;true;0;2,81;0
1613;5,06;4,61;233;true;true;true;0;2,81;0
1614;5,06;4,61;233;true;true;true;0;2,81;0
1615;5,06;4,61;233;true;true;true;0;2,81;0
1616;5,07;4,61;233;true;true;true;0;2,81;0
1617;5,07;4,61;233;true;true;true;0;2,81;0
1618;5,07;4,61;233;true;true;true;0;2,81;0
1619;5,08;4,61;233;true;true;true;0;2,81;0
1620;5,08;4,61;233;true;true;true;0;2,81;0
1621;5,08;4,61;233;true;true;true;0;2,81;0
1622;5,09;4,61;233;true;true;true;0;2,81;0
1623;5,09;4,61;233;true;true;true;0;2,81;0
1624;5,09;4,61;233;true;true;true;0;2,81;0
1625;5,09;4,61;233;true;true;true;0;2,81;0
1626;5,1;4,61;233;true;true;true;0;2,81;0
1627;5,1;4,61;233;true;true;true;0;2,81;0
1628;5,1;4,61;233;true;true;true;0;2,81;0
1629;5,11;4,61;233;true;true;true;0;2,81;0
1630;5,11;4,61;233;true;true;true;0;2,81;0
1631;5,11;4,61;233;true;true;true;0;2,81;0
1632;5,11;4,61;233;true;true;true;0;2,81;0
1633;5,12;4,61;233;true;true;true;0;2,81;0
1634;5,12;4,61;233;true;true;true;0;2,81;0
1635;5,12;4,61;233;true;true;true;0;2,81;0
1636;5,13;4,61;233;true;true;true;0;2,81;0
1637;5,13;4,61;233;true;true;true;0;2,81;0
1638;5,13;4,61;233;true;true;true;0;2,81;0
1639;5,14;4,61;233;true;true;true;0;2,81;0
1640;5,14;4,61;233;true;true;true;0;2,81;0
1641;5,14;4,61;233;true;true;true;0;2,81;0
1642;5,15;4,61;233;true;true;true;0;2,81;0
1643;5,15;4,61;233;true;true;true;0;2,81;0
1644;5,15;4,61;233;true;true;true;0;2,81;0
1645;5,16;4,61;233;true;true;true;0;2,81;0
1646;5,16;4,61;233;true;true;true;0;2,81;0
1647;5,16;4,61;233;true;true;true;0;2,81;0
1648;5,16;4,61;233;true;true;true;0;2,81;0
1649;5,17;4,61;233;true;true;true;0;2,81;0
1650;5,17;4,61;233;true;true;true;0;2,81;0
1651;5,17;4,61;233;true;true;true;0;2,81;0
1652;5,18;4,61;233;true;true;true;0;2,81;0
1653;5,18;4,61;233;true;true;true;0;2,81;0
1654;5,18;4,61;233;true;true;true;0;2,81;0
1655;5,19;4,61;233;true;true;true;0;2,81;0
1656;5,19;4,61;233;true;true;true;0;2,81;0
1657;5,19;4,61;233;true;true;true;0;2,81;0
1658;5,2;4,61;233;true;true;true;0;2,81;0
1659;5,2;4,61;233;true;true;true;0;2,81;0
1660;5,2;4,61;233;true;true;true;0;2,81;0
1661;5,21;4,61;233;true;true;true;0;2,81;0
1662;5,21;4,61;233;true;true;true;0;2,81;0
1663;5,21;4,61;233;true;true;true;0;2,81;0
1664;5,22;4,61;233;true;true;true;0;2,81;0
1665;5,22;4,61;233;true;true;true;0;2,81;0
1666;5,22;4,61;233;true;true;true;0;2,81;0
1667;5,22;4,61;233;true;true;true;0;2,81;0
1668;5,23;4,61;233;true;true;true;0;2,81;0
1669;5,23;4,61;233;true;true;true;0;2,81;0
1670;5,23;4,61;233;true;true;true;0;2,81;0
1671;5,24;4,61;233;true;true;true;0;2,81;0
1672;5,24;4,61;233;true;true;true;0;2,81;0
1673;5,24;4,61;233;true;true;true;0;2,81;0
1674;5,24;4,61;233;true;true;true;0;2,81;0
1675;5,25;4,61;233;true;true;true;0;2,81;0
1676;5,25;4,61;233;true;true;true;0;2,81;0
1677;5,25;4,61;233;true;true;true;0;2,81;0
1678;5,26;4,61;233;true;true;true;0;2,81;0
1679;5,26;4,61;233;true;true;true;0;2,81;0
1680;5,26;4,61;233;true;true;true;0;2,81;0
1681;5,27;4,61;233;true;true;true;0;2,81;0
1682;5,27;4,61;233;true;true;true;0;2,81;0
1683;5,27;4,61;233;true;true;true;0;2,81;0
1684;5,28;4,61;233;true;true;true;0;2,81;0
1685;5,28;4,61;233;true;true;true;0;2,81;0
1686;5,28;4,61;233;true;true;true;0;2,81;0
1687;5,28;4,61;233;true;true;true;0;2,81;0
1688;5,29;4,61;233;true;true;true;0;2,81;0
1689;5,29;4,61;233;true;true;true;0;2,81;0
1690;5,29;4,61;233;true;true;true;0;2,81;0
1691;5,3;4,61;233;true;true;true;0;2,81;0
1692;5,3;4,61;233;true;true;true;0;2,81;0
1693;5,3;4,61;233;true;true;true;0;2,81;0
1694;5,31;4,61;233;true;true;true;0;2,81;0
1695;5,31;4,61;233;true;true;true;0;2,81;0
1696;5,31;4,61;233;true;true;true;0;2,81;0
1697;5,32;4,61;233;true;true;true;0;2,81;0
1698;5,32;4,61;233;true;true;true;0;2,81;0
1699;5,32;4,61;233;true;true;true;0;2,81;0
1700;5,32;4,61;233;true;true;true;0;2,81;0
1701;5,33;4,61;233;true;true;true;0;2,81;0
1702;5,33;4,61;233;true;true;true;0;2,81;0
1703;5,33;4,61;233;true;true;true;0;2,81;0
1704;5,34;4,61;233;true;true;true;0;2,81;0
1705;5,34;4,61;233;true;true;true;0;2,81;0
1706;5,34;4,61;233;true;true;true;0;2,81;0
1707;5,34;4,61;233;true;true;true;0;2,81;0
1708;5,35;4,61;233;true;true;true;0;2,81;0
1709;5,35;4,61;233;true;true;true;0;2,81;0
1710;5,35;4,61;233;true;true;true;0;2,81;0
1711;5,36;4,61;233;true;true;true;0;2,81;0
1712;5,36;4,61;233;true;true;true;0;2,81;0
1713;5,36;4,61;233;true;true;true;0;2,81;0
1714;5,37;4,61;233;true;true;true;0;2,81;0
1715;5,37;4,61;233;true;true;true;0;2,81;0
1716;5,37;4,61;233;true;true;true;0;2,81;0
1717;5,38;4,61;233;true;true;true;0;2,81;0
1718;5,38;4,61;233;true;true;true;0;2,81;0
1719;5,38;4,61;233;true;true;true;0;2,81;0
1720;5,39;4,61;233;true;true;true;0;2,81;0
1721;5,39;4,61;233;true;true;true;0;2,81;0
1722;5,39;4,61;233;true;true;true;0;2,81;0
1723;5,39;4,61;233;true;true;true;0;2,81;0
1724;5,4;4,61;233;true;true;true;0;2,81;0
1725;5,4;4,61;233;true;true;true;0;2,81;0
1726;5,4;4,61;233;true;true;true;0;2,81;0
1727;5,41;4,61;233;true;true;true;0;2,81;0
1728;5,41;4,61;233;true;true;true;0;2,81;0
1729;5,41;4,61;233;true;true;true;0;2,81;0
1730;5,41;4,61;233;true;true;true;0;2,81;0
1731;5,42;4,61;233;true;true;true;0;2,81;0
1732;5,42;4,61;233;true;true;true;0;2,81;0
1733;5,42;4,61;233;true;true;true;0;2,81;0
1734;5,43;4,61;233;true;true;true;0;2,81;0
1735;5,43;4,61;233;true;true;true;0;2,81;0
1736;5,43;4,61;233;true;true;true;0;2,81;0
1737;5,44;4,61;233;true;true;true;0;2,81;0
1738;5,44;4,61;233;true;true;true;0;2,81;0
1739;5,44;4,61;233;true;true;true;0;2,81;0
1740;5,45;4,61;233;true;true;true;0;2,81;0
1741;5,45;4,61;233;true;true;true;0;2,81;0
1742;5,45;4,61;233;true;true;true;0;2,81;0
1743;5,45;4,61;233;true;true;true;0;2,81;0
1744;5,46;4,61;233;true;true;true;0;2,81;0
1745;5,46;4,61;233;true;true;true;0;2,81;0
1746;5,46;4,61;233;true;true;true;0;2,81;0
1747;5,47;4,61;233;true;true;true;0;2,81;0
1748;5,47;4,61;233;true;true;true;0;2,81;0
1749;5,47;4,61;233;true;true;true;0;2,81;0
1750;5,48;4,61;233;true;true;true;0;2,81;0
1751;5,48;4,61;233;true;true;true;0;2,81;0
1752;5,48;4,61;233;true;true;true;0;2,81;0
1753;5,49;4,61;233;true;true;true;0;2,81;0
1754;5,49;4,61;233;true;true;true;0;2,81;0
1755;5,49;4,61;233;true;true;true;0;2,81;0
1756;5,49;4,61;233;true;true;true;0;2,81;0
1757;5,5;4,61;233;true;true;true;0;2,81;0
1758;5,5;4,61;233;true;true;true;0;2,81;0
1759;5,51;4,61;233;true;true;true;0;2,81;0
1760;5,51;4,61;233;true;true;true;0;2,81;0
1761;5,51;4,61;233;true;true;true;0;2,81;0
1762;5,51;4,61;233;true;true;true;0;2,81;0
1763;5,52;4,61;233;true;true;true;0;2,81;0
1764;5,52;4,61;233;true;true;true;0;2,81;0
1765;5,52;4,61;233;true;true;true;0;2,81;0
1766;5,53;4,61;233;true;true;true;0;2,81;0
1767;5,53;4,61;233;true;true;true;0;2,81;0
1768;5,53;4,61;233;true;true;true;0;2,81;0
1769;5,53;4,61;233;true;true;true;0;2,81;0
1770;5,54;4,61;233;true;true;true;0;2,81;0
1771;5,54;4,61;233;true;true;true;0;2,81;0
1772;5,55;4,61;233;true;true;true;0;2,81;0
1773;5,55;4,61;233;true;true;true;0;2,81;0
1774;5,55;4,61;233;true;true;true;0;2,81;0
1775;5,55;4,61;233;true;true;true;0;2,81;0
1776;5,56;4,61;233;true;true;true;0;2,81;0
1777;5,56;4,61;233;true;true;true;0;2,81;0
1778;5,56;4,61;233;true;true;true;0;2,81;0
1779;5,57;4,61;233;true;true;true;0;2,81;0
1780;5,57;4,61;233;true;true;true;0;2,81;0
1781;5,57;4,61;233;true;true;true;0;2,81;0
1782;5,58;4,61;233;true;true;true;0;2,81;0
1783;5,58;4,61;233;true;true;true;0;2,81;0
1784;5,58;4,61;233;true;true;true;0;2,81;0
1785;5,59;4,61;233;true;true;true;0;2,81;0
1786;5,59;4,61;233;true;true;true;0;2,81;0
1787;5,59;4,61;233;true;true;true;0;2,81;0
1788;5,59;4,61;233;true;true;true;0;2,81;0
1789;5,61;4,61;233;true;true;true;0;2,81;0
1790;5,61;4,61;233;true;true;true;0;2,81;0
1791;5,61;4,61;233;true;true;true;0;2,81;0
1792;5,62;4,61;233;true;true;true;0;2,81;0
1793;5,62;4,61;233;true;true;true;0;2,81;0
1794;5,62;4,61;233;true;true;true;0;2,81;0
1795;5,63;4,61;233;true;true;true;0;2,81;0
1796;5,63;4,61;233;true;true;true;0;2,81;0
1797;5,63;4,61;233;true;true;true;0;2,81;0
1798;5,64;4,61;233;true;true;true;0;2,81;0
1799;5,64;4,61;233;true;true;true;0;2,81;0
1800;5,64;4,61;233;true;true;true;0;2,81;0
1801;5,64;4,61;233;true;true;true;0;2,81;0
1802;5,65;4,61;233;true;true;true;0;2,81;0
1803;5,65;4,61;233;true;true;true;0;2,81;0
1804;5,65;4,61;233;true;true;true;0;2,81;0
1805;5,66;4,61;233;true;true;true;0;2,81;0
1806;5,66;4,61;233;true;true;true;0;2,81;0
1807;5,66;4,61;233;true;true;true;0;2,81;0
1808;5,66;4,61;233;true;true;true;0;2,81;0
1809;5,67;4,61;233;true;true;true;0;2,81;0
1810;5,67;4,61;233;true;true;true;0;2,81;0
1811;5,68;4,61;233;true;true;true;0;2,81;0
1812;5,68;4,61;233;true;true;true;0;2,81;0
1813;5,68;4,61;233;true;true;true;0;2,81;0
1814;5,68;4,61;233;true;true;true;0;2,81;0
1815;5,69;4,61;233;true;true;true;0;2,81;0
1816;5,69;4,61;233;true;true;true;0;2,81;0
1817;5,69;4,61;233;true;true;true;0;2,81;0
1818;5,7;4,61;233;true;true;true;0;2,81;0
1819;5,7;4,61;233;true;true;true;0;2,81;0
1820;5,7;4,61;233;true;true;true;0;2,81;0
1821;5,71;4,61;233;true;true;true;0;2,81;0
1822;5,71;4,61;233;true;true;true;0;2,81;0
1823;5,71;4,61;233;true;true;true;0;2,81;0
1824;5,72;4,61;233;true;true;true;0;2,81;0
1825;5,72;4,61;233;true;true;true;0;2,81;0
1826;5,72;4,61;233;true;true;true;0;2,81;0
1827;5,72;4,61;233;true;true;true;0;2,81;0
1828;5,73;4,61;233;true;true;true;0;2,81;0
1829;5,73;4,61;233;true;true;true;0;2,81;0
1830;5,73;4,61;233;true;true;true;0;2,81;0
1831;5,74;4,61;233;true;true;true;0;2,81;0
1832;5,74;4,61;233;true;true;true;0;2,81;0
1833;5,74;4,61;233;true;true;true;0;2,81;0
1834;5,75;4,61;233;true;true;true;0;2,81;0
1835;5,75;4,61;233;true;true;true;0;2,81;0
1836;5,76;4,61;233;true;true;true;0;2,81;0
1837;5,76;4,61;233;true;true;true;0;2,81;0
1838;5,76;4,61;233;true;true;true;0;2,81;0
1839;5,76;4,61;233;true;true;true;0;2,81;0
1840;5,77;4,61;233;true;true;true;0;2,81;0
1841;5,77;4,61;233;true;true;true;0;2,81;0
1842;5,77;4,61;233;true;true;true;0;2,81;0
1843;5,78;4,61;233;true;true;true;0;2,81;0
1844;5,78;4,61;233;true;true;true;0;2,81;0
1845;5,78;4,61;233;true;true;true;0;2,81;0
1846;5,78;4,61;233;true;true;true;0;2,81;0
1847;5,79;4,61;233;true;true;true;0;2,81;0
1848;5,79;4,61;233;true;true;true;0;2,81;0
1849;5,79;4,61;233;true;true;true;0;2,81;0
1850;5,8;4,61;233;true;true;true;0;2,81;0
1851;5,8;4,61;233;true;true;true;0;2,81;0
1852;5,8;4,61;233;true;true;true;0;2,81;0
1853;5,81;4,61;233;true;true;true;0;2,81;0
1854;5,81;4,61;233;true;true;true;0;2,81;0
1855;5,81;4,61;233;true;true;true;0;2,81;0
1856;5,82;4,61;233;true;true;true;0;2,81;0
1857;5,82;4,61;233;true;true;true;0;2,81;0
1858;5,82;4,61;233;true;true;true;0;2,81;0
1859;5,82;4,61;233;true;true;true;0;2,81;0
1860;5,83;4,61;233;true;true;true;0;2,81;0
1861;5,83;4,61;233;true;true;true;0;2,81;0
1862;5,83;4,61;233;true;true;true;0;2,81;0
1863;5,84;4,61;233;true;true;true;0;2,81;0
1864;5,84;4,61;233;true;true;true;0;2,81;0
1865;5,84;4,61;233;true;true;true;0;2,81;0
1866;5,84;4,61;233;true;true;true;0;2,81;0
1867;5,85;4,61;233;true;true;true;0;2,81;0
1868;5,85;4,61;233;true;true;true;0;2,81;0
1869;5,86;4,61;233;true;true;true;0;2,81;0
1870;5,86;4,61;233;true;true;true;0;2,81;0
1871;5,86;4,61;233;true;true;true;0;2,81;0
1872;5,86;4,61;233;true;true;true;0;2,81;0
1873;5,87;4,61;233;true;true;true;0;2,81;0
1874;5,87;4,61;233;true;true;true;0;2,81;0
1875;5,87;4,61;233;true;true;true;0;2,81;0
1876;5,88;4,61;233;true;true;true;0;2,81;0
1877;5,88;4,61;233;true;true;true;0;2,81;0
1878;5,88;4,61;233;true;true;true;0;2,81;0
1879;5,89;4,61;233;true;true;true;0;2,81;0
1880;5,89;4,61;233;true;true;true;0;2,81;0
1881;5,89;4,61;233;true;true;true;0;2,81;0
1882;5,89;4,61;233;true;true;true;0;2,81;0
1883;5,9;4,61;233;true;true;true;0;2,81;0
1884;5,9;4,61;233;true;true;true;0;2,81;0
1885;5,9;4,61;233;true;true;true;0;2,81;0
1886;5,91;4,61;233;true;true;true;0;2,8