lengthMiddleSegment: 85597.07
step_energy: 0.05
electrostatic_force_factor: 1.0
spring_force_factor: 0.1
reject_force_factor: 2.0
distanceRejectRadius: 21399.2675
distanceSamePosition: 21399.2675
Iteration;time;energy;num nodes;reject force is enabled;spring force is enabled;electrostatic force is enabled;str_force;rep_force;elec_force
1;0;48,83;1446;false;true;true;18,34;0;30,56
2;0,03;56,63;1385;false;true;true;20,31;0;37,24
3;0,1;58,06;1326;false;true;true;21,47;0;38,53
4;0,11;55,94;1271;false;true;true;20,18;0;37,7
5;0,12;53,62;1210;false;true;true;19,54;0;35,09
6;0,13;51,38;1164;false;true;true;19,04;0;33,47
7;0,14;49,33;1117;false;true;true;19,11;0;31,65
8;0,14;48,69;1078;false;true;true;18,27;0;32,28
9;0,15;47,61;1035;false;true;true;19,35;0;30,9
10;0,16;47,43;1000;false;true;true;19,03;0;30,73
11;0,16;46,29;962;false;true;true;19,24;0;29,31
12;0,17;45,67;928;false;true;true;18,62;0;29,42
13;0,17;43,2;896;false;true;true;18,99;0;26,58
14;0,18;43,38;867;false;true;true;17,31;0;28,2
15;0,18;42,6;833;false;true;true;18,24;0;27,31
16;0,19;40,16;802;false;true;true;17,94;0;24,46
17;0,19;41,19;780;false;true;true;17,5;0;27,04
18;0,19;39,4;758;false;true;true;17,88;0;25,92
19;0,2;37,01;736;false;true;true;17,96;0;24,13
20;0,2;34,37;714;false;true;true;17,53;0;20,46
21;0,21;34,85;701;false;true;true;16,62;0;22,59
22;0,21;32,53;684;false;true;true;17,04;0;19,46
23;0,22;31,89;671;false;true;true;15,31;0;18,67
24;0,22;31,66;661;false;true;true;14,77;0;20,16
25;0,22;30,91;647;false;true;true;15,69;0;19,22
26;0,22;30,05;633;false;true;true;15,1;0;18,24
27;0,23;29,29;621;false;true;true;14,7;0;17,97
28;0,23;28,91;607;false;true;true;15,15;0;17,27
29;0,23;26,45;596;false;true;true;14,17;0;16,36
30;0,24;26,19;586;false;true;true;14,03;0;15,84
31;0,24;25,62;578;false;true;true;14,02;0;15,56
32;0,24;24,79;571;false;true;true;13,71;0;15,28
33;0,25;23,02;563;false;true;true;13,54;0;13,54
34;0,25;23,96;557;false;true;true;13,99;0;14,49
35;0,25;23,18;549;false;true;true;13,91;0;13,4
36;0,25;22,21;542;false;true;true;12,97;0;12,14
37;0,26;22,18;538;false;true;true;13,05;0;13,1
38;0,26;21,58;532;false;true;true;13,12;0;12,45
39;0,26;21;527;false;true;true;13,09;0;12,48
40;0,26;20,98;524;false;true;true;12,9;0;13,57
41;0,27;21,68;518;false;true;true;13,64;0;13,7
42;0,27;20,34;510;false;true;true;13,12;0;11,26
43;0,27;20,65;506;false;true;true;12,81;0;11,89
44;0,28;19,46;500;false;true;true;12,53;0;10,92
45;0,28;19,27;498;false;true;true;11,99;0;12,17
46;0,28;19,33;494;false;true;true;12,09;0;12,27
47;0,28;19,24;489;false;true;true;12,56;0;11,88
48;0,29;18,77;484;false;true;true;12,38;0;11,24
49;0,29;18,15;479;false;true;true;11,93;0;10,4
50;0,29;17,52;475;false;true;true;11,57;0;10,2
51;0,29;16,26;471;false;true;true;11,1;0;9,1
52;0,3;16,5;469;false;true;true;11,34;0;9,96
53;0,3;17,72;467;false;true;true;11,69;0;11,21
54;0,3;16,86;462;false;true;true;11,98;0;10
55;0,31;16,63;459;false;true;true;11,81;0;10,02
56;0,31;16,65;457;false;true;true;11,53;0;10,75
57;0,31;16,22;452;false;true;true;11,83;0;9,69
58;0,31;15,41;450;false;true;true;11,56;0;9,75
59;0,32;15,96;449;false;true;true;11,98;0;11,26
60;0,32;16,3;446;false;true;true;12,68;0;11,64
61;0,32;16,7;442;false;true;true;12,86;0;11,48
62;0,32;16,27;436;false;true;true;12,12;0;9,28
63;0,32;16,13;433;false;true;true;11,16;0;8,86
64;0,33;15,93;430;false;true;true;10,83;0;8,54
65;0,33;16,26;428;false;true;true;10,76;0;9,09
66;0,33;16,05;423;false;true;true;10,81;0;7,91
67;0,34;15,55;420;false;true;true;10,47;0;7,59
68;0,34;15,16;419;false;true;true;10,23;0;8,3
69;0,34;15,61;417;false;true;true;10,61;0;9
70;0,34;15,23;413;false;true;true;10,87;0;8,11
71;0,34;15,53;412;false;true;true;11,06;0;9,19
72;0,35;15,36;409;false;true;true;11,16;0;8,99
73;0,35;15,02;405;false;true;true;10,77;0;7,91
74;0,35;14,49;403;false;true;true;10,69;0;7,88
75;0,36;14,21;401;false;true;true;10,64;0;7,97
76;0,36;14,16;399;false;true;true;10,76;0;8,18
77;0,36;14,18;397;false;true;true;10,89;0;8,39
78;0,36;14,15;395;false;true;true;10,94;0;8,58
79;0,37;14,52;394;false;true;true;11,18;0;9,76
80;0,37;13,67;389;false;true;true;10,73;0;7,64
81;0,37;12,91;387;false;true;true;10,27;0;7,2
82;0,37;12,69;386;false;true;true;10,12;0;7,66
83;0,38;13,24;385;false;true;true;10,17;0;8,32
84;0,38;13,5;384;false;true;true;10,8;0;9,27
85;0,38;13,64;380;false;true;true;11,02;0;8,14
86;0,38;13,36;378;false;true;true;10,71;0;8,04
87;0,39;12,97;375;false;true;true;10,41;0;7,15
88;0,39;12,59;373;false;true;true;9,65;0;6,88
89;0,39;12,49;372;false;true;true;9,47;0;7,35
90;0,39;12,12;370;false;true;true;9,45;0;7,14
91;0,39;12,01;369;false;true;true;9,79;0;7,55
92;0,4;11,99;367;false;true;true;10,18;0;7,44
93;0,4;11,73;366;false;true;true;9,86;0;7,5
94;0,4;11,67;364;false;true;true;10,11;0;7,17
95;0,4;11,45;363;false;true;true;10,18;0;7,47
96;0,4;11,81;362;false;true;true;10,39;0;8,16
97;0,41;12,19;360;false;true;true;10,72;0;8,32
98;0,41;12,22;357;false;true;true;10,8;0;7,66
99;0,41;11,56;353;false;true;true;9,89;0;5,72
100;0,41;11,25;353;false;true;true;9,45;0;6,53
101;0,41;11,53;352;false;true;true;9,28;0;6,76
102;0,42;11,42;351;false;true;true;9,49;0;6,94
103;0,42;12,1;350;false;true;true;10,06;0;7,86
104;0,42;11,75;346;false;true;true;9,78;0;6,25
105;0,42;10,89;344;false;true;true;9,16;0;5,34
106;0,43;10,59;344;false;true;true;8,84;0;5,95
107;0,43;10,61;344;false;true;true;8,99;0;6,72
108;0,43;11,02;344;false;true;true;9,7;0;7,8
109;0,43;11,5;342;false;true;true;10,55;0;7,72
110;0,43;11,58;339;false;true;true;10,53;0;6,87
111;0,44;11,22;337;false;true;true;9,74;0;6,19
112;0,44;10,76;335;false;true;true;9,25;0;5,56
113;0,44;10,55;335;false;true;true;8,95;0;6,27
114;0,44;10,85;333;false;true;true;8,63;0;6,59
115;0,44;11,14;332;false;true;true;8,87;0;7,67
116;0,45;10,18;329;false;true;true;9,11;0;6,24
117;0,45;10,13;328;false;true;true;9,32;0;6,42
118;0,45;10,24;327;false;true;true;9,32;0;6,82
119;0,45;10,32;325;false;true;true;9,16;0;6,36
120;0,46;9,9;323;false;true;true;8,83;0;5,54
121;0,46;9,83;323;false;true;true;8,82;0;6,3
122;0,46;10,26;322;false;true;true;8,68;0;6,48
123;0,46;9,92;320;false;true;true;8,5;0;5,72
124;0,46;9,8;318;false;true;true;8,67;0;5,12
125;0,47;9,51;318;false;true;true;8,54;0;5,74
126;0,47;9,47;317;false;true;true;8,62;0;5,84
127;0,47;9,45;316;false;true;true;8,56;0;5,99
128;0,47;9,39;315;false;true;true;8,72;0;6,01
129;0,47;9,62;315;false;true;true;9,06;0;6,95
130;0,48;9,48;312;false;true;true;9,01;0;5,93
131;0,48;9,13;311;false;true;true;8,73;0;5,81
132;0,48;9,11;311;false;true;true;8,71;0;6,59
133;0,48;9,1;310;false;true;true;8,82;0;6,65
134;0,48;8,94;309;false;true;true;8,87;0;6,71
135;0,49;8,69;308;false;true;true;8,95;0;6,82
136;0,49;8,68;306;false;true;true;8,71;0;6,07
137;0,49;8,5;304;false;true;true;8,31;0;5,2
138;0,49;8,37;304;false;true;true;8,26;0;5,83
139;0,49;8,03;303;false;true;true;7,99;0;5,49
140;0,5;8,03;303;false;true;true;8,24;0;6,06
141;0,5;8,37;303;false;true;true;8,77;0;6,93
142;0,5;8,49;301;false;true;true;9,02;0;6,31
143;0,5;8,52;299;false;true;true;8,61;0;5,42
144;0,5;8,41;298;false;true;true;8,08;0;5,16
145;0,51;8,28;297;false;true;true;7,83;0;5,03
146;0,51;8,15;297;false;true;true;7,84;0;5,58
147;0,51;8,05;296;false;true;true;7,82;0;5,4
148;0,51;8,2;296;false;true;true;8,16;0;6,12
149;0,51;8,45;295;false;true;true;8,6;0;6,37
150;0,52;8;292;false;true;true;8,08;0;4,63
151;0,52;7,65;292;false;true;true;7,77;0;5,01
152;0,52;7,54;292;false;true;true;7,74;0;5,47
153;0,52;7,7;292;false;true;true;7,95;0;6,13
154;0,52;7,85;291;false;true;true;8,22;0;6,1
155;0,53;7,91;289;false;true;true;8,24;0;5,37
156;0,53;7,6;288;false;true;true;7,88;0;5
157;0,53;7,39;288;false;true;true;7,67;0;5,48
158;0,53;7,21;287;false;true;true;7,65;0;5,26
159;0,54;7,09;287;false;true;true;7,89;0;5,72
160;0,54;7,25;287;false;true;true;8,24;0;6,39
161;0,54;7,62;286;false;true;true;8,13;0;6,3
162;0,54;6,79;284;false;true;true;7,76;0;4,87
163;0,54;6,69;284;false;true;true;7,78;0;5,32
164;0,55;6,82;283;false;true;true;7,76;0;5,2
165;0,55;6,86;282;false;true;true;7,57;0;5,07
166;0,55;6,64;280;false;true;true;7,39;0;4,03
167;0,55;6,27;280;false;true;true;7,1;0;4,23
168;0,55;6,05;280;false;true;true;6,95;0;4,46
169;0,56;5,93;280;false;true;true;6,95;0;4,71
170;0,56;5,92;280;false;true;true;7,19;0;5,03
171;0,56;6,18;279;false;true;true;7,08;0;4,55
172;0,56;6,07;279;false;true;true;7,26;0;4,85
173;0,56;6,12;279;false;true;true;7,49;0;5,26
174;0,56;6,47;279;false;true;true;7,83;0;5,94
175;0,56;6,16;277;false;true;true;7,6;0;4,7
176;0,56;6,09;277;false;true;true;7,58;0;5,06
177;0,57;6,24;277;false;true;true;7,66;0;5,59
178;0,57;6,23;275;false;true;true;7,26;0;4,45
179;0,57;6,1;275;false;true;true;7,23;0;4,81
180;0,57;5,9;274;false;true;true;6,96;0;4,31
181;0,57;5,75;274;false;true;true;6,9;0;4,56
182;0,57;5,73;274;false;true;true;7,02;0;4,88
183;0,57;5,94;274;false;true;true;7,27;0;5,41
184;0,58;5,82;273;false;true;true;7,32;0;5,03
185;0,58;5,52;272;false;true;true;7;0;4,38
186;0,58;5,38;272;false;true;true;6,98;0;4,58
187;0,58;5,31;272;false;true;true;7,02;0;4,8
188;0,58;5,31;272;false;true;true;7,2;0;5,07
189;0,58;5,41;272;false;true;true;7,45;0;5,43
190;0,59;5,7;272;false;true;true;7,79;0;5,98
191;0,59;5,77;271;false;true;true;7,84;0;5,66
192;0,59;5,9;270;false;true;true;7,62;0;5,36
193;0,59;5,59;269;false;true;true;7,39;0;4,89
194;0,59;5,67;268;false;true;true;6,95;0;4,41
195;0,6;5,45;268;false;true;true;6,86;0;4,67
196;0,6;5,42;268;false;true;true;6,92;0;5,01
197;0,6;5,25;267;false;true;true;6,77;0;4,46
198;0,6;5,13;267;false;true;true;6,9;0;4,67
199;0,6;5,09;267;false;true;true;7,05;0;4,93
200;0,6;5,16;267;false;true;true;7,25;0;5,25
201;0,61;5,39;267;false;true;true;7,53;0;5,73
202;0,61;5,44;266;false;true;true;7,69;0;5,44
203;0,61;5,69;265;false;true;true;7,44;0;5,07
204;0,61;5,68;264;false;true;true;7,23;0;4,77
205;0,61;5,52;263;false;true;true;6,77;0;4,37
206;0,61;5,39;263;false;true;true;6,7;0;4,67
207;0,61;5,36;262;false;true;true;6,41;0;4,15
208;0,62;5,21;262;false;true;true;6,43;0;4,38
209;0,62;5,2;261;false;true;true;6,02;0;3,69
210;0,62;5,11;261;false;true;true;6,09;0;3,96
211;0,62;5,01;260;false;true;true;6,15;0;3,51
212;0,62;4,8;260;false;true;true;6,1;0;3,66
213;0,62;4,69;260;false;true;true;6,1;0;3,85
214;0,63;4,68;260;false;true;true;6,15;0;4,1
215;0,63;4,59;259;false;true;true;5,96;0;3,54
216;0,63;4,43;259;false;true;true;5,95;0;3,67
217;0,63;4,34;259;false;true;true;5,99;0;3,82
218;0,63;4,3;259;false;true;true;6,05;0;3,99
219;0,63;4,31;259;false;true;true;6,18;0;4,2
220;0,64;4,42;259;false;true;true;6,37;0;4,51
221;0,64;4,77;259;false;true;true;6,61;0;5,07
222;0,64;4,46;257;false;true;true;6,13;0;3,56
223;0,64;4,23;257;false;true;true;5,96;0;3,68
224;0,64;4,1;257;false;true;true;5,89;0;3,83
225;0,64;4,07;257;false;true;true;5,9;0;4,02
226;0,64;4,03;256;false;true;true;5,71;0;3,49
227;0,65;3,88;256;false;true;true;5,71;0;3,58
228;0,65;3,78;256;false;true;true;5,74;0;3,66
229;0,65;3,71;256;false;true;true;5,78;0;3,76
230;0,65;3,66;256;false;true;true;5,86;0;3,86
231;0,65;3,64;256;false;true;true;5,97;0;3,97
232;0,65;3,64;256;false;true;true;6,09;0;4,11
233;0,65;3,69;256;false;true;true;6,22;0;4,29
234;0,66;3,82;256;false;true;true;6,38;0;4,57
235;0,66;3,83;255;false;true;true;6,16;0;4
236;0,66;3,85;255;false;true;true;6,16;0;4,23
237;0,66;3,8;254;false;true;true;5,96;0;3,62
238;0,66;3,65;254;false;true;true;5,83;0;3,7
239;0,66;3,54;254;false;true;true;5,78;0;3,78
240;0,67;3,47;254;false;true;true;5,79;0;3,86
241;0,67;3,42;254;false;true;true;5,86;0;3,94
242;0,71;3,39;254;false;true;true;5,97;0;4,03
243;0,71;3,38;254;false;true;true;6,07;0;4,14
244;0,71;3,38;254;false;true;true;6,18;0;4,25
245;0,71;3,41;254;false;true;true;6,29;0;4,4
246;0,71;3,48;254;false;true;true;6,42;0;4,58
247;0,72;3,61;254;false;true;true;6,57;0;4,83
248;0,72;4,04;253;false;true;true;6,49;0;4,43
249;0,72;3,83;252;false;true;true;6,05;0;3,77
250;0,72;3,68;252;false;true;true;5,92;0;3,88
251;0,72;3,6;252;false;true;true;5,87;0;4
252;0,72;3,59;252;false;true;true;5,93;0;4,15
253;0,73;3,66;252;false;true;true;6,05;0;4,37
254;0,73;3,76;251;false;true;true;6;0;3,83
255;0,73;3,65;251;false;true;true;5,94;0;3,95
256;0,73;3,6;251;false;true;true;5,94;0;4,1
257;0,73;3,64;251;false;true;true;5,99;0;4,31
258;0,73;3,59;250;false;true;true;5,72;0;3,67
259;0,73;3,46;250;false;true;true;5,69;0;3,76
260;0,73;3,39;250;false;true;true;5,71;0;3,86
261;0,74;3,36;250;false;true;true;5,75;0;3,97
262;0,74;3,39;250;false;true;true;5,86;0;4,13
263;0,74;3,55;249;false;true;true;5,59;0;3,48
264;0,74;3,4;249;false;true;true;5,54;0;3,54
265;0,74;3,31;249;false;true;true;5,53;0;3,61
266;0,74;3,25;249;false;true;true;5,57;0;3,67
267;0,75;3,2;249;false;true;true;5,66;0;3,75
268;0,75;3,18;249;false;true;true;5,74;0;3,83
269;0,75;3,17;249;false;true;true;5,83;0;3,93
270;0,75;3,19;249;false;true;true;5,92;0;4,05
271;0,76;3,26;249;false;true;true;6,03;0;4,22
272;0,76;3,33;248;false;true;true;5,82;0;3,68
273;0,77;3,25;248;false;true;true;5,77;0;3,77
274;0,77;3,23;248;false;true;true;5,77;0;3,88
275;0,77;3,27;248;false;true;true;5,8;0;4,03
276;0,77;3,51;247;false;true;true;5,56;0;3,47
277;0,77;3,31;247;false;true;true;5,5;0;3,53
278;0,78;3,18;247;false;true;true;5,47;0;3,58
279;0,78;3,09;247;false;true;true;5,45;0;3,63
280;0,78;3,03;247;false;true;true;5,52;0;3,69
281;0,78;2,99;247;false;true;true;5,59;0;3,74
282;0,78;2,96;247;false;true;true;5,65;0;3,8
283;0,79;2,94;247;false;true;true;5,72;0;3,87
284;0,79;2,93;247;false;true;true;5,78;0;3,94
285;0,79;2,93;247;false;true;true;5,85;0;4,02
286;0,79;2,94;247;false;true;true;5,92;0;4,11
287;0,79;2,96;247;false;true;true;5,99;0;4,22
288;0,79;3,02;247;false;true;true;6,09;0;4,37
289;0,79;3,12;247;false;true;true;6,21;0;4,57
290;0,8;3,28;246;false;true;true;5,95;0;4,02
291;0,8;3,26;246;false;true;true;5,91;0;4,21
292;0,8;3,4;245;false;true;true;5,79;0;3,65
293;0,8;3,24;245;false;true;true;5,63;0;3,75
294;0,8;3,17;245;false;true;true;5,59;0;3,86
295;0,8;3,17;245;false;true;true;5,62;0;4
296;0,81;3,25;245;false;true;true;5,72;0;4,22
297;0,81;3,16;244;false;true;true;5,45;0;3,54
298;0,81;3,06;244;false;true;true;5,42;0;3,6
299;0,81;2,99;244;false;true;true;5,42;0;3,67
300;0,81;2,94;244;false;true;true;5,43;0;3,74
301;0,81;2,92;244;false;true;true;5,48;0;3,82
302;0,81;2,92;244;false;true;true;5,58;0;3,92
303;0,81;2,95;244;false;true;true;5,68;0;4,05
304;0,82;3,05;244;false;true;true;5,8;0;4,25
305;0,82;3,17;243;false;true;true;5,5;0;3,51
306;0,82;3,04;243;false;true;true;5,42;0;3,58
307;0,82;2,96;243;false;true;true;5,38;0;3,65
308;0,82;2,92;243;false;true;true;5,4;0;3,74
309;0,83;2,94;243;false;true;true;5,5;0;3,85
310;0,83;3,02;243;false;true;true;5,61;0;4,03
311;0,83;3,09;242;false;true;true;5,47;0;3,41
312;0,83;2,95;242;false;true;true;5,36;0;3,45
313;0,83;2,85;242;false;true;true;5,3;0;3,49
314;0,83;2,78;242;false;true;true;5,25;0;3,54
315;0,83;2,73;242;false;true;true;5,28;0;3,58
316;0,83;2,69;242;false;true;true;5,33;0;3,63
317;0,84;2,67;242;false;true;true;5,39;0;3,68
318;0,84;2,66;242;false;true;true;5,44;0;3,74
319;0,84;2,65;242;false;true;true;5,49;0;3,81
320;0,84;2,67;242;false;true;true;5,55;0;3,9
321;0,84;2,72;242;false;true;true;5,62;0;4,03
322;0,84;2,85;242;false;true;true;5,72;0;4,25
323;0,85;2,76;241;false;true;true;5,38;0;3,51
324;0,85;2,68;241;false;true;true;5,32;0;3,55
325;0,85;2,62;241;false;true;true;5,28;0;3,6
326;0,85;2,58;241;false;true;true;5,27;0;3,64
327;0,86;2,55;241;false;true;true;5,28;0;3,68
328;0,86;2,53;241;false;true;true;5,34;0;3,73
329;0,86;2,52;241;false;true;true;5,39;0;3,79
330;0,86;2,52;241;false;true;true;5,45;0;3,85
331;0,87;2,54;241;false;true;true;5,51;0;3,93
332;0,87;2,58;241;false;true;true;5,57;0;4,04
333;0,87;2,68;241;false;true;true;5,66;0;4,21
334;0,87;2,77;240;false;true;true;5,46;0;3,55
335;0,87;2,65;240;false;true;true;5,35;0;3,58
336;0,87;2,56;240;false;true;true;5,27;0;3,62
337;0,88;2,49;240;false;true;true;5,22;0;3,65
338;0,88;2,45;240;false;true;true;5,27;0;3,68
339;0,88;2,41;240;false;true;true;5,31;0;3,72
340;0,88;2,38;240;false;true;true;5,35;0;3,75
341;0,88;2,36;240;false;true;true;5,39;0;3,79
342;0,88;2,34;240;false;true;true;5,43;0;3,83
343;0,88;2,33;240;false;true;true;5,46;0;3,87
344;0,88;2,32;240;false;true;true;5,49;0;3,92
345;0,88;2,32;240;false;true;true;5,53;0;3,97
346;0,89;2,34;240;false;true;true;5,58;0;4,04
347;0,89;2,37;240;false;true;true;5,63;0;4,13
348;0,89;2,44;240;false;true;true;5,7;0;4,25
349;0,89;2,6;240;false;true;true;5,79;0;4,48
350;0,89;2,48;239;false;true;true;5,43;0;3,7
351;0,89;2,41;239;false;true;true;5,36;0;3,74
352;0,89;2,36;239;false;true;true;5,31;0;3,77
353;0,89;2,32;239;false;true;true;5,28;0;3,8
354;0,89;2,3;239;false;true;true;5,3;0;3,83
355;0,9;2,28;239;false;true;true;5,34;0;3,87
356;0,9;2,26;239;false;true;true;5,38;0;3,9
357;0,9;2,24;239;false;true;true;5,42;0;3,94
358;0,9;2,23;239;false;true;true;5,46;0;3,98
359;0,9;2,23;239;false;true;true;5,5;0;4,02
360;0,9;2,22;239;false;true;true;5,54;0;4,06
361;0,9;2,22;239;false;true;true;5,58;0;4,11
362;0,9;2,22;239;false;true;true;5,62;0;4,16
363;0,9;2,24;239;false;true;true;5,67;0;4,22
364;0,9;2,25;239;false;true;true;5,72;0;4,29
365;0,91;2,29;239;false;true;true;5,79;0;4,38
366;0,91;2,34;239;false;true;true;5,86;0;4,49
367;0,91;2,42;239;false;true;true;5,95;0;4,64
368;0,91;2,59;239;false;true;true;6,07;0;4,87
369;0,91;2,96;238;false;true;true;5,85;0;4,27
370;0,91;3,07;237;false;true;true;5,44;0;3,71
371;0,91;2,89;237;false;true;true;5,26;0;3,79
372;0,91;2,79;237;false;true;true;5,23;0;3,87
373;0,91;2,74;237;false;true;true;5,29;0;3,95
374;0,92;2,73;237;false;true;true;5,4;0;4,06
375;0,92;2,77;237;false;true;true;5,51;0;4,18
376;0,92;2,86;237;false;true;true;5,65;0;4,36
377;0,92;3,08;237;false;true;true;5,81;0;4,66
378;0,92;3,38;235;false;true;true;5,23;0;3,76
379;0,92;3,39;235;false;true;true;5,05;0;4,06
380;0,92;3,08;234;false;true;true;5,26;0;3,64
381;0,92;2,97;234;false;true;true;5,09;0;3,74
382;0,93;2,91;234;false;true;true;5,03;0;3,85
383;0,93;2,91;234;false;true;true;5,08;0;3,99
384;0,93;2,99;234;false;true;true;5,26;0;4,21
385;0,93;2,99;233;false;true;true;5,18;0;3,59
386;0,93;2,85;233;false;true;true;5,13;0;3,65
387;0,93;2,76;233;false;true;true;5,11;0;3,73
388;0,93;2,71;233;false;true;true;5,12;0;3,81
389;0,94;2,68;233;false;true;true;5,19;0;3,9
390;0,94;2,7;233;false;true;true;5,3;0;4,03
391;0,94;2,77;233;false;true;true;5,42;0;4,22
392;0,94;2,82;232;false;true;true;5,26;0;3,62
393;0,94;2,68;232;false;true;true;5,16;0;3,67
394;0,94;2,6;232;false;true;true;5,11;0;3,73
395;0,94;2,55;232;false;true;true;5,11;0;3,78
396;0,95;2,51;232;false;true;true;5,2;0;3,84
397;0,95;2,49;232;false;true;true;5,27;0;3,91
398;0,95;2,47;232;false;true;true;5,35;0;3,98
399;0,95;2,47;232;false;true;true;5,42;0;4,06
400;0,95;2,48;232;false;true;true;5,49;0;4,15
401;0,95;2,52;232;false;true;true;5,58;0;4,27
402;0,95;2,58;232;false;true;true;5,67;0;4,42
403;0,96;2,72;232;false;true;true;5,8;0;4,64
404;0,96;2,88;231;false;true;true;5,72;0;4,11
405;0,96;2,84;231;false;true;true;5,66;0;4,27
406;0,96;2,92;231;false;true;true;5,68;0;4,51
407;0,96;3,09;230;false;true;true;5,46;0;4,01
408;0,96;3,08;229;false;true;true;4,91;0;3,39
409;0,96;2,88;229;false;true;true;4,82;0;3,43
410;0,96;2,73;229;false;true;true;4,77;0;3,47
411;0,96;2,62;229;false;true;true;4,81;0;3,51
412;0,96;2,53;229;false;true;true;4,85;0;3,54
413;0,97;2,46;229;false;true;true;4,92;0;3,58
414;0,97;2,4;229;false;true;true;4,98;0;3,62
415;0,97;2,36;229;false;true;true;5,03;0;3,66
416;0,97;2,32;229;false;true;true;5,08;0;3,7
417;0,97;2,29;229;false;true;true;5,12;0;3,75
418;0,97;2,27;229;false;true;true;5,16;0;3,81
419;0,97;2,26;229;false;true;true;5,21;0;3,87
420;0,97;2,25;229;false;true;true;5,26;0;3,94
421;0,97;2,27;229;false;true;true;5,32;0;4,03
422;0,98;2,29;229;false;true;true;5,38;0;4,14
423;0,98;2,36;229;false;true;true;5,47;0;4,29
424;0,98;2,49;229;false;true;true;5,58;0;4,51
425;0,98;2,74;228;false;true;true;5,43;0;4,02
426;0,98;2,77;227;false;true;true;5,12;0;3,45
427;0,98;2,57;227;false;true;true;4,91;0;3,5
428;0,98;2,45;227;false;true;true;4,79;0;3,55
429;0,98;2,37;227;false;true;true;4,77;0;3,61
430;0,98;2,3;227;false;true;true;4,83;0;3,67
431;0,98;2,26;227;false;true;true;4,9;0;3,73
432;0,99;2,25;227;false;true;true;4,97;0;3,81
433;0,99;2,26;227;false;true;true;5,04;0;3,91
434;0,99;2,32;227;false;true;true;5,13;0;4,07
435;0,99;2,35;226;false;true;true;4,87;0;3,45
436;0,99;2,24;226;false;true;true;4,79;0;3,5
437;0,99;2,16;226;false;true;true;4,75;0;3,54
438;0,99;2,1;226;false;true;true;4,73;0;3,59
439;0,99;2,05;226;false;true;true;4,74;0;3,64
440;0,99;2,02;226;false;true;true;4,79;0;3,69
441;0,99;1,99;226;false;true;true;4,84;0;3,75
442;1;1,97;226;false;true;true;4,89;0;3,81
443;1;1,97;226;false;true;true;4,95;0;3,89
444;1;1,98;226;false;true;true;5,01;0;3,98
445;1;2,01;226;false;true;true;5,09;0;4,1
446;1;2,11;226;false;true;true;5,18;0;4,28
447;1;2,23;225;false;true;true;4,92;0;3,63
448;1;2,09;225;false;true;true;4,8;0;3,69
449;1;2,03;225;false;true;true;4,75;0;3,76
450;1;1,99;225;false;true;true;4,77;0;3,83
451;1;1,98;225;false;true;true;4,85;0;3,9
452;1;1,98;225;false;true;true;4,93;0;3,99
453;1,01;2;225;false;true;true;5,02;0;4,1
454;1,01;2,04;225;false;true;true;5,11;0;4,24
455;1,01;2,15;225;false;true;true;5,23;0;4,44
456;1,01;2,58;224;false;true;true;5,01;0;3,92
457;1,01;2,56;223;false;true;true;4,62;0;3,26
458;1,01;2,36;223;false;true;true;4,43;0;3,32
459;1,01;2,23;223;false;true;true;4,36;0;3,39
460;1,01;2,16;223;false;true;true;4,39;0;3,47
461;1,01;2,14;223;false;true;true;4,48;0;3,58
462;1,01;2,18;223;false;true;true;4,59;0;3,74
463;1,02;2,16;222;false;true;true;4,3;0;3,09
464;1,02;2,03;222;false;true;true;4,24;0;3,13
465;1,02;1,94;222;false;true;true;4,2;0;3,16
466;1,02;1,87;222;false;true;true;4,18;0;3,2
467;1,02;1,81;222;false;true;true;4,18;0;3,23
468;1,02;1,76;222;false;true;true;4,22;0;3,26
469;1,02;1,72;222;false;true;true;4,26;0;3,29
470;1,02;1,69;222;false;true;true;4,29;0;3,33
471;1,03;1,66;222;false;true;true;4,32;0;3,37
472;1,03;1,64;222;false;true;true;4,35;0;3,41
473;1,03;1,63;222;false;true;true;4,39;0;3,46
474;1,03;1,63;222;false;true;true;4,43;0;3,53
475;1,03;1,64;222;false;true;true;4,47;0;3,61
476;1,03;1,68;222;false;true;true;4,53;0;3,72
477;1,03;1,89;221;false;true;true;4,24;0;3,09
478;1,03;1,74;221;false;true;true;4,1;0;3,12
479;1,03;1,66;221;false;true;true;4,04;0;3,15
480;1,03;1,61;221;false;true;true;4,04;0;3,17
481;1,04;1,56;221;false;true;true;4,07;0;3,2
482;1,04;1,51;221;false;true;true;4,1;0;3,22
483;1,04;1,48;221;false;true;true;4,13;0;3,25
484;1,04;1,44;221;false;true;true;4,15;0;3,27
485;1,04;1,41;221;false;true;true;4,16;0;3,3
486;1,04;1,39;221;false;true;true;4,18;0;3,33
487;1,04;1,37;221;false;true;true;4,2;0;3,37
488;1,04;1,36;221;false;true;true;4,21;0;3,41
489;1,04;1,36;221;false;true;true;4,24;0;3,45
490;1,05;1,38;221;false;true;true;4,28;0;3,51
491;1,05;1,41;221;false;true;true;4,31;0;3,6
492;1,05;1,49;221;false;true;true;4,37;0;3,73
493;1,05;1,52;220;false;true;true;4,06;0;3,09
494;1,05;1,43;220;false;true;true;3,97;0;3,11
495;1,05;1,37;220;false;true;true;3,9;0;3,13
496;1,05;1,33;220;false;true;true;3,85;0;3,14
497;1,05;1,29;220;false;true;true;3,84;0;3,16
498;1,06;1,26;220;false;true;true;3,87;0;3,17
499;1,06;1,23;220;false;true;true;3,89;0;3,19
500;1,06;1,2;220;false;true;true;3,91;0;3,2
501;1,06;1,18;220;false;true;true;3,92;0;3,22
502;1,06;1,16;220;false;true;true;3,94;0;3,23
503;1,06;1,14;220;false;true;true;3,95;0;3,24
504;1,06;1,12;220;false;true;true;3,96;0;3,26
505;1,07;1,1;220;false;true;true;3,97;0;3,27
506;1,07;1,08;220;false;true;true;3,98;0;3,28
507;1,07;1,07;220;false;true;true;3,99;0;3,3
508;1,07;1,06;220;false;true;true;4;0;3,31
509;1,07;1,05;220;false;true;true;4,01;0;3,32
510;1,07;1,03;220;false;true;true;4,02;0;3,34
511;1,07;1,02;220;false;true;true;4,03;0;3,36
512;1,07;1,02;220;false;true;true;4,04;0;3,37
513;1,07;1,01;220;false;true;true;4,06;0;3,39
514;1,08;1,01;220;false;true;true;4,07;0;3,41
515;1,08;1,01;220;false;true;true;4,08;0;3,43
516;1,08;1,01;220;false;true;true;4,1;0;3,46
517;1,08;1,01;220;false;true;true;4,11;0;3,49
518;1,08;1,02;220;false;true;true;4,13;0;3,52
519;1,08;1,04;220;false;true;true;4,16;0;3,56
520;1,08;1,07;220;false;true;true;4,19;0;3,62
521;1,08;1,11;220;false;true;true;4,23;0;3,7
522;1,09;1,21;220;false;true;true;4,29;0;3,84
523;1,09;1,25;219;false;true;true;3,98;0;3,18
524;1,09;1,2;219;false;true;true;3,86;0;3,19
525;1,09;1,16;219;false;true;true;3,79;0;3,21
526;1,09;1,12;219;false;true;true;3,75;0;3,22
527;1,09;1,09;219;false;true;true;3,75;0;3,23
528;1,09;1,06;219;false;true;true;3,78;0;3,24
529;1,09;1,03;219;false;true;true;3,81;0;3,25
530;1,09;1,01;219;false;true;true;3,83;0;3,27
531;1,1;0,99;219;false;true;true;3,85;0;3,28
532;1,1;0,97;219;false;true;true;3,87;0;3,28
533;1,1;0,95;219;false;true;true;3,88;0;3,29
534;1,1;0,94;219;false;true;true;3,9;0;3,3
535;1,1;0,92;219;false;true;true;3,9;0;3,31
536;1,1;0,91;219;false;true;true;3,91;0;3,32
537;1,1;0,9;219;false;true;true;3,92;0;3,34
538;1,1;0,89;219;false;true;true;3,93;0;3,35
539;1,11;0,88;219;false;true;true;3,94;0;3,36
540;1,11;0,88;219;false;true;true;3,95;0;3,37
541;1,11;0,87;219;false;true;true;3,96;0;3,38
542;1,11;0,86;219;false;true;true;3,96;0;3,39
543;1,11;0,86;219;false;true;true;3,97;0;3,41
544;1,11;0,85;219;false;true;true;3,98;0;3,42
545;1,11;0,86;219;false;true;true;4;0;3,44
546;1,11;0,86;219;false;true;true;4,01;0;3,46
547;1,11;0,86;219;false;true;true;4,02;0;3,48
548;1,12;0,86;219;false;true;true;4,04;0;3,5
549;1,12;0,88;219;false;true;true;4,06;0;3,53
550;1,12;0,89;219;false;true;true;4,08;0;3,57
551;1,12;0,91;219;false;true;true;4,1;0;3,61
552;1,12;0,95;219;false;true;true;4,14;0;3,67
553;1,12;1,01;219;false;true;true;4,18;0;3,75
554;1,12;1,13;219;false;true;true;4,23;0;3,9
555;1,12;1,24;218;false;true;true;3,82;0;3,21
556;1,12;1,12;218;false;true;true;3,77;0;3,22
557;1,12;1,04;218;false;true;true;3,75;0;3,23
558;1,13;0,98;218;false;true;true;3,72;0;3,24
559;1,13;0,94;218;false;true;true;3,73;0;3,25
560;1,13;0,91;218;false;true;true;3,76;0;3,26
561;1,13;0,89;218;false;true;true;3,79;0;3,27
562;1,13;0,87;218;false;true;true;3,81;0;3,28
563;1,13;0,85;218;false;true;true;3,82;0;3,29
564;1,13;0,84;218;false;true;true;3,84;0;3,3
565;1,13;0,83;218;false;true;true;3,85;0;3,3
566;1,13;0,82;218;false;true;true;3,86;0;3,31
567;1,13;0,81;218;false;true;true;3,87;0;3,32
568;1,14;0,8;218;false;true;true;3,87;0;3,33
569;1,14;0,79;218;false;true;true;3,88;0;3,34
570;1,14;0,79;218;false;true;true;3,89;0;3,35
571;1,14;0,78;218;false;true;true;3,9;0;3,36
572;1,14;0,77;218;false;true;true;3,91;0;3,37
573;1,14;0,77;218;false;true;true;3,92;0;3,38
574;1,14;0,76;218;false;true;true;3,92;0;3,4
575;1,14;0,76;218;false;true;true;3,93;0;3,41
576;1,14;0,76;218;false;true;true;3,94;0;3,42
577;1,14;0,75;218;false;true;true;3,95;0;3,44
578;1,15;0,76;218;false;true;true;3,96;0;3,45
579;1,15;0,76;218;false;true;true;3,98;0;3,47
580;1,15;0,89;218;false;true;true;3,99;0;3,37
581;1,15;0,85;218;false;true;true;3,96;0;3,39
582;1,15;0,83;218;false;true;true;3,96;0;3,42
583;1,15;0,83;218;false;true;true;3,96;0;3,45
584;1,15;0,83;218;false;true;true;3,98;0;3,49
585;1,15;0,86;218;false;true;true;4;0;3,55
586;1,15;0,9;218;false;true;true;4,04;0;3,63
587;1,15;1;218;false;true;true;4,1;0;3,76
588;1,16;1,05;217;false;true;true;3,77;0;3,1
589;1,16;0,97;217;false;true;true;3,68;0;3,12
590;1,16;0,92;217;false;true;true;3,62;0;3,13
591;1,16;0,88;217;false;true;true;3,59;0;3,14
592;1,16;0,86;217;false;true;true;3,59;0;3,15
593;1,16;0,83;217;false;true;true;3,61;0;3,16
594;1,16;0,81;217;false;true;true;3,63;0;3,17
595;1,16;0,79;217;false;true;true;3,65;0;3,19
596;1,16;0,78;217;false;true;true;3,67;0;3,2
597;1,16;0,77;217;false;true;true;3,69;0;3,21
598;1,17;0,76;217;false;true;true;3,7;0;3,22
599;1,17;0,74;217;false;true;true;3,71;0;3,23
600;1,17;0,74;217;false;true;true;3,72;0;3,24
601;1,17;0,72;217;false;true;true;3,73;0;3,25
602;1,17;0,72;217;false;true;true;3,74;0;3,26
603;1,17;0,71;217;false;true;true;3,75;0;3,27
604;1,17;0,71;217;false;true;true;3,76;0;3,28
605;1,17;0,7;217;false;true;true;3,76;0;3,29
606;1,17;0,7;217;false;true;true;3,77;0;3,3
607;1,17;0,69;217;false;true;true;3,78;0;3,32
608;1,18;0,69;217;false;true;true;3,79;0;3,33
609;1,18;0,68;217;false;true;true;3,8;0;3,34
610;1,18;0,68;217;false;true;true;3,81;0;3,36
611;1,18;0,68;217;false;true;true;3,82;0;3,38
612;1,18;0,68;217;false;true;true;3,84;0;3,39
613;1,18;0,68;217;false;true;true;3,85;0;3,41
614;1,18;0,68;217;false;true;true;3,87;0;3,43
615;1,19;0,69;217;false;true;true;3,88;0;3,46
616;1,19;0,7;217;false;true;true;3,91;0;3,48
617;1,19;0,7;217;false;true;true;3,92;0;3,51
618;1,19;0,72;217;false;true;true;3,95;0;3,54
619;1,19;0,73;217;false;true;true;3,97;0;3,58
620;1,19;0,76;217;false;true;true;4,01;0;3,64
621;1,19;0,8;217;false;true;true;4,05;0;3,7
622;1,2;0,85;217;false;true;true;4,09;0;3,79
623;1,2;0,97;217;false;true;true;4,17;0;3,94
624;1,2;1,02;216;false;true;true;3,84;0;3,27
625;1,2;0,95;216;false;true;true;3,76;0;3,3
626;1,2;0,91;216;false;true;true;3,72;0;3,33
627;1,2;0,9;216;false;true;true;3,7;0;3,37
628;1,2;0,9;216;false;true;true;3,73;0;3,42
629;1,2;0,91;216;false;true;true;3,79;0;3,48
630;1,2;0,96;216;false;true;true;3,86;0;3,57
631;1,2;1,06;216;false;true;true;3,93;0;3,72
632;1,21;1,2;215;false;true;true;3,51;0;2,95
633;1,21;1,09;215;false;true;true;3,41;0;2,97
634;1,21;1,02;215;false;true;true;3,37;0;2,99
635;1,21;0,97;215;false;true;true;3,42;0;3
636;1,21;0,94;215;false;true;true;3,46;0;3,02
637;1,21;0,91;215;false;true;true;3,49;0;3,04
638;1,21;0,89;215;false;true;true;3,52;0;3,05
639;1,21;0,87;215;false;true;true;3,55;0;3,07
640;1,21;0,86;215;false;true;true;3,57;0;3,08
641;1,21;0,84;215;false;true;true;3,58;0;3,1
642;1,22;0,82;215;false;true;true;3,6;0;3,11
643;1,22;0,8;215;false;true;true;3,61;0;3,13
644;1,22;0,79;215;false;true;true;3,62;0;3,14
645;1,22;0,78;215;false;true;true;3,63;0;3,16
646;1,22;0,77;215;false;true;true;3,64;0;3,17
647;1,22;0,76;215;false;true;true;3,65;0;3,19
648;1,22;0,75;215;false;true;true;3,66;0;3,2
649;1,22;0,74;215;false;true;true;3,67;0;3,22
650;1,22;0,73;215;false;true;true;3,68;0;3,24
651;1,22;0,72;215;false;true;true;3,69;0;3,25
652;1,23;0,71;215;false;true;true;3,7;0;3,27
653;1,23;0,71;215;false;true;true;3,71;0;3,29
654;1,23;0,71;215;false;true;true;3,73;0;3,31
655;1,23;0,7;215;false;true;true;3,74;0;3,33
656;1,23;0,71;215;false;true;true;3,77;0;3,36
657;1,23;0,71;215;false;true;true;3,78;0;3,39
658;1,23;0,72;215;false;true;true;3,81;0;3,42
659;1,23;0,72;215;false;true;true;3,83;0;3,45
660;1,23;0,73;215;false;true;true;3,85;0;3,49
661;1,23;0,75;215;false;true;true;3,88;0;3,54
662;1,24;0,78;215;false;true;true;3,92;0;3,6
663;1,24;0,82;215;false;true;true;3,97;0;3,68
664;1,24;0,9;215;false;true;true;4,03;0;3,8
665;1,24;1,07;215;false;true;true;4,12;0;4,02
666;1,24;1;214;false;true;true;3,7;0;3,2
667;1,24;0,93;214;false;true;true;3,63;0;3,24
668;1,24;0,9;214;false;true;true;3,6;0;3,28
669;1,24;0,89;214;false;true;true;3,59;0;3,32
670;1,24;0,89;214;false;true;true;3,64;0;3,37
671;1,24;0,92;214;false;true;true;3,71;0;3,44
672;1,25;0,97;214;false;true;true;3,78;0;3,55
673;1,25;1,11;214;false;true;true;3,87;0;3,73
674;1,25;1,13;213;false;true;true;3,49;0;2,91
675;1,25;1,02;213;false;true;true;3,39;0;2,92
676;1,25;0,94;213;false;true;true;3,33;0;2,94
677;1,25;0,88;213;false;true;true;3,33;0;2,95
678;1,25;0,84;213;false;true;true;3,36;0;2,96
679;1,25;0,8;213;false;true;true;3,38;0;2,97
680;1,25;0,78;213;false;true;true;3,4;0;2,98
681;1,25;0,75;213;false;true;true;3,41;0;2,99
682;1,25;0,72;213;false;true;true;3,42;0;3
683;1,26;0,69;213;false;true;true;3,42;0;3,01
684;1,26;0,67;213;false;true;true;3,43;0;3,01
685;1,26;0,65;213;false;true;true;3,43;0;3,02
686;1,26;0,63;213;false;true;true;3,44;0;3,03
687;1,26;0,61;213;false;true;true;3,44;0;3,04
688;1,26;0,6;213;false;true;true;3,44;0;3,04
689;1,26;0,58;213;false;true;true;3,44;0;3,05
690;1,26;0,57;213;false;true;true;3,44;0;3,06
691;1,27;0,55;213;false;true;true;3,44;0;3,07
692;1,27;0,54;213;false;true;true;3,44;0;3,07
693;1,27;0,53;213;false;true;true;3,45;0;3,08
694;1,27;0,52;213;false;true;true;3,45;0;3,09
695;1,27;0,51;213;false;true;true;3,44;0;3,1
696;1,27;0,5;213;false;true;true;3,45;0;3,1
697;1,27;0,49;213;false;true;true;3,45;0;3,11
698;1,27;0,48;213;false;true;true;3,45;0;3,12
699;1,27;0,47;213;false;true;true;3,45;0;3,13
700;1,28;0,47;213;false;true;true;3,46;0;3,14
701;1,28;0,47;213;false;true;true;3,47;0;3,15
702;1,28;0,46;213;false;true;true;3,47;0;3,15
703;1,28;0,46;213;false;true;true;3,48;0;3,16
704;1,28;0,46;213;false;true;true;3,49;0;3,18
705;1,28;0,46;213;false;true;true;3,49;0;3,19
706;1,28;0,47;213;false;true;true;3,5;0;3,2
707;1,28;0,46;213;false;true;true;3,51;0;3,21
708;1,29;0,46;213;false;true;true;3,52;0;3,23
709;1,29;0,46;213;false;true;true;3,52;0;3,24
710;1,29;0,46;213;false;true;true;3,53;0;3,26
711;1,29;0,48;213;false;true;true;3,55;0;3,28
712;1,29;0,49;213;false;true;true;3,57;0;3,31
713;1,29;0,5;213;false;true;true;3,58;0;3,34
714;1,29;0,52;213;false;true;true;3,61;0;3,38
715;1,29;0,56;213;false;true;true;3,64;0;3,43
716;1,29;0,61;213;false;true;true;3,68;0;3,5
717;1,29;0,71;213;false;true;true;3,75;0;3,63
718;1,3;0,78;212;false;true;true;3,36;0;2,92
719;1,3;0,71;212;false;true;true;3,27;0;2,93
720;1,3;0,66;212;false;true;true;3,22;0;2,94
721;1,3;0,62;212;false;true;true;3,19;0;2,95
722;1,3;0,6;212;false;true;true;3,21;0;2,95
723;1,3;0,58;212;false;true;true;3,23;0;2,96
724;1,3;0,56;212;false;true;true;3,25;0;2,96
725;1,3;0,54;212;false;true;true;3,26;0;2,97
726;1,3;0,53;212;false;true;true;3,28;0;2,97
727;1,31;0,52;212;false;true;true;3,29;0;2,98
728;1,31;0,5;212;false;true;true;3,29;0;2,98
729;1,31;0,49;212;false;true;true;3,3;0;2,99
730;1,31;0,48;212;false;true;true;3,3;0;2,99
731;1,31;0,48;212;false;true;true;3,31;0;2,99
732;1,31;0,47;212;false;true;true;3,31;0;3
733;1,31;0,46;212;false;true;true;3,32;0;3
734;1,31;0,45;212;false;true;true;3,32;0;3,01
735;1,31;0,45;212;false;true;true;3,32;0;3,01
736;1,32;0,44;212;false;true;true;3,32;0;3,01
737;1,32;0,43;212;false;true;true;3,32;0;3,01
738;1,32;0,43;212;false;true;true;3,33;0;3,02
739;1,32;0,42;212;false;true;true;3,32;0;3,02
740;1,32;0,42;212;false;true;true;3,32;0;3,02
741;1,32;0,41;212;false;true;true;3,32;0;3,03
742;1,32;0,41;212;false;true;true;3,33;0;3,03
743;1,32;0,4;212;false;true;true;3,33;0;3,03
744;1,33;0,4;212;false;true;true;3,32;0;3,03
745;1,33;0,39;212;false;true;true;3,32;0;3,04
746;1,33;0,39;212;false;true;true;3,33;0;3,04
747;1,33;0,38;212;false;true;true;3,33;0;3,04
748;1,33;0,38;212;false;true;true;3,33;0;3,05
749;1,33;0,38;212;false;true;true;3,33;0;3,05
750;1,33;0,37;212;false;true;true;3,33;0;3,05
751;1,33;0,37;212;false;true;true;3,33;0;3,05
752;1,34;0,36;212;false;true;true;3,33;0;3,06
753;1,34;0,36;212;false;true;true;3,33;0;3,06
754;1,34;0,35;212;false;true;true;3,33;0;3,06
755;1,34;0,35;212;false;true;true;3,33;0;3,06
756;1,34;0,35;212;false;true;true;3,33;0;3,07
757;1,34;0,35;212;false;true;true;3,33;0;3,07
758;1,34;0,34;212;false;true;true;3,33;0;3,07
759;1,34;0,34;212;false;true;true;3,33;0;3,07
760;1,34;0,34;212;false;true;true;3,33;0;3,08
761;1,34;0,34;212;false;true;true;3,33;0;3,08
762;1,35;0,33;212;false;true;true;3,33;0;3,08
763;1,35;0,33;212;false;true;true;3,33;0;3,08
764;1,35;0,33;212;false;true;true;3,33;0;3,09
765;1,35;0,32;212;false;true;true;3,33;0;3,09
766;1,35;0,32;212;false;true;true;3,33;0;3,09
767;1,35;0,32;212;false;true;true;3,33;0;3,09
768;1,35;0,32;212;false;true;true;3,34;0;3,1
769;1,35;0,31;212;false;true;true;3,33;0;3,1
770;1,35;0,31;212;false;true;true;3,33;0;3,1
771;1,35;0,31;212;false;true;true;3,33;0;3,1
772;1,36;0,31;212;false;true;true;3,34;0;3,11
773;1,36;0,3;212;false;true;true;3,33;0;3,11
774;1,36;0,3;212;false;true;true;3,33;0;3,11
775;1,36;0,29;212;false;true;true;3,33;0;3,11
776;1,36;0,3;212;false;true;true;3,34;0;3,12
777;1,36;0,29;212;false;true;true;3,34;0;3,12
778;1,36;0,29;212;false;true;true;3,34;0;3,12
779;1,36;0,29;212;false;true;true;3,34;0;3,13
780;1,36;0,29;212;false;true;true;3,34;0;3,13
781;1,36;0,29;212;false;true;true;3,34;0;3,13
782;1,37;0,29;212;false;true;true;3,34;0;3,13
783;1,37;0,28;212;false;true;true;3,34;0;3,14
784;1,37;0,28;212;false;true;true;3,35;0;3,14
785;1,37;0,28;212;false;true;true;3,34;0;3,14
786;1,37;0,28;212;false;true;true;3,35;0;3,15
787;1,37;0,27;212;false;true;true;3,35;0;3,15
788;1,37;0,28;212;false;true;true;3,35;0;3,15
789;1,37;0,28;212;false;true;true;3,36;0;3,16
790;1,38;0,28;212;false;true;true;3,36;0;3,16
791;1,38;0,27;212;false;true;true;3,36;0;3,16
792;1,38;0,27;212;false;true;true;3,36;0;3,17
793;1,38;0,27;212;false;true;true;3,36;0;3,17
794;1,38;0,27;212;false;true;true;3,37;0;3,18
795;1,38;0,27;212;false;true;true;3,37;0;3,18
796;1,38;0,27;212;false;true;true;3,37;0;3,18
797;1,38;0,26;212;false;true;true;3,37;0;3,19
798;1,38;0,26;212;false;true;true;3,37;0;3,19
799;1,38;0,26;212;false;true;true;3,37;0;3,2
800;1,38;0,26;212;false;true;true;3,38;0;3,2
801;1,39;0,26;212;false;true;true;3,38;0;3,21
802;1,39;0,26;212;false;true;true;3,39;0;3,21
803;1,39;0,26;212;false;true;true;3,39;0;3,22
804;1,39;0,27;212;false;true;true;3,4;0;3,22
805;1,39;0,26;212;false;true;true;3,4;0;3,23
806;1,39;0,27;212;false;true;true;3,41;0;3,23
807;1,39;0,27;212;false;true;true;3,41;0;3,24
808;1,39;0,27;212;false;true;true;3,42;0;3,25
809;1,39;0,27;212;false;true;true;3,42;0;3,25
810;1,39;0,27;212;false;true;true;3,43;0;3,26
811;1,4;0,27;212;false;true;true;3,43;0;3,27
812;1,4;0,28;212;false;true;true;3,44;0;3,28
813;1,4;0,28;212;false;true;true;3,45;0;3,29
814;1,4;0,28;212;false;true;true;3,46;0;3,3
815;1,4;0,29;212;false;true;true;3,47;0;3,31
816;1,4;0,29;212;false;true;true;3,47;0;3,33
817;1,4;0,3;212;false;true;true;3,49;0;3,35
818;1,4;0,31;212;false;true;true;3,51;0;3,37
819;1,4;0,32;212;false;true;true;3,52;0;3,39
820;1,4;0,35;212;false;true;true;3,55;0;3,42
821;1,41;0,37;212;false;true;true;3,57;0;3,46
822;1,41;0,41;212;false;true;true;3,61;0;3,51
823;1,41;0,47;212;false;true;true;3,65;0;3,6
824;1,41;0,6;212;false;true;true;3,71;0;3,75
825;1,41;0,62;211;false;true;true;3,23;0;2,94
826;1,41;0,55;211;false;true;true;3,16;0;2,95
827;1,41;0,51;211;false;true;true;3,11;0;2,96
828;1,41;0,48;211;false;true;true;3,11;0;2,97
829;1,41;0,46;211;false;true;true;3,14;0;2,97
830;1,41;0,44;211;false;true;true;3,16;0;2,97
831;1,42;0,43;211;false;true;true;3,19;0;2,98
832;1,42;0,41;211;false;true;true;3,2;0;2,98
833;1,42;0,4;211;false;true;true;3,21;0;2,99
834;1,42;0,39;211;false;true;true;3,22;0;2,99
835;1,42;0,38;211;false;true;true;3,22;0;2,99
836;1,42;0,37;211;false;true;true;3,23;0;2,99
837;1,42;0,36;211;false;true;true;3,23;0;3
838;1,42;0,35;211;false;true;true;3,23;0;3
839;1,42;0,35;211;false;true;true;3,23;0;3
840;1,42;0,34;211;false;true;true;3,23;0;3
841;1,43;0,34;211;false;true;true;3,24;0;3
842;1,43;0,33;211;false;true;true;3,24;0;3,01
843;1,43;0,33;211;false;true;true;3,24;0;3,01
844;1,43;0,33;211;false;true;true;3,24;0;3,01
845;1,43;0,32;211;false;true;true;3,24;0;3,01
846;1,43;0,32;211;false;true;true;3,24;0;3,01
847;1,43;0,32;211;false;true;true;3,24;0;3,01
848;1,43;0,31;211;false;true;true;3,25;0;3,01
849;1,44;0,31;211;false;true;true;3,24;0;3,02
850;1,44;0,31;211;false;true;true;3,25;0;3,02
851;1,44;0,3;211;false;true;true;3,24;0;3,02
852;1,44;0,3;211;false;true;true;3,24;0;3,02
853;1,44;0,29;211;false;true;true;3,24;0;3,02
854;1,44;0,29;211;false;true;true;3,24;0;3,02
855;1,44;0,29;211;false;true;true;3,24;0;3,02
856;1,44;0,29;211;false;true;true;3,24;0;3,02
857;1,45;0,28;211;false;true;true;3,24;0;3,03
858;1,45;0,28;211;false;true;true;3,24;0;3,03
859;1,45;0,28;211;false;true;true;3,24;0;3,03
860;1,45;0,28;211;false;true;true;3,24;0;3,03
861;1,45;0,27;211;false;true;true;3,23;0;3,03
862;1,45;0,27;211;false;true;true;3,24;0;3,03
863;1,45;0,27;211;false;true;true;3,24;0;3,03
864;1,45;0,27;211;false;true;true;3,23;0;3,03
865;1,46;0,26;211;false;true;true;3,23;0;3,03
866;1,46;0,26;211;false;true;true;3,23;0;3,04
867;1,46;0,26;211;false;true;true;3,23;0;3,04
868;1,46;0,26;211;false;true;true;3,23;0;3,04
869;1,46;0,26;211;false;true;true;3,23;0;3,04
870;1,46;0,25;211;false;true;true;3,23;0;3,04
871;1,46;0,25;211;false;true;true;3,23;0;3,04
872;1,46;0,24;211;false;true;true;3,22;0;3,04
873;1,46;0,24;211;false;true;true;3,22;0;3,04
874;1,46;0,24;211;false;true;true;3,22;0;3,04
875;1,47;0,24;211;false;true;true;3,22;0;3,04
876;1,47;0,24;211;false;true;true;3,22;0;3,05
877;1,47;0,24;211;false;true;true;3,22;0;3,05
878;1,47;0,23;211;false;true;true;3,22;0;3,05
879;1,47;0,23;211;false;true;true;3,22;0;3,05
880;1,47;0,23;211;false;true;true;3,22;0;3,05
881;1,47;0,23;211;false;true;true;3,22;0;3,05
882;1,47;0,23;211;false;true;true;3,22;0;3,05
883;1,47;0,23;211;false;true;true;3,22;0;3,05
884;1,48;0,23;211;false;true;true;3,22;0;3,05
885;1,48;0,23;211;false;true;true;3,22;0;3,05
886;1,48;0,22;211;false;true;true;3,22;0;3,05
887;1,48;0,22;211;false;true;true;3,22;0;3,06
888;1,48;0,21;211;false;true;true;3,21;0;3,06
889;1,48;0,22;211;false;true;true;3,22;0;3,06
890;1,48;0,21;211;false;true;true;3,21;0;3,06
891;1,48;0,21;211;false;true;true;3,21;0;3,06
892;1,48;0,21;211;false;true;true;3,22;0;3,06
893;1,48;0,21;211;false;true;true;3,22;0;3,06
894;1,49;0,21;211;false;true;true;3,22;0;3,06
895;1,49;0,21;211;false;true;true;3,22;0;3,06
896;1,49;0,21;211;false;true;true;3,22;0;3,06
897;1,49;0,21;211;false;true;true;3,22;0;3,06
898;1,49;0,2;211;false;true;true;3,21;0;3,06
899;1,49;0,21;211;false;true;true;3,22;0;3,07
900;1,49;0,2;211;false;true;true;3,21;0;3,07
901;1,49;0,2;211;false;true;true;3,21;0;3,07
902;1,49;0,2;211;false;true;true;3,22;0;3,07
903;1,49;0,2;211;false;true;true;3,21;0;3,07
904;1,5;0,2;211;false;true;true;3,21;0;3,07
905;1,5;0,2;211;false;true;true;3,21;0;3,07
906;1,5;0,19;211;false;true;true;3,21;0;3,07
907;1,5;0,19;211;false;true;true;3,21;0;3,07
908;1,5;0,19;211;false;true;true;3,21;0;3,07
909;1,5;0,19;211;false;true;true;3,22;0;3,07
910;1,5;0,19;211;false;true;true;3,22;0;3,07
911;1,5;0,19;211;false;true;true;3,22;0;3,07
912;1,5;0,19;211;false;true;true;3,22;0;3,07
913;1,5;0,19;211;false;true;true;3,22;0;3,08
914;1,5;0,19;211;false;true;true;3,22;0;3,08
915;1,51;0,19;211;false;true;true;3,22;0;3,08
916;1,51;0,18;211;false;true;true;3,22;0;3,08
917;1,51;0,19;211;false;true;true;3,22;0;3,08
918;1,51;0,18;211;false;true;true;3,22;0;3,08
919;1,51;0,19;211;false;true;true;3,22;0;3,08
920;1,51;0,19;211;false;true;true;3,22;0;3,08
921;1,51;0,18;211;false;true;true;3,22;0;3,08
922;1,51;0,18;211;false;true;true;3,22;0;3,08
923;1,52;0,18;211;false;true;true;3,22;0;3,08
924;1,52;0,18;211;false;true;true;3,22;0;3,08
925;1,52;0,18;211;false;true;true;3,22;0;3,08
926;1,52;0,18;211;false;true;true;3,22;0;3,08
927;1,52;0,18;211;false;true;true;3,22;0;3,08
928;1,52;0,18;211;false;true;true;3,22;0;3,09
929;1,52;0,18;211;false;true;true;3,22;0;3,09
930;1,52;0,17;211;false;true;true;3,22;0;3,09
931;1,52;0,17;211;false;true;true;3,22;0;3,09
932;1,52;0,17;211;false;true;true;3,22;0;3,09
933;1,53;0,18;211;false;true;true;3,22;0;3,09
934;1,53;0,17;211;false;true;true;3,22;0;3,09
935;1,53;0,17;211;false;true;true;3,22;0;3,09
936;1,53;0,17;211;false;true;true;3,22;0;3,09
937;1,53;0,17;211;false;true;true;3,22;0;3,09
938;1,53;0,17;211;false;true;true;3,22;0;3,09
939;1,53;0,17;211;false;true;true;3,22;0;3,09
940;1,53;0,17;211;false;true;true;3,22;0;3,09
941;1,53;0,17;211;false;true;true;3,22;0;3,09
942;1,53;0,17;211;false;true;true;3,22;0;3,09
943;1,54;0,17;211;false;true;true;3,22;0;3,09
944;1,54;0,16;211;false;true;true;3,22;0;3,09
945;1,54;0,16;211;false;true;true;3,22;0;3,1
946;1,54;0,16;211;false;true;true;3,22;0;3,1
947;1,54;0,16;211;false;true;true;3,22;0;3,1
948;1,54;0,16;211;false;true;true;3,22;0;3,1
949;1,54;0,16;211;false;true;true;3,22;0;3,1
950;1,54;0,16;211;false;true;true;3,22;0;3,1
951;1,54;0,16;211;false;true;true;3,22;0;3,1
952;1,54;0,17;211;false;true;true;3,23;0;3,1
953;1,55;0,16;211;false;true;true;3,22;0;3,1
954;1,55;0,16;211;false;true;true;3,22;0;3,1
955;1,55;0,16;211;false;true;true;3,22;0;3,1
956;1,55;0,16;211;false;true;true;3,23;0;3,1
957;1,55;0,16;211;false;true;true;3,22;0;3,1
958;1,55;0,16;211;false;true;true;3,23;0;3,1
959;1,55;0,16;211;false;true;true;3,23;0;3,1
960;1,55;0,16;211;false;true;true;3,23;0;3,1
961;1,55;0,16;211;false;true;true;3,22;0;3,1
962;1,56;0,16;211;false;true;true;3,23;0;3,1
963;1,56;0,15;211;false;true;true;3,23;0;3,1
964;1,56;0,16;211;false;true;true;3,23;0;3,11
965;1,56;0,16;211;false;true;true;3,23;0;3,11
966;1,56;0,16;211;false;true;true;3,23;0;3,11
967;1,56;0,16;211;false;true;true;3,23;0;3,11
968;1,56;0,15;211;false;true;true;3,23;0;3,11
969;1,56;0,15;211;false;true;true;3,23;0;3,11
970;1,56;0,15;211;false;true;true;3,23;0;3,11
971;1,57;0,15;211;false;true;true;3,23;0;3,11
972;1,57;0,15;211;false;true;true;3,23;0;3,11
973;1,57;0,15;211;false;true;true;3,23;0;3,11
974;1,57;0,15;211;false;true;true;3,23;0;3,11
975;1,57;0,15;211;false;true;true;3,22;0;3,11
976;1,57;0,15;211;false;true;true;3,23;0;3,11
977;1,57;0,15;211;false;true;true;3,23;0;3,11
978;1,57;0,15;211;false;true;true;3,23;0;3,11
979;1,57;0,15;211;false;true;true;3,23;0;3,11
980;1,57;0,15;211;false;true;true;3,23;0;3,11
981;1,58;0,15;211;false;true;true;3,23;0;3,11
982;1,58;0,15;211;false;true;true;3,23;0;3,11
983;1,58;0,15;211;false;true;true;3,23;0;3,11
984;1,58;0,15;211;false;true;true;3,23;0;3,11
985;1,58;0,15;211;false;true;true;3,23;0;3,12
986;1,58;0,14;211;false;true;true;3,23;0;3,12
987;1,58;0,14;211;false;true;true;3,23;0;3,12
988;1,58;0,14;211;false;true;true;3,23;0;3,12
989;1,58;0,14;211;false;true;true;3,23;0;3,12
990;1,58;0,14;211;false;true;true;3,23;0;3,12
991;1,59;0,14;211;false;true;true;3,23;0;3,12
992;1,59;0,14;211;false;true;true;3,23;0;3,12
993;1,59;0,14;211;false;true;true;3,23;0;3,12
994;1,59;0,14;211;false;true;true;3,23;0;3,12
995;1,59;0,14;211;false;true;true;3,23;0;3,12
996;1,59;0,14;211;false;true;true;3,23;0;3,12
997;1,59;0,14;211;false;true;true;3,23;0;3,12
998;1,59;0,14;211;false;true;true;3,23;0;3,12
999;1,59;0,14;211;false;true;true;3,23;0;3,12
1000;1,59;0,14;211;false;true;true;3,23;0;3,12
1001;1,6;0,14;211;false;true;true;3,23;0;3,12
1002;1,6;0,14;211;false;true;true;3,24;0;3,12
1003;1,6;0,14;211;false;true;true;3,23;0;3,12
1004;1,6;0,14;211;false;true;true;3,23;0;3,12
1005;1,6;0,14;211;false;true;true;3,23;0;3,12
1006;1,6;0,14;211;false;true;true;3,24;0;3,12
1007;1,6;0,14;211;false;true;true;3,24;0;3,12
1008;1,6;0,14;211;false;true;true;3,24;0;3,12
1009;1,6;0,14;211;false;true;true;3,24;0;3,12
1010;1,6;0,14;211;false;true;true;3,23;0;3,13
1011;1,61;0,14;211;false;true;true;3,23;0;3,13
1012;1,61;0,13;211;false;true;true;3,23;0;3,13
1013;1,61;0,14;211;false;true;true;3,24;0;3,13
1014;1,61;0,13;211;false;true;true;3,23;0;3,13
1015;1,61;0,13;211;false;true;true;3,23;0;3,13
1016;1,61;0,13;211;false;true;true;3,23;0;3,13
1017;1,61;0,13;211;false;true;true;3,23;0;3,13
1018;1,61;0,13;211;false;true;true;3,24;0;3,13
1019;1,61;0,13;211;false;true;true;3,23;0;3,13
1020;1,61;0,14;211;false;true;true;3,24;0;3,13
1021;1,62;0,13;211;false;true;true;3,23;0;3,13
1022;1,62;0,13;211;false;true;true;3,23;0;3,13
1023;1,62;0,13;211;false;true;true;3,23;0;3,13
1024;1,62;0,13;211;false;true;true;3,23;0;3,13
1025;1,62;0,13;211;false;true;true;3,24;0;3,13
1026;1,62;0,13;211;false;true;true;3,23;0;3,13
1027;1,62;0,13;211;false;true;true;3,24;0;3,13
1028;1,62;0,13;211;false;true;true;3,24;0;3,13
1029;1,62;0,13;211;false;true;true;3,24;0;3,13
1030;1,63;0,13;211;false;true;true;3,24;0;3,13
1031;1,63;0,13;211;false;true;true;3,24;0;3,13
1032;1,63;0,13;211;false;true;true;3,24;0;3,13
1033;1,63;0,13;211;false;true;true;3,24;0;3,13
1034;1,63;0,13;211;false;true;true;3,24;0;3,13
1035;1,63;0,12;211;false;true;true;3,23;0;3,13
1036;1,63;0,13;211;false;true;true;3,24;0;3,13
1037;1,63;0,12;211;false;true;true;3,23;0;3,14
1038;1,63;0,12;211;false;true;true;3,24;0;3,14
1039;1,63;0,12;211;false;true;true;3,24;0;3,14
1040;1,64;0,12;211;false;true;true;3,24;0;3,14
1041;1,64;0,12;211;false;true;true;3,23;0;3,14
1042;1,64;0,13;211;false;true;true;3,24;0;3,14
1043;1,64;0,12;211;false;true;true;3,23;0;3,14
1044;1,64;0,12;211;false;true;true;3,24;0;3,14
1045;1,64;0,13;211;false;true;true;3,24;0;3,14
1046;1,64;0,13;211;false;true;true;3,24;0;3,14
1047;1,64;0,13;211;false;true;true;3,24;0;3,14
1048;1,64;0,12;211;false;true;true;3,24;0;3,14
1049;1,64;0,12;211;false;true;true;3,24;0;3,14
1050;1,65;0,12;211;false;true;true;3,24;0;3,14
1051;1,65;0,12;211;false;true;true;3,24;0;3,14
1052;1,65;0,12;211;false;true;true;3,24;0;3,14
1053;1,65;0,12;211;false;true;true;3,24;0;3,14
1054;1,65;0,12;211;false;true;true;3,24;0;3,14
1055;1,65;0,12;211;false;true;true;3,24;0;3,14
1056;1,65;0,12;211;false;true;true;3,24;0;3,14
1057;1,65;0,12;211;false;true;true;3,24;0;3,14
1058;1,65;0,12;211;false;true;true;3,24;0;3,14
1059;1,66;0,12;211;false;true;true;3,24;0;3,14
1060;1,66;0,12;211;false;true;true;3,24;0;3,14
1061;1,66;0,12;211;false;true;true;3,24;0;3,14
1062;1,66;0,12;211;false;true;true;3,24;0;3,14
1063;1,66;0,12;211;false;true;true;3,24;0;3,14
1064;1,66;0,11;211;false;true;true;3,24;0;3,14
1065;1,66;0,12;211;false;true;true;3,24;0;3,14
1066;1,66;0,12;211;false;true;true;3,24;0;3,14
1067;1,66;0,12;211;false;true;true;3,24;0;3,15
1068;1,66;0,12;211;false;true;true;3,24;0;3,15
1069;1,67;0,11;211;false;true;true;3,24;0;3,15
1070;1,67;0,12;211;false;true;true;3,25;0;3,15
1071;1,67;0,11;211;false;true;true;3,24;0;3,15
1072;1,67;0,12;211;false;true;true;3,24;0;3,15
1073;1,67;0,11;211;false;true;true;3,24;0;3,15
1074;1,67;0,11;211;false;true;true;3,24;0;3,15
1075;1,67;0,12;211;false;true;true;3,24;0;3,15
1076;1,67;0,12;211;false;true;true;3,24;0;3,15
1077;1,67;0,12;211;false;true;true;3,24;0;3,15
1078;1,67;0,11;211;false;true;true;3,24;0;3,15
1079;1,68;0,12;211;false;true;true;3,25;0;3,15
1080;1,68;0,12;211;false;true;true;3,24;0;3,15
1081;1,68;0,11;211;false;true;true;3,24;0;3,15
1082;1,68;0,11;211;false;true;true;3,24;0;3,15
1083;1,68;0,11;211;false;true;true;3,24;0;3,15
1084;1,68;0,11;211;false;true;true;3,24;0;3,15
1085;1,68;0,11;211;false;true;true;3,24;0;3,15
1086;1,68;0,11;211;false;true;true;3,24;0;3,15
1087;1,68;0,11;211;false;true;true;3,24;0;3,15
1088;1,68;0,12;211;false;true;true;3,25;0;3,15
1089;1,69;0,11;211;false;true;true;3,24;0;3,15
1090;1,69;0,11;211;false;true;true;3,24;0;3,15
1091;1,69;0,11;211;false;true;true;3,25;0;3,15
1092;1,69;0,12;211;false;true;true;3,25;0;3,15
1093;1,69;0,12;211;false;true;true;3,25;0;3,15
1094;1,69;0,11;211;false;true;true;3,24;0;3,15
1095;1,69;0,11;211;false;true;true;3,24;0;3,15
1096;1,69;0,11;211;false;true;true;3,25;0;3,15
1097;1,69;0,11;211;false;true;true;3,24;0;3,15
1098;1,7;0,11;211;false;true;true;3,24;0;3,15
1099;1,7;0,11;211;false;true;true;3,24;0;3,15
1100;1,7;0,11;211;false;true;true;3,24;0;3,16
1101;1,7;0,11;211;false;true;true;3,25;0;3,16
1102;1,7;0,11;211;false;true;true;3,24;0;3,16
1103;1,7;0,11;211;false;true;true;3,25;0;3,16
1104;1,7;0,11;211;false;true;true;3,25;0;3,16
1105;1,7;0,11;211;false;true;true;3,25;0;3,16
1106;1,7;0,11;211;false;true;true;3,25;0;3,16
1107;1,71;0,11;211;false;true;true;3,25;0;3,16
1108;1,71;0,11;211;false;true;true;3,25;0;3,16
1109;1,71;0,11;211;false;true;true;3,25;0;3,16
1110;1,71;0,11;211;false;true;true;3,25;0;3,16
1111;1,71;0,11;211;false;true;true;3,24;0;3,16
1112;1,71;0,11;211;false;true;true;3,25;0;3,16
1113;1,71;0,11;211;false;true;true;3,25;0;3,16
1114;1,71;0,11;211;false;true;true;3,25;0;3,16
1115;1,71;0,11;211;false;true;true;3,25;0;3,16
1116;1,71;0,1;211;false;true;true;3,25;0;3,16
1117;1,72;0,1;211;false;true;true;3,25;0;3,16
1118;1,72;0,1;211;false;true;true;3,25;0;3,16
1119;1,72;0,1;211;false;true;true;3,25;0;3,16
1120;1,72;0,1;211;false;true;true;3,24;0;3,16
1121;1,72;0,1;211;false;true;true;3,25;0;3,16
1122;1,72;0,11;211;false;true;true;3,25;0;3,16
1123;1,72;0,1;211;false;true;true;3,25;0;3,16
1124;1,72;0,1;211;false;true;true;3,25;0;3,16
1125;1,72;0,1;211;false;true;true;3,25;0;3,16
1126;1,73;0,11;211;false;true;true;3,25;0;3,16
1127;1,73;0,11;211;false;true;true;3,25;0;3,16
1128;1,73;0,11;211;false;true;true;3,25;0;3,16
1129;1,73;0,11;211;false;true;true;3,25;0;3,16
1130;1,73;0,11;211;false;true;true;3,25;0;3,16
1131;1,73;0,11;211;false;true;true;3,25;0;3,16
1132;1,73;0,11;211;false;true;true;3,25;0;3,16
1133;1,73;0,1;211;false;true;true;3,25;0;3,16
1134;1,74;0,11;211;false;true;true;3,25;0;3,16
1135;1,74;0,11;211;false;true;true;3,25;0;3,16
1136;1,74;0,11;211;false;true;true;3,25;0;3,17
1137;1,74;0,1;211;false;true;true;3,25;0;3,17
1138;1,74;0,1;211;false;true;true;3,25;0;3,17
1139;1,74;0,11;211;false;true;true;3,26;0;3,17
1140;1,74;0,1;211;false;true;true;3,25;0;3,17
1141;1,75;0,1;211;false;true;true;3,25;0;3,17
1142;1,75;0,1;211;false;true;true;3,25;0;3,17
1143;1,75;0,1;211;false;true;true;3,25;0;3,17
1144;1,75;0,1;211;false;true;true;3,25;0;3,17
1145;1,75;0,1;211;false;true;true;3,25;0;3,17
1146;1,75;0,1;211;false;true;true;3,25;0;3,17
1147;1,75;0,1;211;false;true;true;3,25;0;3,17
1148;1,75;0,1;211;false;true;true;3,26;0;3,17
1149;1,75;0,11;211;false;true;true;3,26;0;3,17
1150;1,75;0,1;211;false;true;true;3,25;0;3,17
1151;1,75;0,1;211;false;true;true;3,25;0;3,17
1152;1,76;0,1;211;false;true;true;3,25;0;3,17
1153;1,76;0,1;211;false;true;true;3,26;0;3,17
1154;1,76;0,1;211;false;true;true;3,26;0;3,17
1155;1,76;0,1;211;false;true;true;3,25;0;3,17
1156;1,76;0,1;211;false;true;true;3,25;0;3,17
1157;1,76;0,1;211;false;true;true;3,26;0;3,17
1158;1,76;0,1;211;false;true;true;3,25;0;3,17
1159;1,76;0,1;211;false;true;true;3,25;0;3,17
1160;1,76;0,1;211;false;true;true;3,25;0;3,17
1161;1,76;0,1;211;false;true;true;3,25;0;3,17
1162;1,77;0,1;211;false;true;true;3,25;0;3,17
1163;1,77;0,1;211;false;true;true;3,25;0;3,17
1164;1,77;0,1;211;false;true;true;3,25;0;3,17
1165;1,77;0,09;211;false;true;true;3,25;0;3,17
1166;1,77;0,1;211;false;true;true;3,25;0;3,17
1167;1,77;0,1;211;false;true;true;3,25;0;3,17
1168;1,77;0,1;211;false;true;true;3,26;0;3,17
1169;1,77;0,1;211;false;true;true;3,26;0;3,17
1170;1,77;0,1;211;false;true;true;3,26;0;3,17
1171;1,77;0,1;211;false;true;true;3,26;0;3,17
1172;1,78;0,1;211;false;true;true;3,26;0;3,17
1173;1,78;0,1;211;false;true;true;3,26;0;3,17
1174;1,78;0,1;211;false;true;true;3,26;0;3,17
1175;1,78;0,1;211;false;true;true;3,26;0;3,18
1176;1,78;0,1;211;false;true;true;3,26;0;3,18
1177;1,78;0,1;211;false;true;true;3,26;0;3,18
1178;1,78;0,1;211;false;true;true;3,26;0;3,18
1179;1,78;0,1;211;false;true;true;3,25;0;3,18
1180;1,78;0,09;211;false;true;true;3,25;0;3,18
1181;1,78;0,1;211;false;true;true;3,26;0;3,18
1182;1,79;0,09;211;false;true;true;3,25;0;3,18
1183;1,79;0,1;211;false;true;true;3,26;0;3,18
1184;1,79;0,09;211;false;true;true;3,26;0;3,18
1185;1,79;0,09;211;false;true;true;3,25;0;3,18
1186;1,79;0,09;211;false;true;true;3,25;0;3,18
1187;1,79;0,09;211;false;true;true;3,26;0;3,18
1188;1,79;0,09;211;false;true;true;3,26;0;3,18
1189;1,79;0,09;211;false;true;true;3,26;0;3,18
1190;1,79;0,09;211;false;true;true;3,26;0;3,18
1191;1,79;0,09;211;false;true;true;3,25;0;3,18
1192;1,8;0,1;211;false;true;true;3,26;0;3,18
1193;1,8;0,09;211;false;true;true;3,26;0;3,18
1194;1,8;0,09;211;false;true;true;3,26;0;3,18
1195;1,8;0,09;211;false;true;true;3,26;0;3,18
1196;1,8;0,09;211;false;true;true;3,26;0;3,18
1197;1,8;0,09;211;false;true;true;3,26;0;3,18
1198;1,8;0,09;211;false;true;true;3,26;0;3,18
1199;1,8;0,09;211;false;true;true;3,26;0;3,18
1200;1,8;0,1;211;false;true;true;3,26;0;3,18
1201;1,8;0,09;211;false;true;true;3,25;0;3,18
1202;1,81;0,09;211;false;true;true;3,26;0;3,18
1203;1,81;0,09;211;false;true;true;3,26;0;3,18
1204;1,81;0,09;211;false;true;true;3,26;0;3,18
1205;1,81;0,09;211;false;true;true;3,26;0;3,18
1206;1,81;0,09;211;false;true;true;3,26;0;3,18
1207;1,81;0,09;211;false;true;true;3,25;0;3,18
1208;1,82;0,09;211;false;true;true;3,26;0;3,18
1209;1,82;0,09;211;false;true;true;3,26;0;3,18
1210;1,82;0,09;211;false;true;true;3,26;0;3,18
1211;1,82;0,09;211;false;true;true;3,26;0;3,18
1212;1,82;0,09;211;false;true;true;3,26;0;3,18
1213;1,82;0,1;211;false;true;true;3,27;0;3,18
1214;1,82;0,09;211;false;true;true;3,26;0;3,18
1215;1,82;0,09;211;false;true;true;3,26;0;3,18
1216;1,82;0,09;211;false;true;true;3,26;0;3,18
1217;1,82;0,09;211;false;true;true;3,26;0;3,19
1218;1,83;0,09;211;false;true;true;3,26;0;3,19
1219;1,83;0,09;211;false;true;true;3,26;0;3,19
1220;1,83;0,09;211;false;true;true;3,26;0;3,19
1221;1,83;0,09;211;false;true;true;3,26;0;3,19
1222;1,83;0,09;211;false;true;true;3,26;0;3,19
1223;1,83;0,09;211;false;true;true;3,26;0;3,19
1224;1,83;0,09;211;false;true;true;3,26;0;3,19
1225;1,84;0,09;211;false;true;true;3,26;0;3,19
1226;1,84;0,09;211;false;true;true;3,26;0;3,19
1227;1,84;0,09;211;false;true;true;3,26;0;3,19
1228;1,84;0,09;211;false;true;true;3,26;0;3,19
1229;1,84;0,09;211;false;true;true;3,26;0;3,19
1230;1,84;0,09;211;false;true;true;3,26;0;3,19
1231;1,84;0,09;211;false;true;true;3,26;0;3,19
1232;1,84;0,08;211;false;true;true;3,26;0;3,19
1233;1,84;0,09;211;false;true;true;3,26;0;3,19
1234;1,85;0,09;211;false;true;true;3,26;0;3,19
1235;1,85;0,09;211;false;true;true;3,26;0;3,19
1236;1,85;0,09;211;false;true;true;3,26;0;3,19
1237;1,85;0,09;211;false;true;true;3,26;0;3,19
1238;1,85;0,09;211;false;true;true;3,26;0;3,19
1239;1,85;0,08;211;false;true;true;3,26;0;3,19
1240;1,85;0,08;211;false;true;true;3,26;0;3,19
1241;1,85;0,08;211;false;true;true;3,26;0;3,19
1242;1,85;0,09;211;false;true;true;3,26;0;3,19
1243;1,85;0,09;211;false;true;true;3,27;0;3,19
1244;1,86;0,09;211;false;true;true;3,27;0;3,19
1245;1,86;0,09;211;false;true;true;3,27;0;3,19
1246;1,86;0,09;211;false;true;true;3,27;0;3,19
1247;1,86;0,09;211;false;true;true;3,26;0;3,19
1248;1,86;0,09;211;false;true;true;3,27;0;3,19
1249;1,86;0,09;211;false;true;true;3,27;0;3,19
1250;1,86;0,09;211;false;true;true;3,27;0;3,19
1251;1,86;0,08;211;false;true;true;3,26;0;3,19
1252;1,86;0,08;211;false;true;true;3,26;0;3,19
1253;1,86;0,08;211;false;true;true;3,26;0;3,19
1254;1,87;0,08;211;false;true;true;3,26;0;3,19
1255;1,87;0,09;211;false;true;true;3,27;0;3,19
1256;1,87;0,08;211;false;true;true;3,27;0;3,19
1257;1,87;0,08;211;false;true;true;3,26;0;3,19
1258;1,87;0,09;211;false;true;true;3,27;0;3,19
1259;1,87;0,09;211;false;true;true;3,27;0;3,19
1260;1,87;0,09;211;false;true;true;3,27;0;3,2
1261;1,87;0,08;211;false;true;true;3,26;0;3,2
1262;1,87;0,09;211;false;true;true;3,27;0;3,2
1263;1,87;0,09;211;false;true;true;3,27;0;3,2
1264;1,88;0,08;211;false;true;true;3,26;0;3,2
1265;1,88;0,09;211;false;true;true;3,27;0;3,2
1266;1,88;0,09;211;false;true;true;3,27;0;3,2
1267;1,88;0,08;211;false;true;true;3,27;0;3,2
1268;1,88;0,08;211;false;true;true;3,27;0;3,2
1269;1,88;0,08;211;false;true;true;3,26;0;3,2
1270;1,88;0,08;211;false;true;true;3,27;0;3,2
1271;1,88;0,08;211;false;true;true;3,27;0;3,2
1272;1,88;0,08;211;false;true;true;3,27;0;3,2
1273;1,89;0,09;211;false;true;true;3,27;0;3,2
1274;1,89;0,09;211;false;true;true;3,27;0;3,2
1275;1,89;0,08;211;false;true;true;3,27;0;3,2
1276;1,89;0,08;211;false;true;true;3,26;0;3,2
1277;1,89;0,08;211;false;true;true;3,26;0;3,2
1278;1,89;0,08;211;false;true;true;3,26;0;3,2
1279;1,89;0,08;211;false;true;true;3,27;0;3,2
1280;1,89;0,08;211;false;true;true;3,27;0;3,2
1281;1,89;0,08;211;false;true;true;3,27;0;3,2
1282;1,89;0,08;211;false;true;true;3,27;0;3,2
1283;1,9;0,08;211;false;true;true;3,27;0;3,2
1284;1,9;0,09;211;false;true;true;3,27;0;3,2
1285;1,9;0,08;211;false;true;true;3,27;0;3,2
1286;1,9;0,08;211;false;true;true;3,27;0;3,2
1287;1,9;0,08;211;false;true;true;3,27;0;3,2
1288;1,9;0,08;211;false;true;true;3,27;0;3,2
1289;1,9;0,08;211;false;true;true;3,27;0;3,2
1290;1,9;0,08;211;false;true;true;3,27;0;3,2
1291;1,91;0,08;211;false;true;true;3,27;0;3,2
1292;1,91;0,08;211;false;true;true;3,27;0;3,2
1293;1,91;0,08;211;false;true;true;3,27;0;3,2
1294;1,91;0,08;211;false;true;true;3,27;0;3,2
1295;1,91;0,08;211;false;true;true;3,27;0;3,2
1296;1,91;0,08;211;false;true;true;3,27;0;3,2
1297;1,91;0,08;211;false;true;true;3,27;0;3,2
1298;1,91;0,08;211;false;true;true;3,27;0;3,2
1299;1,91;0,08;211;false;true;true;3,27;0;3,2
1300;1,91;0,08;211;false;true;true;3,27;0;3,2
1301;1,92;0,08;211;false;true;true;3,27;0;3,2
1302;1,92;0,08;211;false;true;true;3,27;0;3,2
1303;1,92;0,08;211;false;true;true;3,28;0;3,2
1304;1,92;0,08;211;false;true;true;3,28;0;3,2
1305;1,92;0,08;211;false;true;true;3,27;0;3,21
1306;1,92;0,08;211;false;true;true;3,28;0;3,21
1307;1,92;0,08;211;false;true;true;3,27;0;3,21
1308;1,92;0,08;211;false;true;true;3,28;0;3,21
1309;1,92;0,08;211;false;true;true;3,27;0;3,21
1310;1,93;0,08;211;false;true;true;3,27;0;3,21
1311;1,93;0,08;211;false;true;true;3,27;0;3,21
1312;1,93;0,08;211;false;true;true;3,27;0;3,21
1313;1,93;0,08;211;false;true;true;3,27;0;3,21
1314;1,93;0,08;211;false;true;true;3,27;0;3,21
1315;1,93;0,08;211;false;true;true;3,27;0;3,21
1316;1,93;0,08;211;false;true;true;3,27;0;3,21
1317;1,93;0,08;211;false;true;true;3,28;0;3,21
1318;1,93;0,08;211;false;true;true;3,27;0;3,21
1319;1,93;0,08;211;false;true;true;3,28;0;3,21
1320;1,94;0,08;211;false;true;true;3,28;0;3,21
1321;1,94;0,08;211;false;true;true;3,28;0;3,21
1322;1,94;0,08;211;false;true;true;3,28;0;3,21
1323;1,94;0,08;211;false;true;true;3,28;0;3,21
1324;1,94;0,08;211;false;true;true;3,28;0;3,21
1325;1,94;0,08;211;false;true;true;3,27;0;3,21
1326;1,94;0,08;211;false;true;true;3,27;0;3,21
1327;1,94;0,08;211;false;true;true;3,27;0;3,21
1328;1,95;0,08;211;false;true;true;3,27;0;3,21
1329;1,95;0,07;211;false;true;true;3,27;0;3,21
1330;1,95;0,08;211;false;true;true;3,28;0;3,21
1331;1,95;0,08;211;false;true;true;3,28;0;3,21
1332;1,95;0,09;211;false;true;true;3,28;0;3,21
1333;1,95;0,08;211;false;true;true;3,28;0;3,21
1334;1,95;0,08;211;false;true;true;3,28;0;3,21
1335;1,96;0,08;211;false;true;true;3,28;0;3,21
1336;1,96;0,08;211;false;true;true;3,28;0;3,21
1337;1,96;0,08;211;false;true;true;3,28;0;3,21
1338;1,96;0,08;211;false;true;true;3,28;0;3,21
1339;1,96;0,08;211;false;true;true;3,28;0;3,21
1340;1,96;0,08;211;false;true;true;3,28;0;3,21
1341;1,96;0,08;211;false;true;true;3,28;0;3,21
1342;1,96;0,08;211;false;true;true;3,28;0;3,21
1343;1,96;0,08;211;false;true;true;3,28;0;3,21
1344;1,96;0,07;211;false;true;true;3,27;0;3,21
1345;1,97;0,07;211;false;true;true;3,27;0;3,21
1346;1,97;0,07;211;false;true;true;3,28;0;3,21
1347;1,97;0,07;211;false;true;true;3,28;0;3,21
1348;1,97;0,08;211;false;true;true;3,28;0;3,21
1349;1,97;0,07;211;false;true;true;3,28;0;3,21
1350;1,97;0,08;211;false;true;true;3,28;0;3,22
1351;1,97;0,08;211;false;true;true;3,28;0;3,22
1352;1,97;0,08;211;false;true;true;3,28;0;3,22
1353;1,97;0,08;211;false;true;true;3,28;0;3,22
1354;1,97;0,08;211;false;true;true;3,28;0;3,22
1355;1,98;0,08;211;false;true;true;3,28;0;3,22
1356;1,98;0,08;211;false;true;true;3,28;0;3,22
1357;1,98;0,07;211;false;true;true;3,28;0;3,22
1358;1,98;0,07;211;false;true;true;3,28;0;3,22
1359;1,98;0,07;211;false;true;true;3,28;0;3,22
1360;1,98;0,08;211;false;true;true;3,28;0;3,22
1361;1,98;0,08;211;false;true;true;3,28;0;3,22
1362;1,98;0,07;211;false;true;true;3,28;0;3,22
1363;1,98;0,07;211;false;true;true;3,28;0;3,22
1364;1,98;0,08;211;false;true;true;3,28;0;3,22
1365;1,99;0,08;211;false;true;true;3,28;0;3,22
1366;1,99;0,08;211;false;true;true;3,28;0;3,22
1367;1,99;0,07;211;false;true;true;3,28;0;3,22
1368;1,99;0,07;211;false;true;true;3,28;0;3,22
1369;1,99;0,08;211;false;true;true;3,28;0;3,22
1370;1,99;0,08;211;false;true;true;3,28;0;3,22
1371;1,99;0,08;211;false;true;true;3,28;0;3,22
1372;1,99;0,08;211;false;true;true;3,29;0;3,22
1373;1,99;0,08;211;false;true;true;3,28;0;3,22
1374;1,99;0,07;211;false;true;true;3,28;0;3,22
1375;2;0,07;211;false;true;true;3,28;0;3,22
1376;2;0,07;211;false;true;true;3,28;0;3,22
1377;2;0,07;211;false;true;true;3,28;0;3,22
1378;2;0,07;211;false;true;true;3,28;0;3,22
1379;2;0,07;211;false;true;true;3,28;0;3,22
1380;2;0,07;211;false;true;true;3,28;0;3,22
1381;2;0,07;211;false;true;true;3,28;0;3,22
1382;2;0,07;211;false;true;true;3,28;0;3,22
1383;2;0,07;211;false;true;true;3,29;0;3,22
1384;2,01;0,08;211;false;true;true;3,29;0;3,22
1385;2,01;0,07;211;false;true;true;3,28;0;3,22
1386;2,01;0,08;211;false;true;true;3,29;0;3,22
1387;2,01;0,08;211;false;true;true;3,29;0;3,22
1388;2,01;0,07;211;false;true;true;3,28;0;3,22
1389;2,01;0,07;211;false;true;true;3,28;0;3,22
1390;2,01;0,07;211;false;true;true;3,29;0;3,22
1391;2,01;0,07;211;false;true;true;3,28;0;3,22
1392;2,01;0,08;211;false;true;true;3,29;0;3,22
1393;2,02;0,07;211;false;true;true;3,28;0;3,22
1394;2,02;0,07;211;false;true;true;3,28;0;3,22
1395;2,02;0,07;211;false;true;true;3,29;0;3,22
1396;2,02;0,07;211;false;true;true;3,28;0;3,23
1397;2,02;0,07;211;false;true;true;3,29;0;3,23
1398;2,02;0,07;211;false;true;true;3,29;0;3,23
1399;2,02;0,07;211;false;true;true;3,29;0;3,23
1400;2,02;0,07;211;false;true;true;3,28;0;3,23
1401;2,02;0,07;211;false;true;true;3,29;0;3,23
1402;2,03;0,07;211;false;true;true;3,29;0;3,23
1403;2,03;0,07;211;false;true;true;3,29;0;3,23
1404;2,03;0,07;211;false;true;true;3,29;0;3,23
1405;2,03;0,07;211;false;true;true;3,29;0;3,23
1406;2,03;0,07;211;false;true;true;3,29;0;3,23
1407;2,03;0,07;211;false;true;true;3,29;0;3,23
1408;2,03;0,07;211;false;true;true;3,28;0;3,23
1409;2,03;0,07;211;false;true;true;3,29;0;3,23
1410;2,03;0,07;211;false;true;true;3,29;0;3,23
1411;2,03;0,07;211;false;true;true;3,29;0;3,23
1412;2,04;0,07;211;false;true;true;3,29;0;3,23
1413;2,04;0,07;211;false;true;true;3,29;0;3,23
1414;2,04;0,07;211;false;true;true;3,29;0;3,23
1415;2,04;0,07;211;false;true;true;3,29;0;3,23
1416;2,04;0,07;211;false;true;true;3,29;0;3,23
1417;2,04;0,07;211;false;true;true;3,29;0;3,23
1418;2,04;0,07;211;false;true;true;3,29;0;3,23
1419;2,04;0,07;211;false;true;true;3,29;0;3,23
1420;2,04;0,07;211;false;true;true;3,29;0;3,23
1421;2,04;0,07;211;false;true;true;3,29;0;3,23
1422;2,05;0,07;211;false;true;true;3,29;0;3,23
1423;2,05;0,07;211;false;true;true;3,29;0;3,23
1424;2,05;0,07;211;false;true;true;3,29;0;3,23
1425;2,05;0,07;211;false;true;true;3,29;0;3,23
1426;2,05;0,07;211;false;true;true;3,29;0;3,23
1427;2,05;0,07;211;false;true;true;3,29;0;3,23
1428;2,05;0,06;211;false;true;true;3,29;0;3,23
1429;2,05;0,07;211;false;true;true;3,29;0;3,23
1430;2,05;0,07;211;false;true;true;3,29;0;3,23
1431;2,05;0,07;211;false;true;true;3,29;0;3,23
1432;2,06;0,07;211;false;true;true;3,3;0;3,23
1433;2,06;0,07;211;false;true;true;3,29;0;3,23
1434;2,06;0,07;211;false;true;true;3,29;0;3,23
1435;2,06;0,07;211;false;true;true;3,29;0;3,23
1436;2,06;0,07;211;false;true;true;3,29;0;3,23
1437;2,06;0,07;211;false;true;true;3,29;0;3,23
1438;2,06;0,07;211;false;true;true;3,29;0;3,23
1439;2,06;0,07;211;false;true;true;3,29;0;3,23
1440;2,06;0,07;211;false;true;true;3,29;0;3,23
1441;2,06;0,07;211;false;true;true;3,29;0;3,24
1442;2,07;0,06;211;false;true;true;3,29;0;3,24
1443;2,07;0,06;211;false;true;true;3,29;0;3,24
1444;2,07;0,07;211;false;true;true;3,29;0;3,24
1445;2,07;0,07;211;false;true;true;3,29;0;3,24
1446;2,07;0,07;211;false;true;true;3,29;0;3,24
1447;2,07;0,07;211;false;true;true;3,3;0;3,24
1448;2,07;0,07;211;false;true;true;3,3;0;3,24
1449;2,07;0,07;211;false;true;true;3,3;0;3,24
1450;2,07;0,07;211;false;true;true;3,29;0;3,24
1451;2,07;0,07;211;false;true;true;3,3;0;3,24
1452;2,08;0,06;211;false;true;true;3,29;0;3,24
1453;2,08;0,07;211;false;true;true;3,29;0;3,24
1454;2,08;0,07;211;false;true;true;3,3;0;3,24
1455;2,08;0,07;211;false;true;true;3,3;0;3,24
1456;2,08;0,07;211;false;true;true;3,3;0;3,24
1457;2,08;0,07;211;false;true;true;3,3;0;3,24
1458;2,08;0,07;211;false;true;true;3,3;0;3,24
1459;2,08;0,07;211;false;true;true;3,3;0;3,24
1460;2,08;0,07;211;false;true;true;3,3;0;3,24
1461;2,08;0,07;211;false;true;true;3,3;0;3,24
1462;2,09;0,07;211;false;true;true;3,3;0;3,24
1463;2,09;0,07;211;false;true;true;3,3;0;3,24
1464;2,09;0,07;211;false;true;true;3,3;0;3,24
1465;2,09;0,07;211;false;true;true;3,3;0;3,24
1466;2,09;0,07;211;false;true;true;3,3;0;3,24
1467;2,09;0,07;211;false;true;true;3,3;0;3,24
1468;2,09;0,07;211;false;true;true;3,3;0;3,24
1469;2,09;0,07;211;false;true;true;3,3;0;3,24
1470;2,09;0,07;211;false;true;true;3,3;0;3,24
1471;2,09;0,07;211;false;true;true;3,3;0;3,24
1472;2,1;0,07;211;false;true;true;3,3;0;3,24
1473;2,1;0,07;211;false;true;true;3,3;0;3,24
1474;2,1;0,07;211;false;true;true;3,3;0;3,24
1475;2,1;0,06;211;false;true;true;3,3;0;3,24
1476;2,1;0,07;211;false;true;true;3,3;0;3,24
1477;2,1;0,06;211;false;true;true;3,3;0;3,24
1478;2,1;0,06;211;false;true;true;3,3;0;3,24
1479;2,1;0,07;211;false;true;true;3,3;0;3,24
1480;2,1;0,06;211;false;true;true;3,3;0;3,24
1481;2,11;0,06;211;false;true;true;3,3;0;3,24
1482;2,11;0,07;211;false;true;true;3,3;0;3,24
1483;2,11;0,07;211;false;true;true;3,3;0;3,25
1484;2,11;0,07;211;false;true;true;3,3;0;3,25
1485;2,11;0,07;211;false;true;true;3,3;0;3,25
1486;2,11;0,07;211;false;true;true;3,3;0;3,25
1487;2,11;0,07;211;false;true;true;3,3;0;3,25
1488;2,11;0,07;211;false;true;true;3,3;0;3,25
1489;2,11;0,06;211;false;true;true;3,3;0;3,25
1490;2,11;0,07;211;false;true;true;3,3;0;3,25
1491;2,12;0,07;211;false;true;true;3,3;0;3,25
1492;2,12;0,07;211;false;true;true;3,3;0;3,25
1493;2,12;0,07;211;false;true;true;3,3;0;3,25
1494;2,12;0,07;211;false;true;true;3,31;0;3,25
1495;2,12;0,06;211;false;true;true;3,3;0;3,25
1496;2,12;0,07;211;false;true;true;3,3;0;3,25
1497;2,12;0,07;211;false;true;true;3,3;0;3,25
1498;2,12;0,06;211;false;true;true;3,3;0;3,25
1499;2,13;0,07;211;false;true;true;3,31;0;3,25
1500;2,13;0,06;211;false;true;true;3,3;0;3,25
1501;2,13;0,07;211;false;true;true;3,3;0;3,25
1502;2,13;0,07;211;false;true;true;3,31;0;3,25
1503;2,13;0,07;211;false;true;true;3,31;0;3,25
1504;2,13;0,06;211;false;true;true;3,3;0;3,25
1505;2,13;0,06;211;false;true;true;3,3;0;3,25
1506;2,13;0,07;211;false;true;true;3,31;0;3,25
1507;2,13;0,06;211;false;true;true;3,3;0;3,25
1508;2,14;0,06;211;false;true;true;3,3;0;3,25
1509;2,14;0,06;211;false;true;true;3,31;0;3,25
1510;2,14;0,06;211;false;true;true;3,3;0;3,25
1511;2,14;0,06;211;false;true;true;3,3;0;3,25
1512;2,14;0,06;211;false;true;true;3,3;0;3,25
1513;2,14;0,06;211;false;true;true;3,3;0;3,25
1514;2,14;0,06;211;false;true;true;3,3;0;3,25
1515;2,14;0,06;211;false;true;true;3,31;0;3,25
1516;2,15;0,06;211;false;true;true;3,3;0;3,25
1517;2,15;0,06;211;false;true;true;3,31;0;3,25
1518;2,15;0,06;211;false;true;true;3,31;0;3,25
1519;2,15;0,07;211;false;true;true;3,31;0;3,25
1520;2,15;0,07;211;false;true;true;3,31;0;3,25
1521;2,15;0,06;211;false;true;true;3,31;0;3,25
1522;2,15;0,06;211;false;true;true;3,3;0;3,26
1523;2,15;0,06;211;false;true;true;3,31;0;3,26
1524;2,15;0,06;211;false;true;true;3,31;0;3,26
1525;2,15;0,06;211;false;true;true;3,31;0;3,26
1526;2,16;0,06;211;false;true;true;3,31;0;3,26
1527;2,16;0,06;211;false;true;true;3,31;0;3,26
1528;2,16;0,06;211;false;true;true;3,3;0;3,26
1529;2,16;0,06;211;false;true;true;3,31;0;3,26
1530;2,16;0,06;211;false;true;true;3,31;0;3,26
1531;2,16;0,06;211;false;true;true;3,31;0;3,26
1532;2,16;0,06;211;false;true;true;3,31;0;3,26
1533;2,16;0,06;211;false;true;true;3,31;0;3,26
1534;2,16;0,06;211;false;true;true;3,31;0;3,26
1535;2,17;0,06;211;false;true;true;3,31;0;3,26
1536;2,17;0,06;211;false;true;true;3,31;0;3,26
1537;2,17;0,06;211;false;true;true;3,31;0;3,26
1538;2,17;0,06;211;false;true;true;3,31;0;3,26
1539;2,17;0,07;211;false;true;true;3,32;0;3,26
1540;2,17;0,06;211;false;true;true;3,31;0;3,26
1541;2,17;0,06;211;false;true;true;3,31;0;3,26
1542;2,17;0,06;211;false;true;true;3,31;0;3,26
1543;2,17;0,06;211;false;true;true;3,31;0;3,26
1544;2,17;0,06;211;false;true;true;3,32;0;3,26
1545;2,18;0,07;211;false;true;true;3,32;0;3,26
1546;2,18;0,06;211;false;true;true;3,32;0;3,26
1547;2,18;0,06;211;false;true;true;3,31;0;3,26
1548;2,18;0,07;211;false;true;true;3,32;0;3,26
1549;2,18;0,06;211;false;true;true;3,31;0;3,26
1550;2,18;0,06;211;false;true;true;3,31;0;3,26
1551;2,18;0,06;211;false;true;true;3,31;0;3,26
1552;2,18;0,06;211;false;true;true;3,31;0;3,26
1553;2,18;0,06;211;false;true;true;3,31;0;3,26
1554;2,18;0,06;211;false;true;true;3,32;0;3,26
1555;2,19;0,06;211;false;true;true;3,31;0;3,26
1556;2,19;0,06;211;false;true;true;3,31;0;3,26
1557;2,19;0,06;211;false;true;true;3,31;0;3,27
1558;2,19;0,06;211;false;true;true;3,32;0;3,27
1559;2,19;0,06;211;false;true;true;3,32;0;3,27
1560;2,19;0,06;211;false;true;true;3,32;0;3,27
1561;2,19;0,06;211;false;true;true;3,32;0;3,27
1562;2,19;0,06;211;false;true;true;3,32;0;3,27
1563;2,19;0,06;211;false;true;true;3,32;0;3,27
1564;2,19;0,06;211;false;true;true;3,32;0;3,27
1565;2,2;0,06;211;false;true;true;3,32;0;3,27
1566;2,2;0,06;211;false;true;true;3,32;0;3,27
1567;2,2;0,06;211;false;true;true;3,32;0;3,27
1568;2,2;0,06;211;false;true;true;3,32;0;3,27
1569;2,2;0,06;211;false;true;true;3,32;0;3,27
1570;2,2;0,06;211;false;true;true;3,32;0;3,27
1571;2,2;0,06;211;false;true;true;3,32;0;3,27
1572;2,2;0,06;211;false;true;true;3,32;0;3,27
1573;2,2;0,05;211;false;true;true;3,31;0;3,27
1574;2,21;0,06;211;false;true;true;3,32;0;3,27
1575;2,21;0,05;211;false;true;true;3,31;0;3,27
1576;2,21;0,06;211;false;true;true;3,32;0;3,27
1577;2,21;0,06;211;false;true;true;3,33;0;3,27
1578;2,21;0,06;211;false;true;true;3,32;0;3,27
1579;2,21;0,06;211;false;true;true;3,33;0;3,27
1580;2,21;0,06;211;false;true;true;3,32;0;3,27
1581;2,21;0,06;211;false;true;true;3,33;0;3,27
1582;2,21;0,06;211;false;true;true;3,33;0;3,27
1583;2,21;0,06;211;false;true;true;3,32;0;3,27
1584;2,22;0,07;211;false;true;true;3,33;0;3,27
1585;2,22;0,06;211;false;true;true;3,33;0;3,27
1586;2,22;0,06;211;false;true;true;3,33;0;3,27
1587;2,22;0,07;211;false;true;true;3,33;0;3,27
1588;2,22;0,06;211;false;true;true;3,32;0;3,28
1589;2,22;0,06;211;false;true;true;3,32;0;3,28
1590;2,22;0,06;211;false;true;true;3,33;0;3,28
1591;2,26;0,06;211;false;true;true;3,33;0;3,28
1592;2,26;0,06;211;false;true;true;3,33;0;3,28
1593;2,26;0,06;211;false;true;true;3,33;0;3,28
1594;2,26;0,06;211;false;true;true;3,33;0;3,28
1595;2,26;0,06;211;false;true;true;3,33;0;3,28
1596;2,27;0,06;211;false;true;true;3,33;0;3,28
1597;2,27;0,06;211;false;true;true;3,33;0;3,28
1598;2,27;0,06;211;false;true;true;3,33;0;3,28
1599;2,27;0,06;211;false;true;true;3,33;0;3,28
1600;2,27;0,06;211;false;true;true;3,33;0;3,28
1601;2,27;0,06;211;false;true;true;3,33;0;3,28
1602;2,27;0,06;211;false;true;true;3,33;0;3,28
1603;2,27;0,06;211;false;true;true;3,33;0;3,28
1604;2,27;0,06;211;false;true;true;3,33;0;3,28
1605;2,28;0,06;211;false;true;true;3,33;0;3,28
1606;2,28;0,06;211;false;true;true;3,33;0;3,28
1607;2,28;0,06;211;false;true;true;3,33;0;3,28
1608;2,28;0,06;211;false;true;true;3,33;0;3,28
1609;2,28;0,06;211;false;true;true;3,33;0;3,28
1610;2,28;0,06;211;false;true;true;3,33;0;3,28
1611;2,28;0,05;211;false;true;true;3,33;0;3,28
1612;2,28;0,06;211;false;true;true;3,33;0;3,29
1613;2,28;0,06;211;false;true;true;3,33;0;3,29
1614;2,28;0,06;211;false;true;true;3,34;0;3,29
1615;2,29;0,06;211;false;true;true;3,34;0;3,29
1616;2,29;0,06;211;false;true;true;3,34;0;3,29
1617;2,29;0,06;211;false;true;true;3,33;0;3,29
1618;2,29;0,06;211;false;true;true;3,33;0;3,29
1619;2,29;0,06;211;false;true;true;3,34;0;3,29
1620;2,29;0,06;211;false;true;true;3,33;0;3,29
1621;2,29;0,06;211;false;true;true;3,33;0;3,29
1622;2,29;0,06;211;false;true;true;3,34;0;3,29
1623;2,3;0,06;211;false;true;true;3,34;0;3,29
1624;2,3;0,06;211;false;true;true;3,34;0;3,29
1625;2,3;0,06;211;false;true;true;3,34;0;3,29
1626;2,3;0,06;211;false;true;true;3,34;0;3,29
1627;2,3;0,06;211;false;true;true;3,34;0;3,29
1628;2,3;0,06;211;false;true;true;3,34;0;3,29
1629;2,3;0,06;211;false;true;true;3,34;0;3,29
1630;2,3;0,06;211;false;true;true;3,34;0;3,29
1631;2,3;0,06;211;false;true;true;3,34;0;3,3
1632;2,3;0,06;211;false;true;true;3,34;0;3,3
1633;2,31;0,07;211;false;true;true;3,35;0;3,3
1634;2,31;0,07;211;false;true;true;3,35;0;3,3
1635;2,31;0,07;211;false;true;true;3,35;0;3,3
1636;2,31;0,07;211;false;true;true;3,35;0;3,3
1637;2,31;0,07;211;false;true;true;3,35;0;3,3
1638;2,31;0,07;211;false;true;true;3,35;0;3,3
1639;2,31;0,07;211;false;true;true;3,35;0;3,3
1640;2,31;0,07;211;false;true;true;3,35;0;3,3
1641;2,31;0,07;211;false;true;true;3,35;0;3,3
1642;2,31;0,06;211;false;true;true;3,35;0;3,3
1643;2,32;0,06;211;false;true;true;3,35;0;3,3
1644;2,32;0,06;211;false;true;true;3,35;0;3,3
1645;2,32;0,06;211;false;true;true;3,35;0;3,3
1646;2,32;0,06;211;false;true;true;3,35;0;3,31
1647;2,32;0,06;211;false;true;true;3,35;0;3,31
1648;2,32;0,06;211;false;true;true;3,35;0;3,31
1649;2,32;0,06;211;false;true;true;3,36;0;3,31
1650;2,32;0,07;211;false;true;true;3,36;0;3,31
1651;2,32;0,06;211;false;true;true;3,35;0;3,31
1652;2,33;0,06;211;false;true;true;3,36;0;3,31
1653;2,33;0,06;211;false;true;true;3,36;0;3,31
1654;2,33;0,07;211;false;true;true;3,36;0;3,31
1655;2,33;0,07;211;false;true;true;3,36;0;3,31
1656;2,33;0,06;211;false;true;true;3,36;0;3,31
1657;2,33;0,07;211;false;true;true;3,36;0;3,31
1658;2,33;0,07;211;false;true;true;3,37;0;3,32
1659;2,33;0,07;211;false;true;true;3,37;0;3,32
1660;2,33;0,07;211;false;true;true;3,37;0;3,32
1661;2,34;0,07;211;false;true;true;3,37;0;3,32
1662;2,34;0,07;211;false;true;true;3,37;0;3,32
1663;2,34;0,07;211;false;true;true;3,37;0;3,32
1664;2,34;0,07;211;false;true;true;3,37;0;3,32
1665;2,34;0,07;211;false;true;true;3,37;0;3,32
1666;2,34;0,07;211;false;true;true;3,37;0;3,32
1667;2,34;0,07;211;false;true;true;3,38;0;3,33
1668;2,34;0,08;211;false;true;true;3,38;0;3,33
1669;2,34;0,07;211;false;true;true;3,38;0;3,33
1670;2,35;0,08;211;false;true;true;3,39;0;3,33
1671;2,35;0,07;211;false;true;true;3,38;0;3,33
1672;2,35;0,07;211;false;true;true;3,39;0;3,33
1673;2,35;0,07;211;false;true;true;3,38;0;3,33
1674;2,35;0,07;211;false;true;true;3,38;0;3,34
1675;2,35;0,07;211;false;true;true;3,39;0;3,34
1676;2,35;0,07;211;false;true;true;3,39;0;3,34
1677;2,35;0,07;211;false;true;true;3,39;0;3,34
1678;2,35;0,08;211;false;true;true;3,4;0;3,34
1679;2,36;0,08;211;false;true;true;3,4;0;3,34
1680;2,36;0,08;211;false;true;true;3,4;0;3,35
1681;2,36;0,08;211;false;true;true;3,4;0;3,35
1682;2,36;0,07;211;false;true;true;3,4;0;3,35
1683;2,36;0,07;211;false;true;true;3,4;0;3,35
1684;2,36;0,07;211;false;true;true;3,4;0;3,36
1685;2,36;0,07;211;false;true;true;3,4;0;3,36
1686;2,36;0,08;211;false;true;true;3,41;0;3,36
1687;2,36;0,08;211;false;true;true;3,41;0;3,36
1688;2,36;0,08;211;false;true;true;3,42;0;3,37
1689;2,37;0,08;211;false;true;true;3,42;0;3,37
1690;2,37;0,08;211;false;true;true;3,42;0;3,37
1691;2,37;0,09;211;false;true;true;3,43;0;3,38
1692;2,37;0,09;211;false;true;true;3,43;0;3,38
1693;2,37;0,09;211;false;true;true;3,43;0;3,38
1694;2,37;0,09;211;false;true;true;3,44;0;3,39
1695;2,37;0,09;211;false;true;true;3,44;0;3,39
1696;2,37;0,09;211;false;true;true;3,44;0;3,4
1697;2,37;0,1;211;false;true;true;3,45;0;3,4
1698;2,37;0,1;211;false;true;true;3,46;0;3,41
1699;2,38;0,11;211;false;true;true;3,47;0;3,42
1700;2,38;0,11;211;false;true;true;3,47;0;3,42
1701;2,38;0,11;211;false;true;true;3,48;0;3,43
1702;2,38;0,12;211;false;true;true;3,49;0;3,44
1703;2,38;0,13;211;false;true;true;3,5;0;3,45
1704;2,38;0,13;211;false;true;true;3,51;0;3,46
1705;2,38;0,14;211;false;true;true;3,52;0;3,48
1706;2,38;0,15;211;false;true;true;3,54;0;3,5
1707;2,38;0,16;211;false;true;true;3,55;0;3,52
1708;2,38;0,18;211;false;true;true;3,57;0;3,55
1709;2,38;0,21;211;false;true;true;3,6;0;3,59
1710;2,39;0,26;211;false;true;true;3,63;0;3,65
1711;2,39;0,33;211;false;true;true;3,68;0;3,74
1712;2,39;0,61;210;false;true;true;3,32;0;3,01
1713;2,39;0,5;210;false;true;true;3,2;0;3,02
1714;2,39;0,43;210;false;true;true;3,13;0;3,03
1715;2,39;0,39;210;false;true;true;3,11;0;3,03
1716;2,39;0,35;210;false;true;true;3,13;0;3,04
1717;2,39;0,33;210;false;true;true;3,16;0;3,04
1718;2,39;0,31;210;false;true;true;3,17;0;3,05
1719;2,39;0,3;210;false;true;true;3,19;0;3,05
1720;2,4;0,29;210;false;true;true;3,2;0;3,05
1721;2,4;0,28;210;false;true;true;3,2;0;3,05
1722;2,4;0,26;210;false;true;true;3,2;0;3,06
1723;2,4;0,25;210;false;true;true;3,21;0;3,06
1724;2,4;0,24;210;false;true;true;3,21;0;3,06
1725;2,4;0,23;210;false;true;true;3,21;0;3,06
1726;2,4;0,22;210;false;true;true;3,21;0;3,06
1727;2,4;0,22;210;false;true;true;3,21;0;3,06
1728;2,4;0,21;210;false;true;true;3,21;0;3,07
1729;2,4;0,21;210;false;true;true;3,21;0;3,07
1730;2,41;0,2;210;false;true;true;3,21;0;3,07
1731;2,41;0,2;210;false;true;true;3,21;0;3,07
1732;2,41;0,2;210;false;true;true;3,21;0;3,07
1733;2,41;0,19;210;false;true;true;3,21;0;3,07
1734;2,41;0,18;210;false;true;true;3,21;0;3,07
1735;2,41;0,18;210;false;true;true;3,21;0;3,07
1736;2,41;0,18;210;false;true;true;3,21;0;3,07
1737;2,41;0,17;210;false;true;true;3,21;0;3,07
1738;2,41;0,17;210;false;true;true;3,21;0;3,07
1739;2,42;0,17;210;false;true;true;3,21;0;3,08
1740;2,42;0,17;210;false;true;true;3,21;0;3,08
1741;2,42;0,16;210;false;true;true;3,21;0;3,08
1742;2,42;0,16;210;false;true;true;3,21;0;3,08
1743;2,42;0,16;210;false;true;true;3,21;0;3,08
1744;2,42;0,16;210;false;true;true;3,21;0;3,08
1745;2,42;0,16;210;false;true;true;3,21;0;3,08
1746;2,42;0,16;210;false;true;true;3,21;0;3,08
1747;2,42;0,15;210;false;true;true;3,21;0;3,08
1748;2,42;0,15;210;false;true;true;3,2;0;3,08
1749;2,43;0,15;210;false;true;true;3,2;0;3,08
1750;2,43;0,14;210;false;true;true;3,2;0;3,08
1751;2,43;0,15;210;false;true;true;3,2;0;3,08
1752;2,43;0,14;210;false;true;true;3,2;0;3,08
1753;2,43;0,14;210;false;true;true;3,2;0;3,08
1754;2,43;0,14;210;false;true;true;3,2;0;3,08
1755;2,43;0,14;210;false;true;true;3,2;0;3,08
1756;2,43;0,14;210;false;true;true;3,2;0;3,08
1757;2,43;0,14;210;false;true;true;3,2;0;3,08
1758;2,43;0,14;210;false;true;true;3,2;0;3,08
1759;2,44;0,14;210;false;true;true;3,2;0;3,08
1760;2,44;0,14;210;false;true;true;3,2;0;3,08
1761;2,44;0,14;210;false;true;true;3,2;0;3,08
1762;2,44;0,13;210;false;true;true;3,19;0;3,08
1763;2,44;0,13;210;false;true;true;3,2;0;3,08
1764;2,44;0,13;210;false;true;true;3,19;0;3,09
1765;2,44;0,13;210;false;true;true;3,19;0;3,09
1766;2,44;0,13;210;false;true;true;3,19;0;3,09
1767;2,44;0,12;210;false;true;true;3,19;0;3,09
1768;2,44;0,12;210;false;true;true;3,19;0;3,09
1769;2,45;0,13;210;false;true;true;3,19;0;3,09
1770;2,45;0,12;210;false;true;true;3,19;0;3,09
1771;2,45;0,13;210;false;true;true;3,2;0;3,09
1772;2,45;0,13;210;false;true;true;3,2;0;3,09
1773;2,45;0,12;210;false;true;true;3,2;0;3,09
1774;2,45;0,12;210;false;true;true;3,19;0;3,09
1775;2,45;0,12;210;false;true;true;3,2;0;3,09
1776;2,45;0,12;210;false;true;true;3,19;0;3,09
1777;2,45;0,12;210;false;true;true;3,19;0;3,09
1778;2,45;0,12;210;false;true;true;3,19;0;3,09
1779;2,46;0,12;210;false;true;true;3,19;0;3,09
1780;2,46;0,11;210;false;true;true;3,19;0;3,09
1781;2,46;0,12;210;false;true;true;3,19;0;3,09
1782;2,46;0,12;210;false;true;true;3,19;0;3,09
1783;2,46;0,12;210;false;true;true;3,19;0;3,09
1784;2,46;0,11;210;false;true;true;3,19;0;3,09
1785;2,46;0,11;210;false;true;true;3,19;0;3,09
1786;2,46;0,11;210;false;true;true;3,19;0;3,09
1787;2,46;0,12;210;false;true;true;3,19;0;3,09
1788;2,46;0,12;210;false;true;true;3,19;0;3,09
1789;2,47;0,12;210;false;true;true;3,19;0;3,09
1790;2,47;0,12;210;false;true;true;3,19;0;3,09
1791;2,47;0,12;210;false;true;true;3,19;0;3,09
1792;2,47;0,12;210;false;true;true;3,19;0;3,09
1793;2,47;0,12;210;false;true;true;3,19;0;3,09
1794;2,47;0,12;210;false;true;true;3,19;0;3,09
1795;2,47;0,12;210;false;true;true;3,2;0;3,09
1796;2,47;0,12;210;false;true;true;3,2;0;3,09
1797;2,47;0,12;210;false;true;true;3,2;0;3,09
1798;2,47;0,12;210;false;true;true;3,19;0;3,09
1799;2,48;0,11;210;false;true;true;3,19;0;3,09
1800;2,48;0,11;210;false;true;true;3,19;0;3,09
1801;2,48;0,11;210;false;true;true;3,19;0;3,09
1802;2,48;0,11;210;false;true;true;3,19;0;3,09
1803;2,48;0,11;210;false;true;true;3,19;0;3,09
1804;2,48;0,11;210;false;true;true;3,19;0;3,09
1805;2,48;0,11;210;false;true;true;3,19;0;3,09
1806;2,48;0,11;210;false;true;true;3,19;0;3,09
1807;2,48;0,12;210;false;true;true;3,2;0;3,09
1808;2,48;0,11;210;false;true;true;3,19;0;3,09
1809;2,49;0,12;210;false;true;true;3,2;0;3,09
1810;2,49;0,11;210;false;true;true;3,19;0;3,09
1811;2,49;0,11;210;false;true;true;3,19;0;3,09
1812;2,49;0,1;210;false;true;true;3,18;0;3,09
1813;2,49;0,1;210;false;true;true;3,18;0;3,09
1814;2,49;0,1;210;false;true;true;3,18;0;3,09
1815;2,49;0,1;210;false;true;true;3,18;0;3,09
1816;2,49;0,1;210;false;true;true;3,18;0;3,09
1817;2,49;0,1;210;false;true;true;3,18;0;3,09
1818;2,49;0,09;210;false;true;true;3,18;0;3,09
1819;2,5;0,1;210;false;true;true;3,18;0;3,09
1820;2,5;0,1;210;false;true;true;3,18;0;3,09
1821;2,5;0,1;210;false;true;true;3,18;0;3,09
1822;2,5;0,1;210;false;true;true;3,18;0;3,09
1823;2,5;0,1;210;false;true;true;3,18;0;3,09
1824;2,5;0,09;210;false;true;true;3,18;0;3,09
1825;2,5;0,1;210;false;true;true;3,18;0;3,09
1826;2,5;0,09;210;false;true;true;3,18;0;3,09
1827;2,5;0,1;210;false;true;true;3,18;0;3,09
1828;2,51;0,09;210;false;true;true;3,18;0;3,1
1829;2,51;0,1;210;false;true;true;3,18;0;3,1
1830;2,51;0,1;210;false;true;true;3,18;0;3,1
1831;2,51;0,1;210;false;true;true;3,18;0;3,1
1832;2,51;0,1;210;false;true;true;3,18;0;3,1
1833;2,51;0,1;210;false;true;true;3,18;0;3,1
1834;2,51;0,09;210;false;true;true;3,18;0;3,1
1835;2,51;0,09;210;false;true;true;3,18;0;3,1
1836;2,51;0,09;210;false;true;true;3,18;0;3,1
1837;2,51;0,1;210;false;true;true;3,18;0;3,1
1838;2,52;0,09;210;false;true;true;3,18;0;3,1
1839;2,52;0,1;210;false;true;true;3,18;0;3,1
1840;2,52;0,09;210;false;true;true;3,18;0;3,1
1841;2,52;0,09;210;false;true;true;3,18;0;3,1
1842;2,52;0,09;210;false;true;true;3,17;0;3,1
1843;2,52;0,09;210;false;true;true;3,17;0;3,1
1844;2,52;0,09;210;false;true;true;3,18;0;3,1
1845;2,52;0,09;210;false;true;true;3,17;0;3,1
1846;2,52;0,09;210;false;true;true;3,18;0;3,1
1847;2,52;0,09;210;false;true;true;3,17;0;3,1
1848;2,53;0,09;210;false;true;true;3,18;0;3,1
1849;2,53;0,09;210;false;true;true;3,18;0;3,1
1850;2,53;0,09;210;false;true;true;3,18;0;3,1
1851;2,53;0,09;210;false;true;true;3,17;0;3,1
1852;2,53;0,09;210;false;true;true;3,18;0;3,1
1853;2,53;0,09;210;false;true;true;3,18;0;3,1
1854;2,53;0,09;210;false;true;true;3,17;0;3,1
1855;2,53;0,08;210;false;true;true;3,17;0;3,1
1856;2,53;0,08;210;false;true;true;3,17;0;3,1
1857;2,53;0,08;210;false;true;true;3,17;0;3,1
1858;2,54;0,08;210;false;true;true;3,17;0;3,1
1859;2,54;0,08;210;false;true;true;3,17;0;3,1
1860;2,54;0,08;210;false;true;true;3,17;0;3,1
1861;2,54;0,08;210;false;true;true;3,17;0;3,1
1862;2,54;0,09;210;false;true;true;3,18;0;3,1
1863;2,54;0,09;210;false;true;true;3,17;0;3,1
1864;2,54;0,09;210;false;true;true;3,17;0;3,1
1865;2,54;0,08;210;false;true;true;3,17;0;3,1
1866;2,54;0,09;210;false;true;true;3,18;0;3,1
1867;2,54;0,09;210;false;true;true;3,17;0;3,1
1868;2,55;0,09;210;false;true;true;3,17;0;3,1
1869;2,55;0,08;210;false;true;true;3,17;0;3,1
1870;2,55;0,08;210;false;true;true;3,17;0;3,1
1871;2,55;0,08;210;false;true;true;3,17;0;3,1
1872;2,55;0,08;210;false;true;true;3,17;0;3,1
1873;2,55;0,08;210;false;true;true;3,17;0;3,1
1874;2,55;0,08;210;false;true;true;3,17;0;3,1
1875;2,55;0,08;210;false;true;true;3,17;0;3,1
1876;2,55;0,08;210;false;true;true;3,17;0;3,1
1877;2,55;0,08;210;false;true;true;3,17;0;3,1
1878;2,56;0,08;210;false;true;true;3,17;0;3,1
1879;2,56;0,08;210;false;true;true;3,17;0;3,1
1880;2,56;0,08;210;false;true;true;3,17;0;3,1
1881;2,56;0,08;210;false;true;true;3,17;0;3,1
1882;2,56;0,07;210;false;true;true;3,16;0;3,1
1883;2,56;0,07;210;false;true;true;3,16;0;3,1
1884;2,56;0,07;210;false;true;true;3,16;0;3,1
1885;2,56;0,07;210;false;true;true;3,16;0;3,1
1886;2,56;0,08;210;false;true;true;3,16;0;3,1
1887;2,56;0,08;210;false;true;true;3,17;0;3,1
1888;2,57;0,07;210;false;true;true;3,16;0;3,1
1889;2,57;0,08;210;false;true;true;3,17;0;3,1
1890;2,57;0,08;210;false;true;true;3,17;0;3,1
1891;2,57;0,08;210;false;true;true;3,16;0;3,1
1892;2,57;0,08;210;false;true;true;3,17;0;3,1
1893;2,57;0,07;210;false;true;true;3,16;0;3,1
1894;2,57;0,08;210;false;true;true;3,17;0;3,1
1895;2,57;0,08;210;false;true;true;3,17;0;3,1
1896;2,57;0,08;210;false;true;true;3,17;0;3,1
1897;2,57;0,08;210;false;true;true;3,17;0;3,1
1898;2,58;0,08;210;false;true;true;3,17;0;3,1
1899;2,58;0,08;210;false;true;true;3,17;0;3,1
1900;2,58;0,08;210;false;true;true;3,17;0;3,1
1901;2,58;0,08;210;false;true;true;3,17;0;3,1
1902;2,58;0,08;210;false;true;true;3,17;0;3,1
1903;2,58;0,08;210;false;true;true;3,17;0;3,1
1904;2,58;0,08;210;false;true;true;3,17;0;3,1
1905;2,58;0,08;210;false;true;true;3,17;0;3,1
1906;2,58;0,08;210;false;true;true;3,17;0;3,1
1907;2,58;0,08;210;false;true;true;3,17;0;3,1
1908;2,59;0,08;210;false;true;true;3,17;0;3,1
1909;2,59;0,07;210;false;true;true;3,17;0;3,1
1910;2,59;0,07;210;false;true;true;3,16;0;3,1
1911;2,59;0,07;210;false;true;true;3,16;0;3,1
1912;2,59;0,07;210;false;true;true;3,16;0;3,1
1913;2,59;0,07;210;false;true;true;3,16;0;3,1
1914;2,59;50,98;210;true;true;true;0;43,15;0
1915;2,6;14,71;210;true;true;true;0;14,71;0
1916;2,6;12,65;210;true;true;true;0;12,43;0
1917;2,6;11,65;210;true;true;true;0;11,45;0
1918;2,61;10,26;210;true;true;true;0;10,12;0
1919;2,61;9,21;210;true;true;true;0;9,09;0
1920;2,62;8,35;210;true;true;true;0;8,26;0
1921;2,62;7,72;210;true;true;true;0;7,61;0
1922;2,62;7,16;210;true;true;true;0;7,05;0
1923;2,63;6,77;210;true;true;true;0;6,63;0
1924;2,63;6,4;210;true;true;true;0;6,29;0
1925;2,64;6,22;210;true;true;true;0;6,05;0
1926;2,64;5,92;210;true;true;true;0;5,8;0
1927;2,64;5,84;210;true;true;true;0;5,65;0
1928;2,65;5,59;210;true;true;true;0;5,44;0
1929;2,65;5,53;210;true;true;true;0;5,34;0
1930;2,66;5,37;210;true;true;true;0;5,19;0
1931;2,66;5,3;210;true;true;true;0;5,1;0
1932;2,66;5,19;210;true;true;true;0;4,99;0
1933;2,67;5,12;210;true;true;true;0;4,91;0
1934;2,67;5,03;210;true;true;true;0;4,82;0
1935;2,68;4,97;210;true;true;true;0;4,75;0
1936;2,68;4,91;210;true;true;true;0;4,68;0
1937;2,69;4,85;210;true;true;true;0;4,62;0
1938;2,69;4,8;210;true;true;true;0;4,57;0
1939;2,69;4,75;210;true;true;true;0;4,51;0
1940;2,7;4,71;210;true;true;true;0;4,47;0
1941;2,7;4,67;210;true;true;true;0;4,42;0
1942;2,71;4,63;210;true;true;true;0;4,38;0
1943;2,71;4,59;210;true;true;true;0;4,34;0
1944;2,71;4,56;210;true;true;true;0;4,31;0
1945;2,72;4,53;210;true;true;true;0;4,27;0
1946;2,72;4,5;210;true;true;true;0;4,24;0
1947;2,73;4,48;210;true;true;true;0;4,21;0
1948;2,73;4,45;210;true;true;true;0;4,19;0
1949;2,73;4,43;210;true;true;true;0;4,16;0
1950;2,74;4,4;210;true;true;true;0;4,14;0
1951;2,74;4,38;210;true;true;true;0;4,11;0
1952;2,75;4,36;210;true;true;true;0;4,09;0
1953;2,75;4,34;210;true;true;true;0;4,34;0
1954;2,76;4,33;210;true;true;true;0;4,33;0
1955;2,76;4,31;210;true;true;true;0;4,31;0
1956;2,77;4,29;210;true;true;true;0;4,29;0
1957;2,77;4,28;210;true;true;true;0;4,28;0
1958;2,78;4,26;210;true;true;true;0;4,26;0
1959;2,78;4,25;210;true;true;true;0;4,25;0
1960;2,78;4,23;210;true;true;true;0;4,23;0
1961;2,79;4,22;210;true;true;true;0;4,22;0
1962;2,79;4,21;210;true;true;true;0;4,21;0
1963;2,8;4,19;210;true;true;true;0;4,19;0
1964;2,8;4,18;210;true;true;true;0;4,18;0
1965;2,8;4,17;210;true;true;true;0;4,17;0
1966;2,81;4,16;210;true;true;true;0;4,16;0
1967;2,81;4,15;210;true;true;true;0;4,15;0
1968;2,82;4,14;210;true;true;true;0;4,14;0
1969;2,82;4,13;210;true;true;true;0;4,13;0
1970;2,83;4,12;210;true;true;true;0;4,12;0
1971;2,83;4,11;210;true;true;true;0;4,11;0
1972;2,83;4,1;210;true;true;true;0;4,1;0
1973;2,84;4,09;210;true;true;true;0;4,09;0
1974;2,84;4,09;210;true;true;true;0;4,09;0
1975;2,85;4,08;210;true;true;true;0;4,08;0
1976;2,85;4,07;210;true;true;true;0;4,07;0
1977;2,85;4,06;210;true;true;true;0;4,06;0
1978;2,86;4,06;210;true;true;true;0;4,06;0
1979;2,86;4,05;210;true;true;true;0;4,05;0
1980;2,87;4,04;210;true;true;true;0;4,04;0
1981;2,87;4,04;210;true;true;true;0;4,04;0
1982;2,88;4,03;210;true;true;true;0;4,03;0
1983;2,88;4,02;210;true;true;true;0;4,02;0
1984;2,88;4,02;210;true;true;true;0;4,02;0
1985;2,89;4,01;210;true;true;true;0;4,01;0
1986;2,89;4,01;210;true;true;true;0;4,01;0
1987;2,9;4;210;true;true;true;0;4;0
1988;2,9;4;210;true;true;true;0;4;0
1989;2,9;3,99;210;true;true;true;0;3,99;0
1990;2,91;3,99;210;true;true;true;0;3,99;0
1991;2,91;3,98;210;true;true;true;0;3,98;0
1992;2,92;3,98;210;true;true;true;0;3,98;0
1993;2,92;3,97;210;true;true;true;0;3,97;0
1994;2,92;3,97;210;true;true;true;0;3,97;0
1995;2,93;3,96;210;true;true;true;0;3,96;0
1996;2,93;3,96;210;true;true;true;0;3,96;0
1997;2,94;3,95;210;true;true;true;0;3,95;0
1998;2,94;3,95;210;true;true;true;0;3,95;0
1999;2,94;3,95;210;true;true;true;0;3,95;0
2000;2,95;3,94;210;true;true;true;0;3,94;0
2001;2,95;3,94;210;true;true;true;0;3,94;0
2002;2,96;3,93;210;true;true;true;0;3,93;0
2003;2,96;3,93;210;true;true;true;0;3,93;0
2004;2,96;3,93;210;true;true;true;0;3,93;0
2005;2,97;3,92;210;true;true;true;0;3,92;0
2006;2,97;3,92;210;true;true;true;0;3,92;0
2007;2,98;3,92;210;true;true;true;0;3,92;0
2008;2,98;3,91;210;true;true;true;0;3,91;0
2009;2,98;3,91;210;true;true;true;0;3,91;0
2010;2,99;3,91;210;true;true;true;0;3,91;0
2011;2,99;3,91;210;true;true;true;0;3,91;0
2012;3;3,9;210;true;true;true;0;3,9;0
2013;3;3,9;210;true;true;true;0;3,9;0
2014;3,01;3,9;210;true;true;true;0;3,9;0
2015;3,01;3,89;210;true;true;true;0;3,89;0
2016;3,01;3,89;210;true;true;true;0;3,89;0
2017;3,02;3,89;210;true;true;true;0;3,89;0
2018;3,02;3,89;210;true;true;true;0;3,89;0
2019;3,03;3,88;210;true;true;true;0;3,88;0
2020;3,03;3,88;210;true;true;true;0;3,88;0
2021;3,03;3,88;210;true;true;true;0;3,88;0
2022;3,04;3,88;210;true;true;true;0;3,88;0
2023;3,04;3,88;210;true;true;true;0;3,88;0
2024;3,05;3,87;210;true;true;true;0;3,87;0
2025;3,05;3,87;210;true;true;true;0;3,87;0
2026;3,06;3,87;210;true;true;true;0;3,87;0
2027;3,06;3,87;210;true;true;true;0;3,87;0
2028;3,06;3,87;210;true;true;true;0;3,87;0
2029;3,07;3,86;210;true;true;true;0;3,86;0
2030;3,07;3,86;210;true;true;true;0;3,86;0
2031;3,08;3,86;210;true;true;true;0;3,86;0
2032;3,08;3,86;210;true;true;true;0;3,86;0
2033;3,09;3,86;210;true;true;true;0;3,86;0
2034;3,09;3,85;210;true;true;true;0;3,85;0
2035;3,09;3,85;210;true;true;true;0;3,85;0
2036;3,1;3,85;210;true;true;true;0;3,85;0
2037;3,1;3,85;210;true;true;true;0;3,85;0
2038;3,11;3,85;210;true;true;true;0;3,85;0
2039;3,11;3,85;210;true;true;true;0;3,85;0
2040;3,11;3,85;210;true;true;true;0;3,85;0
2041;3,12;3,85;210;true;true;true;0;3,85;0
2042;3,12;3,85;210;true;true;true;0;3,85;0
2043;3,13;3,85;210;true;true;true;0;3,85;0
2044;3,13;3,85;210;true;true;true;0;3,85;0
2045;3,13;3,85;210;true;true;true;0;3,85;0
2046;3,14;3,85;210;true;true;true;0;3,85;0
2047;3,14;3,84;210;true;true;true;0;3,84;0
2048;3,15;3,84;210;true;true;true;0;3,84;0
2049;3,15;3,84;210;true;true;true;0;3,84;0
2050;3,15;3,84;210;true;true;true;0;3,84;0
2051;3,16;3,84;210;true;true;true;0;3,84;0
2052;3,16;3,84;210;true;true;true;0;3,84;0
2053;3,17;3,84;210;true;true;true;0;3,84;0
2054;3,17;3,84;210;true;true;true;0;3,84;0
2055;3,18;3,84;210;true;true;true;0;3,84;0
2056;3,18;3,84;210;true;true;true;0;3,84;0
2057;3,19;3,84;210;true;true;true;0;3,84;0
2058;3,19;3,83;210;true;true;true;0;3,83;0
2059;3,19;3,83;210;true;true;true;0;3,83;0
2060;3,2;3,83;210;true;true;true;0;3,83;0
2061;3,2;3,83;210;true;true;true;0;3,83;0
2062;3,21;3,83;210;true;true;true;0;3,83;0
2063;3,21;3,83;210;true;true;true;0;3,83;0
2064;3,22;3,83;210;true;true;true;0;3,83;0
2065;3,22;3,83;210;true;true;true;0;3,83;0
2066;3,22;3,83;210;true;true;true;0;3,83;0
2067;3,23;3,83;210;true;true;true;0;3,83;0
2068;3,23;3,83;210;true;true;true;0;3,83;0
2069;3,24;3,83;210;true;true;true;0;3,83;0
2070;3,24;3,82;210;true;true;true;0;3,82;0
2071;3,24;3,82;210;true;true;true;0;3,82;0
2072;3,25;3,82;210;true;true;true;0;3,82;0
2073;3,25;3,82;210;true;true;true;0;3,82;0
2074;3,26;3,82;210;true;true;true;0;3,82;0
2075;3,26;3,82;210;true;true;true;0;3,82;0
2076;3,27;3,82;210;true;true;true;0;3,82;0
2077;3,27;3,82;210;true;true;true;0;3,82;0
2078;3,28;3,82;210;true;true;true;0;3,82;0
2079;3,28;3,82;210;true;true;true;0;3,82;0
2080;3,28;3,82;210;true;true;true;0;3,82;0
2081;3,29;3,82;210;true;true;true;0;3,82;0
2082;3,29;3,82;210;true;true;true;0;3,82;0
2083;3,3;3,82;210;true;true;true;0;3,82;0
2084;3,3;3,81;210;true;true;true;0;3,81;0
2085;3,3;3,81;210;true;true;true;0;3,81;0
2086;3,31;3,81;210;true;true;true;0;3,81;0
2087;3,31;3,81;210;true;true;true;0;3,81;0
2088;3,32;3,81;210;true;true;true;0;3,81;0
2089;3,32;3,81;210;true;true;true;0;3,81;0
2090;3,33;3,81;210;true;true;true;0;3,81;0
2091;3,33;3,81;210;true;true;true;0;3,81;0
2092;3,34;3,81;210;true;true;true;0;3,81