lengthMiddleSegment: 85597.07
step_energy: 0.05
electrostatic_force_factor: 1.0
spring_force_factor: 0.1
reject_force_factor: 2.0
distanceRejectRadius: 21399.2675
distanceSamePosition: 21399.2675
Iteration;time;energy;num nodes;reject force is enabled;spring force is enabled;electrostatic force is enabled;str_force;rep_force;elec_force
1;0;48,92;1445;false;true;true;18,4;0;30,63
2;0,03;56,59;1391;false;true;true;20,86;0;36,73
3;0,09;57,58;1335;false;true;true;20,24;0;38,94
4;0,1;56,24;1285;false;true;true;20,39;0;37,22
5;0,11;52,14;1224;false;true;true;18,96;0;34,83
6;0,12;50,67;1173;false;true;true;19;0;33,15
7;0,12;49,58;1125;false;true;true;18,61;0;32,62
8;0,13;48,14;1086;false;true;true;17,84;0;32,17
9;0,14;46,58;1047;false;true;true;17,93;0;30,3
10;0,14;46,09;1009;false;true;true;18,19;0;29,94
11;0,15;46,19;971;false;true;true;18,1;0;30,82
12;0,16;46,11;933;false;true;true;18,79;0;29,64
13;0,16;44,01;900;false;true;true;17,82;0;28,8
14;0,17;44,71;866;false;true;true;17,62;0;30,55
15;0,17;42,44;831;false;true;true;17,56;0;27,12
16;0,17;40,6;801;false;true;true;17,13;0;25,53
17;0,18;39,46;781;false;true;true;16,26;0;26,26
18;0,18;36,99;760;false;true;true;16,21;0;24,99
19;0,19;35,22;739;false;true;true;16,58;0;22,84
20;0,19;32,09;718;false;true;true;16,1;0;18,73
21;0,19;32,77;708;false;true;true;15,03;0;21,59
22;0,2;31,98;692;false;true;true;15,82;0;20,25
23;0,2;31,05;678;false;true;true;15,44;0;19,59
24;0,21;30,29;666;false;true;true;14,88;0;19,02
25;0,21;30,47;654;false;true;true;14,99;0;19,25
26;0,22;28,52;639;false;true;true;14,17;0;16,42
27;0,22;26,98;629;false;true;true;13,56;0;15,95
28;0,22;26,99;618;false;true;true;13,86;0;16,22
29;0,22;24,75;607;false;true;true;13,39;0;14,59
30;0,23;24,08;598;false;true;true;13,61;0;13,98
31;0,23;24,01;593;false;true;true;13,09;0;14,77
32;0,23;25,16;586;false;true;true;13,93;0;16,12
33;0,24;22,42;575;false;true;true;13,53;0;12,42
34;0,24;23,17;572;false;true;true;13,01;0;15,02
35;0,24;22,9;565;false;true;true;13,02;0;14,7
36;0,25;21,43;556;false;true;true;13,11;0;12,2
37;0,25;21,24;551;false;true;true;12,8;0;12,44
38;0,25;21,24;547;false;true;true;12,43;0;13,29
39;0,25;20,95;540;false;true;true;12,55;0;12,41
40;0,25;20,05;534;false;true;true;12,56;0;11,49
41;0,26;20,33;530;false;true;true;12,72;0;12,53
42;0,26;19,81;524;false;true;true;12,5;0;11,64
43;0,26;20,07;520;false;true;true;12,38;0;12,33
44;0,26;19,71;514;false;true;true;12,45;0;11,54
45;0,26;19,73;509;false;true;true;12,44;0;11,71
46;0,27;19,84;505;false;true;true;12,16;0;12
47;0,27;18,9;499;false;true;true;12,06;0;10,84
48;0,27;19,1;497;false;true;true;11,74;0;12,47
49;0,28;18,75;491;false;true;true;11,75;0;11,32
50;0,28;18,48;487;false;true;true;12,01;0;11,63
51;0,28;16,57;481;false;true;true;11,37;0;9,08
52;0,28;16,79;480;false;true;true;11,17;0;10,51
53;0,28;17,19;477;false;true;true;11,6;0;11,03
54;0,29;16,1;472;false;true;true;11,78;0;9,6
55;0,29;16,34;471;false;true;true;11,68;0;10,97
56;0,29;17,03;469;false;true;true;12;0;12,15
57;0,29;17,17;464;false;true;true;12,84;0;11,76
58;0,3;15,69;459;false;true;true;12,33;0;9,86
59;0,3;16,17;458;false;true;true;11,76;0;11,13
60;0,3;16,22;454;false;true;true;11,7;0;10,63
61;0,3;16,03;450;false;true;true;11,71;0;10,02
62;0,31;15,94;447;false;true;true;11,79;0;10,21
63;0,31;16,2;442;false;true;true;10,93;0;8,63
64;0,31;15,82;440;false;true;true;10,6;0;9
65;0,31;15,59;436;false;true;true;10,65;0;8,37
66;0,31;15,05;433;false;true;true;10,46;0;8,05
67;0,32;15,42;432;false;true;true;10,64;0;9,31
68;0,32;15,61;430;false;true;true;11,08;0;9,95
69;0,32;15,97;427;false;true;true;11,4;0;10,1
70;0,32;15,38;421;false;true;true;11,3;0;8,01
71;0,32;15,3;420;false;true;true;10,81;0;8,93
72;0,33;15,36;417;false;true;true;10,35;0;8,51
73;0,33;15,17;414;false;true;true;10,32;0;8,39
74;0,33;14,59;412;false;true;true;10,37;0;8,31
75;0,33;14,19;409;false;true;true;10,4;0;7,72
76;0,34;13,8;407;false;true;true;10,35;0;7,75
77;0,34;14,38;407;false;true;true;10,66;0;9,6
78;0,34;13,73;402;false;true;true;10,48;0;7,48
79;0,34;14,1;402;false;true;true;10,69;0;9,22
80;0,35;13,81;399;false;true;true;10,67;0;8,77
81;0,35;13,22;394;false;true;true;10,06;0;6,5
82;0,35;12,4;392;false;true;true;9,52;0;6,2
83;0,35;12,31;392;false;true;true;9,3;0;7,25
84;0,35;12,24;391;false;true;true;9,47;0;7,68
85;0,36;12,3;390;false;true;true;9,98;0;8,28
86;0,36;12,66;388;false;true;true;10,51;0;8,47
87;0,36;12,25;385;false;true;true;10,59;0;7,76
88;0,36;12,21;383;false;true;true;10,47;0;7,67
89;0,37;12,41;381;false;true;true;9,95;0;7,66
90;0,37;12,19;379;false;true;true;9,79;0;7,6
91;0,37;12,22;377;false;true;true;9,45;0;7,28
92;0,37;11,93;375;false;true;true;9,49;0;7,13
93;0,37;11,55;373;false;true;true;9,12;0;6,56
94;0,38;11,79;372;false;true;true;9,32;0;7,23
95;0,38;11,11;369;false;true;true;9,08;0;5,95
96;0,38;11,21;369;false;true;true;9,18;0;6,94
97;0,38;11,1;367;false;true;true;9,28;0;6,67
98;0,38;11,34;366;false;true;true;9,52;0;7,26
99;0,38;10,97;363;false;true;true;9,18;0;6,04
100;0,39;10,6;362;false;true;true;9;0;6,11
101;0,39;10,97;362;false;true;true;9,22;0;7,27
102;0,39;10,53;359;false;true;true;9,2;0;6,16
103;0,39;10,85;359;false;true;true;9,38;0;7,31
104;0,4;10,95;356;false;true;true;9,3;0;6,42
105;0,4;10,26;354;false;true;true;8,79;0;5,54
106;0,4;10,25;354;false;true;true;8,78;0;6,36
107;0,4;10,21;353;false;true;true;8,78;0;6,6
108;0,4;9,85;352;false;true;true;8,87;0;6,49
109;0,41;9,87;350;false;true;true;9,05;0;6,05
110;0,41;9,69;349;false;true;true;8,98;0;6,04
111;0,41;9,42;348;false;true;true;8,94;0;5,93
112;0,41;9,38;346;false;true;true;8,91;0;5,34
113;0,41;9,25;346;false;true;true;8,83;0;5,92
114;0,41;9,03;345;false;true;true;8,87;0;5,84
115;0,42;9,04;345;false;true;true;9,06;0;6,45
116;0,42;9,32;345;false;true;true;9,58;0;7,28
117;0,42;9,85;344;false;true;true;10,04;0;7,82
118;0,42;9,87;342;false;true;true;10,19;0;7,46
119;0,43;10,45;340;false;true;true;10,05;0;7,27
120;0,43;10,03;336;false;true;true;9,01;0;5
121;0,43;9,5;335;false;true;true;8,37;0;4,9
122;0,43;9,13;335;false;true;true;8,02;0;5,34
123;0,43;8,99;335;false;true;true;8,12;0;5,85
124;0,44;9,04;335;false;true;true;8,65;0;6,49
125;0,44;9,41;335;false;true;true;9,36;0;7,42
126;0,44;9,64;333;false;true;true;9,47;0;6,84
127;0,44;9,83;331;false;true;true;9,43;0;6,55
128;0,44;9,85;329;false;true;true;9,3;0;6,07
129;0,44;9,63;328;false;true;true;9,08;0;6,14
130;0,45;9,38;326;false;true;true;8,85;0;5,64
131;0,45;9,1;325;false;true;true;8,45;0;5,54
132;0,45;8,93;325;false;true;true;8,43;0;6,09
133;0,45;9,03;325;false;true;true;8,84;0;6,83
134;0,46;9,22;324;false;true;true;9,25;0;7,11
135;0,46;9,09;322;false;true;true;9,31;0;6,46
136;0,46;9,27;321;false;true;true;9,29;0;6,54
137;0,46;9,17;319;false;true;true;9,15;0;5,98
138;0,46;8,95;318;false;true;true;8,86;0;5,9
139;0,47;8,59;317;false;true;true;8,55;0;5,57
140;0,47;8,59;317;false;true;true;8,6;0;6,19
141;0,47;8,69;316;false;true;true;8,44;0;6
142;0,47;9,09;315;false;true;true;8,36;0;5,92
143;0,47;9,35;313;false;true;true;8,23;0;5,29
144;0,47;9,16;311;false;true;true;7,86;0;4,46
145;0,48;8,72;310;false;true;true;7,63;0;4,25
146;0,48;8,46;310;false;true;true;7,53;0;4,66
147;0,48;8,47;310;false;true;true;7,7;0;5,22
148;0,48;8,24;309;false;true;true;7,75;0;4,85
149;0,48;8,28;308;false;true;true;7,95;0;4,75
150;0,49;8,08;307;false;true;true;7,91;0;4,42
151;0,49;8,06;307;false;true;true;8,01;0;4,93
152;0,49;7,91;306;false;true;true;7,95;0;4,72
153;0,49;8,08;306;false;true;true;8,08;0;5,38
154;0,49;7,94;305;false;true;true;8,1;0;5,17
155;0,49;7,85;303;false;true;true;7,58;0;4
156;0,5;7,61;303;false;true;true;7,49;0;4,33
157;0,5;7,55;303;false;true;true;7,54;0;4,75
158;0,5;7,56;302;false;true;true;7,53;0;4,53
159;0,5;7,57;302;false;true;true;7,75;0;5,01
160;0,5;7,84;301;false;true;true;7,89;0;4,95
161;0,5;7,95;300;false;true;true;7,9;0;5,04
162;0,5;7,89;298;false;true;true;7,5;0;4,16
163;0,5;7,24;297;false;true;true;7,02;0;3,56
164;0,51;6,95;297;false;true;true;6,78;0;3,76
165;0,51;6,75;297;false;true;true;6,75;0;3,97
166;0,51;6,61;297;false;true;true;6,89;0;4,2
167;0,51;6,53;297;false;true;true;7,16;0;4,45
168;0,51;6,51;297;false;true;true;7,47;0;4,75
169;0,51;6,57;297;false;true;true;7,78;0;5,12
170;0,51;6,76;297;false;true;true;8,13;0;5,62
171;0,52;6,99;296;false;true;true;8,31;0;5,61
172;0,52;6,87;295;false;true;true;8,29;0;5,35
173;0,52;7,13;295;false;true;true;8,42;0;6,04
174;0,52;7,25;293;false;true;true;7,91;0;5,04
175;0,52;6,92;292;false;true;true;7,46;0;4,58
176;0,52;6,88;292;false;true;true;7,47;0;5,01
177;0,52;7,09;292;false;true;true;7,66;0;5,64
178;0,52;7,21;289;false;true;true;7,03;0;3,87
179;0,53;6,92;289;false;true;true;6,92;0;4,18
180;0,53;6,86;289;false;true;true;6,96;0;4,59
181;0,53;6,68;288;false;true;true;6,91;0;4,3
182;0,53;6,66;288;false;true;true;7,05;0;4,71
183;0,53;6,54;287;false;true;true;7;0;4,37
184;0,54;6,62;286;false;true;true;6,77;0;3,97
185;0,54;6,48;286;false;true;true;6,77;0;4,27
186;0,54;6,5;286;false;true;true;6,93;0;4,68
187;0,54;6,29;285;false;true;true;6,87;0;4,2
188;0,54;6,2;285;false;true;true;7,02;0;4,5
189;0,54;6,24;285;false;true;true;7,24;0;4,89
190;0,54;6,3;284;false;true;true;7,42;0;4,73
191;0,55;6,46;284;false;true;true;7,56;0;5,3
192;0,55;6,18;282;false;true;true;6,98;0;3,93
193;0,55;5,92;282;false;true;true;6,82;0;4,14
194;0,55;5,78;282;false;true;true;6,8;0;4,36
195;0,55;5,71;282;false;true;true;6,98;0;4,62
196;0,55;5,74;282;false;true;true;7,25;0;4,95
197;0,55;5,92;282;false;true;true;7,59;0;5,41
198;0,56;6,13;281;false;true;true;7,64;0;5,12
199;0,56;6,3;280;false;true;true;7,58;0;4,9
200;0,56;6,16;279;false;true;true;7,41;0;4,63
201;0,56;6,17;278;false;true;true;6,88;0;4,3
202;0,56;6,24;278;false;true;true;6,83;0;4,77
203;0,56;6,05;277;false;true;true;6,98;0;4,69
204;0,56;6,22;277;false;true;true;7,08;0;5,23
205;0,56;6,09;276;false;true;true;7,44;0;5,22
206;0,57;5,79;275;false;true;true;7,1;0;4,63
207;0,57;5,89;274;false;true;true;6,93;0;4,25
208;0,57;5,92;274;false;true;true;7,05;0;4,7
209;0,57;6,3;273;false;true;true;7,01;0;4,73
210;0,57;5,34;271;false;true;true;6,46;0;3,23
211;0,57;5,13;271;false;true;true;6,31;0;3,35
212;0,58;5,01;271;false;true;true;6,25;0;3,49
213;0,58;4,94;271;false;true;true;6,27;0;3,64
214;0,58;4,91;271;false;true;true;6,39;0;3,82
215;0,58;4,94;271;false;true;true;6,58;0;4,05
216;0,58;5,08;271;false;true;true;6,78;0;4,39
217;0,58;5,1;270;false;true;true;6,67;0;3,86
218;0,58;5,1;270;false;true;true;6,71;0;4,14
219;0,58;5,29;270;false;true;true;6,83;0;4,57
220;0,59;5,3;268;false;true;true;6,48;0;3,49
221;0,59;5,25;268;false;true;true;6,35;0;3,82
222;0,59;4,88;267;false;true;true;5,94;0;3,12
223;0,59;4,69;267;false;true;true;5,77;0;3,22
224;0,59;4,56;267;false;true;true;5,72;0;3,32
225;0,59;4,46;267;false;true;true;5,78;0;3,42
226;0,59;4,38;267;false;true;true;5,89;0;3,54
227;0,59;4,33;267;false;true;true;6,02;0;3,66
228;0,6;4,31;267;false;true;true;6,16;0;3,81
229;0,6;4,33;267;false;true;true;6,29;0;4
230;0,6;4,45;267;false;true;true;6,45;0;4,29
231;0,6;4,33;266;false;true;true;6,36;0;3,77
232;0,6;4,25;266;false;true;true;6,33;0;3,92
233;0,6;4,24;266;false;true;true;6,36;0;4,11
234;0,6;4,31;266;false;true;true;6,44;0;4,37
235;0,6;4,53;266;false;true;true;6,61;0;4,79
236;0,61;4,49;264;false;true;true;6,23;0;3,51
237;0,61;4,28;264;false;true;true;6,07;0;3,62
238;0,61;4,14;264;false;true;true;5,98;0;3,74
239;0,61;4,05;264;false;true;true;5,94;0;3,87
240;0,61;4,01;264;false;true;true;6,03;0;4,02
241;0,61;4,01;264;false;true;true;6,19;0;4,21
242;0,61;4,07;264;false;true;true;6,37;0;4,44
243;0,61;4,24;264;false;true;true;6,57;0;4,81
244;0,61;4,42;263;false;true;true;6,44;0;4,38
245;0,62;4,17;262;false;true;true;6,08;0;3,72
246;0,62;4,03;262;false;true;true;5,98;0;3,86
247;0,62;3,97;262;false;true;true;5,96;0;4,03
248;0,62;3,99;262;false;true;true;6,05;0;4,26
249;0,62;4,21;261;false;true;true;5,87;0;3,67
250;0,62;4,11;261;false;true;true;5,87;0;3,88
251;0,62;4,01;260;false;true;true;5,64;0;3,35
252;0,62;3,84;260;false;true;true;5,57;0;3,44
253;0,62;3,73;260;false;true;true;5,59;0;3,54
254;0,62;3,67;260;false;true;true;5,64;0;3,65
255;0,63;3,64;260;false;true;true;5,73;0;3,78
256;0,63;3,67;260;false;true;true;5,86;0;3,95
257;0,63;3,8;259;false;true;true;5,78;0;3,42
258;0,63;3,65;259;false;true;true;5,71;0;3,5
259;0,63;3,55;259;false;true;true;5,69;0;3,59
260;0,63;3,49;259;false;true;true;5,69;0;3,68
261;0,63;3,44;259;false;true;true;5,76;0;3,78
262;0,63;3,43;259;false;true;true;5,87;0;3,89
263;0,64;3,44;259;false;true;true;5,98;0;4,03
264;0,64;3,5;259;false;true;true;6,11;0;4,21
265;0,64;3,62;259;false;true;true;6,26;0;4,47
266;0,64;3,95;258;false;true;true;6,02;0;3,99
267;0,64;3,78;257;false;true;true;5,68;0;3,39
268;0,64;3,66;257;false;true;true;5,57;0;3,51
269;0,64;3,63;257;false;true;true;5,56;0;3,67
270;0,65;3,72;257;false;true;true;5,64;0;3,93
271;0,65;3,59;256;false;true;true;5,32;0;3,15
272;0,65;3,44;256;false;true;true;5,28;0;3,21
273;0,65;3,34;256;false;true;true;5,28;0;3,27
274;0,65;3,27;256;false;true;true;5,29;0;3,34
275;0,65;3,21;256;false;true;true;5,36;0;3,4
276;0,65;3,17;256;false;true;true;5,44;0;3,47
277;0,65;3,15;256;false;true;true;5,52;0;3,55
278;0,66;3,14;256;false;true;true;5,6;0;3,64
279;0,66;3,15;256;false;true;true;5,68;0;3,75
280;0,66;3,2;256;false;true;true;5,77;0;3,91
281;0,66;3,34;256;false;true;true;5,9;0;4,15
282;0,66;3,37;255;false;true;true;5,65;0;3,48
283;0,66;3,31;255;false;true;true;5,6;0;3,6
284;0,66;3,34;255;false;true;true;5,59;0;3,79
285;0,67;3,27;254;false;true;true;5,29;0;3,16
286;0,67;3,14;254;false;true;true;5,23;0;3,21
287;0,67;3,05;254;false;true;true;5,2;0;3,25
288;0,67;2,98;254;false;true;true;5,19;0;3,3
289;0,67;2,92;254;false;true;true;5,23;0;3,34
290;0,67;2,87;254;false;true;true;5,29;0;3,39
291;0,67;2,83;254;false;true;true;5,34;0;3,43
292;0,68;2,8;254;false;true;true;5,4;0;3,48
293;0,68;2,77;254;false;true;true;5,44;0;3,53
294;0,68;2,74;254;false;true;true;5,48;0;3,58
295;0,68;2,73;254;false;true;true;5,53;0;3,64
296;0,68;2,72;254;false;true;true;5,58;0;3,71
297;0,68;2,73;254;false;true;true;5,63;0;3,78
298;0,68;2,74;254;false;true;true;5,69;0;3,88
299;0,68;2,8;254;false;true;true;5,77;0;4,01
300;0,68;2,93;254;false;true;true;5,87;0;4,23
301;0,69;2,95;253;false;true;true;5,56;0;3,51
302;0,69;2,84;253;false;true;true;5,48;0;3,57
303;0,69;2,79;253;false;true;true;5,44;0;3,63
304;0,69;2,77;253;false;true;true;5,45;0;3,71
305;0,69;2,77;253;false;true;true;5,5;0;3,8
306;0,69;2,8;253;false;true;true;5,59;0;3,92
307;0,7;2,9;253;false;true;true;5,69;0;4,12
308;0,7;2,9;252;false;true;true;5,4;0;3,46
309;0,7;2,81;252;false;true;true;5,34;0;3,52
310;0,7;2,75;252;false;true;true;5,31;0;3,58
311;0,7;2,71;252;false;true;true;5,31;0;3,64
312;0,7;2,7;252;false;true;true;5,38;0;3,72
313;0,71;2,7;252;false;true;true;5,45;0;3,81
314;0,71;2,74;252;false;true;true;5,55;0;3,93
315;0,71;2,85;252;false;true;true;5,65;0;4,14
316;0,71;2,87;251;false;true;true;5,32;0;3,38
317;0,71;2,76;251;false;true;true;5,25;0;3,43
318;0,71;2,68;251;false;true;true;5,2;0;3,47
319;0,71;2,63;251;false;true;true;5,21;0;3,52
320;0,71;2,58;251;false;true;true;5,27;0;3,56
321;0,71;2,54;251;false;true;true;5,32;0;3,61
322;0,71;2,52;251;false;true;true;5,37;0;3,66
323;0,72;2,51;251;false;true;true;5,42;0;3,72
324;0,72;2,5;251;false;true;true;5,48;0;3,79
325;0,72;2,51;251;false;true;true;5,53;0;3,88
326;0,72;2,55;251;false;true;true;5,6;0;3,99
327;0,72;2,65;251;false;true;true;5,69;0;4,16
328;0,72;2,68;250;false;true;true;5,43;0;3,55
329;0,72;2,59;250;false;true;true;5,36;0;3,6
330;0,73;2,54;250;false;true;true;5,32;0;3,65
331;0,73;2,5;250;false;true;true;5,3;0;3,71
332;0,73;2,48;250;false;true;true;5,33;0;3,77
333;0,73;2,47;250;false;true;true;5,4;0;3,84
334;0,73;2,49;250;false;true;true;5,48;0;3,93
335;0,73;2,53;250;false;true;true;5,56;0;4,05
336;0,73;2,63;250;false;true;true;5,66;0;4,23
337;0,73;2,72;249;false;true;true;5,38;0;3,55
338;0,74;2,61;249;false;true;true;5,27;0;3,61
339;0,74;2,56;249;false;true;true;5,23;0;3,67
340;0,74;2,54;249;false;true;true;5,25;0;3,75
341;0,74;2,53;249;false;true;true;5,31;0;3,84
342;0,74;2,57;249;false;true;true;5,41;0;3,96
343;0,75;2,86;248;false;true;true;5,11;0;3,29
344;0,75;2,71;248;false;true;true;5,01;0;3,35
345;0,75;2,61;248;false;true;true;4,97;0;3,41
346;0,75;2,56;248;false;true;true;4,99;0;3,48
347;0,75;2,54;248;false;true;true;5,08;0;3,56
348;0,75;2,57;248;false;true;true;5,16;0;3,69
349;0,75;2,7;248;false;true;true;5,26;0;3,92
350;0,75;2,55;247;false;true;true;4,92;0;3,15
351;0,76;2,46;247;false;true;true;4,85;0;3,18
352;0,8;2,38;247;false;true;true;4,81;0;3,21
353;0,8;2,32;247;false;true;true;4,77;0;3,23
354;0,8;2,27;247;false;true;true;4,79;0;3,26
355;0,8;2,23;247;false;true;true;4,83;0;3,29
356;0,81;2,19;247;false;true;true;4,86;0;3,31
357;0,81;2,15;247;false;true;true;4,88;0;3,34
358;0,81;2,12;247;false;true;true;4,9;0;3,36
359;0,81;2,09;247;false;true;true;4,92;0;3,39
360;0,81;2,06;247;false;true;true;4,94;0;3,41
361;0,81;2,04;247;false;true;true;4,96;0;3,44
362;0,82;2,01;247;false;true;true;4,97;0;3,46
363;0,82;1,99;247;false;true;true;4,99;0;3,49
364;0,82;1,98;247;false;true;true;5,01;0;3,52
365;0,82;1,96;247;false;true;true;5,02;0;3,55
366;0,82;1,94;247;false;true;true;5,04;0;3,58
367;0,82;1,93;247;false;true;true;5,06;0;3,62
368;0,82;1,92;247;false;true;true;5,08;0;3,65
369;0,82;1,92;247;false;true;true;5,11;0;3,69
370;0,83;1,91;247;false;true;true;5,13;0;3,74
371;0,83;1,91;247;false;true;true;5,16;0;3,78
372;0,83;1,92;247;false;true;true;5,2;0;3,84
373;0,83;1,93;247;false;true;true;5,23;0;3,9
374;0,83;1,96;247;false;true;true;5,28;0;3,98
375;0,83;2;247;false;true;true;5,34;0;4,08
376;0,83;2,09;247;false;true;true;5,42;0;4,22
377;0,83;2,25;247;false;true;true;5,52;0;4,46
378;0,83;2,21;246;false;true;true;5,16;0;3,72
379;0,84;2,17;246;false;true;true;5,11;0;3,81
380;0,84;2,19;246;false;true;true;5,11;0;3,93
381;0,84;2,29;246;false;true;true;5,16;0;4,12
382;0,84;2,57;245;false;true;true;4,79;0;3,25
383;0,84;2,48;245;false;true;true;4,69;0;3,36
384;0,84;2,51;245;false;true;true;4,65;0;3,54
385;0,84;2,72;245;false;true;true;4,72;0;3,9
386;0,84;2,61;244;false;true;true;4,81;0;3,73
387;0,84;2,73;244;false;true;true;4,75;0;4,03
388;0,85;2,33;243;false;true;true;4,88;0;3,59
389;0,85;2,29;243;false;true;true;4,84;0;3,69
390;0,85;2,29;243;false;true;true;4,84;0;3,81
391;0,85;2,35;243;false;true;true;4,94;0;3,99
392;0,85;2,64;242;false;true;true;4,59;0;3,32
393;0,85;2,47;242;false;true;true;4,53;0;3,4
394;0,85;2,38;242;false;true;true;4,53;0;3,49
395;0,85;2,35;242;false;true;true;4,64;0;3,61
396;0,85;2,4;242;false;true;true;4,77;0;3,78
397;0,85;2,36;241;false;true;true;4,68;0;3,27
398;0,86;2,26;241;false;true;true;4,61;0;3,32
399;0,86;2,2;241;false;true;true;4,56;0;3,37
400;0,86;2,15;241;false;true;true;4,57;0;3,43
401;0,86;2,11;241;false;true;true;4,62;0;3,48
402;0,86;2,08;241;false;true;true;4,67;0;3,53
403;0,86;2,06;241;false;true;true;4,73;0;3,59
404;0,86;2,05;241;false;true;true;4,8;0;3,66
405;0,86;2,05;241;false;true;true;4,87;0;3,74
406;0,86;2,08;241;false;true;true;4,95;0;3,84
407;0,87;2,14;241;false;true;true;5,04;0;3,98
408;0,87;2,29;241;false;true;true;5,15;0;4,22
409;0,87;2,18;240;false;true;true;4,94;0;3,57
410;0,87;2,12;240;false;true;true;4,87;0;3,64
411;0,87;2,08;240;false;true;true;4,84;0;3,71
412;0,87;2,07;240;false;true;true;4,85;0;3,79
413;0,87;2,08;240;false;true;true;4,92;0;3,88
414;0,88;2,12;240;false;true;true;5;0;4,01
415;0,88;2,22;240;false;true;true;5,12;0;4,19
416;0,88;2,37;239;false;true;true;4,73;0;3,47
417;0,88;2,29;239;false;true;true;4,69;0;3,55
418;0,88;2,24;239;false;true;true;4,68;0;3,63
419;0,88;2,23;239;false;true;true;4,78;0;3,73
420;0,88;2,25;239;false;true;true;4,89;0;3,86
421;0,88;2,35;239;false;true;true;5,02;0;4,05
422;0,89;2,32;238;false;true;true;4,85;0;3,49
423;0,89;2,25;238;false;true;true;4,8;0;3,57
424;0,89;2,22;238;false;true;true;4,79;0;3,65
425;0,89;2,21;238;false;true;true;4,8;0;3,74
426;0,89;2,24;238;false;true;true;4,89;0;3,86
427;0,89;2,32;238;false;true;true;5;0;4,05
428;0,89;2,5;237;false;true;true;4,52;0;3,35
429;0,89;2,37;237;false;true;true;4,5;0;3,43
430;0,89;2,3;237;false;true;true;4,52;0;3,5
431;0,89;2,25;237;false;true;true;4,63;0;3,59
432;0,9;2,23;237;false;true;true;4,75;0;3,67
433;0,9;2,23;237;false;true;true;4,86;0;3,77
434;0,9;2,25;237;false;true;true;4,97;0;3,89
435;0,9;2,32;237;false;true;true;5,09;0;4,05
436;0,9;2,47;237;false;true;true;5,23;0;4,31
437;0,9;2,4;236;false;true;true;5,01;0;3,69
438;0,9;2,36;236;false;true;true;4,99;0;3,8
439;0,9;2,37;236;false;true;true;5,01;0;3,93
440;0,91;2,42;236;false;true;true;5,06;0;4,1
441;0,91;2,57;236;false;true;true;5,21;0;4,37
442;0,91;2,67;235;false;true;true;4,84;0;3,72
443;0,91;2,77;234;false;true;true;4,66;0;3,11
444;0,91;2,56;234;false;true;true;4,48;0;3,16
445;0,91;2,42;234;false;true;true;4,41;0;3,21
446;0,91;2,33;234;false;true;true;4,41;0;3,26
447;0,92;2,27;234;false;true;true;4,47;0;3,31
448;0,92;2,23;234;false;true;true;4,56;0;3,37
449;0,92;2,2;234;false;true;true;4,64;0;3,44
450;0,92;2,2;234;false;true;true;4,71;0;3,52
451;0,92;2,21;234;false;true;true;4,79;0;3,62
452;0,92;2,27;234;false;true;true;4,88;0;3,77
453;0,92;2,41;234;false;true;true;5;0;4,02
454;0,92;2,3;233;false;true;true;4,7;0;3,3
455;0,93;2,22;233;false;true;true;4,64;0;3,37
456;0,93;2,19;233;false;true;true;4,62;0;3,45
457;0,93;2,19;233;false;true;true;4,63;0;3,55
458;0,93;2,24;233;false;true;true;4,72;0;3,69
459;0,93;2,42;232;false;true;true;4,45;0;3,04
460;0,93;2,29;232;false;true;true;4,37;0;3,08
461;0,93;2,2;232;false;true;true;4,32;0;3,12
462;0,93;2,12;232;false;true;true;4,34;0;3,16
463;0,93;2,07;232;false;true;true;4,4;0;3,2
464;0,94;2,02;232;false;true;true;4,46;0;3,24
465;0,94;1,99;232;false;true;true;4,51;0;3,28
466;0,94;1,96;232;false;true;true;4,55;0;3,32
467;0,94;1,94;232;false;true;true;4,6;0;3,37
468;0,94;1,92;232;false;true;true;4,64;0;3,42
469;0,94;1,91;232;false;true;true;4,68;0;3,47
470;0,94;1,91;232;false;true;true;4,72;0;3,53
471;0,94;1,92;232;false;true;true;4,77;0;3,6
472;0,94;1,94;232;false;true;true;4,83;0;3,69
473;0,95;1,99;232;false;true;true;4,9;0;3,81
474;0,95;2,11;232;false;true;true;4,99;0;4,01
475;0,95;2,11;231;false;true;true;4,68;0;3,35
476;0,95;2,04;231;false;true;true;4,61;0;3,4
477;0,95;2;231;false;true;true;4,58;0;3,47
478;0,95;1,98;231;false;true;true;4,57;0;3,54
479;0,95;1,98;231;false;true;true;4,64;0;3,62
480;0,96;2,01;231;false;true;true;4,73;0;3,74
481;0,96;2,12;231;false;true;true;4,84;0;3,93
482;0,96;2,23;230;false;true;true;4,55;0;3,2
483;0,96;2,09;230;false;true;true;4,45;0;3,24
484;0,96;2;230;false;true;true;4,39;0;3,28
485;0,96;1,95;230;false;true;true;4,4;0;3,33
486;0,96;1,91;230;false;true;true;4,45;0;3,37
487;0,96;1,89;230;false;true;true;4,52;0;3,42
488;0,96;1,87;230;false;true;true;4,57;0;3,48
489;0,96;1,86;230;false;true;true;4,62;0;3,54
490;0,97;1,87;230;false;true;true;4,68;0;3,62
491;0,97;1,89;230;false;true;true;4,74;0;3,71
492;0,97;1,95;230;false;true;true;4,82;0;3,83
493;0,97;2,05;230;false;true;true;4,92;0;4,02
494;0,97;2,1;229;false;true;true;4,67;0;3,44
495;0,98;2,07;229;false;true;true;4,63;0;3,55
496;0,98;2,1;229;false;true;true;4,63;0;3,7
497;0,98;2,22;228;false;true;true;4,25;0;3
498;0,98;2,08;228;false;true;true;4,15;0;3,03
499;0,98;1,98;228;false;true;true;4,11;0;3,06
500;0,98;1,91;228;false;true;true;4,12;0;3,09
501;0,99;1,85;228;false;true;true;4,17;0;3,12
502;0,99;1,8;228;false;true;true;4,22;0;3,15
503;0,99;1,77;228;false;true;true;4,27;0;3,18
504;0,99;1,73;228;false;true;true;4,3;0;3,2
505;0,99;1,7;228;false;true;true;4,33;0;3,23
506;0,99;1,67;228;false;true;true;4,35;0;3,26
507;0,99;1,65;228;false;true;true;4,38;0;3,29
508;0,99;1,63;228;false;true;true;4,41;0;3,33
509;1;1,61;228;false;true;true;4,43;0;3,36
510;1;1,6;228;false;true;true;4,45;0;3,4
511;1;1,59;228;false;true;true;4,49;0;3,44
512;1;1,59;228;false;true;true;4,52;0;3,49
513;1;1,6;228;false;true;true;4,55;0;3,54
514;1;1,61;228;false;true;true;4,59;0;3,62
515;1;1,65;228;false;true;true;4,65;0;3,71
516;1;1,73;228;false;true;true;4,72;0;3,85
517;1;1,79;227;false;true;true;4,43;0;3,24
518;1,01;1,71;227;false;true;true;4,35;0;3,28
519;1,01;1,66;227;false;true;true;4,3;0;3,32
520;1,01;1,62;227;false;true;true;4,27;0;3,36
521;1,01;1,6;227;false;true;true;4,31;0;3,41
522;1,01;1,59;227;false;true;true;4,37;0;3,47
523;1,01;1,6;227;false;true;true;4,43;0;3,54
524;1,01;1,64;227;false;true;true;4,49;0;3,63
525;1,01;1,73;227;false;true;true;4,58;0;3,8
526;1,01;1,88;226;false;true;true;4,27;0;3,05
527;1,02;1,74;226;false;true;true;4,14;0;3,08
528;1,02;1,64;226;false;true;true;4,06;0;3,1
529;1,02;1,57;226;false;true;true;4,03;0;3,13
530;1,02;1,52;226;false;true;true;4,07;0;3,15
531;1,02;1,48;226;false;true;true;4,11;0;3,17
532;1,02;1,44;226;false;true;true;4,13;0;3,18
533;1,02;1,41;226;false;true;true;4,15;0;3,2
534;1,02;1,38;226;false;true;true;4,16;0;3,22
535;1,02;1,36;226;false;true;true;4,18;0;3,24
536;1,03;1,34;226;false;true;true;4,19;0;3,26
537;1,03;1,32;226;false;true;true;4,21;0;3,28
538;1,03;1,3;226;false;true;true;4,22;0;3,3
539;1,03;1,29;226;false;true;true;4,23;0;3,33
540;1,03;1,27;226;false;true;true;4,25;0;3,35
541;1,03;1,26;226;false;true;true;4,26;0;3,38
542;1,03;1,25;226;false;true;true;4,27;0;3,41
543;1,03;1,25;226;false;true;true;4,3;0;3,44
544;1,03;1,25;226;false;true;true;4,32;0;3,47
545;1,04;1,25;226;false;true;true;4,34;0;3,52
546;1,04;1,27;226;false;true;true;4,37;0;3,57
547;1,04;1,3;226;false;true;true;4,41;0;3,64
548;1,04;1,36;226;false;true;true;4,46;0;3,74
549;1,04;1,49;226;false;true;true;4,53;0;3,93
550;1,04;1,46;225;false;true;true;4,1;0;3,17
551;1,04;1,38;225;false;true;true;4,01;0;3,19
552;1,04;1,34;225;false;true;true;3,96;0;3,21
553;1,04;1,3;225;false;true;true;3,96;0;3,24
554;1,05;1,27;225;false;true;true;4;0;3,26
555;1,05;1,24;225;false;true;true;4,03;0;3,28
556;1,05;1,22;225;false;true;true;4,07;0;3,3
557;1,05;1,2;225;false;true;true;4,09;0;3,32
558;1,05;1,18;225;false;true;true;4,12;0;3,34
559;1,05;1,16;225;false;true;true;4,13;0;3,36
560;1,05;1,15;225;false;true;true;4,15;0;3,38
561;1,05;1,14;225;false;true;true;4,17;0;3,4
562;1,05;1,12;225;false;true;true;4,18;0;3,42
563;1,05;1,12;225;false;true;true;4,21;0;3,45
564;1,06;1,11;225;false;true;true;4,22;0;3,47
565;1,06;1,1;225;false;true;true;4,24;0;3,5
566;1,06;1,09;225;false;true;true;4,26;0;3,53
567;1,06;1,09;225;false;true;true;4,28;0;3,56
568;1,06;1,09;225;false;true;true;4,31;0;3,59
569;1,06;1,09;225;false;true;true;4,33;0;3,63
570;1,06;1,1;225;false;true;true;4,36;0;3,68
571;1,06;1,11;225;false;true;true;4,39;0;3,73
572;1,07;1,14;225;false;true;true;4,44;0;3,79
573;1,07;1,17;225;false;true;true;4,49;0;3,86
574;1,07;1,22;225;false;true;true;4,55;0;3,95
575;1,07;1,3;225;false;true;true;4,62;0;4,09
576;1,07;1,45;225;false;true;true;4,73;0;4,3
577;1,07;2,06;224;false;true;true;4,52;0;3,87
578;1,07;2,1;223;false;true;true;3,99;0;3,35
579;1,07;1,9;222;false;true;true;3,87;0;3,04
580;1,07;1,71;222;false;true;true;3,72;0;3,09
581;1,07;1,58;222;false;true;true;3,62;0;3,14
582;1,08;1,49;222;false;true;true;3,63;0;3,18
583;1,08;1,42;222;false;true;true;3,75;0;3,22
584;1,08;1,37;222;false;true;true;3,83;0;3,25
585;1,08;1,33;222;false;true;true;3,9;0;3,29
586;1,08;1,3;222;false;true;true;3,96;0;3,33
587;1,08;1,28;222;false;true;true;4,02;0;3,38
588;1,08;1,26;222;false;true;true;4,07;0;3,43
589;1,08;1,26;222;false;true;true;4,12;0;3,49
590;1,08;1,28;222;false;true;true;4,17;0;3,57
591;1,09;1,33;222;false;true;true;4,24;0;3,68
592;1,09;1,46;222;false;true;true;4,34;0;3,88
593;1,09;1,47;221;false;true;true;4,09;0;3,17
594;1,09;1,35;221;false;true;true;3,95;0;3,2
595;1,09;1,28;221;false;true;true;3,86;0;3,22
596;1,09;1,23;221;false;true;true;3,83;0;3,25
597;1,09;1,19;221;false;true;true;3,88;0;3,28
598;1,09;1,16;221;false;true;true;3,92;0;3,3
599;1,09;1,13;221;false;true;true;3,95;0;3,33
600;1,09;1,1;221;false;true;true;3,98;0;3,35
601;1,1;1,08;221;false;true;true;4,01;0;3,38
602;1,1;1,06;221;false;true;true;4,03;0;3,41
603;1,1;1,05;221;false;true;true;4,06;0;3,44
604;1,1;1,04;221;false;true;true;4,08;0;3,48
605;1,1;1,04;221;false;true;true;4,11;0;3,52
606;1,1;1,04;221;false;true;true;4,15;0;3,57
607;1,1;1,06;221;false;true;true;4,18;0;3,63
608;1,1;1,1;221;false;true;true;4,24;0;3,71
609;1,11;1,17;221;false;true;true;4,3;0;3,84
610;1,11;1,37;220;false;true;true;4,12;0;3,24
611;1,11;1,21;220;false;true;true;3,96;0;3,27
612;1,11;1,13;220;false;true;true;3,87;0;3,29
613;1,11;1,08;220;false;true;true;3,82;0;3,32
614;1,11;1,04;220;false;true;true;3,86;0;3,34
615;1,11;1,01;220;false;true;true;3,9;0;3,36
616;1,11;0,98;220;false;true;true;3,93;0;3,38
617;1,12;0,96;220;false;true;true;3,96;0;3,4
618;1,12;0,94;220;false;true;true;3,97;0;3,42
619;1,12;0,92;220;false;true;true;4;0;3,45
620;1,12;0,9;220;false;true;true;4,01;0;3,47
621;1,12;0,89;220;false;true;true;4,03;0;3,5
622;1,12;0,88;220;false;true;true;4,05;0;3,52
623;1,12;0,87;220;false;true;true;4,07;0;3,55
624;1,12;0,86;220;false;true;true;4,09;0;3,58
625;1,12;0,86;220;false;true;true;4,11;0;3,62
626;1,13;0,86;220;false;true;true;4,13;0;3,67
627;1,13;0,88;220;false;true;true;4,17;0;3,72
628;1,13;0,9;220;false;true;true;4,21;0;3,79
629;1,13;0,96;220;false;true;true;4,27;0;3,89
630;1,13;1,07;220;false;true;true;4,34;0;4,05
631;1,13;1,16;219;false;true;true;4,05;0;3,35
632;1,14;1,03;219;false;true;true;3,9;0;3,38
633;1,14;0,96;219;false;true;true;3,82;0;3,4
634;1,14;0,91;219;false;true;true;3,79;0;3,42
635;1,14;0,87;219;false;true;true;3,84;0;3,44
636;1,14;0,84;219;false;true;true;3,87;0;3,46
637;1,14;0,81;219;false;true;true;3,9;0;3,49
638;1,14;0,79;219;false;true;true;3,93;0;3,51
639;1,14;0,77;219;false;true;true;3,95;0;3,53
640;1,15;0,75;219;false;true;true;3,97;0;3,55
641;1,15;0,74;219;false;true;true;3,99;0;3,57
642;1,15;0,73;219;false;true;true;4;0;3,59
643;1,15;0,72;219;false;true;true;4,02;0;3,61
644;1,15;0,71;219;false;true;true;4,03;0;3,64
645;1,15;0,7;219;false;true;true;4,05;0;3,66
646;1,15;0,68;219;false;true;true;4,06;0;3,69
647;1,15;0,68;219;false;true;true;4,08;0;3,72
648;1,15;0,67;219;false;true;true;4,1;0;3,75
649;1,15;0,68;219;false;true;true;4,13;0;3,79
650;1,16;0,68;219;false;true;true;4,15;0;3,83
651;1,16;0,69;219;false;true;true;4,19;0;3,87
652;1,16;0,71;219;false;true;true;4,23;0;3,93
653;1,16;0,74;219;false;true;true;4,27;0;4,01
654;1,16;0,79;219;false;true;true;4,33;0;4,11
655;1,16;0,92;219;false;true;true;4,41;0;4,29
656;1,16;1,03;218;false;true;true;4,1;0;3,57
657;1,16;0,9;218;false;true;true;3,97;0;3,6
658;1,16;0,83;218;false;true;true;3,89;0;3,64
659;1,16;0,79;218;false;true;true;3,89;0;3,67
660;1,17;0,76;218;false;true;true;3,94;0;3,71
661;1,17;0,74;218;false;true;true;4;0;3,75
662;1,17;0,74;218;false;true;true;4,04;0;3,8
663;1,17;0,73;218;false;true;true;4,08;0;3,85
664;1,17;0,75;218;false;true;true;4,13;0;3,92
665;1,17;0,78;218;false;true;true;4,18;0;4,02
666;1,17;0,77;217;false;true;true;3,67;0;3,18
667;1,17;0,69;217;false;true;true;3,61;0;3,2
668;1,17;0,64;217;false;true;true;3,59;0;3,23
669;1,18;0,62;217;false;true;true;3,59;0;3,25
670;1,18;0,61;217;false;true;true;3,6;0;3,28
671;1,18;0,61;217;false;true;true;3,62;0;3,31
672;1,18;0,61;217;false;true;true;3,64;0;3,35
673;1,18;0,62;217;false;true;true;3,67;0;3,4
674;1,18;0,64;217;false;true;true;3,7;0;3,46
675;1,18;0,69;217;false;true;true;3,74;0;3,55
676;1,18;0,79;217;false;true;true;3,81;0;3,7
677;1,18;0,9;216;false;true;true;3,29;0;2,95
678;1,19;0,83;216;false;true;true;3,21;0;2,99
679;1,19;0,79;216;false;true;true;3,18;0;3,02
680;1,19;0,75;216;false;true;true;3,24;0;3,05
681;1,19;0,73;216;false;true;true;3,31;0;3,08
682;1,19;0,71;216;false;true;true;3,36;0;3,11
683;1,19;0,69;216;false;true;true;3,4;0;3,14
684;1,19;0,68;216;false;true;true;3,44;0;3,17
685;1,19;0,68;216;false;true;true;3,47;0;3,2
686;1,19;0,67;216;false;true;true;3,51;0;3,24
687;1,2;0,67;216;false;true;true;3,55;0;3,28
688;1,2;0,68;216;false;true;true;3,58;0;3,32
689;1,2;0,69;216;false;true;true;3,63;0;3,38
690;1,2;0,72;216;false;true;true;3,68;0;3,45
691;1,2;0,76;216;false;true;true;3,73;0;3,53
692;1,2;0,84;216;false;true;true;3,81;0;3,67
693;1,2;1,09;215;false;true;true;3,52;0;3
694;1,2;0,97;215;false;true;true;3,4;0;3,05
695;1,2;0,91;215;false;true;true;3,34;0;3,09
696;1,2;0,87;215;false;true;true;3,36;0;3,15
697;1,21;0,87;215;false;true;true;3,42;0;3,22
698;1,21;0,89;215;false;true;true;3,49;0;3,31
699;1,21;0,98;215;false;true;true;3,57;0;3,47
700;1,21;1;214;false;true;true;3,17;0;2,79
701;1,21;0,93;214;false;true;true;3,09;0;2,82
702;1,21;0,87;214;false;true;true;3,04;0;2,85
703;1,21;0,83;214;false;true;true;3,06;0;2,87
704;1,21;0,79;214;false;true;true;3,11;0;2,9
705;1,21;0,77;214;false;true;true;3,16;0;2,93
706;1,21;0,74;214;false;true;true;3,2;0;2,96
707;1,22;0,73;214;false;true;true;3,24;0;2,99
708;1,22;0,71;214;false;true;true;3,28;0;3,02
709;1,22;0,71;214;false;true;true;3,31;0;3,06
710;1,22;0,71;214;false;true;true;3,35;0;3,1
711;1,22;0,72;214;false;true;true;3,38;0;3,16
712;1,22;0,75;214;false;true;true;3,43;0;3,23
713;1,22;0,81;214;false;true;true;3,49;0;3,34
714;1,22;0,95;214;false;true;true;3,57;0;3,53
715;1,23;0,86;213;false;true;true;3,24;0;2,81
716;1,23;0,78;213;false;true;true;3,15;0;2,83
717;1,23;0,73;213;false;true;true;3,09;0;2,85
718;1,23;0,69;213;false;true;true;3,05;0;2,87
719;1,23;0,65;213;false;true;true;3,07;0;2,89
720;1,23;0,63;213;false;true;true;3,11;0;2,91
721;1,23;0,6;213;false;true;true;3,14;0;2,92
722;1,23;0,58;213;false;true;true;3,16;0;2,94
723;1,24;0,56;213;false;true;true;3,18;0;2,96
724;1,24;0,54;213;false;true;true;3,2;0;2,97
725;1,24;0,53;213;false;true;true;3,21;0;2,99
726;1,24;0,52;213;false;true;true;3,23;0;3,01
727;1,24;0,5;213;false;true;true;3,24;0;3,03
728;1,24;0,49;213;false;true;true;3,26;0;3,05
729;1,24;0,49;213;false;true;true;3,27;0;3,08
730;1,25;0,49;213;false;true;true;3,29;0;3,1
731;1,25;0,49;213;false;true;true;3,31;0;3,13
732;1,25;0,5;213;false;true;true;3,34;0;3,17
733;1,25;0,51;213;false;true;true;3,37;0;3,22
734;1,25;0,54;213;false;true;true;3,4;0;3,28
735;1,25;0,59;213;false;true;true;3,45;0;3,37
736;1,25;0,71;213;false;true;true;3,52;0;3,53
737;1,25;0,7;212;false;true;true;3,16;0;2,83
738;1,25;0,63;212;false;true;true;3,08;0;2,84
739;1,26;0,58;212;false;true;true;3,01;0;2,86
740;1,26;0,53;212;false;true;true;2,98;0;2,87
741;1,26;0,49;212;false;true;true;3;0;2,88
742;1,26;0,46;212;false;true;true;3,02;0;2,89
743;1,26;0,43;212;false;true;true;3,04;0;2,9
744;1,26;0,41;212;false;true;true;3,06;0;2,91
745;1,26;0,39;212;false;true;true;3,07;0;2,92
746;1,26;0,37;212;false;true;true;3,08;0;2,93
747;1,26;0,35;212;false;true;true;3,09;0;2,93
748;1,26;0,33;212;false;true;true;3,09;0;2,94
749;1,27;0,32;212;false;true;true;3,1;0;2,95
750;1,27;0,31;212;false;true;true;3,1;0;2,96
751;1,27;0,29;212;false;true;true;3,11;0;2,96
752;1,27;0,29;212;false;true;true;3,12;0;2,97
753;1,27;0,28;212;false;true;true;3,12;0;2,98
754;1,27;0,27;212;false;true;true;3,13;0;2,98
755;1,27;0,26;212;false;true;true;3,13;0;2,99
756;1,27;0,25;212;false;true;true;3,14;0;3
757;1,27;0,25;212;false;true;true;3,14;0;3
758;1,27;0,24;212;false;true;true;3,15;0;3,01
759;1,28;0,23;212;false;true;true;3,15;0;3,02
760;1,28;0,23;212;false;true;true;3,15;0;3,02
761;1,28;0,22;212;false;true;true;3,16;0;3,03
762;1,28;0,22;212;false;true;true;3,16;0;3,04
763;1,28;0,22;212;false;true;true;3,17;0;3,04
764;1,28;0,21;212;false;true;true;3,17;0;3,05
765;1,28;0,21;212;false;true;true;3,17;0;3,06
766;1,28;0,21;212;false;true;true;3,18;0;3,06
767;1,28;0,2;212;false;true;true;3,18;0;3,07
768;1,28;0,2;212;false;true;true;3,19;0;3,08
769;1,29;0,19;212;false;true;true;3,19;0;3,08
770;1,29;0,19;212;false;true;true;3,2;0;3,09
771;1,29;0,19;212;false;true;true;3,2;0;3,1
772;1,29;0,19;212;false;true;true;3,21;0;3,11
773;1,29;0,18;212;false;true;true;3,21;0;3,12
774;1,29;0,19;212;false;true;true;3,22;0;3,13
775;1,29;0,19;212;false;true;true;3,23;0;3,14
776;1,29;0,19;212;false;true;true;3,24;0;3,15
777;1,29;0,19;212;false;true;true;3,24;0;3,16
778;1,29;0,19;212;false;true;true;3,26;0;3,17
779;1,3;0,2;212;false;true;true;3,26;0;3,18
780;1,3;0,2;212;false;true;true;3,27;0;3,2
781;1,3;0,2;212;false;true;true;3,29;0;3,22
782;1,3;0,21;212;false;true;true;3,3;0;3,24
783;1,3;0,22;212;false;true;true;3,32;0;3,26
784;1,3;0,23;212;false;true;true;3,34;0;3,29
785;1,3;0,25;212;false;true;true;3,36;0;3,33
786;1,3;0,29;212;false;true;true;3,39;0;3,38
787;1,3;0,34;212;false;true;true;3,43;0;3,46
788;1,3;0,44;212;false;true;true;3,49;0;3,59
789;1,31;0,5;211;false;true;true;3,01;0;2,82
790;1,31;0,41;211;false;true;true;2,91;0;2,83
791;1,31;0,35;211;false;true;true;2,84;0;2,84
792;1,31;0,31;211;false;true;true;2,86;0;2,84
793;1,31;0,27;211;false;true;true;2,89;0;2,85
794;1,31;0,25;211;false;true;true;2,92;0;2,85
795;1,31;0,23;211;false;true;true;2,94;0;2,86
796;1,31;0,21;211;false;true;true;2,95;0;2,86
797;1,31;0,2;211;false;true;true;2,96;0;2,86
798;1,32;0,19;211;false;true;true;2,96;0;2,86
799;1,32;0,19;211;false;true;true;2,97;0;2,87
800;1,32;0,18;211;false;true;true;2,98;0;2,87
801;1,32;0,18;211;false;true;true;2,98;0;2,87
802;1,32;0,17;211;false;true;true;2,98;0;2,87
803;1,32;0,17;211;false;true;true;2,98;0;2,87
804;1,32;0,16;211;false;true;true;2,98;0;2,87
805;1,32;0,16;211;false;true;true;2,98;0;2,87
806;1,32;0,15;211;false;true;true;2,98;0;2,87
807;1,32;0,15;211;false;true;true;2,98;0;2,87
808;1,33;0,15;211;false;true;true;2,98;0;2,88
809;1,33;0,14;211;false;true;true;2,98;0;2,88
810;1,33;0,14;211;false;true;true;2,97;0;2,88
811;1,33;0,13;211;false;true;true;2,97;0;2,88
812;1,33;0,13;211;false;true;true;2,97;0;2,88
813;1,33;0,13;211;false;true;true;2,97;0;2,88
814;1,33;0,12;211;false;true;true;2,97;0;2,88
815;1,33;0,12;211;false;true;true;2,97;0;2,88
816;1,33;0,12;211;false;true;true;2,97;0;2,88
817;1,33;0,12;211;false;true;true;2,97;0;2,88
818;1,34;0,11;211;false;true;true;2,97;0;2,88
819;1,34;0,11;211;false;true;true;2,96;0;2,88
820;1,34;0,1;211;false;true;true;2,96;0;2,88
821;1,34;0,1;211;false;true;true;2,96;0;2,88
822;1,34;0,1;211;false;true;true;2,96;0;2,88
823;1,34;0,1;211;false;true;true;2,96;0;2,88
824;1,34;0,1;211;false;true;true;2,96;0;2,88
825;1,34;0,1;211;false;true;true;2,96;0;2,88
826;1,34;0,09;211;false;true;true;2,96;0;2,89
827;1,35;0,09;211;false;true;true;2,95;0;2,89
828;1,35;0,09;211;false;true;true;2,95;0;2,89
829;1,35;0,09;211;false;true;true;2,95;0;2,89
830;1,35;0,08;211;false;true;true;2,95;0;2,89
831;1,35;0,08;211;false;true;true;2,95;0;2,89
832;1,35;0,08;211;false;true;true;2,95;0;2,89
833;1,35;0,08;211;false;true;true;2,95;0;2,89
834;1,35;0,08;211;false;true;true;2,95;0;2,89
835;1,35;0,08;211;false;true;true;2,95;0;2,89
836;1,36;0,07;211;false;true;true;2,95;0;2,89
837;1,36;0,07;211;false;true;true;2,94;0;2,89
838;1,36;0,07;211;false;true;true;2,94;0;2,89
839;1,36;0,07;211;false;true;true;2,94;0;2,89
840;1,36;0,07;211;false;true;true;2,94;0;2,89
841;1,36;0,07;211;false;true;true;2,94;0;2,89
842;1,36;0,06;211;false;true;true;2,94;0;2,89
843;1,36;0,06;211;false;true;true;2,94;0;2,89
844;1,36;0,06;211;false;true;true;2,94;0;2,89
845;1,36;0,06;211;false;true;true;2,94;0;2,89
846;1,37;0,06;211;false;true;true;2,94;0;2,89
847;1,37;0,06;211;false;true;true;2,94;0;2,89
848;1,37;0,06;211;false;true;true;2,94;0;2,89
849;1,37;0,06;211;false;true;true;2,94;0;2,89
850;1,37;0,06;211;false;true;true;2,94;0;2,89
851;1,37;0,06;211;false;true;true;2,94;0;2,89
852;1,37;0,05;211;false;true;true;2,94;0;2,89
853;1,37;0,05;211;false;true;true;2,93;0;2,89
854;1,38;0,05;211;false;true;true;2,93;0;2,89
855;1,38;0,05;211;false;true;true;2,93;0;2,89
856;1,38;0,05;211;false;true;true;2,93;0;2,89
857;1,38;0,05;211;false;true;true;2,93;0;2,89
858;1,38;0,05;211;false;true;true;2,93;0;2,89
859;1,38;0,05;211;false;true;true;2,93;0;2,89
860;1,38;0,05;211;false;true;true;2,93;0;2,89
861;1,38;0,05;211;false;true;true;2,93;0;2,89
862;1,38;0,04;211;false;true;true;2,93;0;2,89
863;1,39;0,04;211;false;true;true;2,93;0;2,89
864;1,39;0,04;211;false;true;true;2,93;0;2,89
865;1,39;0,04;211;false;true;true;2,93;0;2,89
866;1,39;0,04;211;false;true;true;2,93;0;2,89
867;1,39;0,04;211;false;true;true;2,93;0;2,89
868;1,39;0,04;211;false;true;true;2,93;0;2,89
869;1,39;0,04;211;false;true;true;2,93;0;2,89
870;1,39;0,04;211;false;true;true;2,93;0;2,89
871;1,39;0,04;211;false;true;true;2,93;0;2,89
872;1,4;0,04;211;false;true;true;2,93;0;2,89
873;1,4;0,04;211;false;true;true;2,92;0;2,9
874;1,4;0,04;211;false;true;true;2,93;0;2,9
875;1,4;0,04;211;false;true;true;2,93;0;2,9
876;1,4;0,04;211;false;true;true;2,93;0;2,9
877;1,4;0,04;211;false;true;true;2,93;0;2,9
878;1,4;0,04;211;false;true;true;2,93;0;2,9
879;1,4;0,03;211;false;true;true;2,92;0;2,9
880;1,4;0,03;211;false;true;true;2,92;0;2,9
881;1,4;0,04;211;false;true;true;2,93;0;2,9
882;1,41;0,04;211;false;true;true;2,93;0;2,9
883;1,41;0,04;211;false;true;true;2,93;0;2,9
884;1,41;0,04;211;false;true;true;2,93;0;2,9
885;1,41;0,04;211;false;true;true;2,93;0;2,9
886;1,41;0,03;211;false;true;true;2,93;0;2,9
887;1,41;0,03;211;false;true;true;2,92;0;2,9
888;1,41;0,03;211;false;true;true;2,92;0;2,9
889;1,41;0,03;211;false;true;true;2,92;0;2,9
890;1,41;0,03;211;false;true;true;2,92;0;2,9
891;1,41;0,03;211;false;true;true;2,92;0;2,9
892;1,42;0,03;211;false;true;true;2,92;0;2,9
893;1,42;0,03;211;false;true;true;2,93;0;2,9
894;1,42;0,03;211;false;true;true;2,92;0;2,9
895;1,42;0,03;211;false;true;true;2,92;0;2,9
896;1,42;0,03;211;false;true;true;2,92;0;2,9
897;1,42;0,03;211;false;true;true;2,92;0;2,9
898;1,42;0,02;211;false;true;true;2,92;0;2,9
899;1,42;0,03;211;false;true;true;2,92;0;2,9
900;1,42;0,03;211;false;true;true;2,92;0;2,9
901;1,42;0,03;211;false;true;true;2,92;0;2,9
902;1,43;0,03;211;false;true;true;2,92;0;2,9
903;1,43;0,03;211;false;true;true;2,92;0;2,9
904;1,43;0,03;211;false;true;true;2,92;0;2,9
905;1,43;0,03;211;false;true;true;2,92;0;2,9
906;1,43;0,03;211;false;true;true;2,92;0;2,9
907;1,43;0,02;211;false;true;true;2,92;0;2,9
908;1,43;0,02;211;false;true;true;2,92;0;2,9
909;1,43;0,02;211;false;true;true;2,92;0;2,9
910;1,43;0,02;211;false;true;true;2,92;0;2,9
911;1,43;0,02;211;false;true;true;2,92;0;2,9
912;1,44;0,02;211;false;true;true;2,92;0;2,9
913;1,44;0,02;211;false;true;true;2,92;0;2,9
914;1,44;0,02;211;false;true;true;2,92;0;2,9
915;1,44;0,02;211;false;true;true;2,92;0;2,9
916;1,44;0,02;211;false;true;true;2,92;0;2,9
917;1,44;0,02;211;false;true;true;2,92;0;2,9
918;1,44;0,02;211;false;true;true;2,92;0;2,9
919;1,44;0,02;211;false;true;true;2,91;0;2,9
920;1,45;0,02;211;false;true;true;2,92;0;2,9
921;1,45;0,02;211;false;true;true;2,92;0;2,9
922;1,45;0,02;211;false;true;true;2,92;0;2,9
923;1,45;0,02;211;false;true;true;2,92;0;2,9
924;1,45;0,02;211;false;true;true;2,92;0;2,9
925;1,45;0,02;211;false;true;true;2,92;0;2,9
926;1,45;0,02;211;false;true;true;2,91;0;2,9
927;1,45;0,02;211;false;true;true;2,92;0;2,9
928;1,45;0,02;211;false;true;true;2,91;0;2,9
929;1,46;0,02;211;false;true;true;2,91;0;2,9
930;1,46;0,02;211;false;true;true;2,91;0;2,9
931;1,46;0,02;211;false;true;true;2,91;0;2,9
932;1,46;0,01;211;false;true;true;2,91;0;2,9
933;1,46;0,01;211;false;true;true;2,91;0;2,9
934;1,46;0,01;211;false;true;true;2,91;0;2,9
935;1,46;0,01;211;false;true;true;2,91;0;2,9
936;1,46;0,01;211;false;true;true;2,91;0;2,9
937;1,46;0,01;211;false;true;true;2,91;0;2,9
938;1,46;0,01;211;false;true;true;2,91;0;2,9
939;1,47;0,01;211;false;true;true;2,91;0;2,9
940;1,47;0,01;211;false;true;true;2,91;0;2,9
941;1,47;0,01;211;false;true;true;2,91;0;2,9
942;1,47;0,01;211;false;true;true;2,91;0;2,9
943;1,47;0,01;211;false;true;true;2,91;0;2,9
944;1,47;0,01;211;false;true;true;2,91;0;2,9
945;1,47;0,01;211;false;true;true;2,91;0;2,9
946;1,47;0,01;211;false;true;true;2,91;0;2,9
947;1,47;0,01;211;false;true;true;2,91;0;2,9
948;1,48;0,01;211;false;true;true;2,91;0;2,9
949;1,48;0,01;211;false;true;true;2,91;0;2,9
950;1,48;0,01;211;false;true;true;2,91;0;2,9
951;1,48;0,01;211;false;true;true;2,91;0;2,9
952;1,48;0,01;211;false;true;true;2,91;0;2,9
953;1,48;0,01;211;false;true;true;2,91;0;2,9
954;1,48;0,01;211;false;true;true;2,91;0;2,9
955;1,48;0,01;211;false;true;true;2,91;0;2,9
956;1,48;0,01;211;false;true;true;2,9;0;2,9
957;1,48;0,01;211;false;true;true;2,9;0;2,9
958;1,49;0,01;211;false;true;true;2,9;0;2,9
959;1,49;0;211;false;true;true;2,9;0;2,9
960;1,49;0;211;false;true;true;2,9;0;2,9
961;1,49;0;211;false;true;true;2,9;0;2,9
962;1,49;0;211;false;true;true;2,9;0;2,9
963;1,49;0;211;false;true;true;2,9;0;2,9
964;1,49;0;211;false;true;true;2,9;0;2,9
965;1,49;0;211;false;true;true;2,9;0;2,9
966;1,49;0;211;false;true;true;2,9;0;2,9
967;1,49;0;211;false;true;true;2,9;0;2,9
968;1,5;0;211;false;true;true;2,9;0;2,9
969;1,5;0;211;false;true;true;2,9;0;2,9
970;1,5;0;211;false;true;true;2,9;0;2,9
971;1,5;0;211;false;true;true;2,9;0;2,9
972;1,5;0;211;false;true;true;2,9;0;2,9
973;1,5;0;211;false;true;true;2,9;0;2,9
974;1,5;0;211;false;true;true;2,9;0;2,9
975;1,5;0;211;false;true;true;2,9;0;2,9
976;1,51;0;211;false;true;true;2,9;0;2,9
977;1,51;0;211;false;true;true;2,9;0;2,9
978;1,51;0;211;false;true;true;2,9;0;2,9
979;1,51;0;211;false;true;true;2,9;0;2,9
980;1,51;0;211;false;true;true;2,9;0;2,9
981;1,51;0;211;false;true;true;2,9;0;2,9
982;1,51;0;211;false;true;true;2,9;0;2,9
983;1,51;0;211;false;true;true;2,9;0;2,9
984;1,51;0;211;false;true;true;2,9;0;2,9
985;1,51;0;211;false;true;true;2,9;0;2,9
986;1,52;0;211;false;true;true;2,9;0;2,9
987;1,52;0;211;false;true;true;2,9;0;2,9
988;1,52;0;211;false;true;true;2,9;0;2,9
989;1,52;0;211;false;true;true;2,9;0;2,9
990;1,52;0;211;false;true;true;2,9;0;2,9
991;1,52;0;211;false;true;true;2,9;0;2,9
992;1,52;0;211;false;true;true;2,9;0;2,9
993;1,52;0;211;false;true;true;2,9;0;2,9
994;1,52;0;211;false;true;true;2,9;0;2,9
995;1,52;0;211;false;true;true;2,9;0;2,9
996;1,53;0;211;false;true;true;2,9;0;2,9
997;1,53;0;211;false;true;true;2,9;0;2,9
998;1,53;0;211;false;true;true;2,9;0;2,9
999;1,53;0;211;false;true;true;2,9;0;2,9
1000;1,53;0;211;false;true;true;2,9;0;2,9
1001;1,53;0;211;false;true;true;2,9;0;2,9
1002;1,53;0;211;false;true;true;2,9;0;2,9
1003;1,53;0;211;false;true;true;2,9;0;2,9
1004;1,53;0;211;false;true;true;2,9;0;2,9
1005;1,53;0;211;false;true;true;2,9;0;2,9
1006;1,54;0;211;false;true;true;2,9;0;2,9
1007;1,54;0;211;false;true;true;2,9;0;2,9
1008;1,54;0;211;false;true;true;2,9;0;2,9
1009;1,54;0;211;false;true;true;2,9;0;2,9
1010;1,54;0;211;false;true;true;2,9;0;2,9
1011;1,54;0;211;false;true;true;2,9;0;2,9
1012;1,54;0;211;false;true;true;2,9;0;2,9
1013;1,54;0;211;false;true;true;2,9;0;2,9
1014;1,54;0;211;false;true;true;2,9;0;2,9
1015;1,54;0;211;false;true;true;2,9;0;2,9
1016;1,55;0;211;false;true;true;2,9;0;2,9
1017;1,55;0;211;false;true;true;2,9;0;2,9
1018;1,55;0;211;false;true;true;2,9;0;2,9
1019;1,55;0;211;false;true;true;2,9;0;2,9
1020;1,55;0;211;false;true;true;2,9;0;2,9
1021;1,55;0;211;false;true;true;2,9;0;2,9
1022;1,55;0;211;false;true;true;2,9;0;2,9
1023;1,56;0;211;false;true;true;2,9;0;2,9
1024;1,56;0;211;false;true;true;2,9;0;2,9
1025;1,56;0;211;false;true;true;2,9;0;2,9
1026;1,56;0;211;false;true;true;2,9;0;2,9
1027;1,56;0;211;false;true;true;2,9;0;2,9
1028;1,56;0;211;false;true;true;2,9;0;2,9
1029;1,56;0;211;false;true;true;2,9;0;2,9
1030;1,56;0;211;false;true;true;2,9;0;2,9
1031;1,56;0;211;false;true;true;2,9;0;2,9
1032;1,57;0;211;false;true;true;2,9;0;2,9
1033;1,57;0;211;false;true;true;2,9;0;2,9
1034;1,57;0;211;false;true;true;2,9;0;2,9
1035;1,57;0;211;false;true;true;2,9;0;2,9
1036;1,57;0;211;false;true;true;2,9;0;2,9
1037;1,57;0;211;false;true;true;2,9;0;2,9
1038;1,57;0;211;false;true;true;2,9;0;2,9
1039;1,57;0;211;false;true;true;2,9;0;2,9
1040;1,57;0;211;false;true;true;2,9;0;2,9
1041;1,58;0;211;false;true;true;2,9;0;2,9
1042;1,58;0;211;false;true;true;2,9;0;2,9
1043;1,58;0;211;false;true;true;2,9;0;2,9
1044;1,58;0;211;false;true;true;2,9;0;2,9
1045;1,58;0;211;false;true;true;2,9;0;2,9
1046;1,58;0;211;false;true;true;2,9;0;2,9
1047;1,58;0;211;false;true;true;2,9;0;2,9
1048;1,59;0;211;false;true;true;2,9;0;2,9
1049;1,59;0;211;false;true;true;2,9;0;2,9
1050;1,59;0;211;false;true;true;2,9;0;2,9
1051;1,59;0;211;false;true;true;2,9;0;2,9
1052;1,59;0;211;false;true;true;2,9;0;2,9
1053;1,59;0;211;false;true;true;2,9;0;2,9
1054;1,59;0;211;false;true;true;2,9;0;2,9
1055;1,59;0;211;false;true;true;2,9;0;2,9
1056;1,59;0;211;false;true;true;2,9;0;2,9
1057;1,59;0;211;false;true;true;2,9;0;2,9
1058;1,6;0;211;false;true;true;2,9;0;2,9
1059;1,6;0;211;false;true;true;2,9;0;2,9
1060;1,6;0;211;false;true;true;2,9;0;2,9
1061;1,6;0;211;false;true;true;2,9;0;2,9
1062;1,6;0;211;false;true;true;2,9;0;2,9
1063;1,6;0;211;false;true;true;2,9;0;2,9
1064;1,6;0;211;false;true;true;2,9;0;2,9
1065;1,6;0;211;false;true;true;2,9;0;2,9
1066;1,6;0;211;false;true;true;2,9;0;2,9
1067;1,6;0;211;false;true;true;2,9;0;2,9
1068;1,61;0;211;false;true;true;2,9;0;2,9
1069;1,61;0;211;false;true;true;2,9;0;2,9
1070;1,61;0;211;false;true;true;2,9;0;2,9
1071;1,61;0;211;false;true;true;2,9;0;2,9
1072;1,61;0;211;false;true;true;2,9;0;2,9
1073;1,61;0;211;false;true;true;2,9;0;2,9
1074;1,61;0;211;false;true;true;2,9;0;2,9
1075;1,61;0;211;false;true;true;2,9;0;2,9
1076;1,61;0;211;false;true;true;2,9;0;2,9
1077;1,61;0;211;false;true;true;2,9;0;2,9
1078;1,62;0;211;false;true;true;2,9;0;2,9
1079;1,62;0;211;false;true;true;2,9;0;2,9
1080;1,62;0;211;false;true;true;2,9;0;2,9
1081;1,62;0;211;false;true;true;2,9;0;2,9
1082;1,62;0;211;false;true;true;2,9;0;2,9
1083;1,62;0;211;false;true;true;2,9;0;2,9
1084;1,62;0;211;false;true;true;2,9;0;2,9
1085;1,62;0;211;false;true;true;2,9;0;2,9
1086;1,62;0;211;false;true;true;2,9;0;2,9
1087;1,62;0;211;false;true;true;2,9;0;2,9
1088;1,63;0;211;false;true;true;2,9;0;2,9
1089;1,63;0;211;false;true;true;2,9;0;2,9
1090;1,63;0;211;false;true;true;2,9;0;2,9
1091;1,63;0;211;false;true;true;2,9;0;2,9
1092;1,63;0;211;false;true;true;2,9;0;2,9
1093;1,63;0;211;false;true;true;2,9;0;2,9
1094;1,63;0;211;false;true;true;2,9;0;2,9
1095;1,63;0;211;false;true;true;2,9;0;2,9
1096;1,63;0;211;false;true;true;2,9;0;2,9
1097;1,63;0;211;false;true;true;2,9;0;2,9
1098;1,64;0;211;false;true;true;2,9;0;2,9
1099;1,64;0;211;false;true;true;2,9;0;2,9
1100;1,64;0;211;false;true;true;2,9;0;2,9
1101;1,64;0;211;false;true;true;2,9;0;2,9
1102;1,64;0;211;false;true;true;2,9;0;2,9
1103;1,64;0;211;false;true;true;2,9;0;2,9
1104;1,64;0;211;false;true;true;2,9;0;2,9
1105;1,64;0;211;false;true;true;2,9;0;2,9
1106;1,65;0;211;false;true;true;2,9;0;2,9
1107;1,65;0;211;false;true;true;2,9;0;2,9
1108;1,65;0;211;false;true;true;2,9;0;2,9
1109;1,65;0;211;false;true;true;2,9;0;2,9
1110;1,65;0;211;false;true;true;2,9;0;2,9
1111;1,65;0;211;false;true;true;2,9;0;2,9
1112;1,65;0;211;false;true;true;2,9;0;2,9
1113;1,65;0;211;false;true;true;2,9;0;2,9
1114;1,66;0;211;false;true;true;2,9;0;2,9
1115;1,66;0;211;false;true;true;2,9;0;2,9
1116;1,66;0;211;false;true;true;2,9;0;2,9
1117;1,66;0;211;false;true;true;2,9;0;2,9
1118;1,66;0;211;false;true;true;2,9;0;2,9
1119;1,66;0;211;false;true;true;2,9;0;2,9
1120;1,66;0;211;false;true;true;2,9;0;2,9
1121;1,66;0;211;false;true;true;2,9;0;2,9
1122;1,66;0;211;false;true;true;2,9;0;2,9
1123;1,66;0;211;false;true;true;2,9;0;2,9
1124;1,67;0;211;false;true;true;2,9;0;2,9
1125;1,67;0;211;false;true;true;2,9;0;2,9
1126;1,67;0;211;false;true;true;2,9;0;2,9
1127;1,67;0;211;false;true;true;2,9;0;2,9
1128;1,67;0;211;false;true;true;2,9;0;2,9
1129;1,67;0;211;false;true;true;2,9;0;2,9
1130;1,67;0;211;false;true;true;2,9;0;2,9
1131;1,68;0;211;false;true;true;2,9;0;2,9
1132;1,68;0;211;false;true;true;2,9;0;2,9
1133;1,68;0;211;false;true;true;2,9;0;2,9
1134;1,68;0;211;false;true;true;2,9;0;2,9
1135;1,68;0;211;false;true;true;2,9;0;2,9
1136;1,68;0;211;false;true;true;2,9;0;2,9
1137;1,68;0;211;false;true;true;2,9;0;2,9
1138;1,69;0;211;false;true;true;2,9;0;2,9
1139;1,69;0;211;false;true;true;2,9;0;2,9
1140;1,69;0;211;false;true;true;2,9;0;2,9
1141;1,69;0;211;false;true;true;2,9;0;2,9
1142;1,69;0;211;false;true;true;2,9;0;2,9
1143;1,69;0;211;false;true;true;2,9;0;2,9
1144;1,69;0;211;false;true;true;2,9;0;2,9
1145;1,69;0;211;false;true;true;2,9;0;2,9
1146;1,7;0;211;false;true;true;2,9;0;2,9
1147;1,7;0;211;false;true;true;2,9;0;2,9
1148;1,7;0;211;false;true;true;2,9;0;2,9
1149;1,7;0;211;false;true;true;2,9;0;2,9
1150;1,7;0;211;false;true;true;2,9;0;2,9
1151;1,7;0;211;false;true;true;2,9;0;2,9
1152;1,7;0;211;false;true;true;2,9;0;2,9
1153;1,7;0;211;false;true;true;2,9;0;2,9
1154;1,7;0;211;false;true;true;2,9;0;2,9
1155;1,7;0;211;false;true;true;2,9;0;2,9
1156;1,71;0;211;false;true;true;2,9;0;2,9
1157;1,71;0;211;false;true;true;2,9;0;2,9
1158;1,71;0;211;false;true;true;2,9;0;2,9
1159;1,71;0;211;false;true;true;2,9;0;2,9
1160;1,71;0;211;false;true;true;2,9;0;2,9
1161;1,71;0;211;false;true;true;2,9;0;2,9
1162;1,71;0;211;false;true;true;2,9;0;2,9
1163;1,71;0;211;false;true;true;2,9;0;2,9
1164;1,71;0;211;false;true;true;2,9;0;2,9
1165;1,71;0;211;false;true;true;2,9;0;2,9
1166;1,72;0;211;false;true;true;2,9;0;2,9
1167;1,72;0;211;false;true;true;2,9;0;2,9
1168;1,72;0;211;false;true;true;2,9;0;2,9
1169;1,72;0;211;false;true;true;2,9;0;2,9
1170;1,72;0;211;false;true;true;2,9;0;2,9
1171;1,72;0;211;false;true;true;2,9;0;2,9
1172;1,72;0;211;false;true;true;2,9;0;2,9
1173;1,72;0;211;false;true;true;2,9;0;2,9
1174;1,72;0;211;false;true;true;2,9;0;2,9
1175;1,72;0;211;false;true;true;2,9;0;2,9
1176;1,73;0;211;false;true;true;2,9;0;2,9
1177;1,73;0;211;false;true;true;2,9;0;2,9
1178;1,73;0;211;false;true;true;2,9;0;2,9
1179;1,73;0;211;false;true;true;2,9;0;2,9
1180;1,73;0;211;false;true;true;2,9;0;2,9
1181;1,73;0;211;false;true;true;2,9;0;2,9
1182;1,73;0;211;false;true;true;2,9;0;2,9
1183;1,73;0;211;false;true;true;2,9;0;2,9
1184;1,73;0;211;false;true;true;2,9;0;2,9
1185;1,73;0;211;false;true;true;2,9;0;2,9
1186;1,74;0;211;false;true;true;2,9;0;2,9
1187;1,74;0;211;false;true;true;2,9;0;2,9
1188;1,74;0;211;false;true;true;2,9;0;2,9
1189;1,74;0;211;false;true;true;2,9;0;2,9
1190;1,74;0;211;false;true;true;2,9;0;2,9
1191;1,74;0;211;false;true;true;2,9;0;2,9
1192;1,74;0;211;false;true;true;2,9;0;2,9
1193;1,74;0;211;false;true;true;2,9;0;2,9
1194;1,74;0;211;false;true;true;2,9;0;2,9
1195;1,74;0;211;false;true;true;2,9;0;2,9
1196;1,75;0;211;false;true;true;2,9;0;2,9
1197;1,75;0;211;false;true;true;2,9;0;2,9
1198;1,75;0;211;false;true;true;2,9;0;2,9
1199;1,75;0;211;false;true;true;2,9;0;2,9
1200;1,75;0;211;false;true;true;2,9;0;2,9
1201;1,75;0;211;false;true;true;2,9;0;2,9
1202;1,75;0;211;false;true;true;2,9;0;2,9
1203;1,75;0;211;false;true;true;2,9;0;2,9
1204;1,75;0;211;false;true;true;2,9;0;2,9
1205;1,75;0;211;false;true;true;2,9;0;2,9
1206;1,75;0;211;false;true;true;2,9;0;2,9
1207;1,76;0;211;false;true;true;2,9;0;2,9
1208;1,76;0;211;false;true;true;2,9;0;2,9
1209;1,76;0;211;false;true;true;2,9;0;2,9
1210;1,76;0;211;false;true;true;2,9;0;2,9
1211;1,76;0;211;false;true;true;2,9;0;2,9
1212;1,76;0;211;false;true;true;2,9;0;2,9
1213;1,76;0;211;false;true;true;2,9;0;2,9
1214;1,76;0;211;false;true;true;2,9;0;2,9
1215;1,76;0;211;false;true;true;2,9;0;2,9
1216;1,77;0;211;false;true;true;2,9;0;2,9
1217;1,77;0;211;false;true;true;2,9;0;2,9
1218;1,77;0;211;false;true;true;2,9;0;2,9
1219;1,77;0;211;false;true;true;2,9;0;2,9
1220;1,77;0;211;false;true;true;2,9;0;2,9
1221;1,77;0;211;false;true;true;2,9;0;2,9
1222;1,77;0;211;false;true;true;2,9;0;2,9
1223;1,77;0;211;false;true;true;2,9;0;2,9
1224;1,77;0;211;false;true;true;2,9;0;2,9
1225;1,77;0;211;false;true;true;2,9;0;2,9
1226;1,78;0;211;false;true;true;2,9;0;2,9
1227;1,78;0;211;false;true;true;2,9;0;2,9
1228;1,78;0;211;false;true;true;2,9;0;2,9
1229;1,78;0;211;false;true;true;2,9;0;2,9
1230;1,78;0;211;false;true;true;2,9;0;2,9
1231;1,78;0;211;false;true;true;2,9;0;2,9
1232;1,78;0;211;false;true;true;2,9;0;2,9
1233;1,78;0;211;false;true;true;2,9;0;2,9
1234;1,79;0;211;false;true;true;2,9;0;2,9
1235;1,79;0;211;false;true;true;2,9;0;2,9
1236;1,79;0;211;false;true;true;2,9;0;2,9
1237;1,79;0;211;false;true;true;2,9;0;2,9
1238;1,79;0;211;false;true;true;2,9;0;2,9
1239;1,79;0;211;false;true;true;2,9;0;2,9
1240;1,79;0;211;false;true;true;2,9;0;2,9
1241;1,8;0;211;false;true;true;2,9;0;2,9
1242;1,8;0;211;false;true;true;2,9;0;2,9
1243;1,8;0;211;false;true;true;2,9;0;2,9
1244;1,8;0;211;false;true;true;2,9;0;2,9
1245;1,8;0;211;false;true;true;2,9;0;2,9
1246;1,8;0;211;false;true;true;2,9;0;2,9
1247;1,8;0;211;false;true;true;2,9;0;2,9
1248;1,81;0;211;false;true;true;2,9;0;2,9
1249;1,81;0;211;false;true;true;2,9;0;2,9
1250;1,81;0;211;false;true;true;2,9;0;2,9
1251;1,81;0;211;false;true;true;2,9;0;2,9
1252;1,81;0;211;false;true;true;2,9;0;2,9
1253;1,81;0;211;false;true;true;2,9;0;2,9
1254;1,81;0;211;false;true;true;2,9;0;2,9
1255;1,82;0;211;false;true;true;2,9;0;2,9
1256;1,82;0;211;false;true;true;2,9;0;2,9
1257;1,82;0;211;false;true;true;2,9;0;2,9
1258;1,82;0;211;false;true;true;2,9;0;2,9
1259;1,82;0;211;false;true;true;2,9;0;2,9
1260;1,82;0;211;false;true;true;2,9;0;2,9
1261;1,82;0;211;false;true;true;2,9;0;2,9
1262;1,82;0;211;false;true;true;2,9;0;2,9
1263;1,82;0;211;false;true;true;2,9;0;2,9
1264;1,83;0;211;false;true;true;2,9;0;2,9
1265;1,83;0;211;false;true;true;2,9;0;2,9
1266;1,83;0;211;false;true;true;2,9;0;2,9
1267;1,83;0;211;false;true;true;2,9;0;2,9
1268;1,83;0;211;false;true;true;2,9;0;2,9
1269;1,83;0;211;false;true;true;2,9;0;2,9
1270;1,83;0;211;false;true;true;2,9;0;2,9
1271;1,84;0;211;false;true;true;2,9;0;2,9
1272;1,84;0;211;false;true;true;2,9;0;2,9
1273;1,84;0;211;false;true;true;2,9;0;2,9
1274;1,84;0;211;false;true;true;2,9;0;2,9
1275;1,84;0;211;false;true;true;2,9;0;2,9
1276;1,84;0;211;false;true;true;2,9;0;2,9
1277;1,84;0;211;false;true;true;2,9;0;2,9
1278;1,84;0;211;false;true;true;2,9;0;2,9
1279;1,84;0;211;false;true;true;2,9;0;2,9
1280;1,84;0;211;false;true;true;2,9;0;2,9
1281;1,85;0;211;false;true;true;2,9;0;2,9
1282;1,85;0;211;false;true;true;2,9;0;2,9
1283;1,85;0;211;false;true;true;2,9;0;2,9
1284;1,85;0;211;false;true;true;2,9;0;2,9
1285;1,85;0;211;false;true;true;2,9;0;2,9
1286;1,85;0;211;false;true;true;2,9;0;2,9
1287;1,85;0;211;false;true;true;2,9;0;2,9
1288;1,85;0;211;false;true;true;2,9;0;2,9
1289;1,85;0;211;false;true;true;2,9;0;2,9
1290;1,85;0;211;false;true;true;2,9;0;2,9
1291;1,86;0;211;false;true;true;2,9;0;2,9
1292;1,86;0;211;false;true;true;2,9;0;2,9
1293;1,86;0;211;false;true;true;2,9;0;2,9
1294;1,86;0;211;false;true;true;2,9;0;2,9
1295;1,86;0;211;false;true;true;2,9;0;2,9
1296;1,86;0;211;false;true;true;2,9;0;2,9
1297;1,86;0;211;false;true;true;2,9;0;2,9
1298;1,86;0;211;false;true;true;2,9;0;2,9
1299;1,86;0;211;false;true;true;2,9;0;2,9
1300;1,86;0;211;false;true;true;2,9;0;2,9
1301;1,87;0;211;false;true;true;2,9;0;2,9
1302;1,87;0;211;false;true;true;2,9;0;2,9
1303;1,87;0;211;false;true;true;2,9;0;2,9
1304;1,87;0;211;false;true;true;2,9;0;2,9
1305;1,87;0;211;false;true;true;2,9;0;2,9
1306;1,87;0;211;false;true;true;2,9;0;2,9
1307;1,87;0;211;false;true;true;2,9;0;2,9
1308;1,87;0;211;false;true;true;2,9;0;2,9
1309;1,87;0;211;false;true;true;2,9;0;2,9
1310;1,87;0;211;false;true;true;2,9;0;2,9
1311;1,88;0;211;false;true;true;2,9;0;2,9
1312;1,88;0;211;false;true;true;2,9;0;2,9
1313;1,88;0;211;false;true;true;2,9;0;2,9
1314;1,88;0;211;false;true;true;2,9;0;2,9
1315;1,88;0;211;false;true;true;2,9;0;2,9
1316;1,88;0;211;false;true;true;2,9;0;2,9
1317;1,88;0;211;false;true;true;2,9;0;2,9
1318;1,88;0;211;false;true;true;2,9;0;2,9
1319;1,88;0;211;false;true;true;2,9;0;2,9
1320;1,88;0;211;false;true;true;2,9;0;2,9
1321;1,88;0;211;false;true;true;2,9;0;2,9
1322;1,89;0;211;false;true;true;2,9;0;2,9
1323;1,89;0;211;false;true;true;2,9;0;2,9
1324;1,89;0;211;false;true;true;2,9;0;2,9
1325;1,89;0;211;false;true;true;2,9;0;2,9
1326;1,89;0;211;false;true;true;2,9;0;2,9
1327;1,89;0;211;false;true;true;2,9;0;2,9
1328;1,89;0;211;false;true;true;2,9;0;2,9
1329;1,89;0;211;false;true;true;2,9;0;2,9
1330;1,89;0;211;false;true;true;2,9;0;2,9
1331;1,9;0;211;false;true;true;2,9;0;2,9
1332;1,9;0;211;false;true;true;2,9;0;2,9
1333;1,9;0;211;false;true;true;2,9;0;2,9
1334;1,9;0;211;false;true;true;2,9;0;2,9
1335;1,9;0;211;false;true;true;2,9;0;2,9
1336;1,9;0;211;false;true;true;2,9;0;2,9
1337;1,9;0;211;false;true;true;2,9;0;2,9
1338;1,9;0;211;false;true;true;2,9;0;2,9
1339;1,9;0;211;false;true;true;2,9;0;2,9
1340;1,9;0;211;false;true;true;2,9;0;2,9
1341;1,91;0;211;false;true;true;2,9;0;2,9
1342;1,91;0;211;false;true;true;2,9;0;2,9
1343;1,91;0;211;false;true;true;2,9;0;2,9
1344;1,91;0;211;false;true;true;2,9;0;2,9
1345;1,91;0;211;false;true;true;2,9;0;2,9
1346;1,91;0;211;false;true;true;2,9;0;2,9
1347;1,91;0;211;false;true;true;2,9;0;2,9
1348;1,91;0;211;false;true;true;2,9;0;2,9
1349;1,91;0;211;false;true;true;2,9;0;2,9
1350;1,91;0;211;false;true;true;2,9;0;2,9
1351;1,92;0;211;false;true;true;2,9;0;2,9
1352;1,92;0;211;false;true;true;2,9;0;2,9
1353;1,92;0;211;false;true;true;2,9;0;2,9
1354;1,92;0;211;false;true;true;2,9;0;2,9
1355;1,92;0;211;false;true;true;2,9;0;2,9
1356;1,92;0;211;false;true;true;2,9;0;2,9
1357;1,92;0;211;false;true;true;2,9;0;2,9
1358;1,92;0;211;false;true;true;2,9;0;2,9
1359;1,92;0;211;false;true;true;2,9;0;2,9
1360;1,93;0;211;false;true;true;2,9;0;2,9
1361;1,93;0;211;false;true;true;2,9;0;2,9
1362;1,93;0;211;false;true;true;2,9;0;2,9
1363;1,93;0;211;false;true;true;2,9;0;2,9
1364;1,93;0;211;false;true;true;2,9;0;2,9
1365;1,93;0;211;false;true;true;2,9;0;2,9
1366;1,93;0;211;false;true;true;2,9;0;2,9
1367;1,93;0;211;false;true;true;2,9;0;2,9
1368;1,93;0;211;false;true;true;2,9;0;2,9
1369;1,93;0;211;false;true;true;2,9;0;2,9
1370;1,94;0;211;false;true;true;2,9;0;2,9
1371;1,94;0;211;false;true;true;2,9;0;2,9
1372;1,94;0;211;false;true;true;2,9;0;2,9
1373;1,94;0;211;false;true;true;2,9;0;2,9
1374;1,94;0;211;false;true;true;2,9;0;2,9
1375;1,94;0;211;false;true;true;2,9;0;2,9
1376;1,94;0;211;false;true;true;2,9;0;2,9
1377;1,94;0;211;false;true;true;2,9;0;2,9
1378;1,94;0;211;false;true;true;2,9;0;2,9
1379;1,95;0;211;false;true;true;2,9;0;2,9
1380;1,95;0;211;false;true;true;2,9;0;2,9
1381;1,95;0;211;false;true;true;2,9;0;2,9
1382;1,95;0;211;false;true;true;2,9;0;2,9
1383;1,95;0;211;false;true;true;2,9;0;2,9
1384;1,95;0;211;false;true;true;2,9;0;2,9
1385;1,95;0;211;false;true;true;2,9;0;2,9
1386;1,95;0;211;false;true;true;2,9;0;2,9
1387;1,95;0;211;false;true;true;2,9;0;2,9
1388;1,95;0;211;false;true;true;2,9;0;2,9
1389;1,96;0;211;false;true;true;2,9;0;2,9
1390;1,96;0;211;false;true;true;2,9;0;2,9
1391;1,96;0;211;false;true;true;2,9;0;2,9
1392;1,96;0;211;false;true;true;2,9;0;2,9
1393;1,96;0;211;false;true;true;2,9;0;2,9
1394;1,96;0;211;false;true;true;2,9;0;2,9
1395;1,96;0;211;false;true;true;2,9;0;2,9
1396;1,96;0;211;false;true;true;2,9;0;2,9
1397;1,96;0;211;false;true;true;2,9;0;2,9
1398;1,97;0;211;false;true;true;2,9;0;2,9
1399;1,97;0;211;false;true;true;2,9;0;2,9
1400;1,97;0;211;false;true;true;2,9;0;2,9
1401;1,97;0;211;false;true;true;2,9;0;2,9
1402;1,97;0;211;false;true;true;2,9;0;2,9
1403;1,97;0;211;false;true;true;2,9;0;2,9
1404;1,97;0;211;false;true;true;2,9;0;2,9
1405;1,97;0;211;false;true;true;2,9;0;2,9
1406;1,97;0;211;false;true;true;2,9;0;2,9
1407;1,97;0;211;false;true;true;2,9;0;2,9
1408;1,98;0;211;false;true;true;2,9;0;2,9
1409;1,98;0;211;false;true;true;2,9;0;2,9
1410;1,98;0;211;false;true;true;2,9;0;2,9
1411;1,98;0;211;false;true;true;2,9;0;2,9
1412;1,98;0;211;false;true;true;2,9;0;2,9
1413;1,98;0;211;false;true;true;2,9;0;2,9
1414;1,98;0;211;false;true;true;2,9;0;2,9
1415;1,98;0;211;false;true;true;2,9;0;2,9
1416;1,98;0;211;false;true;true;2,9;0;2,9
1417;1,98;0;211;false;true;true;2,9;0;2,9
1418;1,99;0;211;false;true;true;2,9;0;2,9
1419;1,99;0;211;false;true;true;2,9;0;2,9
1420;1,99;0;211;false;true;true;2,9;0;2,9
1421;1,99;0;211;false;true;true;2,9;0;2,9
1422;1,99;0;211;false;true;true;2,9;0;2,9
1423;1,99;0;211;false;true;true;2,9;0;2,9
1424;1,99;0;211;false;true;true;2,9;0;2,9
1425;1,99;0;211;false;true;true;2,9;0;2,9
1426;2;0;211;false;true;true;2,9;0;2,9
1427;2;0;211;false;true;true;2,9;0;2,9
1428;2;0;211;false;true;true;2,9;0;2,9
1429;2;0;211;false;true;true;2,9;0;2,9
1430;2;0;211;false;true;true;2,9;0;2,9
1431;2;0;211;false;true;true;2,9;0;2,9
1432;2;0;211;false;true;true;2,9;0;2,9
1433;2;0;211;false;true;true;2,9;0;2,9
1434;2,01;0;211;false;true;true;2,9;0;2,9
1435;2,01;0;211;false;true;true;2,9;0;2,9
1436;2,01;0;211;false;true;true;2,9;0;2,9
1437;2,01;0;211;false;true;true;2,9;0;2,9
1438;2,01;0;211;false;true;true;2,9;0;2,9
1439;2,01;0;211;false;true;true;2,9;0;2,9
1440;2,01;0;211;false;true;true;2,9;0;2,9
1441;2,01;0;211;false;true;true;2,9;0;2,9
1442;2,01;0;211;false;true;true;2,9;0;2,9
1443;2,01;0;211;false;true;true;2,9;0;2,9
1444;2,02;0;211;false;true;true;2,9;0;2,9
1445;2,02;0;211;false;true;true;2,9;0;2,9
1446;2,02;0;211;false;true;true;2,9;0;2,9
1447;2,02;0;211;false;true;true;2,9;0;2,9
1448;2,02;0;211;false;true;true;2,9;0;2,9
1449;2,02;0;211;false;true;true;2,9;0;2,9
1450;2,02;0;211;false;true;true;2,9;0;2,9
1451;2,02;0;211;false;true;true;2,9;0;2,9
1452;2,02;0;211;false;true;true;2,9;0;2,9
1453;2,02;0;211;false;true;true;2,9;0;2,9
1454;2,03;0;211;false;true;true;2,9;0;2,9
1455;2,03;0;211;false;true;true;2,9;0;2,9
1456;2,03;0;211;false;true;true;2,9;0;2,9
1457;2,03;0;211;false;true;true;2,9;0;2,9
1458;2,03;0;211;false;true;true;2,9;0;2,9
1459;2,03;0;211;false;true;true;2,9;0;2,9
1460;2,03;0;211;false;true;true;2,9;0;2,9
1461;2,03;0;211;false;true;true;2,9;0;2,9
1462;2,03;0;211;false;true;true;2,9;0;2,9
1463;2,03;0;211;false;true;true;2,9;0;2,9
1464;2,04;0;211;false;true;true;2,9;0;2,9
1465;2,04;0;211;false;true;true;2,9;0;2,9
1466;2,04;0;211;false;true;true;2,9;0;2,9
1467;2,04;0;211;false;true;true;2,9;0;2,9
1468;2,04;0;211;false;true;true;2,9;0;2,9
1469;2,04;0;211;false;true;true;2,9;0;2,9
1470;2,04;0;211;false;true;true;2,9;0;2,9
1471;2,04;0;211;false;true;true;2,9;0;2,9
1472;2,04;0;211;false;true;true;2,9;0;2,9
1473;2,04;0;211;false;true;true;2,9;0;2,9
1474;2,05;0;211;false;true;true;2,9;0;2,9
1475;2,05;0;211;false;true;true;2,9;0;2,9
1476;2,05;0;211;false;true;true;2,9;0;2,9
1477;2,05;0;211;false;true;true;2,9;0;2,9
1478;2,05;0;211;false;true;true;2,9;0;2,9
1479;2,05;0;211;false;true;true;2,9;0;2,9
1480;2,05;0;211;false;true;true;2,9;0;2,9
1481;2,05;0;211;false;true;true;2,9;0;2,9
1482;2,05;0;211;false;true;true;2,9;0;2,9
1483;2,05;0;211;false;true;true;2,9;0;2,9
1484;2,06;0;211;false;true;true;2,9;0;2,9
1485;2,06;0;211;false;true;true;2,9;0;2,9
1486;2,06;0;211;false;true;true;2,9;0;2,9
1487;2,06;0;211;false;true;true;2,9;0;2,9
1488;2,06;0;211;false;true;true;2,9;0;2,9
1489;2,06;0;211;false;true;true;2,9;0;2,9
1490;2,06;0;211;false;true;true;2,9;0;2,9
1491;2,06;0;211;false;true;true;2,9;0;2,9
1492;2,06;0;211;false;true;true;2,9;0;2,9
1493;2,06;0;211;false;true;true;2,9;0;2,9
1494;2,07;0;211;false;true;true;2,9;0;2,9
1495;2,07;0;211;false;true;true;2,9;0;2,9
1496;2,07;0;211;false;true;true;2,9;0;2,9
1497;2,07;0;211;false;true;true;2,9;0;2,9
1498;2,07;0;211;false;true;true;2,9;0;2,9
1499;2,07;0;211;false;true;true;2,9;0;2,9
1500;2,08;0;211;false;true;true;2,9;0;2,9
1501;2,08;0;211;false;true;true;2,9;0;2,9
1502;2,08;0;211;false;true;true;2,9;0;2,9
1503;2,08;0;211;false;true;true;2,9;0;2,9
1504;2,08;0;211;false;true;true;2,9;0;2,9
1505;2,08;0;211;false;true;true;2,9;0;2,9
1506;2,08;0;211;false;true;true;2,9;0;2,9
1507;2,08;0;211;false;true;true;2,9;0;2,9
1508;2,08;0;211;false;true;true;2,9;0;2,9
1509;2,09;0;211;false;true;true;2,9;0;2,9
1510;2,09;0;211;false;true;true;2,9;0;2,9
1511;2,09;0;211;false;true;true;2,9;0;2,9
1512;2,09;0;211;false;true;true;2,9;0;2,9
1513;2,09;0;211;false;true;true;2,9;0;2,9
1514;2,09;0;211;false;true;true;2,9;0;2,9
1515;2,09;0;211;false;true;true;2,9;0;2,9
1516;2,09;0;211;false;true;true;2,9;0;2,9
1517;2,09;0;211;false;true;true;2,9;0;2,9
1518;2,1;0;211;false;true;true;2,9;0;2,9
1519;2,1;0;211;false;true;true;2,9;0;2,9
1520;2,1;0;211;false;true;true;2,9;0;2,9
1521;2,1;0;211;false;true;true;2,9;0;2,9
1522;2,1;0;211;false;true;true;2,9;0;2,9
1523;2,1;0;211;false;true;true;2,9;0;2,9
1524;2,1;0;211;false;true;true;2,9;0;2,9
1525;2,1;0;211;false;true;true;2,9;0;2,9
1526;2,1;0;211;false;true;true;2,9;0;2,9
1527;2,11;0;211;false;true;true;2,9;0;2,9
1528;2,11;0;211;false;true;true;2,9;0;2,9
1529;2,11;0;211;false;true;true;2,9;0;2,9
1530;2,11;88,37;211;true;true;true;0;78,17;0
1531;2,11;17,5;211;true;true;true;0;17,03;0
1532;2,12;16,11;211;true;true;true;0;15,78;0
1533;2,12;14,57;211;true;true;true;0;14,29;0
1534;2,13;13,28;211;true;true;true;0;13,02;0
1535;2,13;12,32;211;true;true;true;0;12,07;0
1536;2,13;11,58;211;true;true;true;0;11,35;0
1537;2,14;11,01;211;true;true;true;0;10,78;0
1538;2,14;10,53;211;true;true;true;0;10,31;0
1539;2,15;10,13;211;true;true;true;0;9,92;0
1540;2,15;9,8;211;true;true;true;0;9,59;0
1541;2,15;9,52;211;true;true;true;0;9,32;0
1542;2,16;9,29;211;true;true;true;0;9,09;0
1543;2,16;9,1;211;true;true;true;0;8,91;0
1544;2,17;8,93;211;true;true;true;0;8,74;0
1545;2,17;8,78;211;true;true;true;0;8,6;0
1546;2,18;8,66;211;true;true;true;0;8,47;0
1547;2,18;8,54;211;true;true;true;0;8,36;0
1548;2,18;8,44;211;true;true;true;0;8,26;0
1549;2,19;8,36;211;true;true;true;0;8,18;0
1550;2,19;8,29;211;true;true;true;0;8,11;0
1551;2,2;8,23;211;true;true;true;0;8,05;0
1552;2,2;8,17;211;true;true;true;0;7,99;0
1553;2,2;8,11;211;true;true;true;0;7,94;0
1554;2,21;8,07;211;true;true;true;0;7,89;0
1555;2,21;8,02;211;true;true;true;0;7,84;0
1556;2,22;7,98;211;true;true;true;0;7,81;0
1557;2,22;7,94;211;true;true;true;0;7,77;0
1558;2,23;7,91;211;true;true;true;0;7,74;0
1559;2,24;7,88;211;true;true;true;0;7,71;0
1560;2,24;7,85;211;true;true;true;0;7,68;0
1561;2,25;7,83;211;true;true;true;0;7,65;0
1562;2,25;7,81;211;true;true;true;0;7,63;0
1563;2,26;7,78;211;true;true;true;0;7,61;0
1564;2,26;7,76;211;true;true;true;0;7,59;0
1565;2,27;7,75;211;true;true;true;0;7,57;0
1566;2,27;7,73;211;true;true;true;0;7,55;0
1567;2,27;7,71;211;true;true;true;0;7,54;0
1568;2,28;7,7;211;true;true;true;0;7,52;0
1569;2,28;7,68;211;true;true;true;0;7,51;0
1570;2,29;7,67;211;true;true;true;0;7,5;0
1571;2,29;7,66;211;true;true;true;0;7,48;0
1572;2,29;7,65;211;true;true;true;0;7,47;0
1573;2,3;7,64;211;true;true;true;0;7,46;0
1574;2,3;7,62;211;true;true;true;0;7,45;0
1575;2,31;7,62;211;true;true;true;0;7,44;0
1576;2,31;7,61;211;true;true;true;0;7,43;0
1577;2,31;7,6;211;true;true;true;0;7,42;0
1578;2,32;7,59;211;true;true;true;0;7,42;0
1579;2,32;7,58;211;true;true;true;0;7,41;0
1580;2,33;7,57;211;true;true;true;0;7,4;0
1581;2,33;7,57;211;true;true;true;0;7,39;0
1582;2,34;7,56;211;true;true;true;0;7,39;0
1583;2,34;7,55;211;true;true;true;0;7,38;0
1584;2,34;7,55;211;true;true;true;0;7,37;0
1585;2,35;7,54;211;true;true;true;0;7,37;0
1586;2,35;7,53;211;true;true;true;0;7,36;0
1587;2,36;7,53;211;true;true;true;0;7,36;0
1588;2,36;7,52;211;true;true;true;0;7,35;0
1589;2,36;7,52;211;true;true;true;0;7,34;0
1590;2,37;7,51;211;true;true;true;0;7,34;0
1591;2,37;7,51;211;true;true;true;0;7,33;0
1592;2,38;7,5;211;true;true;true;0;7,33;0
1593;2,38;7,5;211;true;true;true;0;7,32;0
1594;2,38;7,49;211;true;true;true;0;7,32;0
1595;2,39;7,49;211;true;true;true;0;7,32;0
1596;2,39;7,49;211;true;true;true;0;7,31;0
1597;2,4;7,48;211;true;true;true;0;7,31;0
1598;2,4;7,48;211;true;true;true;0;7,3;0
1599;2,4;7,47;211;true;true;true;0;7,3;0
1600;2,41;7,47;211;true;true;true;0;7,29;0
1601;2,41;7,47;211;true;true;true;0;7,29;0
1602;2,45;7,46;211;true;true;true;0;7,29;0
1603;2,46;7,46;211;true;true;true;0;7,28;0
1604;2,46;7,45;211;true;true;true;0;7,28;0
1605;2,46;7,45;211;true;true;true;0;7,28;0
1606;2,47;7,45;211;true;true;true;0;7,27;0
1607;2,47;7,45;211;true;true;true;0;7,27;0
1608;2,48;7,44;211;true;true;true;0;7,27;0
1609;2,48;7,44;211;true;true;true;0;7,26;0
1610;2,49;7,44;211;true;true;true;0;7,26;0
1611;2,49;7,43;211;true;true;true;0;7,26;0
1612;2,5;7,43;211;true;true;true;0;7,26;0
1613;2,5;7,43;211;true;true;true;0;7,25;0
1614;2,51;7,42;211;true;true;true;0;7,25;0
1615;2,51;7,42;211;true;true;true;0;7,25;0
1616;2,51;7,42;211;true;true;true;0;7,25;0
1617;2,52;7,42;211;true;true;true;0;7,24;0
1618;2,52;7,41;211;true;true;true;0;7,24;0
1619;2,53;7,41;211;true;true;true;0;7,24;0
1620;2,53;7,41;211;true;true;true;0;7,24;0
1621;2,53;7,41;211;true;true;true;0;7,23;0
1622;2,54;7,4;211;true;true;true;0;7,23;0
1623;2,54;7,4;211;true;true;true;0;7,23;0
1624;2,55;7,4;211;true;true;true;0;7,23;0
1625;2,55;7,4;211;true;true;true;0;7,22;0
1626;2,55;7,4;211;true;true;true;0;7,22;0
1627;2,56;7,39;211;true;true;true;0;7,22;0
1628;2,56;7,39;211;true;true;true;0;7,22;0
1629;2,57;7,39;211;true;true;true;0;7,21;0
1630;2,57;7,39;211;true;true;true;0;7,21;0
1631;2,58;7,38;211;true;true;true;0;7,21;0
1632;2,58;7,38;211;true;true;true;0;7,21;0
1633;2,59;7,39;211;true;true;true;0;7,21;0
1634;2,59;7,39;211;true;true;true;0;7,21;0
1635;2,59;7,39;211;true;true;true;0;7,22;0
1636;2,6;7,39;211;true;true;true;0;7,22;0
1637;2,6;7,39;211;true;true;true;0;7,21;0
1638;2,61;7,39;211;true;true;true;0;7,21;0
1639;2,61;7,39;211;true;true;true;0;7,21;0
1640;2,62;7,39;211;true;true;true;0;7,21;0
1641;2,62;7,39;211;true;true;true;0;7,21;0
1642;2,62;7,39;211;true;true;true;0;7,21;0
1643;2,63;7,38;211;true;true;true;0;7,21;0
1644;2,63;7,38;211;true;true;true;0;7,21;0
1645;2,64;7,38;211;true;true;true;0;7,21;0
1646;2,64;7,38;211;true;true;true;0;7,21;0
1647;2,65;7,38;211;true;true;true;0;7,21;0
1648;2,65;7,38;211;true;true;true;0;7,21;0
1649;2,66;7,38;211;true;true;true;0;7,2;0
1650;2,66;7,38;211;true;true;true;0;7,2;0
1651;2,66;7,38;211;true;true;true;0;7,2;0
1652;2,67;7,38;211;true;true;true;0;7,2;0
1653;2,67;7,37;211;true;true;true;0;7,2;0
1654;2,68;7,37;211;true;true;true;0;7,2;0
1655;2,68;7,37;211;true;true;true;0;7,2;0
1656;2,69;7,37;211;true;true;true;0;7,2;0
1657;2,69;7,37;211;true;true;true;0;7,2;0
1658;2,69;7,37;211;true;true;true;0;7,19;0
1659;2,7;7,37;211;true;true;true;0;7,19;0
1660;2,7;7,37;211;true;true;true;0;7,19;0
1661;2,71;7,37;211;true;true;true;0;7,19;0
1662;2,71;7,37;211;true;true;true;0;7,19;0
1663;2,72;7,36;211;true;true;true;0;7,19;0
1664;2,72;7,36;211;true;true;true;0;7,19;0
1665;2,72;7,36;211;true;true;true;0;7,19;0
1666;2,73;7,36;211;true;true;true;0;7,19;0
1667;2,73;7,36;211;true;true;true;0;7,19;0
1668;2,74;7,36;211;true;true;true;0;7,18;0
1669;2,74;7,36;211;true;true;true;0;7,18;0
1670;2,74;7,36;211;true;true;true;0;7,18;0
1671;2,75;7,36;211;true;true;true;0;7,18;0
1672;2,75;7,35;211;true;true;true;0;7,18;0
1673;2,76;7,35;211;true;true;true;0;7,18;0
1674;2,76;7,35;211;true;true;true;0;7,18;0
1675;2,76;7,35;211;true;true;true;0;7,18;0
1676;2,77;7,35;211;true;true;true;0;7,18;0
1677;2,77;7,35;211;true;true;true;0;7,18;0
1678;2,78;7,35;211;true;true;true;0;7,17;0
1679;2,78;7,35;211;true;true;true;0;7,17;0
1680;2,79;7,35;211;true;true;true;0;7,17;0
1681;2,79;7,35;211;true;true;true;0;7,17;0
1682;2,79;7,34;211;true;true;true;0;7,17;0
1683;2,8;7,34;211;true;true;true;0;7,17;0
1684;2,8;7,34;211;true;true;true;0;7,17;0
1685;2,81;7,34;211;true;true;true;0;7,17;0
1686;2,81;7,34;211;true;true;true;0;7,17;0
1687;2,81;7,34;211;true;true;true;0;7,17;0
1688;2,82;7,34;211;true;true;true;0;7,16;0
1689;2,82;7,34;211;true;true;true;0;7,16;0
1690;2,83;7,34;211;true;true;true;0;7,16;0
1691;2,83;7,34;211;true;true;true;0;7,16;0
1692;2,84;7,33;211;true;true;true;0;7,16;0
1693;2,84;7,33;211;true;true;true;0;7,16;0
1694;2,85;7,33;211;true;true;true;0;7,16;0
1695;2,85;7,33;211;true;true;true;0;7,16;0
1696;2,85;7,33;211;true;true;true;0;7,16;0
1697;2,86;7,33;211;true;true;true;0;7,16;0
1698;2,86;7,33;211;true;true;true;0;7,15;0
1699;2,87;7,33;211;true;true;true;0;7,15;0
1700;2,87;7,33;211;true;true;true;0;7,15;0
1701;2,88;7,33;211;true;true;true;0;7,15;0
1702;2,88;7,33;211;true;true;true;0;7,15;0
1703;2,88;7,32;211;true;true;true;0;7,15;0
1704;2,89;7,32;211;true;true;true;0;7,15;0
1705;2,89;7,32;211;true;true;true;0;7,15;0
1706;2,9;7,32;211;true;true;true;0;7,15;0
1707;2,9;7,32;211;true;true;true;0;7,15;0
1708;2,9;7,32;211;true;true;true;0;7,15;0
1709;2,91;7,32;211;true;true;true;0;7,15;0
1710;2,91;7,32;211;true;true;true;0;7,14;0
1711;2,92;7,32;211;true;true;true;0;7,14;0
1712;2,92;7,32;211;true;true;true;0;7,14;0
1713;2,92;7,32;211;true;true;true;0;7,14;0
1714;2,93;7,32;211;true;true;true;0;7,14;0
1715;2,93;7,32;211;true;true;true;0;7,14;0
1716;2,94;7,31;211;true;true;true;0;7,14;0
1717;2,94;7,31;211;true;true;true;0;7,14;0
1718;2,94;7,31;211;true;true;true;0;7,14;0
1719;2,95;7,31;211;true;true;true;0;7,14;0
1720;2,95;7,31;211;true;true;true;0;7,14;0
1721;2,96;7,31;211;true;true;true;0;7,14;0
1722;2,96;7,31;211;true;true;true;0;7,14;0
1723;2,97;7,31;211;true;true;true;0;7,13;0
1724;2,97;7,31;211;true;true;true;0;7,13;0
1725;2,98;7,31;211;true;true;true;0;7,13;0
1726;2,98;7,31;211;true;true;true;0;7,13;0
1727;2,98;7,31;211;true;true;true;0;7,13;0
1728;2,99;7,3;211;true;true;true;0;7,13;0
1729;2,99;7,3;211;true;true;true;0;7,13;0
1730;3;7,3;211;true;true;true;0;7,13;0
1731;3;7,3;211;true;true;true;0;7,13;0
1732;3;7,3;211;true;true;true;0;7,13;0
1733;3,01;7,3;211;true;true;true;0;7,13;0
1734;3,01;7,3;211;true;true;true;0;7,13;0
1735;3,02;7,3;211;true;true;true;0;7,13;0
1736;3,02;7,3;211;true;true;true;0;7,12;0
1737;3,03;7,3;211;true;true;true;0;7,12;0
1738;3,03;7,3;211;true;true;true;0;7,12;0
1739;3,03;7,3;211;true;true;true;0;7,12;0
1740;3,04;7,3;211;true;true;true;0;7,12;0
1741;3,04;7,3;211;true;true;true;0;7,12;0
1742;3,05;7,3;211;true;true;true;0;7,12;0
1743;3,05;7,29;211;true;true;true;0;7,12;0
1744;3,06;7,29;211;true;true;true;0;7,12;0
1745;3,06;7,29;211;true;true;true;0;7,12;0
1746;3,07;7,29;211;true;true;true;0;7,12;0
1747;3,07;7,29;211;true;true;true;0;7,12;0
1748;3,08;7,29;211;true;true;true;0;7,12;0
1749;3,08;7,29;211;true;true;true;0;7,12;0
1750;3,09;7,29;211;true;true;true;0;7,12;0
1751;3,09;7,29;211;true;true;true;0;7,11;0
1752;3,1;7,29;211;true;true;true;0;7,11;0
1753;3,1;7,29;211;true;true;true;0;7,11;0
1754;3,1;7,29;211;true;true;true;0;7,11;0
1755;3,11;7,29;211;true;true;true;0;7,11;0
1756;3,11;7,29;211;true;true;true;0;7,11;0
1757;3,12;7,29;211;true;true;true;0;7,11;0
1758;3,12;7,28;211;true;true;true;0;7,11;0
1759;3,12;7,28;211;true;true;true;0;7,11;0
1760;3,13;7,28;211;true;true;true;0;7,11;0
1761;3,13;7,28;211;true;true;true;0;7,11;0
1762;3,14;7,28;211;true;true;true;0;7,11;0
1763;3,14;7,28;211;true;true;true;0;7,11;0
1764;3,15;7,28;211;true;true;true;0;7,11;0
1765;3,15;7,28;211;true;true;true;0;7,11;0
1766;3,16;7,28;211;true;true;true;0;7,11;0
1767;3,16;7,28;211;true;true;true;0;7,1;0
1768;3,17;7,28;211;true;true;true;0;7,1;0
1769;3,17;7,28;211;true;true;true;0;7,1;0
1770;3,17;7,28;211;true;true;true;0;7,1;0
1771;3,18;7,28;211;true;true;true;0;7,1;0
1772;3,18;7,28;211;true;true;true;0;7,1;0
1773;3,19;7,28;211;true;true;true;0;7,1;0
1774;3,19;7,28;211;true;true;true;0;7,1;0
1775;3,19;7,27;211;true;true;true;0;7,1;0
1776;3,2;7,27;211;true;true;true;0;7,1;0
1777;3,2;7,27;211;true;true;true;0;7,1;0
1778;3,21;7,27;211;true;true;true;0;7,1;0
1779;3,21;7,27;211;true;true;true;0;7,1;0
1780;3,21;7,27;211;true;true;true;0;7,1;0
1781;3,22;7,27;211;true;true;true;0;7,1;0
1782;3,22;7,27;211;true;true;true;0;7,1;0
1783;3,23;7,27;211;true;true;true;0;7,1;0
1784;3,23;7,27;211;true;true;true;0;7,1;0
1785;3,24;7,27;211;true;true;true;0;7,09;0
1786;3,24;7,27;211;true;true;true;0;7,09;0
1787;3,25;7,27;211;true;true;true;0;7,09;0
1788;3,25;7,27;211;true;true;true;0;7,09;0
1789;3,26;7,27;211;true;true;true;0;7,09;0
1790;3,26;7,27;211;true;true;true;0;7,09;0
1791;3,27;7,27;211;true;true;true;0;7,09;0
1792;3,27;7,27;211;true;true;true;0;7,09;0
1793;3,28;7,27;211;true;true;true;0;7,09;0
1794;3,28;7,26;211;true;true;true;0;7,09;0
1795;3,29;7,26;211;true;true;true;0;7,09;0
1796;3,29;7,26;211;true;true;true;0;7,09;0
1797;3,29;7,26;211;true;true;true;0;7,09;0
1798;3,3;7,26;211;true;true;true;0;7,09;0
1799;3,3;7,26;211;true;true;true;0;7,09;0
1800;3,31;7,26;211;true;true;true;0;7,09;0
1801;3,31;7,26;211;true;true;true;0;7,09;0
1802;3,31;7,26;211;true;true;true;0;7,09;0
1803;3,32;7,26;211;true;true;true;0;7,09;0
1804;3,32;7,26;211;true;true;true;0;7,09;0
1805;3,33;7,26;211;true;true;true;0;7,09;0
1806;3,33;7,26;211;true;true;true;0;7,08;0
1807;3,34;7,26;211;true;true;true;0;7,08;0
1808;3,34;7,26;211;true;true;true;0;7,08;0
1809;3,34;7,26;211;true;true;true;0;7,08;0
1810;3,35;7,26;211;true;true;true;0;7,08;0
1811;3,35;7,26;211;true;true;true;0;7,08;0
1812;3,36;7,26;211;true;true;true;0;7,08;0
1813;3,36;7,26;211;true;true;true;0;7,08;0
1814;3,36;7,26;211;true;true;true;0;7,08;0
1815;3,37;7,26;211;true;true;true;0;7,08;0
1816;3,37;7,25;211;true;true;true;0;7,08;0
1817;3,38;7,25;211;true;true;true;0;7,08;0
1818;3,38;7,25;211;true;true;true;0;7,08;0
1819;3,38;7,25;211;true;true;true;0;7,08;0
1820;3,39;7,25;211;true;true;true;0;7,08;0
1821;3,39;7,25;211;true;true;true;0;7,08;0
1822;3,4;7,25;211;true;true;true;0;7,08;0
1823;3,4;7,25;211;true;true;true;0;7,08;0
1824;3,4;7,25;211;true;true;true;0;7,08;0
1825;3,41;7,25;211;true;true;true;0;7,08;0
1826;3,41;7,25;211;true;true;true;0;7,08;0
1827;3,42;7,25;211;true;true;true;0;7,08;0
1828;3,42;7,25;211;true;true;true;0;7,08;0
1829;3,43;7,25;211;true;true;true;0;7,08;0
1830;3,43;7,25;211;true;true;true;0;7,07;0
1831;3,44;7,25;211;true;true;true;0;7,07;0
1832;3,44;7,25;211;true;true;true;0;7,07;0
1833;3,44;7,25;211;true;true;true;0;7,07;0
1834;3,45;7,25;211;true;true;true;0;7,07;0
1835;3,45;7,25;211;true;true;true;0;7,07;0
1836;3,46;7,25;211;true;true;true;0;7,07;0
1837;3,46;7,25;211;true;true;true;0;7,07;0
1838;3,47;7,25;211;true;true;true;0;7,07;0
1839;3,47;7,25;211;true;true;true;0;7,07;0
1840;3,48;7,25;211;true;true;true;0;7,07;0
1841;3,48;7,25;211;true;true;true;0;7,07;0
1842;3,48;7,25;211;true;true;true;0;7,07;0
1843;3,49;7,25;211;true;true;true;0;7,07;0
1844;3,49;7,24;211;true;true;true;0;7,07;0
1845;3,5;7,24;211;true;true;true;0;7,07;0
1846;3,5;7,24;211;true;true;true;0;7,07;0
1847;3,51;7,24;211;true;true;true;0;7,07;0
1848;3,51;7,24;211;true;true;true;0;7,07;0
1849;3,52;7,24;211;true;true;true;0;7,07;0
1850;3,52;7,24;211;true;true;true;0;7,07;0
1851;3,53;7,24;211;true;true;true;0;7,07;0
1852;3,53;7,24;211;true;true;true;0;7,07;0
1853;3,54;7,24;211;true;true;true;0;7,07;0
1854;3,54;7,24;211;true;true;true;0;7,07;0
1855;3,55;7,24;211;true;true;true;0;7,07;0
1856;3,55;7,24;211;true;true;true;0;7,07;0
1857;3,56;7,24;211;true;true;true;0;7,07;0
1858;3,56;7,24;211;true;true;true;0;7,07;0
1859;3,56;7,24;211;true;true;true;0;7,07;0
1860;3,57;7,24;211;true;true;true;0;7,07;0
1861;3,57;7,24;211;true;true;true;0;7,06;0
1862;3,58;7,24;211;true;true;true;0;7,06;0
1863;3,58;7,24;211;true;true;true;0;7,06;0
1864;3,59;7,24;211;true;true;true;0;7,06;0
1865;3,59;7,24;211;true;true;true;0;7,06;0
1866;3,6;7,24;211;true;true;true;0;7,06;0
1867;3,6;7,24;211;true;true;true;0;7,06;0
1868;3,6;7,24;211;true;true;true;0;7,06;0
1869;3,61;7,24;211;true;true;true;0;7,06;0
1870;3,61;7,24;211;true;true;true;0;7,06;0
1871;3,62;7,24;211;true;true;true;0;7,06;0
1872;3,62;7,24;211;true;true;true;0;7,06;0
1873;3,62;7,24;211;true;true;true;0;7,06;0
1874;3,63;7,24;211;true;true;true;0;7,06;0
1875;3,63;7,24;211;true;true;true;0;7,06;0
1876;3,64;7,24;211;true;true;true;0;7,06;0
1877;3,64;7,24;211;true;true;true;0;7,06;0
1878;3,65;7,24;211;true;true;true;0;7,06;0
1879;3,65;7,23;211;true;true;true;0;7,06;0
1880;3,65;7,23;211;true;true;true;0;7,06;0
1881;3,66;7,23;211;true;true;true;0;7,06;0
1882;3,66;7,23;211;true;true;true;0;7,06;0
1883;3,67;7,23;211;true;true;true;0;7,06;0
1884;3,67;7,23;211;true;true;true;0;7,06;0
1885;3,68;7,23;211;true;true;true;0;7,06;0
1886;3,68;7,23;211;true;true;true;0;7,06;0
1887;3,69;7,23;211;true;true;true;0;7,06;0
1888;3,69;7,23;211;true;true;true;0;7,06;0
1889;3,69;7,23;211;true;true;true;0;7,06;0
1890;3,7;7,23;211;true;true;true;0;7,06;0
1891;3,7;7,23;211;true;true;true;0;7,06;0
1892;3,71;7,23;211;true;true;true;0;7,06;0
1893;3,71;7,23;211;true;true;true;0;7,06;0
1894;3,72;7,23;211;true;true;true;0;7,06;0
1895;3,72;7,23;211;true;true;true;0;7,06;0
1896;3,72;7,23;211;true;true;true;0;7,06;0
1897;3,73;7,23;211;true;true;true;0;7,06;0
1898;3,73;7,23;211;true;true;true;0;7,06;0
1899;3,74;7,23;211;true;true;true;0;7,06;0
1900;3,74;7,23;211;true;true;true;0;7,06;0
1901;3,75;7,23;211;true;true;true;0;7,06;0
1902;3,75;7,23;211;true;true;true;0;7,06;0
1903;3,76;7,23;211;true;true;true;0;7,06;0
1904;3,76;7,23;211;true;true;true;0;7,06;0
1905;3,77;7,23;211;true;true;true;0;7,06;0
1906;3,77;7,23;211;true;true;true;0;7,06;0
1907;3,77;7,23;211;true;true;true;0;7,06;0
1908;3,78;7,23;211;true;true;true;0;7,06;0
1909;3,78;7,23;211;true;true;true;0;7,06;0
1910;3,79;7,23;211;true;true;true;0;7,06;0
1911;3,79;7,23;211;true;true;true;0;7,06;0
1912;3,8;7,23;211;true;true;true;0;7,06;0
1913;3,8;7,23;211;true;true;true;0;7,06;0
1914;3,8;7,23;211;true;true;true;0;7,06;0
1915;3,81;7,23;211;true;true;true;0;7,05;0
1916;3,81;7,23;211;true;true;true;0;7,05;0
1917;3,82;7,23;211;true;true;true;0;7,05;0
1918;3,82;7,23;211;true;true;true;0;7,05;0
1919;3,83;7,23;211;true;true;true;0;7,05;0
1920;3,83;7,23;211;true;true;true;0;7,05;0
1921;3,84;7,23;211;true;true;true;0;7,05;0
1922;3,84;7,23;211;true;true;true;0;7,05;0
1923;3,84;7,23;211;true;true;true;0;7,05;0
1924;3,85;7,23;211;true;true;true;0;7,05;0
1925;3,85;7,23;211;true;true;true;0;7,05;0
1926;3,86;7,23;211;true;true;true;0;7,05;0
1927;3,86;7,23;211;true;true;true;0;7,05;0
1928;3,87;7,23;211;true;true;true;0;7,05;0
1929;3,87;7,23;211;true;true;true;0;7,05;0
1930;3,87;7,23;211;true;true;true;0;7,05;0
1931;3,88;7,23;211;true;true;true;0;7,05;0
1932;3,88;7,23;211;true;true;true;0;7,05;0
1933;3,89;7,23;211;true;true;true;0;7,05;0
1934;3,89;7,23;211;true;true;true;0;7,05;0
1935;3,89;7,23;211;true;true;true;0;7,05;0
1936;3,9;7,23;211;true;true;true;0;7,05;0
1937;3,9;7,23;211;true;true;true;0;7,05;0
1938;3,91;7,23;211;true;true;true;0;7,05;0
1939;3,91;7,23;211;true;true;true;0;7,05;0
1940;3,92;7,23;211;true;true;true;0;7,05;0
1941;3,92;7,23;211;true;true;true;0;7,05;0
1942;3,93;7,23;211;true;true;true;0;7,05;0
1943;3,93;7,23;211;true;true;true;0;7,05;0
1944;3,93;7,23;211;true;true;true;0;7,05;0
1945;3,94;7,23;211;true;true;true;0;7,05;0
1946;3,94;7,23;211;true;true;true;0;7,05;0
1947;3,95;7,23;211;true;true;true;0;7,05;0
1948;3,95;7,23;211;true;true;true;0;7,05;0
1949;3,96;7,23;211;true;true;true;0;7,05;0
1950;3,96;7,23;211;true;true;true;0;7,05;0
1951;3,97;7,23;211;true;true;true;0;7,05;0
1952;3,97;7,23;211;true;true;true;0;7,05;0
1953;3,98;7,23;211;true;true;true;0;7,05;0
1954;3,98;7,23;211;true;true;true;0;7,05;0
1955;3,99;7,23;211;true;true;true;0;7,05;0
1956;3,99;7,23;211;true;true;true;0;7,05;0
1957;4;7,23;211;true;true;true;0;7,05;0
1958;4;7,23;211;true;true;true;0;7,05;0
1959;4,01;7,23;211;true;true;true;0;7,05;0
1960;4,01;7,23;211;true;true;true;0;7,05;0
1961;4,01;7,23;211;true;true;true;0;7,05;0
1962;4,02;7,23;211;true;true;true;0;7,05;0
1963;4,02;7,22;211;true;true;true;0;7,05;0
1964;4,05;7,22;211;true;true;true;0;7,05;0
1965;4,05;7,22;211;true;true;true;0;7,05;0
1966;4,06;7,22;211;true;true;true;0;7,05;0
1967;4,06;7,22;211;true;true;true;0;7,05;0
1968;4,07;7,22;211;true;true;true;0;7,05;0
1969;4,07;7,22;211;true;true;true;0;7,05;0
1970;4,07;7,22;211;true;true;true;0;7,05;0
1971;4,08;7,22;211;true;true;true;0;7,05;0
1972;4,08;7,22;211;true;true;true;0;7,05;0
1973;4,09;7,22;211;true;true;true;0;7,05;0
1974;4,09;7,22;211;true;true;true;0;7,05;0
1975;4,1;7,22;211;true;true;true;0;7,05;0
1976;4,1;7,22;211;true;true;true;0;7,05;0
1977;4,11;7,22;211;true;true;true;0;7,05;0
1978;4,11;7,22;211;true;true;true;0;7,05;0
1979;4,11;7,22;211;true;true;true;0;7,05;0
1980;4,12;7,22;211;true;true;true;0;7,05;0
1981;4,12;7,22;211;true;true;true;0;7,05;0
1982;4,13;7,22;211;true;true;true;0;7,05;0
1983;4,13;7,22;211;true;true;true;0;7,05;0
1984;4,14;7,22;211;true;true;true;0;7,05;0
1985;4,14;7,22;211;true;true;true;0;7,05;0
1986;4,14;7,22;211;true;true;true;0;7,05;0
1987;4,15;7,22;211;true;true;true;0;7,05;0
1988;4,15;7,22;211;true;true;true;0;7,05;0
1989;4,16;7,22;211;true;true;true;0;7,05;0
1990;4,16;7,22;211;true;true;true;0;7,05;0
1991;4,16;7,22;211;true;true;true;0;7,05;0
1992;4,17;7,22;211;true;true;true;0;7,05;0
1993;4,17;7,22;211;true;true;true;0;7,05;0
1994;4,18;7,22;211;true;true;true;0;7,05;0
1995;4,18;7,22;211;true;true;true;0;7,05;0
1996;4,19;7,22;211;true;true;true;0;7,05;0
1997;4,19;7,22;211;true;true;true;0;7,05;0
1998;4,2;7,22;211;true;true;true;0;7,05;0
1999;4,2;7,22;211;true;true;true;0;7,05;0
2000;4,2;7,22;211;true;true;true;0;7,05;0
2001;4,21;7,22;211;true;tr