lengthMiddleSegment: 368633.08
step_energy: 0.05
electrostatic_force_factor: 1.0
spring_force_factor: 0.1
reject_force_factor: 2.0
distanceRejectRadius: 92158.27
distanceSamePosition: 92158.27
Iteration;time;energy;num nodes;reject force is enabled;spring force is enabled;electrostatic force is enabled;str_force;rep_force;elec_force
1;0;107,29;1498;false;true;true;48,2;0;61,47
2;0,03;109,68;1411;false;true;true;51,4;0;65,91
3;0,09;102,23;1326;false;true;true;45,29;0;63,79
4;0,09;93,8;1257;false;true;true;42,93;0;57,7
5;0,1;85,3;1189;false;true;true;39,53;0;52,47
6;0,1;77,94;1134;false;true;true;36,79;0;48,71
7;0,11;72,13;1086;false;true;true;36,24;0;44,53
8;0,12;66,68;1039;false;true;true;35,19;0;38,55
9;0,12;63,83;1002;false;true;true;32,68;0;37,21
10;0,13;60,98;970;false;true;true;31,8;0;35,82
11;0,13;58,2;942;false;true;true;31,59;0;34,76
12;0,14;55,04;917;false;true;true;31,26;0;32,13
13;0,14;57,58;903;false;true;true;30,23;0;36,96
14;0,15;51,11;873;false;true;true;31,53;0;27,79
15;0,15;50,03;862;false;true;true;29,33;0;30,33
16;0,16;49,35;843;false;true;true;30,07;0;28,82
17;0,17;46,5;828;false;true;true;27,98;0;25,96
18;0,17;43,42;813;false;true;true;28,67;0;23,58
19;0,17;43,85;807;false;true;true;27,13;0;27,19
20;0,18;42,3;792;false;true;true;28,87;0;24,09
21;0,18;42,8;785;false;true;true;28,1;0;27,26
22;0,19;42,07;769;false;true;true;28,17;0;24,36
23;0,19;40,21;758;false;true;true;27,14;0;23,48
24;0,19;39,96;749;false;true;true;26,88;0;23,15
25;0,19;39,29;741;false;true;true;26,62;0;23,8
26;0,19;37,39;729;false;true;true;25,42;0;21,15
27;0,2;35,81;718;false;true;true;26,07;0;19,15
28;0,2;35,08;714;false;true;true;25,52;0;21,18
29;0,2;34,98;707;false;true;true;25,68;0;21,62
30;0,21;34,31;699;false;true;true;26,71;0;21,28
31;0,21;34,27;690;false;true;true;25,69;0;19,55
32;0,21;34,43;685;false;true;true;25,31;0;21
33;0,22;33,04;677;false;true;true;25,04;0;19,54
34;0,22;32,52;669;false;true;true;24,35;0;17,47
35;0,22;32,31;665;false;true;true;24,21;0;18,95
36;0,23;30,95;657;false;true;true;23,58;0;16,76
37;0,23;30,58;655;false;true;true;23,27;0;18,77
38;0,23;31,13;649;false;true;true;22,81;0;18,81
39;0,24;30,13;639;false;true;true;23,85;0;15,72
40;0,24;29,24;636;false;true;true;23,26;0;16,61
41;0,24;29,07;631;false;true;true;22,6;0;16,29
42;0,25;28,11;629;false;true;true;22,52;0;17,43
43;0,25;27,68;625;false;true;true;23,38;0;17,62
44;0,25;27,45;620;false;true;true;23,49;0;17,06
45;0,25;27,82;617;false;true;true;23,87;0;18,41
46;0,26;28,49;610;false;true;true;24,2;0;16,96
47;0,26;27,84;606;false;true;true;23,33;0;17,02
48;0,26;27,49;599;false;true;true;22,23;0;14,8
49;0,27;26,5;596;false;true;true;21,04;0;14,65
50;0,27;25,24;593;false;true;true;20,8;0;14,39
51;0,27;25,46;593;false;true;true;21,52;0;16,92
52;0,28;25,19;588;false;true;true;21,69;0;15,93
53;0,28;25,3;584;false;true;true;22,48;0;15,98
54;0,28;25,22;580;false;true;true;21,83;0;15,09
55;0,28;24,86;578;false;true;true;21,88;0;16,07
56;0,29;24,71;575;false;true;true;22,3;0;16,63
57;0,29;24;570;false;true;true;22,15;0;14,99
58;0,29;23,05;565;false;true;true;21,26;0;13,05
59;0,3;22,92;565;false;true;true;21,36;0;15,02
60;0,3;22,59;560;false;true;true;21,12;0;13,45
61;0,3;22;557;false;true;true;20,47;0;12,68
62;0,31;21,69;557;false;true;true;20,59;0;14,31
63;0,31;21,95;553;false;true;true;21,04;0;13,6
64;0,31;21,9;551;false;true;true;21,09;0;13,98
65;0,31;21,61;549;false;true;true;20,97;0;14,32
66;0,32;21,52;547;false;true;true;20,85;0;14,59
67;0,32;21,32;545;false;true;true;21,13;0;14,75
68;0,32;21,75;541;false;true;true;20,85;0;14,05
69;0,32;20,9;537;false;true;true;20,56;0;12,6
70;0,32;20,2;535;false;true;true;19,94;0;12,25
71;0,33;19,69;534;false;true;true;20;0;12,82
72;0,33;19,42;532;false;true;true;19,63;0;12,43
73;0,33;19,58;531;false;true;true;19,95;0;13,22
74;0,33;19,67;529;false;true;true;19,97;0;13,37
75;0,34;19,11;526;false;true;true;19,55;0;12,2
76;0,34;19,29;525;false;true;true;19,52;0;12,94
77;0,34;19,33;521;false;true;true;19,07;0;11,32
78;0,34;19,47;519;false;true;true;18,91;0;11,15
79;0,35;19,08;518;false;true;true;18,68;0;11,6
80;0,35;18,72;517;false;true;true;18,72;0;12,01
81;0,35;18,49;515;false;true;true;18,89;0;11,79
82;0,35;18,45;513;false;true;true;18,78;0;11,62
83;0,35;17,87;512;false;true;true;18,78;0;11,85
84;0,36;17,65;509;false;true;true;18,58;0;10,7
85;0,36;17,24;509;false;true;true;18,78;0;11,59
86;0,36;16,78;508;false;true;true;19;0;11,71
87;0,36;17,01;508;false;true;true;19,51;0;12,92
88;0,36;17,19;505;false;true;true;19,29;0;11,74
89;0,37;17,47;503;false;true;true;19,3;0;11,49
90;0,37;17,06;501;false;true;true;18,73;0;11,04
91;0,37;16,51;499;false;true;true;18,02;0;10,14
92;0,37;15,99;499;false;true;true;17,88;0;10,75
93;0,38;15,74;499;false;true;true;18,15;0;11,44
94;0,38;15,75;499;false;true;true;18,73;0;12,31
95;0,38;16,05;498;false;true;true;19,38;0;12,65
96;0,38;16,06;496;false;true;true;19,56;0;12,23
97;0,38;16;494;false;true;true;19,06;0;11,41
98;0,38;15,72;493;false;true;true;18,78;0;11,46
99;0,39;15,92;492;false;true;true;18,86;0;11,66
100;0,39;15,32;490;false;true;true;18,35;0;10,82
101;0,39;15,12;490;false;true;true;18,47;0;11,54
102;0,39;15,3;489;false;true;true;18,52;0;11,68
103;0,4;15,51;488;false;true;true;18,58;0;11,87
104;0,4;15,49;486;false;true;true;18,13;0;11,26
105;0,4;15,55;483;false;true;true;17,57;0;9,78
106;0,4;15,08;483;false;true;true;17,35;0;10,31
107;0,4;14,89;483;false;true;true;17,54;0;10,94
108;0,41;14,9;482;false;true;true;17,67;0;10,98
109;0,41;14,68;481;false;true;true;17,58;0;10,71
110;0,41;14,59;481;false;true;true;17,91;0;11,41
111;0,41;14,94;480;false;true;true;18,26;0;11,64
112;0,41;14,93;479;false;true;true;18,32;0;11,81
113;0,41;15,14;477;false;true;true;18,11;0;11,11
114;0,42;14,8;475;false;true;true;17,43;0;10,16
115;0,42;14,43;475;false;true;true;17,33;0;10,81
116;0,42;14,27;474;false;true;true;17,38;0;11,03
117;0,42;14,38;473;false;true;true;17,52;0;11,05
118;0,43;14,17;472;false;true;true;17,49;0;11,05
119;0,43;13,66;471;false;true;true;17,34;0;10,78
120;0,43;13,52;471;false;true;true;17,66;0;11,39
121;0,43;13,4;470;false;true;true;17,75;0;11,26
122;0,43;13,32;470;false;true;true;18,08;0;11,89
123;0,44;13,43;470;false;true;true;18,53;0;12,7
124;0,44;14;469;false;true;true;18,94;0;12,59
125;0,44;14,6;468;false;true;true;19,18;0;12,91
126;0,44;14,84;466;false;true;true;18,87;0;12,52
127;0,44;14,55;462;false;true;true;17,27;0;10,12
128;0,44;14,39;462;false;true;true;16,84;0;11,12
129;0,45;14,31;459;false;true;true;15,88;0;10,26
130;0,45;14,18;458;false;true;true;15,6;0;10,37
131;0,45;12,95;457;false;true;true;15,69;0;9,92
132;0,45;12,66;457;false;true;true;16,02;0;10,37
133;0,46;12,51;457;false;true;true;16,45;0;10,89
134;0,46;12,51;457;false;true;true;16,97;0;11,53
135;0,46;12,44;456;false;true;true;17,06;0;11,31
136;0,46;12,47;456;false;true;true;17,52;0;12,01
137;0,46;12,4;454;false;true;true;17,12;0;11,06
138;0,46;12,45;454;false;true;true;17,48;0;11,75
139;0,47;12,76;454;false;true;true;17,96;0;12,69
140;0,47;13,36;451;false;true;true;17,69;0;11,67
141;0,47;13,48;448;false;true;true;16,94;0;10,21
142;0,47;13,24;447;false;true;true;16,43;0;10,07
143;0,47;12,87;446;false;true;true;15,78;0;9,96
144;0,47;12,7;446;false;true;true;15,89;0;10,63
145;0,48;12,92;445;false;true;true;16,01;0;10,66
146;0,48;12,93;443;false;true;true;15,53;0;9,86
147;0,48;12,6;441;false;true;true;14,77;0;8,73
148;0,48;12,1;441;false;true;true;14,77;0;9,14
149;0,49;11,83;441;false;true;true;14,94;0;9,62
150;0,49;11,77;440;false;true;true;15,09;0;9,34
151;0,49;11,52;440;false;true;true;15,33;0;9,83
152;0,49;11,53;440;false;true;true;15,67;0;10,5
153;0,49;11,36;438;false;true;true;15,3;0;9,45
154;0,49;11,12;438;false;true;true;15,35;0;9,93
155;0,5;11,09;437;false;true;true;15,34;0;9,69
156;0,5;10,88;437;false;true;true;15,47;0;10,2
157;0,5;10,94;436;false;true;true;15,4;0;9,88
158;0,5;10,65;435;false;true;true;15,1;0;9,51
159;0,5;10,38;435;false;true;true;15,15;0;9,88
160;0,51;10,6;434;false;true;true;14,72;0;9,41
161;0,51;10,44;434;false;true;true;14,98;0;9,81
162;0,51;10,5;433;false;true;true;14,91;0;9,48
163;0,51;10,36;433;false;true;true;15,13;0;9,91
164;0,51;10,43;433;false;true;true;15,43;0;10,51
165;0,51;10,34;431;false;true;true;15,02;0;9,46
166;0,52;10,08;431;false;true;true;15;0;9,88
167;0,52;10,05;431;false;true;true;15,18;0;10,44
168;0,52;10,16;430;false;true;true;15,15;0;10,19
169;0,52;10,09;428;false;true;true;14,61;0;9,09
170;0,52;9,68;428;false;true;true;14,55;0;9,41
171;0,53;9,47;428;false;true;true;14,62;0;9,74
172;0,53;9,37;428;false;true;true;14,85;0;10,12
173;0,53;9,37;428;false;true;true;15,2;0;10,57
174;0,53;9,5;428;false;true;true;15,63;0;11,15
175;0,53;9,87;428;false;true;true;16,13;0;11,99
176;0,54;10,68;424;false;true;true;15,5;0;9,77
177;0,54;10,29;424;false;true;true;15,13;0;10,39
178;0,54;10,26;423;false;true;true;14,57;0;10,26
179;0,54;10,17;421;false;true;true;13,79;0;9,12
180;0,54;10,13;420;false;true;true;13,6;0;8,84
181;0,54;9,86;420;false;true;true;13,66;0;9,27
182;0,54;9,86;420;false;true;true;13,92;0;9,86
183;0,55;10;418;false;true;true;13,9;0;8,94
184;0,55;9,77;417;false;true;true;13,63;0;8,63
185;0,55;9,53;417;false;true;true;13,55;0;9,02
186;0,55;9,35;416;false;true;true;13,16;0;8,47
187;0,55;9,13;416;false;true;true;13,28;0;8,77
188;0,56;9,02;416;false;true;true;13,53;0;9,13
189;0,56;9,08;416;false;true;true;13,86;0;9,64
190;0,56;9,05;414;false;true;true;13,56;0;8,62
191;0,56;8,85;414;false;true;true;13,52;0;8,93
192;0,56;8,77;414;false;true;true;13,61;0;9,31
193;0,56;8,88;413;false;true;true;13,43;0;8,99
194;0,57;8,86;413;false;true;true;13,61;0;9,47
195;0,57;8,97;412;false;true;true;13,45;0;9,05
196;0,57;9;410;false;true;true;13,23;0;8,11
197;0,57;8,55;410;false;true;true;12,91;0;8,33
198;0,57;8,28;410;false;true;true;12,8;0;8,55
199;0,58;8,13;410;false;true;true;12,92;0;8,81
200;0,58;8,06;410;false;true;true;13,23;0;9,11
201;0,58;8,13;410;false;true;true;13,55;0;9,54
202;0,58;8,05;409;false;true;true;13,65;0;9,19
203;0,58;7,95;409;false;true;true;13,75;0;9,52
204;0,59;8,02;409;false;true;true;13,87;0;9,97
205;0,59;8,02;408;false;true;true;13,74;0;9,6
206;0,59;7,9;407;false;true;true;13,99;0;9,42
207;0,59;7,71;407;false;true;true;13,88;0;9,76
208;0,59;7,72;407;false;true;true;14,06;0;10,16
209;0,6;7,87;407;false;true;true;14,37;0;10,71
210;0,6;8,34;405;false;true;true;13,95;0;9,81
211;0,6;8,32;404;false;true;true;13,64;0;9,57
212;0,6;8,06;403;false;true;true;13,1;0;9,07
213;0,6;8,03;403;false;true;true;13,32;0;9,53
214;0,61;7,96;402;false;true;true;13,42;0;9,29
215;0,61;8;402;false;true;true;13,61;0;9,76
216;0,61;8,62;400;false;true;true;13,11;0;8,72
217;0,61;8,41;400;false;true;true;13,06;0;9,2
218;0,61;8,07;399;false;true;true;12,82;0;8,77
219;0,62;7,91;399;false;true;true;12,9;0;9,11
220;0,62;7,87;399;false;true;true;13,15;0;9,51
221;0,62;7,95;398;false;true;true;13,05;0;9,14
222;0,62;7,93;398;false;true;true;13,3;0;9,59
223;0,62;7,85;397;false;true;true;13,29;0;9,26
224;0,62;7,82;397;false;true;true;13,47;0;9,67
225;0,63;7,92;397;false;true;true;13,74;0;10,19
226;0,63;8,27;397;false;true;true;14,17;0;10,96
227;0,63;8,87;394;false;true;true;13,49;0;9,43
228;0,63;8,3;392;false;true;true;12,51;0;7,98
229;0,63;7,98;392;false;true;true;12,22;0;8,29
230;0,63;7,92;392;false;true;true;12,23;0;8,69
231;0,63;7,99;391;false;true;true;12,23;0;8,25
232;0,64;8,08;390;false;true;true;11,99;0;7,77
233;0,64;7,77;390;false;true;true;11,98;0;8,03
234;0,64;7,6;390;false;true;true;12,12;0;8,33
235;0,64;7,56;390;false;true;true;12,36;0;8,72
236;0,64;7,55;389;false;true;true;12,17;0;8,23
237;0,65;7,48;389;false;true;true;12,31;0;8,62
238;0,65;7,57;388;false;true;true;12,36;0;8,35
239;0,65;7,49;388;false;true;true;12,39;0;8,79
240;0,65;7,5;387;false;true;true;12,09;0;8,38
241;0,65;7,45;386;false;true;true;11,75;0;7,89
242;0,66;7,37;386;false;true;true;11,82;0;8,27
243;0,66;7,53;385;false;true;true;11,6;0;7,81
244;0,66;7,29;384;false;true;true;11,16;0;7,16
245;0,66;6,97;384;false;true;true;11,06;0;7,34
246;0,67;6,76;384;false;true;true;11,11;0;7,53
247;0,67;6,67;384;false;true;true;11,31;0;7,77
248;0,67;6,7;384;false;true;true;11,53;0;8,12
249;0,67;6,52;383;false;true;true;11,43;0;7,52
250;0,67;6,3;383;false;true;true;11,38;0;7,68
251;0,67;6,18;383;false;true;true;11,41;0;7,85
252;0,68;6,09;383;false;true;true;11,53;0;8,03
253;0,68;6,03;383;false;true;true;11,7;0;8,23
254;0,68;6,02;383;false;true;true;11,87;0;8,47
255;0,68;6,07;383;false;true;true;12,06;0;8,78
256;0,69;6,24;382;false;true;true;11,94;0;8,36
257;0,69;6,24;382;false;true;true;12,01;0;8,71
258;0,69;6,39;381;false;true;true;11,7;0;8,24
259;0,69;6,43;380;false;true;true;11,58;0;7,91
260;0,69;6,24;380;false;true;true;11,39;0;8,23
261;0,69;6,16;379;false;true;true;10,97;0;7,6
262;0,7;5,94;379;false;true;true;10,91;0;7,79
263;0,7;5,85;379;false;true;true;11,02;0;8,03
264;0,7;6,02;378;false;true;true;10,9;0;7,43
265;0,7;5,75;378;false;true;true;10,86;0;7,57
266;0,7;5,58;378;false;true;true;10,88;0;7,72
267;0,71;5,5;378;false;true;true;10,96;0;7,89
268;0,71;5,47;378;false;true;true;11,13;0;8,11
269;0,71;5,55;378;false;true;true;11,32;0;8,43
270;0,71;5,49;377;false;true;true;11,25;0;7,87
271;0,71;5,32;377;false;true;true;11,18;0;8,04
272;0,72;5,24;377;false;true;true;11,18;0;8,24
273;0,72;5,25;377;false;true;true;11,3;0;8,48
274;0,72;5,57;376;false;true;true;11,16;0;7,92
275;0,72;5,39;376;false;true;true;11,11;0;8,13
276;0,73;5,35;376;false;true;true;11,17;0;8,38
277;0,73;5,45;376;false;true;true;11,35;0;8,75
278;0,73;5,57;375;false;true;true;11,11;0;8,24
279;0,73;5,83;374;false;true;true;10,79;0;7,77
280;0,73;5,82;373;false;true;true;10,65;0;7,37
281;0,73;5,52;373;false;true;true;10,49;0;7,53
282;0,74;5,35;373;false;true;true;10,51;0;7,71
283;0,74;5,26;373;false;true;true;10,57;0;7,9
284;0,74;5,26;373;false;true;true;10,8;0;8,15
285;0,74;5,37;372;false;true;true;10,53;0;7,65
286;0,74;5,33;372;false;true;true;10,63;0;7,88
287;0,74;5,56;371;false;true;true;10,44;0;7,36
288;0,74;5,35;371;false;true;true;10,37;0;7,53
289;0,74;5,26;371;false;true;true;10,42;0;7,75
290;0,75;5,31;371;false;true;true;10,6;0;8,08
291;0,75;5,22;370;false;true;true;10,56;0;7,51
292;0,75;5,06;370;false;true;true;10,51;0;7,67
293;0,75;4,98;370;false;true;true;10,53;0;7,87
294;0,75;4,99;370;false;true;true;10,64;0;8,11
295;0,75;5,11;370;false;true;true;10,87;0;8,45
296;0,76;5,43;369;false;true;true;10,83;0;8,09
297;0,76;5,35;368;false;true;true;10,37;0;7,49
298;0,76;5,43;367;false;true;true;10,02;0;6,95
299;0,76;5,13;367;false;true;true;9,84;0;7,1
300;0,76;5;367;false;true;true;9,82;0;7,29
301;0,76;5,07;366;false;true;true;9,88;0;6,83
302;0,77;4,78;366;false;true;true;9,76;0;6,91
303;0,77;4,59;366;false;true;true;9,71;0;6,99
304;0,77;4,45;366;false;true;true;9,67;0;7,07
305;0,77;4,33;366;false;true;true;9,76;0;7,15
306;0,77;4,24;366;false;true;true;9,85;0;7,24
307;0,77;4,16;366;false;true;true;9,93;0;7,33
308;0,77;4,11;366;false;true;true;10,02;0;7,43
309;0,77;4,07;366;false;true;true;10,09;0;7,54
310;0,77;4,06;366;false;true;true;10,18;0;7,69
311;0,77;4,13;366;false;true;true;10,29;0;7,91
312;0,78;4,19;365;false;true;true;10,23;0;7,35
313;0,78;3,99;365;false;true;true;10,07;0;7,43
314;0,78;3,87;365;false;true;true;9,98;0;7,51
315;0,78;3,77;365;false;true;true;9,92;0;7,59
316;0,78;3,7;365;false;true;true;10;0;7,68
317;0,78;3,66;365;false;true;true;10,09;0;7,77
318;0,78;3,62;365;false;true;true;10,17;0;7,88
319;0,78;3,6;365;false;true;true;10,25;0;7,99
320;0,78;3,6;365;false;true;true;10,35;0;8,12
321;0,79;3,64;365;false;true;true;10,46;0;8,29
322;0,79;3,72;365;false;true;true;10,59;0;8,52
323;0,79;3,99;364;false;true;true;10,66;0;8,11
324;0,79;3,87;364;false;true;true;10,53;0;8,3
325;0,79;4,07;363;false;true;true;10,21;0;7,73
326;0,79;3,87;363;false;true;true;10,02;0;7,86
327;0,79;3,77;363;false;true;true;10,02;0;8
328;0,79;3,75;363;false;true;true;10,13;0;8,18
329;0,79;3,99;362;false;true;true;9,94;0;7,52
330;0,8;3,76;362;false;true;true;9,84;0;7,61
331;0,8;3,62;362;false;true;true;9,8;0;7,7
332;0,8;3,54;362;false;true;true;9,85;0;7,8
333;0,8;3,5;362;false;true;true;9,95;0;7,9
334;0,8;3,48;362;false;true;true;10,06;0;8,03
335;0,8;3,51;362;false;true;true;10,17;0;8,21
336;0,81;3,66;362;false;true;true;10,31;0;8,51
337;0,81;3,32;361;false;true;true;10,04;0;7,57
338;0,81;3,21;361;false;true;true;10;0;7,63
339;0,81;3,15;361;false;true;true;10;0;7,7
340;0,81;3,11;361;false;true;true;10,02;0;7,77
341;0,82;3,09;361;false;true;true;10,05;0;7,87
342;0,82;3,1;361;false;true;true;10,09;0;7,99
343;0,82;3,17;361;false;true;true;10,16;0;8,17
344;0,82;3,31;360;false;true;true;9,83;0;7,44
345;0,82;3,13;360;false;true;true;9,68;0;7,49
346;0,82;3,01;360;false;true;true;9,6;0;7,54
347;0,82;2,94;360;false;true;true;9,62;0;7,6
348;0,82;2,89;360;false;true;true;9,67;0;7,65
349;0,83;2,85;360;false;true;true;9,71;0;7,7
350;0,83;2,81;360;false;true;true;9,76;0;7,76
351;0,83;2,78;360;false;true;true;9,8;0;7,82
352;0,83;2,76;360;false;true;true;9,84;0;7,88
353;0,83;2,74;360;false;true;true;9,88;0;7,95
354;0,83;2,73;360;false;true;true;9,93;0;8,03
355;0,83;2,73;360;false;true;true;9,98;0;8,13
356;0,83;2,76;360;false;true;true;10,05;0;8,25
357;0,83;2,84;360;false;true;true;10,14;0;8,42
358;0,83;2,92;359;false;true;true;9,68;0;7,72
359;0,84;2,85;359;false;true;true;9,64;0;7,79
360;0,84;2,8;359;false;true;true;9,63;0;7,86
361;0,84;2,77;359;false;true;true;9,67;0;7,93
362;0,84;2,75;359;false;true;true;9,75;0;8,02
363;0,84;2,75;359;false;true;true;9,83;0;8,12
364;0,84;2,77;359;false;true;true;9,92;0;8,24
365;0,84;2,81;359;false;true;true;10,02;0;8,39
366;0,84;2,93;359;false;true;true;10,14;0;8,61
367;0,84;3,11;358;false;true;true;9,83;0;8,01
368;0,85;3,13;358;false;true;true;9,82;0;8,23
369;0,85;3,09;357;false;true;true;9,26;0;7,46
370;0,85;3;357;false;true;true;9,21;0;7,55
371;0,85;2,96;357;false;true;true;9,25;0;7,66
372;0,85;2,97;357;false;true;true;9,35;0;7,81
373;0,85;3,1;356;false;true;true;8,99;0;7,07
374;0,85;2,92;356;false;true;true;8,9;0;7,12
375;0,85;2,82;356;false;true;true;8,89;0;7,16
376;0,85;2,74;356;false;true;true;8,91;0;7,2
377;0,85;2,68;356;false;true;true;8,97;0;7,25
378;0,86;2,63;356;false;true;true;9,02;0;7,29
379;0,86;2,58;356;false;true;true;9,06;0;7,33
380;0,86;2,54;356;false;true;true;9,1;0;7,37
381;0,86;2,5;356;false;true;true;9,13;0;7,42
382;0,86;2,46;356;false;true;true;9,16;0;7,46
383;0,86;2,43;356;false;true;true;9,19;0;7,51
384;0,86;2,41;356;false;true;true;9,22;0;7,56
385;0,87;2,39;356;false;true;true;9,25;0;7,62
386;0,87;2,37;356;false;true;true;9,29;0;7,68
387;0,87;2,36;356;false;true;true;9,33;0;7,75
388;0,87;2,36;356;false;true;true;9,38;0;7,83
389;0,87;2,38;356;false;true;true;9,43;0;7,93
390;0,87;2,42;356;false;true;true;9,5;0;8,07
391;0,88;2,48;355;false;true;true;9,1;0;7,27
392;0,88;2,41;355;false;true;true;9,06;0;7,33
393;0,88;2,37;355;false;true;true;9,06;0;7,4
394;0,88;2,37;355;false;true;true;9,09;0;7,5
395;0,88;2,4;355;false;true;true;9,14;0;7,62
396;0,88;2,5;355;false;true;true;9,21;0;7,8
397;0,88;2,61;354;false;true;true;8,73;0;7,04
398;0,88;2,56;354;false;true;true;8,63;0;7,11
399;0,88;2,53;354;false;true;true;8,59;0;7,2
400;0,88;2,54;354;false;true;true;8,68;0;7,32
401;0,89;2,85;353;false;true;true;8,4;0;6,65
402;0,89;2,64;353;false;true;true;8,28;0;6,7
403;0,89;2,52;353;false;true;true;8,22;0;6,74
404;0,89;2,43;353;false;true;true;8,27;0;6,79
405;0,89;2,38;353;false;true;true;8,33;0;6,84
406;0,89;2,34;353;false;true;true;8,39;0;6,89
407;0,89;2,32;353;false;true;true;8,44;0;6,95
408;0,89;2,31;353;false;true;true;8,49;0;7,03
409;0,89;2,32;353;false;true;true;8,55;0;7,13
410;0,9;2,38;353;false;true;true;8,63;0;7,27
411;0,9;2,65;352;false;true;true;8,28;0;6,54
412;0,9;2,5;352;false;true;true;8,15;0;6,6
413;0,9;2,41;352;false;true;true;8,11;0;6,67
414;0,9;2,37;352;false;true;true;8,15;0;6,76
415;0,9;2,38;352;false;true;true;8,22;0;6,88
416;0,9;2,62;351;false;true;true;7,92;0;6,17
417;0,9;2,41;351;false;true;true;7,75;0;6,19
418;0,9;2,27;351;false;true;true;7,66;0;6,22
419;0,9;2,18;351;false;true;true;7,67;0;6,24
420;0,91;2,11;351;false;true;true;7,7;0;6,26
421;0,91;2,05;351;false;true;true;7,72;0;6,28
422;0,91;2;351;false;true;true;7,73;0;6,3
423;0,91;1,96;351;false;true;true;7,74;0;6,32
424;0,91;1,91;351;false;true;true;7,75;0;6,33
425;0,91;1,87;351;false;true;true;7,75;0;6,35
426;0,91;1,83;351;false;true;true;7,75;0;6,37
427;0,91;1,8;351;false;true;true;7,75;0;6,38
428;0,91;1,76;351;false;true;true;7,75;0;6,4
429;0,92;1,73;351;false;true;true;7,75;0;6,42
430;0,92;1,7;351;false;true;true;7,74;0;6,43
431;0,92;1,67;351;false;true;true;7,74;0;6,45
432;0,92;1,65;351;false;true;true;7,74;0;6,47
433;0,92;1,63;351;false;true;true;7,74;0;6,48
434;0,92;1,6;351;false;true;true;7,74;0;6,5
435;0,92;1,58;351;false;true;true;7,74;0;6,51
436;0,92;1,56;351;false;true;true;7,74;0;6,53
437;0,93;1,54;351;false;true;true;7,74;0;6,55
438;0,93;1,52;351;false;true;true;7,75;0;6,57
439;0,93;1,51;351;false;true;true;7,76;0;6,58
440;0,93;1,49;351;false;true;true;7,76;0;6,6
441;0,93;1,48;351;false;true;true;7,77;0;6,62
442;0,93;1,46;351;false;true;true;7,77;0;6,64
443;0,93;1,45;351;false;true;true;7,78;0;6,66
444;0,93;1,43;351;false;true;true;7,78;0;6,69
445;0,93;1,43;351;false;true;true;7,8;0;6,71
446;0,94;1,42;351;false;true;true;7,81;0;6,73
447;0,94;1,41;351;false;true;true;7,82;0;6,76
448;0,94;1,4;351;false;true;true;7,84;0;6,79
449;0,94;1,4;351;false;true;true;7,85;0;6,82
450;0,94;1,4;351;false;true;true;7,87;0;6,85
451;0,94;1,4;351;false;true;true;7,89;0;6,89
452;0,94;1,4;351;false;true;true;7,92;0;6,93
453;0,94;1,42;351;false;true;true;7,95;0;6,98
454;0,94;1,43;351;false;true;true;7,99;0;7,03
455;0,94;1,46;351;false;true;true;8,03;0;7,11
456;0,94;1,5;351;false;true;true;8,09;0;7,2
457;0,95;1,58;351;false;true;true;8,16;0;7,33
458;0,95;1,98;350;false;true;true;7,91;0;6,66
459;0,95;1,85;350;false;true;true;7,77;0;6,73
460;0,95;1,82;350;false;true;true;7,73;0;6,83
461;0,95;1,85;350;false;true;true;7,77;0;6,98
462;0,95;1,93;349;false;true;true;7,31;0;6,24
463;0,95;1,86;349;false;true;true;7,28;0;6,28
464;0,95;1,82;349;false;true;true;7,27;0;6,33
465;0,95;1,79;349;false;true;true;7,31;0;6,39
466;0,95;1,79;349;false;true;true;7,39;0;6,46
467;0,96;1,82;349;false;true;true;7,48;0;6,57
468;0,96;2;348;false;true;true;7,12;0;5,88
469;0,96;1,86;348;false;true;true;7,02;0;5,9
470;0,96;1,78;348;false;true;true;6,96;0;5,91
471;0,96;1,72;348;false;true;true;6,95;0;5,93
472;0,96;1,67;348;false;true;true;6,99;0;5,94
473;0,96;1,63;348;false;true;true;7,01;0;5,95
474;0,96;1,6;348;false;true;true;7,04;0;5,97
475;0,96;1,56;348;false;true;true;7,05;0;5,98
476;0,96;1,53;348;false;true;true;7,06;0;5,99
477;0,97;1,51;348;false;true;true;7,07;0;6
478;0,97;1,48;348;false;true;true;7,07;0;6
479;0,97;1,46;348;false;true;true;7,08;0;6,01
480;0,97;1,44;348;false;true;true;7,09;0;6,02
481;0,97;1,41;348;false;true;true;7,08;0;6,03
482;0,97;1,4;348;false;true;true;7,08;0;6,04
483;0,97;1,38;348;false;true;true;7,08;0;6,04
484;0,97;1,36;348;false;true;true;7,08;0;6,05
485;0,97;1,34;348;false;true;true;7,08;0;6,06
486;0,98;1,33;348;false;true;true;7,08;0;6,07
487;0,98;1,32;348;false;true;true;7,08;0;6,07
488;0,98;1,3;348;false;true;true;7,08;0;6,08
489;0,98;1,29;348;false;true;true;7,08;0;6,08
490;0,98;1,27;348;false;true;true;7,08;0;6,09
491;0,98;1,26;348;false;true;true;7,07;0;6,1
492;0,98;1,25;348;false;true;true;7,07;0;6,1
493;0,98;1,23;348;false;true;true;7,07;0;6,11
494;0,98;1,22;348;false;true;true;7,07;0;6,11
495;0,98;1,21;348;false;true;true;7,06;0;6,12
496;0,99;1,19;348;false;true;true;7,06;0;6,13
497;0,99;1,18;348;false;true;true;7,06;0;6,13
498;0,99;1,17;348;false;true;true;7,06;0;6,14
499;0,99;1,16;348;false;true;true;7,06;0;6,14
500;0,99;1,15;348;false;true;true;7,05;0;6,15
501;0,99;1,14;348;false;true;true;7,05;0;6,15
502;0,99;1,13;348;false;true;true;7,05;0;6,16
503;0,99;1,12;348;false;true;true;7,05;0;6,16
504;0,99;1,1;348;false;true;true;7,04;0;6,17
505;0,99;1,1;348;false;true;true;7,04;0;6,17
506;1;1,08;348;false;true;true;7,03;0;6,18
507;1;1,08;348;false;true;true;7,04;0;6,18
508;1;1,07;348;false;true;true;7,03;0;6,18
509;1;1,06;348;false;true;true;7,03;0;6,19
510;1;1,04;348;false;true;true;7,02;0;6,19
511;1;1,04;348;false;true;true;7,02;0;6,2
512;1;1,03;348;false;true;true;7,02;0;6,2
513;1;1,01;348;false;true;true;7,01;0;6,21
514;1;1,01;348;false;true;true;7,01;0;6,21
515;1;1;348;false;true;true;7,01;0;6,22
516;1,01;0,99;348;false;true;true;7;0;6,22
517;1,01;0,98;348;false;true;true;7;0;6,22
518;1,01;0,97;348;false;true;true;7;0;6,23
519;1,01;0,96;348;false;true;true;7;0;6,23
520;1,01;0,96;348;false;true;true;7;0;6,24
521;1,01;0,95;348;false;true;true;7;0;6,24
522;1,01;0,94;348;false;true;true;7;0;6,24
523;1,01;0,93;348;false;true;true;6,99;0;6,25
524;1,01;0,93;348;false;true;true;6,99;0;6,25
525;1,01;0,91;348;false;true;true;6,99;0;6,26
526;1,02;0,91;348;false;true;true;6,99;0;6,26
527;1,02;0,9;348;false;true;true;6,98;0;6,26
528;1,02;0,9;348;false;true;true;6,99;0;6,27
529;1,02;0,89;348;false;true;true;6,98;0;6,27
530;1,02;0,88;348;false;true;true;6,98;0;6,28
531;1,02;0,87;348;false;true;true;6,98;0;6,28
532;1,02;0,87;348;false;true;true;6,98;0;6,28
533;1,02;0,86;348;false;true;true;6,98;0;6,29
534;1,02;0,85;348;false;true;true;6,97;0;6,29
535;1,02;0,84;348;false;true;true;6,97;0;6,3
536;1,03;0,84;348;false;true;true;6,97;0;6,3
537;1,03;0,83;348;false;true;true;6,97;0;6,3
538;1,03;0,83;348;false;true;true;6,97;0;6,31
539;1,03;0,82;348;false;true;true;6,97;0;6,31
540;1,03;0,82;348;false;true;true;6,97;0;6,32
541;1,03;0,81;348;false;true;true;6,97;0;6,32
542;1,03;0,81;348;false;true;true;6,96;0;6,32
543;1,03;0,8;348;false;true;true;6,96;0;6,33
544;1,03;0,79;348;false;true;true;6,96;0;6,33
545;1,03;0,79;348;false;true;true;6,96;0;6,33
546;1,04;0,78;348;false;true;true;6,96;0;6,34
547;1,04;0,78;348;false;true;true;6,96;0;6,34
548;1,04;0,77;348;false;true;true;6,96;0;6,35
549;1,04;0,77;348;false;true;true;6,96;0;6,35
550;1,04;0,76;348;false;true;true;6,96;0;6,35
551;1,04;0,76;348;false;true;true;6,96;0;6,36
552;1,04;0,75;348;false;true;true;6,96;0;6,36
553;1,04;0,75;348;false;true;true;6,96;0;6,37
554;1,04;0,74;348;false;true;true;6,96;0;6,37
555;1,05;0,74;348;false;true;true;6,96;0;6,38
556;1,05;0,74;348;false;true;true;6,96;0;6,38
557;1,05;0,73;348;false;true;true;6,96;0;6,38
558;1,05;0,73;348;false;true;true;6,96;0;6,39
559;1,05;0,72;348;false;true;true;6,96;0;6,39
560;1,05;0,72;348;false;true;true;6,96;0;6,4
561;1,05;0,71;348;false;true;true;6,96;0;6,4
562;1,05;0,71;348;false;true;true;6,96;0;6,41
563;1,06;0,7;348;false;true;true;6,96;0;6,41
564;1,06;0,69;348;false;true;true;6,96;0;6,42
565;1,06;0,69;348;false;true;true;6,96;0;6,42
566;1,06;0,69;348;false;true;true;6,97;0;6,43
567;1,06;0,69;348;false;true;true;6,97;0;6,43
568;1,06;0,69;348;false;true;true;6,97;0;6,44
569;1,06;0,68;348;false;true;true;6,97;0;6,44
570;1,06;0,68;348;false;true;true;6,97;0;6,45
571;1,06;0,67;348;false;true;true;6,97;0;6,45
572;1,07;0,67;348;false;true;true;6,97;0;6,46
573;1,07;0,66;348;false;true;true;6,97;0;6,46
574;1,07;0,66;348;false;true;true;6,97;0;6,47
575;1,07;0,66;348;false;true;true;6,98;0;6,47
576;1,07;0,65;348;false;true;true;6,98;0;6,48
577;1,07;0,65;348;false;true;true;6,98;0;6,49
578;1,07;0,66;348;false;true;true;6,99;0;6,49
579;1,07;0,65;348;false;true;true;6,99;0;6,5
580;1,07;0,65;348;false;true;true;6,99;0;6,51
581;1,07;0,64;348;false;true;true;6,99;0;6,51
582;1,08;0,64;348;false;true;true;7;0;6,52
583;1,08;0,64;348;false;true;true;7;0;6,53
584;1,08;0,64;348;false;true;true;7,01;0;6,54
585;1,08;0,63;348;false;true;true;7,01;0;6,55
586;1,08;0,64;348;false;true;true;7,03;0;6,56
587;1,08;0,64;348;false;true;true;7,03;0;6,57
588;1,08;0,64;348;false;true;true;7,04;0;6,58
589;1,08;0,64;348;false;true;true;7,04;0;6,59
590;1,08;0,64;348;false;true;true;7,06;0;6,61
591;1,08;0,65;348;false;true;true;7,07;0;6,62
592;1,09;0,65;348;false;true;true;7,08;0;6,64
593;1,09;0,65;348;false;true;true;7,09;0;6,66
594;1,09;0,66;348;false;true;true;7,11;0;6,68
595;1,09;0,68;348;false;true;true;7,12;0;6,71
596;1,09;0,69;348;false;true;true;7,15;0;6,74
597;1,09;0,72;348;false;true;true;7,17;0;6,79
598;1,09;0,76;348;false;true;true;7,22;0;6,85
599;1,09;0,83;348;false;true;true;7,27;0;6,94
600;1,09;0,98;347;false;true;true;6,79;0;6,24
601;1,09;0,92;347;false;true;true;6,73;0;6,25
602;1,1;0,87;347;false;true;true;6,68;0;6,26
603;1,1;0,85;347;false;true;true;6,69;0;6,27
604;1,1;0,82;347;false;true;true;6,72;0;6,28
605;1,1;0,8;347;false;true;true;6,75;0;6,29
606;1,1;0,79;347;false;true;true;6,77;0;6,29
607;1,1;0,78;347;false;true;true;6,78;0;6,3
608;1,1;0,76;347;false;true;true;6,79;0;6,31
609;1,1;0,75;347;false;true;true;6,8;0;6,31
610;1,1;0,75;347;false;true;true;6,81;0;6,32
611;1,1;0,74;347;false;true;true;6,82;0;6,33
612;1,11;0,73;347;false;true;true;6,83;0;6,34
613;1,11;0,72;347;false;true;true;6,83;0;6,34
614;1,11;0,72;347;false;true;true;6,84;0;6,35
615;1,11;0,72;347;false;true;true;6,85;0;6,36
616;1,11;0,71;347;false;true;true;6,85;0;6,36
617;1,11;0,71;347;false;true;true;6,86;0;6,37
618;1,11;0,71;347;false;true;true;6,87;0;6,38
619;1,11;0,7;347;false;true;true;6,87;0;6,39
620;1,11;0,7;347;false;true;true;6,88;0;6,39
621;1,11;0,7;347;false;true;true;6,89;0;6,4
622;1,12;0,69;347;false;true;true;6,89;0;6,41
623;1,12;0,69;347;false;true;true;6,9;0;6,42
624;1,12;0,69;347;false;true;true;6,91;0;6,43
625;1,12;0,69;347;false;true;true;6,92;0;6,44
626;1,12;0,69;347;false;true;true;6,93;0;6,45
627;1,12;0,69;347;false;true;true;6,94;0;6,47
628;1,12;0,69;347;false;true;true;6,94;0;6,48
629;1,12;0,7;347;false;true;true;6,96;0;6,5
630;1,12;0,7;347;false;true;true;6,97;0;6,51
631;1,12;0,71;347;false;true;true;6,98;0;6,54
632;1,12;0,71;347;false;true;true;7;0;6,56
633;1,13;0,73;347;false;true;true;7,03;0;6,59
634;1,13;0,75;347;false;true;true;7,05;0;6,63
635;1,13;0,78;347;false;true;true;7,08;0;6,68
636;1,13;0,83;347;false;true;true;7,12;0;6,76
637;1,13;0,95;347;false;true;true;7,19;0;6,9
638;1,13;1,08;346;false;true;true;6,71;0;6,11
639;1,13;1;346;false;true;true;6,61;0;6,13
640;1,13;0,95;346;false;true;true;6,56;0;6,14
641;1,13;0,91;346;false;true;true;6,58;0;6,15
642;1,13;0,88;346;false;true;true;6,62;0;6,16
643;1,14;0,86;346;false;true;true;6,65;0;6,17
644;1,14;0,84;346;false;true;true;6,68;0;6,18
645;1,14;0,83;346;false;true;true;6,7;0;6,19
646;1,14;0,82;346;false;true;true;6,72;0;6,19
647;1,14;0,81;346;false;true;true;6,73;0;6,2
648;1,14;0,8;346;false;true;true;6,74;0;6,21
649;1,14;0,79;346;false;true;true;6,75;0;6,22
650;1,14;0,78;346;false;true;true;6,76;0;6,22
651;1,14;0,78;346;false;true;true;6,77;0;6,23
652;1,14;0,77;346;false;true;true;6,77;0;6,24
653;1,15;0,76;346;false;true;true;6,78;0;6,24
654;1,15;0,76;346;false;true;true;6,79;0;6,25
655;1,15;0,75;346;false;true;true;6,79;0;6,26
656;1,15;0,75;346;false;true;true;6,8;0;6,26
657;1,15;0,75;346;false;true;true;6,81;0;6,27
658;1,15;0,73;346;false;true;true;6,8;0;6,27
659;1,15;0,73;346;false;true;true;6,81;0;6,28
660;1,15;0,73;346;false;true;true;6,82;0;6,29
661;1,15;0,72;346;false;true;true;6,82;0;6,29
662;1,15;0,71;346;false;true;true;6,82;0;6,3
663;1,16;0,72;346;false;true;true;6,83;0;6,31
664;1,16;0,71;346;false;true;true;6,83;0;6,31
665;1,16;0,71;346;false;true;true;6,84;0;6,32
666;1,16;0,7;346;false;true;true;6,84;0;6,33
667;1,16;0,7;346;false;true;true;6,84;0;6,33
668;1,16;0,69;346;false;true;true;6,85;0;6,34
669;1,16;0,7;346;false;true;true;6,86;0;6,35
670;1,16;0,69;346;false;true;true;6,86;0;6,35
671;1,16;0,68;346;false;true;true;6,86;0;6,36
672;1,16;0,68;346;false;true;true;6,86;0;6,37
673;1,17;0,67;346;false;true;true;6,87;0;6,38
674;1,17;0,67;346;false;true;true;6,87;0;6,38
675;1,17;0,67;346;false;true;true;6,88;0;6,39
676;1,17;0,66;346;false;true;true;6,88;0;6,4
677;1,17;0,66;346;false;true;true;6,89;0;6,41
678;1,17;0,66;346;false;true;true;6,89;0;6,42
679;1,17;0,65;346;false;true;true;6,89;0;6,43
680;1,17;0,65;346;false;true;true;6,9;0;6,44
681;1,17;0,65;346;false;true;true;6,91;0;6,45
682;1,18;0,65;346;false;true;true;6,91;0;6,46
683;1,18;0,64;346;false;true;true;6,92;0;6,47
684;1,18;0,64;346;false;true;true;6,93;0;6,49
685;1,18;0,64;346;false;true;true;6,94;0;6,5
686;1,18;0,64;346;false;true;true;6,95;0;6,52
687;1,18;0,64;346;false;true;true;6,96;0;6,53
688;1,18;0,65;346;false;true;true;6,97;0;6,55
689;1,18;0,65;346;false;true;true;6,99;0;6,58
690;1,18;0,66;346;false;true;true;7,01;0;6,61
691;1,18;0,68;346;false;true;true;7,03;0;6,64
692;1,19;0,71;346;false;true;true;7,07;0;6,69
693;1,19;0,75;346;false;true;true;7,11;0;6,76
694;1,19;0,82;346;false;true;true;7,16;0;6,86
695;1,19;0,96;345;false;true;true;6,63;0;6,12
696;1,19;0,9;345;false;true;true;6,57;0;6,13
697;1,19;0,86;345;false;true;true;6,53;0;6,14
698;1,19;0,83;345;false;true;true;6,53;0;6,16
699;1,19;0,81;345;false;true;true;6,58;0;6,17
700;1,19;0,79;345;false;true;true;6,61;0;6,18
701;1,2;0,78;345;false;true;true;6,63;0;6,19
702;1,2;0,76;345;false;true;true;6,65;0;6,2
703;1,2;0,76;345;false;true;true;6,66;0;6,21
704;1,2;0,74;345;false;true;true;6,67;0;6,22
705;1,2;0,74;345;false;true;true;6,68;0;6,23
706;1,2;0,73;345;false;true;true;6,69;0;6,24
707;1,2;0,73;345;false;true;true;6,7;0;6,25
708;1,2;0,72;345;false;true;true;6,71;0;6,26
709;1,2;0,72;345;false;true;true;6,72;0;6,27
710;1,2;0,72;345;false;true;true;6,73;0;6,28
711;1,21;0,72;345;false;true;true;6,75;0;6,3
712;1,21;0,72;345;false;true;true;6,75;0;6,31
713;1,21;0,72;345;false;true;true;6,77;0;6,33
714;1,21;0,72;345;false;true;true;6,78;0;6,35
715;1,21;0,73;345;false;true;true;6,79;0;6,37
716;1,21;0,73;345;false;true;true;6,81;0;6,39
717;1,21;0,74;345;false;true;true;6,83;0;6,43
718;1,21;0,76;345;false;true;true;6,86;0;6,47
719;1,21;0,8;345;false;true;true;6,9;0;6,52
720;1,21;0,85;345;false;true;true;6,94;0;6,6
721;1,22;0,96;345;false;true;true;7;0;6,75
722;1,22;1,05;344;false;true;true;6,53;0;5,95
723;1,22;0,97;344;false;true;true;6,44;0;5,96
724;1,22;0,91;344;false;true;true;6,38;0;5,97
725;1,22;0,87;344;false;true;true;6,37;0;5,98
726;1,22;0,85;344;false;true;true;6,41;0;5,99
727;1,22;0,83;344;false;true;true;6,45;0;6
728;1,22;0,81;344;false;true;true;6,47;0;6
729;1,22;0,8;344;false;true;true;6,49;0;6,01
730;1,22;0,78;344;false;true;true;6,49;0;6,01
731;1,23;0,77;344;false;true;true;6,51;0;6,02
732;1,23;0,76;344;false;true;true;6,52;0;6,02
733;1,23;0,76;344;false;true;true;6,53;0;6,03
734;1,23;0,74;344;false;true;true;6,53;0;6,03
735;1,23;0,73;344;false;true;true;6,53;0;6,04
736;1,24;0,72;344;false;true;true;6,54;0;6,04
737;1,24;0,72;344;false;true;true;6,54;0;6,05
738;1,24;0,71;344;false;true;true;6,54;0;6,05
739;1,24;0,7;344;false;true;true;6,54;0;6,05
740;1,24;0,69;344;false;true;true;6,54;0;6,06
741;1,24;0,68;344;false;true;true;6,55;0;6,06
742;1,24;0,68;344;false;true;true;6,55;0;6,06
743;1,24;0,67;344;false;true;true;6,55;0;6,07
744;1,24;0,67;344;false;true;true;6,55;0;6,07
745;1,25;0,66;344;false;true;true;6,55;0;6,07
746;1,25;0,65;344;false;true;true;6,55;0;6,08
747;1,25;0,65;344;false;true;true;6,55;0;6,08
748;1,25;0,64;344;false;true;true;6,54;0;6,08
749;1,25;0,63;344;false;true;true;6,55;0;6,08
750;1,25;0,63;344;false;true;true;6,54;0;6,09
751;1,25;0,62;344;false;true;true;6,54;0;6,09
752;1,25;0,61;344;false;true;true;6,54;0;6,09
753;1,25;0,6;344;false;true;true;6,53;0;6,1
754;1,25;0,59;344;false;true;true;6,53;0;6,1
755;1,25;0,59;344;false;true;true;6,53;0;6,1
756;1,26;0,58;344;false;true;true;6,53;0;6,1
757;1,26;0,58;344;false;true;true;6,53;0;6,11
758;1,26;0,57;344;false;true;true;6,53;0;6,11
759;1,26;0,57;344;false;true;true;6,53;0;6,11
760;1,26;0,56;344;false;true;true;6,53;0;6,11
761;1,26;0,56;344;false;true;true;6,53;0;6,12
762;1,26;0,56;344;false;true;true;6,53;0;6,12
763;1,26;0,55;344;false;true;true;6,53;0;6,12
764;1,26;0,55;344;false;true;true;6,52;0;6,12
765;1,26;0,54;344;false;true;true;6,53;0;6,12
766;1,27;0,54;344;false;true;true;6,52;0;6,13
767;1,27;0,53;344;false;true;true;6,52;0;6,13
768;1,27;0,52;344;false;true;true;6,52;0;6,13
769;1,27;0,52;344;false;true;true;6,51;0;6,13
770;1,27;0,51;344;false;true;true;6,51;0;6,13
771;1,27;0,51;344;false;true;true;6,51;0;6,14
772;1,27;0,5;344;false;true;true;6,51;0;6,14
773;1,27;0,5;344;false;true;true;6,51;0;6,14
774;1,27;0,49;344;false;true;true;6,5;0;6,14
775;1,27;0,48;344;false;true;true;6,5;0;6,14
776;1,28;0,48;344;false;true;true;6,5;0;6,15
777;1,28;0,48;344;false;true;true;6,5;0;6,15
778;1,28;0,47;344;false;true;true;6,5;0;6,15
779;1,28;0,47;344;false;true;true;6,5;0;6,15
780;1,28;0,46;344;false;true;true;6,49;0;6,15
781;1,28;0,46;344;false;true;true;6,49;0;6,16
782;1,28;0,46;344;false;true;true;6,49;0;6,16
783;1,31;0,45;344;false;true;true;6,49;0;6,16
784;1,31;0,45;344;false;true;true;6,49;0;6,16
785;1,31;0,44;344;false;true;true;6,49;0;6,16
786;1,32;0,44;344;false;true;true;6,49;0;6,16
787;1,32;0,44;344;false;true;true;6,49;0;6,17
788;1,32;0,44;344;false;true;true;6,49;0;6,17
789;1,32;0,43;344;false;true;true;6,49;0;6,17
790;1,32;0,43;344;false;true;true;6,49;0;6,17
791;1,32;0,42;344;false;true;true;6,48;0;6,17
792;1,32;0,42;344;false;true;true;6,48;0;6,17
793;1,32;0,41;344;false;true;true;6,48;0;6,18
794;1,32;0,41;344;false;true;true;6,48;0;6,18
795;1,32;0,41;344;false;true;true;6,48;0;6,18
796;1,33;0,4;344;false;true;true;6,47;0;6,18
797;1,33;0,4;344;false;true;true;6,47;0;6,18
798;1,33;0,39;344;false;true;true;6,47;0;6,18
799;1,33;0,39;344;false;true;true;6,47;0;6,19
800;1,33;0,39;344;false;true;true;6,47;0;6,19
801;1,33;0,38;344;false;true;true;6,47;0;6,19
802;1,33;0,38;344;false;true;true;6,47;0;6,19
803;1,33;0,38;344;false;true;true;6,47;0;6,19
804;1,33;0,37;344;false;true;true;6,47;0;6,19
805;1,33;0,37;344;false;true;true;6,47;0;6,19
806;1,34;0,37;344;false;true;true;6,47;0;6,2
807;1,34;0,36;344;false;true;true;6,47;0;6,2
808;1,34;0,36;344;false;true;true;6,46;0;6,2
809;1,34;0,36;344;false;true;true;6,47;0;6,2
810;1,34;0,36;344;false;true;true;6,46;0;6,2
811;1,34;0,36;344;false;true;true;6,47;0;6,2
812;1,34;0,35;344;false;true;true;6,46;0;6,21
813;1,34;0,34;344;false;true;true;6,46;0;6,21
814;1,34;0,34;344;false;true;true;6,46;0;6,21
815;1,34;0,34;344;false;true;true;6,46;0;6,21
816;1,35;0,33;344;false;true;true;6,45;0;6,21
817;1,35;0,33;344;false;true;true;6,45;0;6,21
818;1,35;0,33;344;false;true;true;6,45;0;6,21
819;1,35;0,32;344;false;true;true;6,45;0;6,22
820;1,35;0,32;344;false;true;true;6,45;0;6,22
821;1,35;0,32;344;false;true;true;6,45;0;6,22
822;1,35;0,32;344;false;true;true;6,45;0;6,22
823;1,35;0,31;344;false;true;true;6,45;0;6,22
824;1,35;0,31;344;false;true;true;6,45;0;6,22
825;1,35;0,31;344;false;true;true;6,45;0;6,22
826;1,36;0,31;344;false;true;true;6,45;0;6,22
827;1,36;0,31;344;false;true;true;6,45;0;6,23
828;1,36;0,3;344;false;true;true;6,44;0;6,23
829;1,36;0,3;344;false;true;true;6,45;0;6,23
830;1,36;0,3;344;false;true;true;6,45;0;6,23
831;1,36;0,29;344;false;true;true;6,45;0;6,23
832;1,36;0,29;344;false;true;true;6,44;0;6,23
833;1,36;0,29;344;false;true;true;6,44;0;6,23
834;1,36;0,28;344;false;true;true;6,44;0;6,24
835;1,36;0,28;344;false;true;true;6,44;0;6,24
836;1,37;0,28;344;false;true;true;6,44;0;6,24
837;1,37;0,27;344;false;true;true;6,44;0;6,24
838;1,37;0,27;344;false;true;true;6,44;0;6,24
839;1,37;0,28;344;false;true;true;6,44;0;6,24
840;1,37;0,27;344;false;true;true;6,44;0;6,24
841;1,37;0,27;344;false;true;true;6,44;0;6,24
842;1,37;0,26;344;false;true;true;6,43;0;6,25
843;1,37;0,26;344;false;true;true;6,43;0;6,25
844;1,37;0,26;344;false;true;true;6,43;0;6,25
845;1,37;0,26;344;false;true;true;6,44;0;6,25
846;1,38;0,26;344;false;true;true;6,43;0;6,25
847;1,38;0,25;344;false;true;true;6,43;0;6,25
848;1,38;0,25;344;false;true;true;6,43;0;6,25
849;1,38;0,26;344;false;true;true;6,44;0;6,26
850;1,38;0,25;344;false;true;true;6,44;0;6,26
851;1,38;0,25;344;false;true;true;6,43;0;6,26
852;1,38;0,25;344;false;true;true;6,44;0;6,26
853;1,38;0,25;344;false;true;true;6,44;0;6,26
854;1,38;0,24;344;false;true;true;6,44;0;6,26
855;1,38;0,24;344;false;true;true;6,43;0;6,26
856;1,38;0,24;344;false;true;true;6,44;0;6,26
857;1,39;0,24;344;false;true;true;6,44;0;6,27
858;1,39;0,23;344;false;true;true;6,43;0;6,27
859;1,39;0,23;344;false;true;true;6,43;0;6,27
860;1,39;0,23;344;false;true;true;6,43;0;6,27
861;1,39;0,22;344;false;true;true;6,43;0;6,27
862;1,39;0,22;344;false;true;true;6,43;0;6,27
863;1,39;0,22;344;false;true;true;6,43;0;6,27
864;1,39;0,22;344;false;true;true;6,43;0;6,27
865;1,39;0,22;344;false;true;true;6,43;0;6,27
866;1,39;0,21;344;false;true;true;6,43;0;6,28
867;1,4;0,21;344;false;true;true;6,43;0;6,28
868;1,4;0,22;344;false;true;true;6,43;0;6,28
869;1,4;0,21;344;false;true;true;6,43;0;6,28
870;1,4;0,21;344;false;true;true;6,43;0;6,28
871;1,4;0,21;344;false;true;true;6,43;0;6,28
872;1,4;0,21;344;false;true;true;6,43;0;6,28
873;1,4;0,21;344;false;true;true;6,43;0;6,28
874;1,4;0,2;344;false;true;true;6,43;0;6,29
875;1,4;0,2;344;false;true;true;6,43;0;6,29
876;1,4;0,2;344;false;true;true;6,43;0;6,29
877;1,41;0,2;344;false;true;true;6,43;0;6,29
878;1,41;0,2;344;false;true;true;6,43;0;6,29
879;1,41;0,2;344;false;true;true;6,44;0;6,29
880;1,41;0,2;344;false;true;true;6,43;0;6,29
881;1,41;0,19;344;false;true;true;6,43;0;6,29
882;1,41;0,19;344;false;true;true;6,43;0;6,3
883;1,41;0,19;344;false;true;true;6,43;0;6,3
884;1,41;0,19;344;false;true;true;6,43;0;6,3
885;1,41;0,19;344;false;true;true;6,43;0;6,3
886;1,41;0,19;344;false;true;true;6,43;0;6,3
887;1,42;0,19;344;false;true;true;6,43;0;6,3
888;1,42;0,18;344;false;true;true;6,43;0;6,3
889;1,42;0,18;344;false;true;true;6,43;0;6,3
890;1,42;0,17;344;false;true;true;6,42;0;6,31
891;1,42;0,17;344;false;true;true;6,43;0;6,31
892;1,42;0,17;344;false;true;true;6,43;0;6,31
893;1,42;0,18;344;false;true;true;6,43;0;6,31
894;1,42;0,17;344;false;true;true;6,43;0;6,31
895;1,42;0,17;344;false;true;true;6,43;0;6,31
896;1,42;0,17;344;false;true;true;6,43;0;6,31
897;1,43;0,17;344;false;true;true;6,43;0;6,31
898;1,43;0,17;344;false;true;true;6,44;0;6,31
899;1,43;0,17;344;false;true;true;6,43;0;6,32
900;1,43;0,17;344;false;true;true;6,43;0;6,32
901;1,43;0,16;344;false;true;true;6,43;0;6,32
902;1,43;0,17;344;false;true;true;6,43;0;6,32
903;1,43;0,17;344;false;true;true;6,43;0;6,32
904;1,43;0,17;344;false;true;true;6,44;0;6,32
905;1,43;0,17;344;false;true;true;6,44;0;6,32
906;1,43;0,17;344;false;true;true;6,44;0;6,32
907;1,44;0,16;344;false;true;true;6,44;0;6,33
908;1,44;0,16;344;false;true;true;6,44;0;6,33
909;1,44;0,16;344;false;true;true;6,44;0;6,33
910;1,44;0,16;344;false;true;true;6,44;0;6,33
911;1,44;0,16;344;false;true;true;6,44;0;6,33
912;1,44;0,16;344;false;true;true;6,44;0;6,33
913;1,44;0,15;344;false;true;true;6,44;0;6,33
914;1,44;0,15;344;false;true;true;6,44;0;6,33
915;1,44;0,15;344;false;true;true;6,44;0;6,34
916;1,45;0,15;344;false;true;true;6,44;0;6,34
917;1,45;0,15;344;false;true;true;6,44;0;6,34
918;1,45;0,15;344;false;true;true;6,44;0;6,34
919;1,45;0,15;344;false;true;true;6,45;0;6,34
920;1,45;0,15;344;false;true;true;6,45;0;6,34
921;1,45;0,15;344;false;true;true;6,44;0;6,34
922;1,45;0,15;344;false;true;true;6,44;0;6,34
923;1,45;0,14;344;false;true;true;6,44;0;6,35
924;1,45;0,15;344;false;true;true;6,45;0;6,35
925;1,45;0,14;344;false;true;true;6,44;0;6,35
926;1,46;0,15;344;false;true;true;6,45;0;6,35
927;1,46;0,15;344;false;true;true;6,45;0;6,35
928;1,46;0,14;344;false;true;true;6,45;0;6,35
929;1,46;0,15;344;false;true;true;6,46;0;6,35
930;1,46;0,15;344;false;true;true;6,45;0;6,36
931;1,46;0,14;344;false;true;true;6,45;0;6,36
932;1,46;0,14;344;false;true;true;6,46;0;6,36
933;1,46;0,14;344;false;true;true;6,45;0;6,36
934;1,46;0,14;344;false;true;true;6,46;0;6,36
935;1,46;0,14;344;false;true;true;6,45;0;6,36
936;1,47;0,14;344;false;true;true;6,46;0;6,36
937;1,47;0,14;344;false;true;true;6,46;0;6,37
938;1,47;0,14;344;false;true;true;6,46;0;6,37
939;1,47;0,14;344;false;true;true;6,46;0;6,37
940;1,47;0,14;344;false;true;true;6,46;0;6,37
941;1,47;0,14;344;false;true;true;6,46;0;6,37
942;1,47;0,14;344;false;true;true;6,46;0;6,37
943;1,47;0,14;344;false;true;true;6,46;0;6,37
944;1,47;0,14;344;false;true;true;6,47;0;6,38
945;1,47;0,13;344;false;true;true;6,46;0;6,38
946;1,48;0,13;344;false;true;true;6,47;0;6,38
947;1,48;0,14;344;false;true;true;6,47;0;6,38
948;1,48;0,13;344;false;true;true;6,46;0;6,38
949;1,48;0,14;344;false;true;true;6,47;0;6,38
950;1,48;0,13;344;false;true;true;6,47;0;6,38
951;1,48;0,13;344;false;true;true;6,47;0;6,39
952;1,48;0,13;344;false;true;true;6,48;0;6,39
953;1,48;0,13;344;false;true;true;6,47;0;6,39
954;1,48;0,14;344;false;true;true;6,48;0;6,39
955;1,48;0,13;344;false;true;true;6,48;0;6,39
956;1,49;0,13;344;false;true;true;6,48;0;6,4
957;1,49;0,13;344;false;true;true;6,48;0;6,4
958;1,49;0,13;344;false;true;true;6,48;0;6,4
959;1,49;0,13;344;false;true;true;6,49;0;6,4
960;1,49;0,13;344;false;true;true;6,48;0;6,4
961;1,49;0,13;344;false;true;true;6,49;0;6,4
962;1,49;0,13;344;false;true;true;6,49;0;6,41
963;1,49;0,13;344;false;true;true;6,49;0;6,41
964;1,49;0,13;344;false;true;true;6,5;0;6,41
965;1,49;0,13;344;false;true;true;6,49;0;6,41
966;1,5;0,13;344;false;true;true;6,5;0;6,41
967;1,5;0,13;344;false;true;true;6,5;0;6,42
968;1,5;0,13;344;false;true;true;6,5;0;6,42
969;1,5;0,13;344;false;true;true;6,5;0;6,42
970;1,5;0,13;344;false;true;true;6,5;0;6,42
971;1,5;0,13;344;false;true;true;6,5;0;6,42
972;1,5;0,13;344;false;true;true;6,5;0;6,43
973;1,5;0,13;344;false;true;true;6,51;0;6,43
974;1,5;0,13;344;false;true;true;6,51;0;6,43
975;1,5;0,13;344;false;true;true;6,52;0;6,43
976;1,5;0,14;344;false;true;true;6,52;0;6,44
977;1,51;0,13;344;false;true;true;6,52;0;6,44
978;1,51;0,13;344;false;true;true;6,52;0;6,44
979;1,51;0,14;344;false;true;true;6,53;0;6,44
980;1,51;0,14;344;false;true;true;6,53;0;6,45
981;1,51;0,13;344;false;true;true;6,53;0;6,45
982;1,51;0,13;344;false;true;true;6,53;0;6,45
983;1,51;0,13;344;false;true;true;6,53;0;6,46
984;1,51;0,13;344;false;true;true;6,54;0;6,46
985;1,51;0,14;344;false;true;true;6,54;0;6,46
986;1,51;0,14;344;false;true;true;6,54;0;6,46
987;1,52;0,14;344;false;true;true;6,55;0;6,47
988;1,52;0,14;344;false;true;true;6,56;0;6,47
989;1,52;0,14;344;false;true;true;6,56;0;6,48
990;1,52;0,14;344;false;true;true;6,55;0;6,48
991;1,52;0,14;344;false;true;true;6,56;0;6,48
992;1,52;0,14;344;false;true;true;6,56;0;6,49
993;1,52;0,14;344;false;true;true;6,57;0;6,49
994;1,52;0,14;344;false;true;true;6,57;0;6,49
995;1,52;0,14;344;false;true;true;6,58;0;6,5
996;1,52;0,15;344;false;true;true;6,58;0;6,5
997;1,53;0,15;344;false;true;true;6,59;0;6,51
998;1,53;0,15;344;false;true;true;6,59;0;6,51
999;1,53;0,15;344;false;true;true;6,6;0;6,52
1000;1,53;0,16;344;false;true;true;6,61;0;6,52
1001;1,53;0,15;344;false;true;true;6,61;0;6,53
1002;1,53;0,16;344;false;true;true;6,62;0;6,53
1003;1,53;0,16;344;false;true;true;6,62;0;6,54
1004;1,53;0,16;344;false;true;true;6,63;0;6,55
1005;1,53;0,17;344;false;true;true;6,64;0;6,55
1006;1,53;0,17;344;false;true;true;6,64;0;6,56
1007;1,54;0,17;344;false;true;true;6,65;0;6,57
1008;1,54;0,17;344;false;true;true;6,66;0;6,58
1009;1,54;0,18;344;false;true;true;6,67;0;6,59
1010;1,54;0,19;344;false;true;true;6,68;0;6,6
1011;1,54;0,19;344;false;true;true;6,69;0;6,61
1012;1,54;0,19;344;false;true;true;6,7;0;6,62
1013;1,54;0,2;344;false;true;true;6,71;0;6,63
1014;1,54;0,21;344;false;true;true;6,73;0;6,65
1015;1,54;0,22;344;false;true;true;6,74;0;6,66
1016;1,54;0,23;344;false;true;true;6,76;0;6,68
1017;1,55;0,24;344;false;true;true;6,78;0;6,7
1018;1,55;0,25;344;false;true;true;6,8;0;6,72
1019;1,55;0,27;344;false;true;true;6,82;0;6,75
1020;1,55;0,29;344;false;true;true;6,85;0;6,78
1021;1,55;0,32;344;false;true;true;6,88;0;6,82
1022;1,55;0,35;344;false;true;true;6,92;0;6,87
1023;1,55;0,38;344;false;true;true;6,96;0;6,93
1024;1,55;0,44;344;false;true;true;7,01;0;7,01
1025;1,55;0,53;344;false;true;true;7,09;0;7,13
1026;1,55;0,68;344;false;true;true;7,19;0;7,32
1027;1,56;1,04;342;false;true;true;6,24;0;5,84
1028;1,56;0,89;342;false;true;true;6,08;0;5,85
1029;1,56;0,81;342;false;true;true;5,98;0;5,87
1030;1,56;0,76;342;false;true;true;5,98;0;5,88
1031;1,56;0,73;342;false;true;true;6,06;0;5,89
1032;1,56;0,7;342;false;true;true;6,11;0;5,9
1033;1,56;0,68;342;false;true;true;6,15;0;5,91
1034;1,56;0,67;342;false;true;true;6,19;0;5,91
1035;1,56;0,66;342;false;true;true;6,21;0;5,92
1036;1,57;0,64;342;false;true;true;6,23;0;5,92
1037;1,57;0,63;342;false;true;true;6,25;0;5,93
1038;1,57;0,63;342;false;true;true;6,27;0;5,93
1039;1,57;0,62;342;false;true;true;6,28;0;5,94
1040;1,57;0,61;342;false;true;true;6,29;0;5,94
1041;1,57;0,6;342;false;true;true;6,3;0;5,94
1042;1,57;0,59;342;false;true;true;6,3;0;5,95
1043;1,57;0,58;342;false;true;true;6,31;0;5,95
1044;1,57;0,58;342;false;true;true;6,31;0;5,95
1045;1,57;0,57;342;false;true;true;6,31;0;5,96
1046;1,58;0,56;342;false;true;true;6,31;0;5,96
1047;1,58;0,55;342;false;true;true;6,31;0;5,96
1048;1,58;0,55;342;false;true;true;6,32;0;5,96
1049;1,58;0,55;342;false;true;true;6,32;0;5,97
1050;1,58;0,54;342;false;true;true;6,32;0;5,97
1051;1,58;0,53;342;false;true;true;6,32;0;5,97
1052;1,58;0,52;342;false;true;true;6,32;0;5,97
1053;1,58;0,52;342;false;true;true;6,32;0;5,97
1054;1,58;0,51;342;false;true;true;6,32;0;5,98
1055;1,58;0,51;342;false;true;true;6,32;0;5,98
1056;1,59;0,5;342;false;true;true;6,32;0;5,98
1057;1,59;0,49;342;false;true;true;6,32;0;5,98
1058;1,59;0,48;342;false;true;true;6,31;0;5,98
1059;1,59;0,48;342;false;true;true;6,32;0;5,98
1060;1,59;0,48;342;false;true;true;6,31;0;5,99
1061;1,59;0,47;342;false;true;true;6,31;0;5,99
1062;1,59;0,46;342;false;true;true;6,31;0;5,99
1063;1,59;0,45;342;false;true;true;6,31;0;5,99
1064;1,59;0,45;342;false;true;true;6,3;0;5,99
1065;1,59;0,44;342;false;true;true;6,3;0;5,99
1066;1,6;0,44;342;false;true;true;6,3;0;5,99
1067;1,6;0,43;342;false;true;true;6,3;0;5,99
1068;1,6;0,42;342;false;true;true;6,29;0;6
1069;1,6;0,42;342;false;true;true;6,29;0;6
1070;1,6;0,41;342;false;true;true;6,29;0;6
1071;1,6;0,41;342;false;true;true;6,29;0;6
1072;1,6;0,4;342;false;true;true;6,29;0;6
1073;1,6;0,4;342;false;true;true;6,29;0;6
1074;1,6;0,4;342;false;true;true;6,29;0;6
1075;1,6;0,39;342;false;true;true;6,28;0;6
1076;1,61;0,39;342;false;true;true;6,28;0;6
1077;1,61;0,38;342;false;true;true;6,28;0;6,01
1078;1,61;0,38;342;false;true;true;6,28;0;6,01
1079;1,61;0,38;342;false;true;true;6,28;0;6,01
1080;1,61;0,38;342;false;true;true;6,28;0;6,01
1081;1,61;0,37;342;false;true;true;6,28;0;6,01
1082;1,61;0,37;342;false;true;true;6,27;0;6,01
1083;1,61;0,37;342;false;true;true;6,28;0;6,01
1084;1,61;0,36;342;false;true;true;6,27;0;6,01
1085;1,61;0,36;342;false;true;true;6,27;0;6,01
1086;1,62;0,35;342;false;true;true;6,27;0;6,01
1087;1,62;0,34;342;false;true;true;6,26;0;6,01
1088;1,62;0,34;342;false;true;true;6,26;0;6,01
1089;1,62;0,34;342;false;true;true;6,26;0;6,01
1090;1,62;0,33;342;false;true;true;6,26;0;6,02
1091;1,62;0,33;342;false;true;true;6,26;0;6,02
1092;1,62;0,33;342;false;true;true;6,26;0;6,02
1093;1,62;0,32;342;false;true;true;6,25;0;6,02
1094;1,62;0,31;342;false;true;true;6,25;0;6,02
1095;1,62;0,31;342;false;true;true;6,25;0;6,02
1096;1,62;0,3;342;false;true;true;6,24;0;6,02
1097;1,63;0,31;342;false;true;true;6,24;0;6,02
1098;1,63;0,3;342;false;true;true;6,24;0;6,02
1099;1,63;0,3;342;false;true;true;6,24;0;6,02
1100;1,63;0,3;342;false;true;true;6,24;0;6,02
1101;1,63;0,29;342;false;true;true;6,23;0;6,02
1102;1,63;0,29;342;false;true;true;6,24;0;6,02
1103;1,63;0,28;342;false;true;true;6,23;0;6,02
1104;1,63;0,29;342;false;true;true;6,24;0;6,02
1105;1,63;0,29;342;false;true;true;6,23;0;6,02
1106;1,63;0,28;342;false;true;true;6,23;0;6,02
1107;1,64;0,28;342;false;true;true;6,23;0;6,03
1108;1,64;0,27;342;false;true;true;6,22;0;6,03
1109;1,64;0,27;342;false;true;true;6,23;0;6,03
1110;1,64;0,26;342;false;true;true;6,22;0;6,03
1111;1,64;0,26;342;false;true;true;6,22;0;6,03
1112;1,64;0,26;342;false;true;true;6,22;0;6,03
1113;1,64;0,26;342;false;true;true;6,22;0;6,03
1114;1,64;0,25;342;false;true;true;6,21;0;6,03
1115;1,64;0,24;342;false;true;true;6,21;0;6,03
1116;1,64;0,24;342;false;true;true;6,21;0;6,03
1117;1,65;0,24;342;false;true;true;6,21;0;6,03
1118;1,65;0,24;342;false;true;true;6,2;0;6,03
1119;1,65;0,23;342;false;true;true;6,2;0;6,03
1120;1,65;0,23;342;false;true;true;6,2;0;6,03
1121;1,65;0,23;342;false;true;true;6,2;0;6,03
1122;1,65;0,23;342;false;true;true;6,2;0;6,03
1123;1,65;0,23;342;false;true;true;6,2;0;6,03
1124;1,65;0,22;342;false;true;true;6,2;0;6,03
1125;1,65;0,22;342;false;true;true;6,2;0;6,03
1126;1,65;0,22;342;false;true;true;6,19;0;6,03
1127;1,66;0,22;342;false;true;true;6,2;0;6,03
1128;1,66;0,22;342;false;true;true;6,2;0;6,03
1129;1,66;0,22;342;false;true;true;6,2;0;6,03
1130;1,66;0,22;342;false;true;true;6,2;0;6,04
1131;1,66;0,22;342;false;true;true;6,19;0;6,04
1132;1,66;0,21;342;false;true;true;6,19;0;6,04
1133;1,66;0,2;342;false;true;true;6,19;0;6,04
1134;1,66;0,2;342;false;true;true;6,18;0;6,04
1135;1,66;0,2;342;false;true;true;6,18;0;6,04
1136;1,66;0,2;342;false;true;true;6,18;0;6,04
1137;1,67;0,2;342;false;true;true;6,18;0;6,04
1138;1,67;0,19;342;false;true;true;6,18;0;6,04
1139;1,67;0,19;342;false;true;true;6,18;0;6,04
1140;1,67;0,19;342;false;true;true;6,18;0;6,04
1141;1,67;0,19;342;false;true;true;6,17;0;6,04
1142;1,67;0,18;342;false;true;true;6,17;0;6,04
1143;1,67;0,18;342;false;true;true;6,16;0;6,04
1144;1,67;0,17;342;false;true;true;6,17;0;6,04
1145;1,67;0,17;342;false;true;true;6,16;0;6,04
1146;1,67;0,17;342;false;true;true;6,17;0;6,04
1147;1,68;0,17;342;false;true;true;6,16;0;6,04
1148;1,68;0,17;342;false;true;true;6,17;0;6,04
1149;1,68;0,17;342;false;true;true;6,17;0;6,04
1150;1,68;0,17;342;false;true;true;6,17;0;6,04
1151;1,68;0,17;342;false;true;true;6,16;0;6,04
1152;1,68;0,16;342;false;true;true;6,16;0;6,04
1153;1,68;0,16;342;false;true;true;6,16;0;6,04
1154;1,68;0,16;342;false;true;true;6,16;0;6,04
1155;1,68;0,16;342;false;true;true;6,16;0;6,04
1156;1,68;0,16;342;false;true;true;6,16;0;6,04
1157;1,69;0,16;342;false;true;true;6,16;0;6,04
1158;1,69;0,16;342;false;true;true;6,16;0;6,04
1159;1,69;0,16;342;false;true;true;6,16;0;6,05
1160;1,69;0,15;342;false;true;true;6,16;0;6,05
1161;1,69;0,15;342;false;true;true;6,16;0;6,05
1162;1,69;0,15;342;false;true;true;6,15;0;6,05
1163;1,69;0,15;342;false;true;true;6,15;0;6,05
1164;1,69;0,14;342;false;true;true;6,15;0;6,05
1165;1,69;0,14;342;false;true;true;6,15;0;6,05
1166;1,7;0,14;342;false;true;true;6,15;0;6,05
1167;1,7;0,14;342;false;true;true;6,15;0;6,05
1168;1,7;0,14;342;false;true;true;6,15;0;6,05
1169;1,7;0,14;342;false;true;true;6,15;0;6,05
1170;1,7;0,14;342;false;true;true;6,15;0;6,05
1171;1,7;0,14;342;false;true;true;6,15;0;6,05
1172;1,7;0,13;342;false;true;true;6,15;0;6,05
1173;1,7;0,13;342;false;true;true;6,14;0;6,05
1174;1,7;0,13;342;false;true;true;6,15;0;6,05
1175;1,7;0,13;342;false;true;true;6,15;0;6,05
1176;1,71;0,13;342;false;true;true;6,15;0;6,05
1177;1,71;0,12;342;false;true;true;6,14;0;6,05
1178;1,71;0,12;342;false;true;true;6,14;0;6,05
1179;1,71;0,12;342;false;true;true;6,14;0;6,05
1180;1,71;0,12;342;false;true;true;6,14;0;6,05
1181;1,71;0,12;342;false;true;true;6,14;0;6,05
1182;1,71;0,12;342;false;true;true;6,14;0;6,05
1183;1,71;0,12;342;false;true;true;6,14;0;6,05
1184;1,71;0,11;342;false;true;true;6,13;0;6,05
1185;1,71;0,11;342;false;true;true;6,13;0;6,05
1186;1,72;0,11;342;false;true;true;6,13;0;6,05
1187;1,72;0,12;342;false;true;true;6,14;0;6,05
1188;1,72;0,11;342;false;true;true;6,13;0;6,05
1189;1,72;0,11;342;false;true;true;6,13;0;6,05
1190;1,72;0,11;342;false;true;true;6,13;0;6,05
1191;1,72;0,11;342;false;true;true;6,13;0;6,05
1192;1,72;0,11;342;false;true;true;6,13;0;6,05
1193;1,72;0,11;342;false;true;true;6,13;0;6,05
1194;1,72;0,1;342;false;true;true;6,13;0;6,05
1195;1,72;0,1;342;false;true;true;6,13;0;6,05
1196;1,73;0,1;342;false;true;true;6,13;0;6,05
1197;1,73;0,1;342;false;true;true;6,12;0;6,05
1198;1,73;0,1;342;false;true;true;6,13;0;6,05
1199;1,73;0,1;342;false;true;true;6,13;0;6,05
1200;1,73;0,1;342;false;true;true;6,13;0;6,05
1201;1,73;0,1;342;false;true;true;6,13;0;6,05
1202;1,73;0,1;342;false;true;true;6,13;0;6,06
1203;1,73;0,1;342;false;true;true;6,13;0;6,06
1204;1,73;0,1;342;false;true;true;6,13;0;6,06
1205;1,73;0,09;342;false;true;true;6,12;0;6,06
1206;1,74;0,09;342;false;true;true;6,12;0;6,06
1207;1,74;0,09;342;false;true;true;6,12;0;6,06
1208;1,74;0,09;342;false;true;true;6,12;0;6,06
1209;1,74;0,09;342;false;true;true;6,12;0;6,06
1210;1,74;0,09;342;false;true;true;6,12;0;6,06
1211;1,74;0,09;342;false;true;true;6,13;0;6,06
1212;1,74;0,09;342;false;true;true;6,12;0;6,06
1213;1,74;0,08;342;false;true;true;6,12;0;6,06
1214;1,74;0,09;342;false;true;true;6,12;0;6,06
1215;1,74;0,08;342;false;true;true;6,12;0;6,06
1216;1,75;0,09;342;false;true;true;6,12;0;6,06
1217;1,75;0,09;342;false;true;true;6,12;0;6,06
1218;1,75;0,08;342;false;true;true;6,12;0;6,06
1219;1,75;0,09;342;false;true;true;6,12;0;6,06
1220;1,75;0,09;342;false;true;true;6,12;0;6,06
1221;1,75;0,08;342;false;true;true;6,12;0;6,06
1222;1,75;0,08;342;false;true;true;6,12;0;6,06
1223;1,75;0,08;342;false;true;true;6,12;0;6,06
1224;1,75;0,08;342;false;true;true;6,12;0;6,06
1225;1,75;0,08;342;false;true;true;6,11;0;6,06
1226;1,75;0,08;342;false;true;true;6,11;0;6,06
1227;1,76;0,08;342;false;true;true;6,12;0;6,06
1228;1,76;0,08;342;false;true;true;6,12;0;6,06
1229;1,76;0,08;342;false;true;true;6,12;0;6,06
1230;1,76;0,08;342;false;true;true;6,12;0;6,06
1231;1,76;0,07;342;false;true;true;6,11;0;6,06
1232;1,76;0,07;342;false;true;true;6,11;0;6,06
1233;1,76;0,07;342;false;true;true;6,11;0;6,06
1234;1,76;0,08;342;false;true;true;6,12;0;6,06
1235;1,76;0,07;342;false;true;true;6,11;0;6,06
1236;1,76;0,08;342;false;true;true;6,12;0;6,06
1237;1,77;0,08;342;false;true;true;6,12;0;6,06
1238;1,77;0,08;342;false;true;true;6,12;0;6,06
1239;1,77;0,08;342;false;true;true;6,12;0;6,06
1240;1,77;0,07;342;false;true;true;6,11;0;6,06
1241;1,77;0,07;342;false;true;true;6,11;0;6,06
1242;1,77;0,07;342;false;true;true;6,11;0;6,06
1243;1,77;0,07;342;false;true;true;6,11;0;6,06
1244;1,77;0,07;342;false;true;true;6,11;0;6,06
1245;1,77;0,07;342;false;true;true;6,12;0;6,06
1246;1,77;0,07;342;false;true;true;6,12;0;6,06
1247;1,78;0,07;342;false;true;true;6,11;0;6,06
1248;1,78;0,07;342;false;true;true;6,11;0;6,06
1249;1,78;0,07;342;false;true;true;6,12;0;6,06
1250;1,78;0,07;342;false;true;true;6,11;0;6,06
1251;1,78;0,07;342;false;true;true;6,11;0;6,06
1252;1,78;0,07;342;false;true;true;6,12;0;6,06
1253;1,78;0,06;342;false;true;true;6,11;0;6,06
1254;1,78;0,07;342;false;true;true;6,11;0;6,07
1255;1,78;0,07;342;false;true;true;6,11;0;6,07
1256;1,78;0,06;342;false;true;true;6,11;0;6,07
1257;1,79;0,07;342;false;true;true;6,11;0;6,07
1258;1,79;0,07;342;false;true;true;6,11;0;6,07
1259;1,79;0,06;342;false;true;true;6,11;0;6,07
1260;1,79;0,07;342;false;true;true;6,12;0;6,07
1261;1,79;0,06;342;false;true;true;6,11;0;6,07
1262;1,79;0,07;342;false;true;true;6,11;0;6,07
1263;1,79;0,07;342;false;true;true;6,11;0;6,07
1264;1,79;0,06;342;false;true;true;6,11;0;6,07
1265;1,79;0,06;342;false;true;true;6,11;0;6,07
1266;1,79;0,06;342;false;true;true;6,11;0;6,07
1267;1,8;0,06;342;false;true;true;6,11;0;6,07
1268;1,8;0,06;342;false;true;true;6,11;0;6,07
1269;1,8;0,06;342;false;true;true;6,11;0;6,07
1270;1,8;0,06;342;false;true;true;6,11;0;6,07
1271;1,8;0,06;342;false;true;true;6,11;0;6,07
1272;1,8;0,06;342;false;true;true;6,11;0;6,07
1273;1,8;0,06;342;false;true;true;6,11;0;6,07
1274;1,8;0,06;342;false;true;true;6,11;0;6,07
1275;1,8;0,06;342;false;true;true;6,11;0;6,07
1276;1,8;0,06;342;false;true;true;6,11;0;6,07
1277;1,81;0,06;342;false;true;true;6,11;0;6,07
1278;1,81;0,06;342;false;true;true;6,11;0;6,07
1279;1,81;0,06;342;false;true;true;6,11;0;6,07
1280;1,81;0,06;342;false;true;true;6,11;0;6,07
1281;1,81;0,06;342;false;true;true;6,11;0;6,07
1282;1,81;0,06;342;false;true;true;6,11;0;6,07
1283;1,81;0,05;342;false;true;true;6,11;0;6,07
1284;1,81;0,05;342;false;true;true;6,11;0;6,07
1285;1,81;0,05;342;false;true;true;6,11;0;6,07
1286;1,82;0,05;342;false;true;true;6,11;0;6,07
1287;1,82;0,05;342;false;true;true;6,11;0;6,07
1288;1,82;0,06;342;false;true;true;6,11;0;6,07
1289;1,82;0,05;342;false;true;true;6,11;0;6,07
1290;1,82;0,06;342;false;true;true;6,11;0;6,07
1291;1,82;0,06;342;false;true;true;6,11;0;6,07
1292;1,82;0,06;342;false;true;true;6,11;0;6,07
1293;1,82;0,05;342;false;true;true;6,11;0;6,07
1294;1,82;0,06;342;false;true;true;6,11;0;6,07
1295;1,82;0,05;342;false;true;true;6,11;0;6,07
1296;1,83;0,05;342;false;true;true;6,11;0;6,07
1297;1,83;0,05;342;false;true;true;6,1;0;6,07
1298;1,83;0,05;342;false;true;true;6,11;0;6,07
1299;1,83;0,05;342;false;true;true;6,11;0;6,07
1300;1,83;0,05;342;false;true;true;6,11;0;6,07
1301;1,83;0,05;342;false;true;true;6,11;0;6,07
1302;1,83;0,05;342;false;true;true;6,11;0;6,07
1303;1,83;0,05;342;false;true;true;6,11;0;6,07
1304;1,83;0,05;342;false;true;true;6,11;0;6,07
1305;1,83;0,05;342;false;true;true;6,11;0;6,07
1306;1,84;0,05;342;false;true;true;6,11;0;6,07
1307;1,84;0,05;342;false;true;true;6,11;0;6,07
1308;1,84;0,05;342;false;true;true;6,11;0;6,07
1309;1,84;0,05;342;false;true;true;6,11;0;6,07
1310;1,84;0,05;342;false;true;true;6,11;0;6,07
1311;1,84;0,05;342;false;true;true;6,11;0;6,07
1312;1,84;0,05;342;false;true;true;6,11;0;6,07
1313;1,84;0,05;342;false;true;true;6,11;0;6,07
1314;1,84;0,05;342;false;true;true;6,11;0;6,07
1315;1,84;0,05;342;false;true;true;6,11;0;6,07
1316;1,85;0,05;342;false;true;true;6,11;0;6,07
1317;1,85;0,05;342;false;true;true;6,11;0;6,07
1318;1,85;0,04;342;false;true;true;6,11;0;6,08
1319;1,85;0,04;342;false;true;true;6,11;0;6,08
1320;1,85;0,04;342;false;true;true;6,11;0;6,08
1321;1,85;0,04;342;false;true;true;6,11;0;6,08
1322;1,85;0,04;342;false;true;true;6,11;0;6,08
1323;1,85;0,04;342;false;true;true;6,11;0;6,08
1324;1,85;0,04;342;false;true;true;6,11;0;6,08
1325;1,85;0,05;342;false;true;true;6,11;0;6,08
1326;1,86;0,05;342;false;true;true;6,11;0;6,08
1327;1,86;0,04;342;false;true;true;6,11;0;6,08
1328;1,86;0,04;342;false;true;true;6,11;0;6,08
1329;1,86;0,04;342;false;true;true;6,11;0;6,08
1330;1,86;0,04;342;false;true;true;6,1;0;6,08
1331;1,86;0,04;342;false;true;true;6,1;0;6,08
1332;1,86;0,04;342;false;true;true;6,11;0;6,08
1333;1,86;0,04;342;false;true;true;6,11;0;6,08
1334;1,86;0,04;342;false;true;true;6,11;0;6,08
1335;1,86;0,04;342;false;true;true;6,11;0;6,08
1336;1,87;0,04;342;false;true;true;6,11;0;6,08
1337;1,87;0,04;342;false;true;true;6,11;0;6,08
1338;1,87;0,04;342;false;true;true;6,11;0;6,08
1339;1,87;0,04;342;false;true;true;6,11;0;6,08
1340;1,87;0,04;342;false;true;true;6,11;0;6,08
1341;1,87;0,04;342;false;true;true;6,1;0;6,08
1342;1,87;0,04;342;false;true;true;6,11;0;6,08
1343;1,87;0,04;342;false;true;true;6,1;0;6,08
1344;1,87;0,04;342;false;true;true;6,11;0;6,08
1345;1,87;0,04;342;false;true;true;6,11;0;6,08
1346;1,88;0,04;342;false;true;true;6,11;0;6,08
1347;1,88;0,04;342;false;true;true;6,11;0;6,08
1348;1,88;0,04;342;false;true;true;6,11;0;6,08
1349;1,88;0,04;342;false;true;true;6,11;0;6,08
1350;1,88;0,04;342;false;true;true;6,11;0;6,08
1351;1,88;0,04;342;false;true;true;6,1;0;6,08
1352;1,88;0,04;342;false;true;true;6,11;0;6,08
1353;1,88;0,04;342;false;true;true;6,11;0;6,08
1354;1,88;0,04;342;false;true;true;6,1;0;6,08
1355;1,88;0,04;342;false;true;true;6,11;0;6,08
1356;1,88;0,04;342;false;true;true;6,11;0;6,08
1357;1,89;0,04;342;false;true;true;6,11;0;6,08
1358;1,89;0,04;342;false;true;true;6,1;0;6,08
1359;1,89;0,04;342;false;true;true;6,11;0;6,08
1360;1,89;0,04;342;false;true;true;6,11;0;6,08
1361;1,89;0,04;342;false;true;true;6,11;0;6,08
1362;1,89;0,04;342;false;true;true;6,11;0;6,08
1363;1,89;0,04;342;false;true;true;6,11;0;6,08
1364;1,89;0,04;342;false;true;true;6,11;0;6,08
1365;1,89;0,03;342;false;true;true;6,11;0;6,08
1366;1,89;0,03;342;false;true;true;6,1;0;6,08
1367;1,9;0,03;342;false;true;true;6,1;0;6,08
1368;1,9;0,04;342;false;true;true;6,11;0;6,08
1369;1,9;0,04;342;false;true;true;6,11;0;6,08
1370;1,9;0,03;342;false;true;true;6,1;0;6,08
1371;1,9;0,04;342;false;true;true;6,11;0;6,08
1372;1,9;0,03;342;false;true;true;6,11;0;6,08
1373;1,9;0,03;342;false;true;true;6,1;0;6,08
1374;1,9;0,04;342;false;true;true;6,11;0;6,08
1375;1,9;0,03;342;false;true;true;6,11;0;6,08
1376;1,9;0,04;342;false;true;true;6,11;0;6,08
1377;1,91;0,03;342;false;true;true;6,1;0;6,08
1378;1,91;0,03;342;false;true;true;6,11;0;6,08
1379;1,91;0,03;342;false;true;true;6,11;0;6,08
1380;1,91;0,03;342;false;true;true;6,1;0;6,08
1381;1,91;0,03;342;false;true;true;6,11;0;6,08
1382;1,91;0,03;342;false;true;true;6,11;0;6,08
1383;1,91;0,03;342;false;true;true;6,11;0;6,08
1384;1,91;0,03;342;false;true;true;6,11;0;6,08
1385;1,91;0,03;342;false;true;true;6,11;0;6,08
1386;1,91;0,03;342;false;true;true;6,11;0;6,08
1387;1,92;0,04;342;false;true;true;6,11;0;6,08
1388;1,92;0,04;342;false;true;true;6,11;0;6,08
1389;1,92;0,03;342;false;true;true;6,11;0;6,08
1390;1,92;0,03;342;false;true;true;6,1;0;6,08
1391;1,92;0,03;342;false;true;true;6,1;0;6,08
1392;1,92;0,03;342;false;true;true;6,1;0;6,08
1393;1,92;0,03;342;false;true;true;6,11;0;6,08
1394;1,92;0,03;342;false;true;true;6,1;0;6,08
1395;1,92;0,03;342;false;true;true;6,1;0;6,08
1396;1,92;0,03;342;false;true;true;6,1;0;6,08
1397;1,93;0,03;342;false;true;true;6,11;0;6,08
1398;1,93;0,03;342;false;true;true;6,11;0;6,08
1399;1,93;0,03;342;false;true;true;6,11;0;6,08
1400;1,93;0,03;342;false;true;true;6,11;0;6,08
1401;1,93;0,03;342;false;true;true;6,11;0;6,08
1402;1,93;0,03;342;false;true;true;6,11;0;6,08
1403;1,93;0,04;342;false;true;true;6,11;0;6,08
1404;1,93;0,03;342;false;true;true;6,11;0;6,09
1405;1,93;0,03;342;false;true;true;6,11;0;6,09
1406;1,93;0,03;342;false;true;true;6,11;0;6,09
1407;1,94;0,03;342;false;true;true;6,11;0;6,09
1408;1,94;0,03;342;false;true;true;6,1;0;6,09
1409;1,94;0,03;342;false;true;true;6,11;0;6,09
1410;1,94;0,03;342;false;true;true;6,1;0;6,09
1411;1,94;0,03;342;false;true;true;6,11;0;6,09
1412;1,94;0,03;342;false;true;true;6,1;0;6,09
1413;1,94;0,03;342;false;true;true;6,1;0;6,09
1414;1,94;0,03;342;false;true;true;6,1;0;6,09
1415;1,94;0,02;342;false;true;true;6,1;0;6,09
1416;1,95;0,02;342;false;true;true;6,1;0;6,09
1417;1,95;0,02;342;false;true;true;6,1;0;6,09
1418;1,95;0,02;342;false;true;true;6,1;0;6,09
1419;1,95;0,03;342;false;true;true;6,11;0;6,09
1420;1,95;0,03;342;false;true;true;6,11;0;6,09
1421;1,95;0,03;342;false;true;true;6,11;0;6,09
1422;1,95;0,03;342;false;true;true;6,11;0;6,09
1423;1,95;0,03;342;false;true;true;6,11;0;6,09
1424;1,95;0,03;342;false;true;true;6,1;0;6,09
1425;1,95;0,03;342;false;true;true;6,11;0;6,09
1426;1,96;0,02;342;false;true;true;6,1;0;6,09
1427;1,96;0,03;342;false;true;true;6,1;0;6,09
1428;1,96;0,02;342;false;true;true;6,1;0;6,09
1429;1,96;0,02;342;false;true;true;6,1;0;6,09
1430;1,96;0,02;342;false;true;true;6,1;0;6,09
1431;1,96;0,02;342;false;true;true;6,1;0;6,09
1432;1,96;0,02;342;false;true;true;6,1;0;6,09
1433;1,96;0,02;342;false;true;true;6,1;0;6,09
1434;1,96;0,02;342;false;true;true;6,1;0;6,09
1435;1,96;0,02;342;false;true;true;6,1;0;6,09
1436;1,97;0,03;342;false;true;true;6,11;0;6,09
1437;1,97;0,03;342;false;true;true;6,11;0;6,09
1438;1,97;0,02;342;false;true;true;6,1;0;6,09
1439;1,97;0,02;342;false;true;true;6,1;0;6,09
1440;1,97;0,02;342;false;true;true;6,1;0;6,09
1441;1,97;0,02;342;false;true;true;6,1;0;6,09
1442;1,97;0,02;342;false;true;true;6,1;0;6,09
1443;1,97;0,02;342;false;true;true;6,1;0;6,09
1444;1,97;0,02;342;false;true;true;6,1;0;6,09
1445;1,97;0,02;342;false;true;true;6,1;0;6,09
1446;1,98;0,02;342;false;true;true;6,1;0;6,09
1447;1,98;0,02;342;false;true;true;6,1;0;6,09
1448;1,98;0,02;342;false;true;true;6,11;0;6,09
1449;1,98;0,03;342;false;true;true;6,11;0;6,09
1450;1,98;0,02;342;false;true;true;6,1;0;6,09
1451;1,98;0,02;342;false;true;true;6,1;0;6,09
1452;1,98;0,02;342;false;true;true;6,1;0;6,09
1453;1,98;0,02;342;false;true;true;6,1;0;6,09
1454;1,98;0,02;342;false;true;true;6,1;0;6,09
1455;1,98;0,02;342;false;true;true;6,1;0;6,09
1456;1,99;0,02;342;false;true;true;6,1;0;6,09
1457;1,99;0,02;342;false;true;true;6,1;0;6,09
1458;1,99;0,02;342;false;true;true;6,1;0;6,09
1459;1,99;0,02;342;false;true;true;6,1;0;6,09
1460;1,99;0,02;342;false;true;true;6,1;0;6,09
1461;1,99;0,02;342;false;true;true;6,1;0;6,09
1462;1,99;0,02;342;false;true;true;6,1;0;6,09
1463;1,99;0,02;342;false;true;true;6,1;0;6,09
1464;1,99;0,02;342;false;true;true;6,1;0;6,09
1465;1,99;0,02;342;false;true;true;6,1;0;6,09
1466;2;0,02;342;false;true;true;6,1;0;6,09
1467;2;0,02;342;false;true;true;6,1;0;6,09
1468;2;0,02;342;false;true;true;6,1;0;6,09
1469;2;0,02;342;false;true;true;6,1;0;6,09
1470;2;0,02;342;false;true;true;6,1;0;6,09
1471;2;0,01;342;false;true;true;6,1;0;6,09
1472;2;0,01;342;false;true;true;6,1;0;6,09
1473;2;0,02;342;false;true;true;6,1;0;6,09
1474;2;0,01;342;false;true;true;6,1;0;6,09
1475;2;0,02;342;false;true;true;6,1;0;6,09
1476;2,01;0,02;342;false;true;true;6,1;0;6,09
1477;2,01;0,02;342;false;true;true;6,1;0;6,09
1478;2,01;0,02;342;false;true;true;6,1;0;6,09
1479;2,01;0,01;342;false;true;true;6,1;0;6,09
1480;2,01;0,01;342;false;true;true;6,1;0;6,09
1481;2,01;0,01;342;false;true;true;6,1;0;6,09
1482;2,01;0,01;342;false;true;true;6,1;0;6,09
1483;2,01;0,01;342;false;true;true;6,1;0;6,09
1484;2,01;0,01;342;false;true;true;6,1;0;6,09
1485;2,01;0,01;342;false;true;true;6,1;0;6,09
1486;2,02;0,01;342;false;true;true;6,1;0;6,09
1487;2,02;0,01;342;false;true;true;6,1;0;6,09
1488;2,02;0,01;342;false;true;true;6,1;0;6,09
1489;2,02;0,01;342;false;true;true;6,1;0;6,09
1490;2,02;0,01;342;false;true;true;6,1;0;6,09
1491;2,02;0,01;342;false;true;true;6,1;0;6,09
1492;2,02;0,02;342;false;true;true;6,1;0;6,09
1493;2,02;0,01;342;false;true;true;6,1;0;6,09
1494;2,02;0,01;342;false;true;true;6,1;0;6,09
1495;2,02;0,01;342;false;true;true;6,1;0;6,09
1496;2,03;0,01;342;false;true;true;6,1;0;6,09
1497;2,03;0,02;342;false;true;true;6,1;0;6,09
1498;2,03;0,01;342;false;true;true;6,1;0;6,09
1499;2,03;0,01;342;false;true;true;6,1;0;6,09
1500;2,03;0,01;342;false;true;true;6,1;0;6,09
1501;2,03;0,01;342;false;true;true;6,1;0;6,09
1502;2,03;0,01;342;false;true;true;6,1;0;6,09
1503;2,03;0,01;342;false;true;true;6,1;0;6,09
1504;2,03;0,01;342;false;true;true;6,1;0;6,09
1505;2,03;0,02;342;false;true;true;6,1;0;6,09
1506;2,04;0,01;342;false;true;true;6,1;0;6,09
1507;2,04;0,01;342;false;true;true;6,1;0;6,09
1508;2,04;0,01;342;false;true;true;6,1;0;6,09
1509;2,04;0,01;342;false;true;true;6,1;0;6,09
1510;2,04;0,01;342;false;true;true;6,1;0;6,09
1511;2,04;0,01;342;false;true;true;6,1;0;6,09
1512;2,04;0,01;342;false;true;true;6,1;0;6,09
1513;2,04;0,01;342;false;true;true;6,1;0;6,09
1514;2,04;0,01;342;false;true;true;6,1;0;6,09
1515;2,04;0,01;342;false;true;true;6,1;0;6,09
1516;2,05;0,01;342;false;true;true;6,1;0;6,09
1517;2,05;0,01;342;false;true;true;6,1;0;6,09
1518;2,05;0,01;342;false;true;true;6,1;0;6,09
1519;2,05;0,01;342;false;true;true;6,1;0;6,09
1520;2,05;0,01;342;false;true;true;6,1;0;6,09
1521;2,05;0,01;342;false;true;true;6,1;0;6,09
1522;2,05;0,01;342;false;true;true;6,1;0;6,09
1523;2,05;0,01;342;false;true;true;6,1;0;6,09
1524;2,05;0,01;342;false;true;true;6,1;0;6,09
1525;2,05;0,01;342;false;true;true;6,1;0;6,09
1526;2,06;0,01;342;false;true;true;6,1;0;6,09
1527;2,06;0,01;342;false;true;true;6,1;0;6,09
1528;2,06;0,01;342;false;true;true;6,1;0;6,09
1529;2,06;0,01;342;false;true;true;6,1;0;6,09
1530;2,06;0,01;342;false;true;true;6,1;0;6,09
1531;2,06;0,01;342;false;true;true;6,1;0;6,09
1532;2,06;0,01;342;false;true;true;6,1;0;6,09
1533;2,06;0,01;342;false;true;true;6,1;0;6,09
1534;2,06;0,01;342;false;true;true;6,09;0;6,09
1535;2,06;0,01;342;false;true;true;6,1;0;6,09
1536;2,07;0,01;342;false;true;true;6,1;0;6,09
1537;2,07;0,01;342;false;true;true;6,1;0;6,09
1538;2,07;0,01;342;false;true;true;6,1;0;6,09
1539;2,07;0,01;342;false;true;true;6,1;0;6,09
1540;2,07;0,01;342;false;true;true;6,1;0;6,09
1541;2,07;0,01;342;false;true;true;6,1;0;6,09
1542;2,07;0,01;342;false;true;true;6,1;0;6,09
1543;2,07;0;342;false;true;true;6,09;0;6,09
1544;2,07;0,01;342;false;true;true;6,1;0;6,09
1545;2,07;0,01;342;false;true;true;6,1;0;6,09
1546;2,08;0,01;342;false;true;true;6,09;0;6,09
1547;2,08;0;342;false;true;true;6,09;0;6,09
1548;2,08;0;342;false;true;true;6,1;0;6,09
1549;2,08;0,01;342;false;true;true;6,1;0;6,09
1550;2,08;0,01;342;false;true;true;6,1;0;6,09
1551;2,08;0,01;342;false;true;true;6,1;0;6,09
1552;2,08;0,01;342;false;true;true;6,1;0;6,09
1553;2,08;0,01;342;false;true;true;6,1;0;6,09
1554;2,08;0,01;342;false;true;true;6,09;0;6,09
1555;2,08;0,01;342;false;true;true;6,1;0;6,09
1556;2,09;0,01;342;false;true;true;6,1;0;6,09
1557;2,09;0,01;342;false;true;true;6,1;0;6,09
1558;2,09;0,01;342;false;true;true;6,1;0;6,09
1559;2,09;0;342;false;true;true;6,09;0;6,09
1560;2,09;0;342;false;true;true;6,09;0;6,09
1561;2,09;0,01;342;false;true;true;6,1;0;6,09
1562;2,09;0,01;342;false;true;true;6,1;0;6,09
1563;2,09;0,01;342;false;true;true;6,1;0;6,09
1564;2,09;0;342;false;true;true;6,09;0;6,09
1565;2,09;0,01;342;false;true;true;6,1;0;6,09
1566;2,1;0;342;false;true;true;6,09;0;6,09
1567;2,1;0,01;342;false;true;true;6,1;0;6,09
1568;2,1;0;342;false;true;true;6,1;0;6,09
1569;2,1;0;342;false;true;true;6,09;0;6,09
1570;2,1;0,01;342;false;true;true;6,1;0;6,09
1571;2,1;0;342;false;true;true;6,09;0;6,09
1572;2,1;0;342;false;true;true;6,09;0;6,09
1573;2,1;0;342;false;true;true;6,09;0;6,09
1574;2,1;0;342;false;true;true;6,09;0;6,09
1575;2,1;0,01;342;false;true;true;6,1;0;6,09
1576;2,11;0;342;false;true;true;6,09;0;6,09
1577;2,11;0;342;false;true;true;6,1;0;6,09
1578;2,11;0;342;false;true;true;6,09;0;6,09
1579;2,11;0;342;false;true;true;6,1;0;6,09
1580;2,11;0;342;false;true;true;6,09;0;6,09
1581;2,11;0,01;342;false;true;true;6,1;0;6,09
1582;2,11;0,01;342;false;true;true;6,1;0;6,09
1583;2,11;0;342;false;true;true;6,09;0;6,09
1584;2,11;0,01;342;false;true;true;6,1;0;6,09
1585;2,11;0,01;342;false;true;true;6,1;0;6,09
1586;2,12;0,01;342;false;true;true;6,1;0;6,09
1587;2,12;0,01;342;false;true;true;6,1;0;6,09
1588;2,12;0;342;false;true;true;6,1;0;6,09
1589;2,12;0,01;342;false;true;true;6,1;0;6,09
1590;2,12;0;342;false;true;true;6,09;0;6,09
1591;2,12;0;342;false;true;true;6,1;0;6,09
1592;2,12;0;342;false;true;true;6,09;0;6,09
1593;2,12;0;342;false;true;true;6,1;0;6,09
1594;2,12;0;342;false;true;true;6,09;0;6,09
1595;2,12;0;342;false;true;true;6,09;0;6,09
1596;2,12;0;342;false;true;true;6,09;0;6,09
1597;2,13;0;342;false;true;true;6,09;0;6,09
1598;2,13;0;342;false;true;true;6,09;0;6,09
1599;2,13;0;342;false;true;true;6,09;0;6,09
1600;2,13;0;342;false;true;true;6,09;0;6,09
1601;2,13;0;342;false;true;true;6,09;0;6,09
1602;2,13;0;342;false;true;true;6,09;0;6,09
1603;2,13;0;342;false;true;true;6,09;0;6,09
1604;2,13;0;342;false;true;true;6,09;0;6,09
1605;2,13;0;342;false;true;true;6,09;0;6,09
1606;2,13;0;342;false;true;true;6,09;0;6,09
1607;2,14;0;342;false;true;true;6,09;0;6,09
1608;2,14;0;342;false;true;true;6,09;0;6,09
1609;2,14;0;342;false;true;true;6,09;0;6,09
1610;2,14;0;342;false;true;true;6,09;0;6,09
1611;2,14;0;342;false;true;true;6,09;0;6,09
1612;2,14;0;342;false;true;true;6,09;0;6,09
1613;2,14;0;342;false;true;true;6,09;0;6,09
1614;2,14;0;342;false;true;true;6,09;0;6,09
1615;2,14;0;342;false;true;true;6,09;0;6,09
1616;2,14;0;342;false;true;true;6,09;0;6,09
1617;2,15;0;342;false;true;true;6,09;0;6,09
1618;2,15;0;342;false;true;true;6,09;0;6,09
1619;2,15;0;342;false;true;true;6,09;0;6,09
1620;2,15;0;342;false;true;true;6,09;0;6,09
1621;2,15;0;342;false;true;true;6,09;0;6,09
1622;2,15;0;342;false;true;true;6,09;0;6,09
1623;2,15;0;342;false;true;true;6,09;0;6,09
1624;2,15;0;342;false;true;true;6,09;0;6,09
1625;2,15;0;342;false;true;true;6,09;0;6,09
1626;2,15;0;342;false;true;true;6,09;0;6,09
1627;2,16;0;342;false;true;true;6,09;0;6,09
1628;2,16;0;342;false;true;true;6,09;0;6,09
1629;2,16;0;342;false;true;true;6,09;0;6,09
1630;2,16;0;342;false;true;true;6,09;0;6,09
1631;2,16;0;342;false;true;true;6,09;0;6,09
1632;2,16;0;342;false;true;true;6,09;0;6,09
1633;2,16;0;342;false;true;true;6,09;0;6,09
1634;2,16;0;342;false;true;true;6,09;0;6,09
1635;2,16;0;342;false;true;true;6,09;0;6,09
1636;2,16;0;342;false;true;true;6,09;0;6,09
1637;2,17;0;342;false;true;true;6,09;0;6,09
1638;2,17;0;342;false;true;true;6,09;0;6,09
1639;2,17;0;342;false;true;true;6,09;0;6,09
1640;2,17;0;342;false;true;true;6,09;0;6,09
1641;2,17;0;342;false;true;true;6,09;0;6,09
1642;2,17;0;342;false;true;true;6,09;0;6,09
1643;2,17;0;342;false;true;true;6,09;0;6,09
1644;2,17;0;342;false;true;true;6,09;0;6,09
1645;2,17;0;342;false;true;true;6,09;0;6,09
1646;2,17;0;342;false;true;true;6,09;0;6,09
1647;2,18;0;342;false;true;true;6,09;0;6,09
1648;2,18;0;342;false;true;true;6,09;0;6,09
1649;2,18;0;342;false;true;true;6,09;0;6,09
1650;2,18;0;342;false;true;true;6,09;0;6,09
1651;2,18;0;342;false;true;true;6,09;0;6,09
1652;2,18;0;342;false;true;true;6,09;0;6,09
1653;2,18;0;342;false;true;true;6,09;0;6,09
1654;2,18;0;342;false;true;true;6,09;0;6,09
1655;2,18;0;342;false;true;true;6,09;0;6,09
1656;2,18;0;342;false;true;true;6,09;0;6,09
1657;2,19;0;342;false;true;true;6,09;0;6,09
1658;2,19;0;342;false;true;true;6,09;0;6,09
1659;2,19;0;342;false;true;true;6,09;0;6,09
1660;2,19;0;342;false;true;true;6,09;0;6,09
1661;2,19;0;342;false;true;true;6,09;0;6,09
1662;2,19;0;342;false;true;true;6,09;0;6,09
1663;2,19;0;342;false;true;true;6,09;0;6,09
1664;2,19;0;342;false;true;true;6,09;0;6,09
1665;2,19;0;342;false;true;true;6,09;0;6,09
1666;2,19;0;342;false;true;true;6,09;0;6,09
1667;2,2;0;342;false;true;true;6,09;0;6,09
1668;2,2;0;342;false;true;true;6,09;0;6,09
1669;2,2;0;342;false;true;true;6,09;0;6,09
1670;2,2;0;342;false;true;true;6,09;0;6,09
1671;2,2;0;342;false;true;true;6,09;0;6,09
1672;2,2;0;342;false;true;true;6,09;0;6,09
1673;2,2;0;342;false;true;true;6,09;0;6,09
1674;2,2;0;342;false;true;true;6,09;0;6,09
1675;2,2;0;342;false;true;true;6,09;0;6,09
1676;2,2;0;342;false;true;true;6,09;0;6,09
1677;2,21;0;342;false;true;true;6,09;0;6,09
1678;2,21;0;342;false;true;true;6,09;0;6,09
1679;2,21;0;342;false;true;true;6,09;0;6,09
1680;2,21;0;342;false;true;true;6,09;0;6,09
1681;2,21;0;342;false;true;true;6,09;0;6,09
1682;2,21;0;342;false;true;true;6,09;0;6,09
1683;2,21;0;342;false;true;true;6,09;0;6,09
1684;2,21;0;342;false;true;true;6,09;0;6,09
1685;2,21;0;342;false;true;true;6,09;0;6,09
1686;2,21;0;342;false;true;true;6,09;0;6,09
1687;2,22;0;342;false;true;true;6,09;0;6,09
1688;2,22;0;342;false;true;true;6,09;0;6,09
1689;2,22;0;342;false;true;true;6,09;0;6,09
1690;2,22;0;342;false;true;true;6,09;0;6,09
1691;2,22;0;342;false;true;true;6,09;0;6,09
1692;2,22;0;342;false;true;true;6,09;0;6,09
1693;2,22;0;342;false;true;true;6,09;0;6,09
1694;2,22;0;342;false;true;true;6,09;0;6,09
1695;2,22;0;342;false;true;true;6,09;0;6,09
1696;2,22;0;342;false;true;true;6,09;0;6,09
1697;2,23;0;342;false;true;true;6,09;0;6,09
1698;2,23;0;342;false;true;true;6,09;0;6,09
1699;2,23;0;342;false;true;true;6,09;0;6,09
1700;2,23;0;342;false;true;true;6,09;0;6,09
1701;2,23;0;342;false;true;true;6,09;0;6,09
1702;2,23;0;342;false;true;true;6,09;0;6,09
1703;2,23;0;342;false;true;true;6,09;0;6,09
1704;2,23;0;342;false;true;true;6,09;0;6,09
1705;2,23;0;342;false;true;true;6,09;0;6,09
1706;2,23;0;342;false;true;true;6,09;0;6,09
1707;2,24;0;342;false;true;true;6,09;0;6,09
1708;2,24;0;342;false;true;true;6,09;0;6,09
1709;2,24;0;342;false;true;true;6,09;0;6,09
1710;2,24;0;342;false;true;true;6,09;0;6,09
1711;2,24;0;342;false;true;true;6,09;0;6,09
1712;2,24;0;342;false;true;true;6,09;0;6,09
1713;2,24;0;342;false;true;true;6,09;0;6,09
1714;2,24;0;342;false;true;true;6,09;0;6,09
1715;2,24;0;342;false;true;true;6,09;0;6,09
1716;2,24;0;342;false;true;true;6,09;0;6,09
1717;2,25;0;342;false;true;true;6,09;0;6,09
1718;2,25;0;342;false;true;true;6,09;0;6,09
1719;2,25;0;342;false;true;true;6,09;0;6,09
1720;2,25;0;342;false;true;true;6,09;0;6,09
1721;2,25;0;342;false;true;true;6,09;0;6,09
1722;2,25;0;342;false;true;true;6,09;0;6,09
1723;2,25;0;342;false;true;true;6,09;0;6,09
1724;2,25;0;342;false;true;true;6,09;0;6,09
1725;2,25;0;342;false;true;true;6,09;0;6,09
1726;2,26;0;342;false;true;true;6,09;0;6,09
1727;2,26;0;342;false;true;true;6,09;0;6,09
1728;2,26;0;342;false;true;true;6,09;0;6,09
1729;2,26;0;342;false;true;true;6,09;0;6,09
1730;2,26;0;342;false;true;true;6,09;0;6,09
1731;2,26;0;342;false;true;true;6,09;0;6,09
1732;2,26;0;342;false;true;true;6,09;0;6,09
1733;2,26;0;342;false;true;true;6,09;0;6,09
1734;2,26;0;342;false;true;true;6,09;0;6,09
1735;2,26;0;342;false;true;true;6,09;0;6,09
1736;2,27;0;342;false;true;true;6,09;0;6,09
1737;2,27;0;342;false;true;true;6,09;0;6,09
1738;2,27;0;342;false;true;true;6,09;0;6,09
1739;2,27;0;342;false;true;true;6,09;0;6,09
1740;2,27;0;342;false;true;true;6,09;0;6,09
1741;2,27;0;342;false;true;true;6,09;0;6,09
1742;2,27;0;342;false;true;true;6,09;0;6,09
1743;2,27;0;342;false;true;true;6,09;0;6,09
1744;2,27;0;342;false;true;true;6,09;0;6,09
1745;2,27;0;342;false;true;true;6,09;0;6,09
1746;2,28;0;342;false;true;true;6,09;0;6,09
1747;2,28;0;342;false;true;true;6,09;0;6,09
1748;2,28;0;342;false;true;true;6,09;0;6,09
1749;2,28;0;342;false;true;true;6,09;0;6,09
1750;2,28;0;342;false;true;true;6,09;0;6,09
1751;2,28;0;342;false;true;true;6,09;0;6,09
1752;2,28;0;342;false;true;true;6,09;0;6,09
1753;2,28;0;342;false;true;true;6,09;0;6,09
1754;2,28;0;342;false;true;true;6,09;0;6,09
1755;2,28;0;342;false;true;true;6,09;0;6,09
1756;2,29;0;342;false;true;true;6,09;0;6,09
1757;2,29;0;342;false;true;true;6,09;0;6,09
1758;2,29;0;342;false;true;true;6,09;0;6,09
1759;2,29;0;342;false;true;true;6,09;0;6,09
1760;2,29;0;342;false;true;true;6,09;0;6,09
1761;2,29;0;342;false;true;true;6,09;0;6,09
1762;2,29;0;342;false;true;true;6,09;0;6,09
1763;2,29;0;342;false;true;true;6,09;0;6,09
1764;2,29;0;342;false;true;true;6,09;0;6,09
1765;2,29;0;342;false;true;true;6,09;0;6,09
1766;2,3;0;342;false;true;true;6,09;0;6,09
1767;2,3;0;342;false;true;true;6,09;0;6,09
1768;2,3;0;342;false;true;true;6,09;0;6,09
1769;2,3;0;342;false;true;true;6,09;0;6,09
1770;2,3;0;342;false;true;true;6,09;0;6,09
1771;2,3;0;342;false;true;true;6,09;0;6,09
1772;2,3;0;342;false;true;true;6,09;0;6,09
1773;2,3;0;342;false;true;true;6,09;0;6,09
1774;2,3;0;342;false;true;true;6,09;0;6,09
1775;2,3;0;342;false;true;true;6,09;0;6,09
1776;2,31;0;342;false;true;true;6,09;0;6,09
1777;2,31;0;342;false;true;true;6,09;0;6,09
1778;2,31;0;342;false;true;true;6,09;0;6,09
1779;2,31;0;342;false;true;true;6,09;0;6,09
1780;2,31;0;342;false;true;true;6,09;0;6,09
1781;2,31;0;342;false;true;true;6,09;0;6,09
1782;2,31;0;342;false;true;true;6,09;0;6,09
1783;2,31;0;342;false;true;true;6,09;0;6,09
1784;2,31;0;342;false;true;true;6,09;0;6,09
1785;2,31;0;342;false;true;true;6,09;0;6,09
1786;2,32;0;342;false;true;true;6,09;0;6,09
1787;2,32;0;342;false;true;true;6,09;0;6,09
1788;2,32;0;342;false;true;true;6,09;0;6,09
1789;2,32;0;342;false;true;true;6,09;0;6,09
1790;2,32;0;342;false;true;true;6,09;0;6,09
1791;2,32;0;342;false;true;true;6,09;0;6,09
1792;2,32;0;342;false;true;true;6,09;0;6,09
1793;2,32;0;342;false;true;true;6,09;0;6,09
1794;2,32;0;342;false;true;true;6,09;0;6,09
1795;2,32;0;342;false;true;true;6,09;0;6,09
1796;2,33;0;342;false;true;true;6,09;0;6,09
1797;2,33;0;342;false;true;true;6,09;0;6,09
1798;2,33;0;342;false;true;true;6,09;0;6,09
1799;2,33;0;342;false;true;true;6,09;0;6,09
1800;2,33;0;342;false;true;true;6,09;0;6,09
1801;2,33;0;342;false;true;true;6,09;0;6,09
1802;2,33;0;342;false;true;true;6,09;0;6,09
1803;2,33;0;342;false;true;true;6,09;0;6,09
1804;2,33;0;342;false;true;true;6,09;0;6,09
1805;2,33;0;342;false;true;true;6,09;0;6,09
1806;2,34;0;342;false;true;true;6,09;0;6,09
1807;2,34;0;342;false;true;true;6,09;0;6,09
1808;2,34;0;342;false;true;true;6,09;0;6,09
1809;2,34;0;342;false;true;true;6,09;0;6,09
1810;2,34;0;342;false;true;true;6,09;0;6,09
1811;2,34;0;342;false;true;true;6,09;0;6,09
1812;2,34;0;342;false;true;true;6,09;0;6,09
1813;2,34;0;342;false;true;true;6,09;0;6,09
1814;2,34;0;342;false;true;true;6,09;0;6,09
1815;2,34;0;342;false;true;true;6,09;0;6,09
1816;2,35;0;342;false;true;true;6,09;0;6,09
1817;2,35;0;342;false;true;true;6,09;0;6,09
1818;2,35;0;342;false;true;true;6,09;0;6,09
1819;2,35;0;342;false;true;true;6,09;0;6,09
1820;2,35;0;342;false;true;true;6,09;0;6,09
1821;2,35;0;342;false;true;true;6,09;0;6,09
1822;2,35;0;342;false;true;true;6,09;0;6,09
1823;2,35;0;342;false;true;true;6,09;0;6,09
1824;2,35;0;342;false;true;true;6,09;0;6,09
1825;2,35;0;342;false;true;true;6,09;0;6,09
1826;2,36;0;342;false;true;true;6,09;0;6,09
1827;2,36;0;342;false;true;true;6,09;0;6,09
1828;2,36;0;342;false;true;true;6,09;0;6,09
1829;2,36;0;342;false;true;true;6,09;0;6,09
1830;2,36;0;342;false;true;true;6,09;0;6,09
1831;2,36;0;342;false;true;true;6,09;0;6,09
1832;2,36;0;342;false;true;true;6,09;0;6,09
1833;2,36;0;342;false;true;true;6,09;0;6,09
1834;2,36;0;342;false;true;true;6,09;0;6,09
1835;2,36;0;342;false;true;true;6,09;0;6,09
1836;2,37;0;342;false;true;true;6,09;0;6,09
1837;2,37;0;342;false;true;true;6,09;0;6,09
1838;2,37;0;342;false;true;true;6,09;0;6,09
1839;2,37;0;342;false;true;true;6,09;0;6,09
1840;2,37;0;342;false;true;true;6,09;0;6,09
1841;2,37;0;342;false;true;true;6,09;0;6,09
1842;2,37;0;342;false;true;true;6,09;0;6,09
1843;2,37;0;342;false;true;true;6,09;0;6,09
1844;2,37;0;342;false;true;true;6,09;0;6,09
1845;2,37;0;342;false;true;true;6,09;0;6,09
1846;2,38;0;342;false;true;true;6,09;0;6,09
1847;2,38;0;342;false;true;true;6,09;0;6,09
1848;2,38;0;342;false;true;true;6,09;0;6,09
1849;2,38;0;342;false;true;true;6,09;0;6,09
1850;2,38;0;342;false;true;true;6,09;0;6,09
1851;2,38;0;342;false;true;true;6,09;0;6,09
1852;2,38;0;342;false;true;true;6,09;0;6,09
1853;2,38;0;342;false;true;true;6,09;0;6,09
1854;2,38;0;342;false;true;true;6,09;0;6,09
1855;2,38;0;342;false;true;true;6,09;0;6,09
1856;2,38;0;342;false;true;true;6,09;0;6,09
1857;2,39;0;342;false;true;true;6,09;0;6,09
1858;2,39;0;342;false;true;true;6,09;0;6,09
1859;2,39;0;342;false;true;true;6,09;0;6,09
1860;2,39;0;342;false;true;true;6,09;0;6,09
1861;2,39;42,82;342;true;true;true;0;36,91;0
1862;2,4;14;342;true;true;true;0;12,74;0
1863;2,41;14,71;342;true;true;true;0;12,88;0
1864;2,42;12,31;342;true;true;true;0;12,13;0
1865;2,43;12,43;342;true;true;true;0;10,94;0
1866;2,44;11,59;342;true;true;true;0;9,99;0
1867;2,45;11,66;342;true;true;true;0;10,1;0
1868;2,46;11,19;342;true;true;true;0;9,55;0
1869;2,47;11,19;342;true;true;true;0;9,53;0
1870;2,48;10,88;342;true;true;true;0;9,19;0
1871;2,49;10,83;342;true;true;true;0;9,14;0
1872;2,5;10,64;342;true;true;true;0;8,92;0
1873;2,51;10,62;342;true;true;true;0;9,34;0
1874;2,52;10,5;342;true;true;true;0;9,24;0
1875;2,53;10,46;342;true;true;true;0;9,17;0
1876;2,54;10,36;342;true;true;true;0;8,26;0
1877;2,55;10,28;342;true;true;true;0;8,31;0
1878;2,56;10,21;342;true;true;true;0;8,26;0
1879;2,57;10,15;342;true;true;true;0;8,21;0
1880;2,58;10,07;342;true;true;true;0;8,14;0
1881;2,59;10,01;342;true;true;true;0;8,08;0
1882;2,6;9,94;342;true;true;true;0;8,01;0
1883;2,61;9,88;342;true;true;true;0;7,95;0
1884;2,62;9,82;342;true;true;true;0;7,89;0
1885;2,63;9,76;342;true;true;true;0;7,83;0
1886;2,64;9,7;342;true;true;true;0;7,78;0
1887;2,65;9,65;342;true;true;true;0;7,73;0
1888;2,66;9,61;342;true;true;true;0;7,69;0
1889;2,67;9,56;342;true;true;true;0;7,65;0
1890;2,68;9,52;342;true;true;true;0;7,61;0
1891;2,69;9,48;342;true;true;true;0;7,57;0
1892;2,7;9,44;342;true;true;true;0;7,54;0
1893;2,71;9,4;342;true;true;true;0;7,5;0
1894;2,72;9,36;342;true;true;true;0;7,47;0
1895;2,73;9,32;342;true;true;true;0;7,44;0
1896;2,73;9,27;342;true;true;true;0;6,63;0
1897;2,74;9,23;342;true;true;true;0;6,61;0
1898;2,75;9,19;342;true;true;true;0;6,59;0
1899;2,76;9,14;342;true;true;true;0;6,56;0
1900;2,77;9,1;342;true;true;true;0;6,54;0
1901;2,78;9,06;342;true;true;true;0;6,52;0
1902;2,79;9,02;342;true;true;true;0;6,5;0
1903;2,8;8,99;342;true;true;true;0;6,49;0
1904;2,81;8,96;342;true;true;true;0;6,48;0
1905;2,82;8,94;342;true;true;true;0;6,47;0
1906;2,83;8,92;342;true;true;true;0;6,47;0
1907;2,84;8,91;342;true;true;true;0;6,59;0
1908;2,85;8,88;342;true;true;true;0;6,59;0
1909;2,86;8,87;342;true;true;true;0;6,58;0
1910;2,87;8,85;342;true;true;true;0;6,57;0
1911;2,88;8,84;342;true;true;true;0;6,56;0
1912;2,89;8,82;342;true;true;true;0;6,56;0
1913;2,9;8,8;342;true;true;true;0;6,55;0
1914;2,91;8,78;342;true;true;true;0;6,55;0
1915;2,92;8,77;342;true;true;true;0;6,54;0
1916;2,92;8,75;342;true;true;true;0;6,54;0
1917;2,93;8,74;342;true;true;true;0;6,53;0
1918;2,94;8,72;342;true;true;true;0;6,53;0
1919;2,95;8,71;342;true;true;true;0;6,52;0
1920;2,96;8,69;342;true;true;true;0;6,52;0
1921;2,97;8,68;342;true;true;true;0;6,51;0
1922;2,98;8,66;342;true;true;true;0;6,5;0
1923;2,99;8,64;342;true;true;true;0;6,49;0
1924;2,99;8,62;342;true;true;true;0;6,49;0
1925;3;8,61;342;true;true;true;0;6,48;0
1926;3,01;8,59;342;true;true;true;0;6,48;0
1927;3,02;8,57;342;true;true;true;0;6,47;0
1928;3,03;8,55;342;true;true;true;0;6,46;0
1929;3,04;8,53;342;true;true;true;0;6,45;0
1930;3,05;8,51;342;true;true;true;0;6,44;0
1931;3,06;8,49;342;true;true;true;0;6,43;0
1932;3,07;8,47;342;true;true;true;0;6,42;0
1933;3,07;8,45;342;true;true;true;0;6,4;0
1934;3,08;8,42;342;true;true;true;0;6,39;0
1935;3,09;8,41;342;true;true;true;0;6,37;0
1936;3,1;8,38;342;true;true;true;0;6,35;0
1937;3,11;8,42;342;true;true;true;0;6,38;0
1938;3,12;8,43;342;true;true;true;0;6,39;0
1939;3,12;8,44;342;true;true;true;0;6,38;0
1940;3,13;8,44;342;true;true;true;0;6,38;0
1941;3,14;8,45;342;true;true;true;0;6,37;0
1942;3,15;8,45;342;true;true;true;0;6,36;0
1943;3,16;8,46;342;true;true;true;0;6,35;0
1944;3,17;8,47;342;true;true;true;0;6,34;0
1945;3,18;8,47;342;true;true;true;0;6,33;0
1946;3,19;8,47;342;true;true;true;0;6,33;0
1947;3,2;8,48;342;true;true;true;0;6,31;0
1948;3,2;8,48;342;true;true;true;0;6,31;0
1949;3,21;8,48;342;true;true;true;0;6,3;0
1950;3,22;8,48;342;true;true;true;0;6,3;0
1951;3,23;8,49;342;true;true;true;0;6,29;0
1952;3,24;8,49;342;true;true;true;0;6,29;0
1953;3,25;8,49;342;true;true;true;0;6,28;0
1954;3,26;8,49;342;true;true;true;0;6,28;0
1955;3,27;8,49;342;true;true;true;0;6,28;0
1956;3,28;8,48;342;true;true;true;0;6,28;0
1957;3,28;8,48;342;true;true;true;0;6,27;0
1958;3,29;8,48;342;true;true;true;0;6,27;0
1959;3,3;8,48;342;true;true;true;0;6,27;0
1960;3,31;8,48;342;true;true;true;0;6,27;0
1961;3,32;8,48;342;true;true;true;0;6,26;0
1962;3,33;8,47;342;true;true;true;0;6,26;0
1963;3,34;8,47;342;true;true;true;0;6,26;0
1964;3,34;8,47;342;true;true;true;0;6,26;0
1965;3,35;8,47;342;true;true;true;0;6,26;0
1966;3,36;8,47;342;true;true;true;0;6,26;0
1967;3,37;8,46;342;true;true;true;0;6,25;0
1968;3,38;8,46;342;true;true;true;0;6,25;0
1969;3,38;8,46;342;true;true;true;0;6,25;0
1970;3,39;8,46;342;true;true;true;0;6,25;0
1971;3,4;8,46;342;true;true;true;0;6,25;0
1972;3,41;8,45;342;true;true;true;0;6,25;0
1973;3,42;8,45;342;true;true;true;0;6,25;0
1974;3,42;8,45;342;true;true;true;0;6,25;0
1975;3,43;8,45;342;true;true;true;0;6,24;0
1976;3,44;8,45;342;true;true;true;0;6,24;0
1977;3,45;8,45;342;true;true;true;0;6,24;0
1978;3,45;8,44;342;true;true;true;0;6,24;0
1979;3,46;8,44;342;true;true;true;0;6,24;0
1980;3,47;8,44;342;true;true;true;0;6,24;0
1981;3,48;8,44;342;true;true;true;0;6,24;0
1982;3,49;8,44;342;true;true;true;0;6,24;0
1983;3,5;8,44;342;true;true;true;0;6,24;0
1984;3,51;8,44;342;true;true;true;0;6,24;0
1985;3,51;8,44;342;true;true;true;0;6,24;0
1986;3,52;8,43;342;true;true;true;0;6,24;0
1987;3,53;8,43;342;true;true;true;0;6,23;0
1988;3,53;8,43;342;true;true;true;0;6,23;0
1989;3,54;8,43;342;true;true;true;0;6,23;0
1990;3,55;8,43;342;true;true;true;0;6,23;0
1991;3,56;8,43;342;true;true;true;0;6,23;0
1992;3,56;8,43;342;true;true;true;0;6,23;0
1993;3,57;8,42;342;true;true;true;0;6,23;0
1994;3,58;8,42;342;true;true;true;0;6,23;0
1995;3,59;8,42;342;true;true;true;0;6,23;0
1996;3,59;8,42;342;true;true;true;0;6,23;0
1997;3,6;8,42;342;true;true;true;0;6,23;0
1998;3,61;8,42;342;true;true;true;0;6,23;0
1999;3,62;8,42;342;true;true;true;0;6,22;0
2000;3,63;8,42;342;true;true;true;0;6,22;0
2001;3,64;8,42;342;true;true;true;0;6,22;0
2002;3,65;8,41;342;true;true;true;0;6,22;0
2003;3,65;8,41;342;true;true;true;0;6,22;0
2004;3,66;8,41;342;true;true;true;0;6,22;0
2005;3,67;8,41;342;true;true;true;0;6,22;0
2006;3,68;8,41;342;true;true;true;0;6,22;0
2007;3,69;8,41;342;true;true;true;0;6,22;0
2008;3,7;8,41;342;true;true;true;0;6,22;0
2009;3,7;8,41;342;true;true;true;0;6,22;0
2010;3,71;8,41;342;true;true;true;0;6,22;0
2011;3,72;8,41;342;true;true;true;0;6,22;0
2012;3,73;8,4;342;true;true;true;0;6,22;0
2013;3,74;8,4;342;true;true;true;0;6,22;0
2014;3,75;8,4;342;true;true;true;0;6,22;0
2015;3,75;8,4;342;true;true;true;0;6,21;0
2016;3,76;8,4;342;true;true;true;0;6,21;0
2017;3,77;8,4;342;true;true;true;0;6,21;0
2018;3,78;8,4;342;true;true;true;0;6,21;0
2019;3,78;8,4;342;true;true;true;0;6,21;0
2020;3,79;8,4;342;true;true;true;0;6,21;0
2021;3,8;8,4;342;true;true;true;0;6,21;0
2022;3,8;8,4;342;true;true;true;0;6,21;0
2023;3,81;8,4;342;true;true;true;0;6,21;0
2024;3,82;8,4;342;true;true;true;0;6,21;0
2025;3,83;8,4;342;true;true;true;0;6,21;0
2026;3,84;8,39;342;true;true;true;0;6,21;0
2027;3,84;8,39;342;true;true;true;0;6,21;0
2028;3,85;8,39;342;true;true;true;0;6,21;0
2029;3,86;8,39;342;true;true;true;0;6,21;0
2030;3,87;8,39;342;true;true;true;0;6,21;0
2031;3,87;8,39;342;true;true;true;0;6,21;0
2032;3,88;8,39;342;true;true;true;0;6,21;0
2033;3,89;8,39;342;true;true;true;0;6,21;0
2034;3,9;8,39;342;true;true;true;0;6,21;0
2035;3,9;8,39;342;true;true;true;0;6,21;0
2036;3,91;8,39;342;true;true;true;0;6,21;0
2037;3,92;8,39;342;true;true;true;0;6,21;0
2038;3,93;8,39;342;true;true;true;0;6,21;0
2039;3,94;8,39;342;true;true;true;0;6,21;0
2040;3,94;8,39;342;true;true;true;0;6,21;0
2041;3,95;8,39;342;true;true;true;0;6,21;0
2042;3,96;8,39;342;true;true;true;0;6,21;0
2043;3,97;8,39;342;true;true;true;0;6,21;0
2044;3,98;8,39;342;true;true;true;0;6,21;0
2045;3,98;8,39;342;true;true;true;0;6,21;0
2046;3,99;8,39;342;true;true;true;0;6,21;0
2047;4;8,39;342;true;true;true;0;6,21;0
2048;4,01;8,39;342;true;true;true;0;6,21;0
2049;4,01;8,39;342;true;true;true;0;6,21;0
2050;4,02;8,39;342;true;true;true;0;6,21;0
2051;4,03;8,39;342;true;true;true;0;6,21;0
2052;4,04;8,39;342;true;true;true;0;6,21;0
2053;4,05;8,39;342;true;true;true;0;6,21;0
2054;4,05;8,39;342;true;true;true;0;6,21;0
2055;4,06;8,39;342;true;true;true;0;6,21;0
2056;4,07;8,39;342;true;true;true;0;6,21;0
2057;4,08;8,39;342;true;true;true;0;6,21;0
2058;4,09;8,39;342;true;true;true;0;6,21;0
2059;4,1;8,39;342;true;true;true;0;6,21;0
2060;4,1;8,39;342;true;true;true;0;6,21;0
2061;4,11;8,39;342;true;true;true;0;6,21;0
2062;4,12;8,39;342;true;true;true;0;6,21;0
2063;4,13;8,39;342;true;true;true;0;6,21;0
2064;4,13;8,39;342;true;true;true;0;6,21;0
2065;4,14;8,39;342;true;true;true;0;6,21;0
2066;4,15;8,39;342;true;true;true;0;6,21;0
2067;4,16;8,39;342;true;true;true;0;6,21;0
2068;4,16;8,38;342;true;true;true;0;6,21;0
2069;4,17;8,38;342;true;true;true;0;6,42;0
2070;4,18;8,38;342;true;true;true;0;6,42;0
2071;4,19;8,38;342;true;true;true;0;6,42;0
2072;4,2;8,38;342;true;true;true;0;6,42;0
2073;4,2;8,38;342;true;true;true;0;6,42;0
2074;4,21;8,38;342;true;true;true;0;6,42;0
2075;4,22;8,38;342;true;true;true;0;6,42;0
2076;4,22;8,38;342;true;true;true;0;6,42;0
2077;4,23;8,38;342;true;true;true;0;6,42;0
2078;4,24;8,38;342;true;true;true;0;6,42;0
2079;4,25;8,38;342;true;true;true;0;6,41;0
2080;4,26;8,38;342;true;true;true;0;6,41;0
2081;4,26;8,38;342;true;true;true;0;6,41;0
2082;4,27;8,38;342;true;true;true;0;6,41;0
2083;4,28;8,38;342;true;true;true;0;6,41;0
2084;4,28;8,38;342;true;true;true;0;6,41;0
2085;4,29;8,38;342;true;true;true;0;6,41;0
2086;4,3;8,38;342;true;true;true;0;6,41;0
2087;4,31;8,38;342;true;true;true;0;6,41;0
2088;4,31;8,38;342;true;true;true;0;6,41;0
2089;4,32;8,38;342;true;true;true;0;6,41;0
2090;4,33;8,38;342;true;true;true;0;6,41;0
2091;4,34;8,38;342;true;true;true;0;6,41;0
2092;4,34;8,38;342;true;true;true;0;6,41;0
2093;4,35;8,38;342;true;true;true;0;6,41;0
2094;4,36;8,38;342;true;true;true;0;6,41;0
2095;4,37;8,38;342;true;true;true;0;6,41;0
2096;4,37;8,38;342;true;true;true;0;6,41;0
2097;4,38;8,37;342;true;true;true;0;6,41;0
2098;4,39;8,37;342;true;true;true;0;6,41;0
2099;4,39;8,37;342;true;true;true;0;6,41;0
2100;4,4;8,37;342;true;true;true;0;6,41;0
2101;4,41;8,37;342;true;true;true;0;6,41;0
2102;4,41;8,37;342;true;true;true;0;6,41;0
2103;4,42;8,37;342;true;true;true;0;6,41;0
2104;4,43;8,37;342;true;true;true;0;6,41;0
2105;4,44;8,37;342;true;true;true;0;6,41;0
2106;4,44;8,37;342;true;true;true;0;6,41;0
2107