lengthMiddleSegment: 85597.07
step_energy: 0.05
electrostatic_force_factor: 1.0
spring_force_factor: 0.1
reject_force_factor: 2.0
distanceRejectRadius: 21399.2675
distanceSamePosition: 21399.2675
Iteration;time;energy;num nodes;reject force is enabled;spring force is enabled;electrostatic force is enabled;str_force;rep_force;elec_force
1;0;50,17;1457;false;true;true;18,73;0;31,53
2;0,03;57,88;1395;false;true;true;20,7;0;38,07
3;0,1;59,13;1335;false;true;true;21,87;0;39,13
4;0,11;56,74;1279;false;true;true;20,52;0;38,1
5;0,12;54,26;1219;false;true;true;19,92;0;36,07
6;0,13;52,01;1172;false;true;true;19,49;0;34,22
7;0,14;50,05;1124;false;true;true;19,4;0;32,1
8;0,14;49,36;1085;false;true;true;18,59;0;32,91
9;0,15;47,9;1041;false;true;true;19,49;0;30,82
10;0,16;47,69;1006;false;true;true;19,15;0;30,64
11;0,16;46,54;968;false;true;true;19,35;0;29,21
12;0,17;45,92;934;false;true;true;18,73;0;29,33
13;0,17;43,44;902;false;true;true;19,1;0;26,47
14;0,17;43,6;873;false;true;true;17,41;0;28,09
15;0,18;42,81;839;false;true;true;18,34;0;27,18
16;0,18;40,37;808;false;true;true;18,03;0;24,32
17;0,19;41,39;786;false;true;true;17,59;0;26,89
18;0,19;39,58;764;false;true;true;17,95;0;25,75
19;0,2;37,17;742;false;true;true;18,02;0;23,94
20;0,2;34,5;720;false;true;true;17,56;0;20,23
21;0,2;34,95;707;false;true;true;16,62;0;22,31
22;0,21;32,55;690;false;true;true;16,99;0;19,09
23;0,21;31,68;678;false;true;true;15,63;0;18,97
24;0,21;31,62;668;false;true;true;15,23;0;20,48
25;0,22;30,96;654;false;true;true;16,25;0;19,56
26;0,22;30,15;640;false;true;true;15,7;0;18,62
27;0,22;29,46;628;false;true;true;15,29;0;18,41
28;0,22;29,16;614;false;true;true;15,75;0;17,79
29;0,23;27,14;601;false;true;true;14,19;0;15,44
30;0,23;26,54;592;false;true;true;14,08;0;15,75
31;0,23;25,91;584;false;true;true;14;0;15,47
32;0,24;25,05;577;false;true;true;13,67;0;15,19
33;0,24;23,28;569;false;true;true;13,59;0;13,46
34;0,24;24,21;563;false;true;true;14,04;0;14,41
35;0,25;23,42;555;false;true;true;13,97;0;13,32
36;0,25;22,43;548;false;true;true;13,04;0;12,06
37;0,25;22,4;544;false;true;true;13,12;0;13,02
38;0,25;21,78;538;false;true;true;13,19;0;12,37
39;0,26;21,21;533;false;true;true;13,16;0;12,4
40;0,26;21,18;530;false;true;true;12,97;0;13,49
41;0,26;21,87;524;false;true;true;13,7;0;13,62
42;0,26;20,52;516;false;true;true;13,18;0;11,18
43;0,27;20,82;512;false;true;true;12,87;0;11,81
44;0,27;19,63;506;false;true;true;12,59;0;10,84
45;0,27;19,43;504;false;true;true;12,04;0;12,09
46;0,27;19,5;500;false;true;true;12,14;0;12,19
47;0,28;19,4;495;false;true;true;12,61;0;11,8
48;0,28;18,93;490;false;true;true;12,43;0;11,16
49;0,28;18,31;485;false;true;true;11,98;0;10,32
50;0,28;17,68;481;false;true;true;11,62;0;10,13
51;0,29;16,43;477;false;true;true;11,14;0;9,05
52;0,29;16,71;475;false;true;true;11,4;0;9,95
53;0,29;17,77;473;false;true;true;11,66;0;11,09
54;0,29;16,93;468;false;true;true;11,95;0;9,87
55;0,29;16,72;465;false;true;true;11,78;0;9,88
56;0,3;16,72;463;false;true;true;11,51;0;10,6
57;0,3;16,29;458;false;true;true;11,8;0;9,53
58;0,3;15,46;456;false;true;true;11,51;0;9,57
59;0,3;15,98;455;false;true;true;11,91;0;11,05
60;0,31;16,29;452;false;true;true;12,58;0;11,38
61;0,31;16,61;448;false;true;true;12,71;0;11,13
62;0,31;15,94;443;false;true;true;12,33;0;9,66
63;0,31;15,96;440;false;true;true;11,58;0;9,26
64;0,31;15,84;437;false;true;true;11,33;0;8,96
65;0,31;16,23;435;false;true;true;11,3;0;9,56
66;0,32;16,1;430;false;true;true;11,37;0;8,44
67;0,32;15,71;427;false;true;true;11,05;0;8,24
68;0,32;15,62;425;false;true;true;10,5;0;8,22
69;0,32;15,9;423;false;true;true;10,64;0;8,92
70;0,33;15,45;419;false;true;true;10,8;0;8,04
71;0,33;15,72;418;false;true;true;10,97;0;9,13
72;0,33;15,54;415;false;true;true;11,1;0;8,93
73;0,33;15,19;411;false;true;true;10,74;0;7,85
74;0,34;14,64;409;false;true;true;10,67;0;7,83
75;0,34;14,35;407;false;true;true;10,64;0;7,92
76;0,34;14,3;405;false;true;true;10,77;0;8,13
77;0,34;14,31;403;false;true;true;10,9;0;8,34
78;0,35;14,28;401;false;true;true;10,95;0;8,53
79;0,35;14,64;400;false;true;true;11,2;0;9,72
80;0,35;13,8;395;false;true;true;10,75;0;7,6
81;0,35;13,04;393;false;true;true;10,3;0;7,17
82;0,35;12,83;392;false;true;true;10,16;0;7,65
83;0,36;13,32;391;false;true;true;10,17;0;8,28
84;0,36;13,59;390;false;true;true;10,81;0;9,23
85;0,36;13,73;386;false;true;true;11,04;0;8,1
86;0,36;13,45;384;false;true;true;10,73;0;8
87;0,37;13,06;381;false;true;true;10,43;0;7,11
88;0,37;12,68;379;false;true;true;9,68;0;6,84
89;0,37;12,58;378;false;true;true;9,5;0;7,32
90;0,37;12,21;376;false;true;true;9,47;0;7,11
91;0,37;12,09;375;false;true;true;9,81;0;7,51
92;0,38;12,07;373;false;true;true;10,2;0;7,41
93;0,38;11,81;372;false;true;true;9,88;0;7,47
94;0,38;11,75;370;false;true;true;10,13;0;7,14
95;0,38;11,53;369;false;true;true;10,2;0;7,44
96;0,38;11,89;368;false;true;true;10,42;0;8,14
97;0,38;12,27;366;false;true;true;10,75;0;8,3
98;0,39;12,3;363;false;true;true;10,83;0;7,64
99;0,39;11,64;359;false;true;true;9,92;0;5,7
100;0,39;11,32;359;false;true;true;9,48;0;6,51
101;0,39;11,61;358;false;true;true;9,31;0;6,74
102;0,4;11,49;357;false;true;true;9,52;0;6,92
103;0,4;12,17;356;false;true;true;10,09;0;7,84
104;0,4;11,82;352;false;true;true;9,81;0;6,24
105;0,4;10,96;350;false;true;true;9,19;0;5,33
106;0,4;10,66;350;false;true;true;8,87;0;5,95
107;0,41;10,68;350;false;true;true;9,02;0;6,71
108;0,41;11,08;350;false;true;true;9,73;0;7,8
109;0,41;11,56;348;false;true;true;10,59;0;7,72
110;0,41;11,64;345;false;true;true;10,58;0;6,87
111;0,41;11,28;343;false;true;true;9,79;0;6,2
112;0,42;10,82;341;false;true;true;9,29;0;5,57
113;0,42;10,61;341;false;true;true;9;0;6,29
114;0,42;10,92;339;false;true;true;8,68;0;6,61
115;0,42;11,2;338;false;true;true;8,93;0;7,69
116;0,42;10,25;335;false;true;true;9,17;0;6,26
117;0,43;10,2;334;false;true;true;9,38;0;6,46
118;0,43;10,31;333;false;true;true;9,39;0;6,86
119;0,43;10,4;331;false;true;true;9,23;0;6,41
120;0,43;9,98;329;false;true;true;8,91;0;5,6
121;0,43;9,93;329;false;true;true;8,91;0;6,39
122;0,44;10,32;328;false;true;true;8,75;0;6,55
123;0,44;10;326;false;true;true;8,59;0;5,8
124;0,44;9,89;324;false;true;true;8,77;0;5,22
125;0,44;9,61;324;false;true;true;8,66;0;5,86
126;0,44;9,58;323;false;true;true;8,75;0;5,97
127;0,45;9,59;322;false;true;true;8,72;0;6,16
128;0,45;9,56;321;false;true;true;8,91;0;6,22
129;0,45;9,83;321;false;true;true;9,29;0;7,24
130;0,45;9,8;318;false;true;true;9,3;0;6,35
131;0,45;9,67;316;false;true;true;8,62;0;5,41
132;0,46;9,48;316;false;true;true;8,41;0;6,19
133;0,46;9,41;315;false;true;true;8,44;0;6,25
134;0,46;9,2;314;false;true;true;8,47;0;6,31
135;0,46;8,92;313;false;true;true;8,58;0;6,41
136;0,46;8,87;311;false;true;true;8,34;0;5,64
137;0,47;8,67;309;false;true;true;7,95;0;4,75
138;0,47;8,51;309;false;true;true;7,89;0;5,37
139;0,47;8,13;308;false;true;true;7,6;0;4,99
140;0,47;8,1;308;false;true;true;7,84;0;5,53
141;0,47;8,39;308;false;true;true;8,34;0;6,34
142;0,47;8,43;306;false;true;true;8,54;0;5,62
143;0,48;8,19;305;false;true;true;8,56;0;5,48
144;0,48;8,22;304;false;true;true;8,18;0;5,21
145;0,48;8,14;303;false;true;true;7,99;0;5,07
146;0,48;8,05;303;false;true;true;8,01;0;5,62
147;0,48;7,97;302;false;true;true;7,97;0;5,43
148;0,49;8,14;302;false;true;true;8,28;0;6,15
149;0,49;8,41;301;false;true;true;8,7;0;6,4
150;0,49;7,96;298;false;true;true;8,17;0;4,66
151;0,49;7,62;298;false;true;true;7,85;0;5,04
152;0,49;7,52;298;false;true;true;7,8;0;5,5
153;0,49;7,68;298;false;true;true;8,01;0;6,16
154;0,5;7,84;297;false;true;true;8,28;0;6,13
155;0,5;7,9;295;false;true;true;8,29;0;5,4
156;0,5;7,59;294;false;true;true;7,93;0;5,02
157;0,5;7,39;294;false;true;true;7,72;0;5,51
158;0,5;7,21;293;false;true;true;7,69;0;5,29
159;0,5;7,1;293;false;true;true;7,93;0;5,76
160;0,5;7,35;292;false;true;true;7,88;0;5,48
161;0,5;7,51;292;false;true;true;8,02;0;6,3
162;0,5;6,73;290;false;true;true;7,7;0;4,87
163;0,5;6,65;290;false;true;true;7,76;0;5,31
164;0,51;6,79;289;false;true;true;7,79;0;5,19
165;0,51;6,82;288;false;true;true;7,58;0;5,05
166;0,51;6,59;286;false;true;true;7,39;0;4
167;0,51;6,21;286;false;true;true;7,08;0;4,2
168;0,51;5,98;286;false;true;true;6,91;0;4,4
169;0,51;5,83;286;false;true;true;6,9;0;4,62
170;0,51;5,76;286;false;true;true;7,11;0;4,87
171;0,52;5,77;286;false;true;true;7,41;0;5,17
172;0,52;5,88;286;false;true;true;7,73;0;5,57
173;0,52;6,34;285;false;true;true;7,65;0;5,27
174;0,52;6,6;285;false;true;true;7,91;0;5,96
175;0,52;6,24;283;false;true;true;7,61;0;4,72
176;0,52;6,14;283;false;true;true;7,55;0;5,08
177;0,52;6,28;283;false;true;true;7,65;0;5,62
178;0,53;6,26;281;false;true;true;7,26;0;4,48
179;0,53;6,12;281;false;true;true;7,24;0;4,83
180;0,53;5,92;280;false;true;true;6,97;0;4,34
181;0,53;5,76;280;false;true;true;6,92;0;4,59
182;0,53;5,74;280;false;true;true;7,04;0;4,92
183;0,53;5,95;280;false;true;true;7,29;0;5,44
184;0,54;5,83;279;false;true;true;7,34;0;5,06
185;0,54;5,53;278;false;true;true;7,03;0;4,41
186;0,54;5,38;278;false;true;true;7,01;0;4,62
187;0,54;5,31;278;false;true;true;7,05;0;4,84
188;0,54;5,32;278;false;true;true;7,23;0;5,11
189;0,54;5,41;278;false;true;true;7,48;0;5,47
190;0,54;5,71;278;false;true;true;7,82;0;6,02
191;0,54;5,77;277;false;true;true;7,88;0;5,71
192;0,55;5,9;276;false;true;true;7,65;0;5,41
193;0,55;5,59;275;false;true;true;7,43;0;4,93
194;0,55;5,68;274;false;true;true;6,99;0;4,46
195;0,55;5,46;274;false;true;true;6,91;0;4,72
196;0,55;5,43;274;false;true;true;6,97;0;5,07
197;0,55;5,26;273;false;true;true;6,82;0;4,52
198;0,55;5,14;273;false;true;true;6,95;0;4,74
199;0,56;5,12;273;false;true;true;7,11;0;5
200;0,56;5,19;273;false;true;true;7,32;0;5,34
201;0,56;5,45;273;false;true;true;7,61;0;5,85
202;0,56;5,66;271;false;true;true;7,42;0;4,75
203;0,56;5,57;271;false;true;true;7,32;0;5,13
204;0,56;5,62;270;false;true;true;7,18;0;4,83
205;0,56;5,47;269;false;true;true;6,78;0;4,42
206;0,56;5,37;269;false;true;true;6,77;0;4,72
207;0,57;5,34;268;false;true;true;6,49;0;4,2
208;0,57;5,19;268;false;true;true;6,5;0;4,44
209;0,57;5,18;267;false;true;true;6,08;0;3,74
210;0,57;5,1;267;false;true;true;6,15;0;4,01
211;0,57;4,99;266;false;true;true;6,2;0;3,56
212;0,57;4,79;266;false;true;true;6,15;0;3,72
213;0,58;4,68;266;false;true;true;6,15;0;3,9
214;0,58;4,67;266;false;true;true;6,2;0;4,15
215;0,58;4,58;265;false;true;true;6,01;0;3,59
216;0,58;4,43;265;false;true;true;6;0;3,72
217;0,58;4,33;265;false;true;true;6,04;0;3,87
218;0,58;4,29;265;false;true;true;6,11;0;4,04
219;0,58;4,3;265;false;true;true;6,23;0;4,26
220;0,58;4,41;265;false;true;true;6,42;0;4,56
221;0,59;4,76;265;false;true;true;6,66;0;5,13
222;0,59;4,45;263;false;true;true;6,18;0;3,61
223;0,59;4,23;263;false;true;true;6,01;0;3,74
224;0,59;4,1;263;false;true;true;5,95;0;3,89
225;0,59;4,06;263;false;true;true;5,95;0;4,08
226;0,59;4,03;262;false;true;true;5,76;0;3,55
227;0,59;3,88;262;false;true;true;5,77;0;3,64
228;0,6;3,78;262;false;true;true;5,8;0;3,73
229;0,6;3,71;262;false;true;true;5,84;0;3,82
230;0,6;3,66;262;false;true;true;5,91;0;3,92
231;0,6;3,64;262;false;true;true;6,03;0;4,04
232;0,6;3,64;262;false;true;true;6,15;0;4,18
233;0,6;3,69;262;false;true;true;6,29;0;4,36
234;0,6;3,81;262;false;true;true;6,44;0;4,63
235;0,61;3,83;261;false;true;true;6,23;0;4,06
236;0,61;3,85;261;false;true;true;6,22;0;4,3
237;0,61;3,8;260;false;true;true;6,02;0;3,69
238;0,61;3,65;260;false;true;true;5,89;0;3,77
239;0,61;3,55;260;false;true;true;5,84;0;3,85
240;0,61;3,48;260;false;true;true;5,86;0;3,93
241;0,61;3,43;260;false;true;true;5,94;0;4,02
242;0,61;3,4;260;false;true;true;6,04;0;4,12
243;0,61;3,39;260;false;true;true;6,15;0;4,22
244;0,62;3,4;260;false;true;true;6,26;0;4,35
245;0,62;3,44;260;false;true;true;6,38;0;4,5
246;0,62;3,53;260;false;true;true;6,52;0;4,71
247;0,62;3,71;260;false;true;true;6,69;0;5,02
248;0,62;3,99;259;false;true;true;6,49;0;4,49
249;0,62;3,8;258;false;true;true;6,08;0;3,84
250;0,62;3,66;258;false;true;true;5,96;0;3,95
251;0,62;3,59;258;false;true;true;5,93;0;4,07
252;0,62;3,58;258;false;true;true;6;0;4,22
253;0,63;3,66;258;false;true;true;6,12;0;4,44
254;0,63;3,75;257;false;true;true;6,07;0;3,9
255;0,63;3,64;257;false;true;true;6,01;0;4,02
256;0,63;3,6;257;false;true;true;6,02;0;4,17
257;0,63;3,64;257;false;true;true;6,07;0;4,39
258;0,63;3,59;256;false;true;true;5,8;0;3,75
259;0,63;3,46;256;false;true;true;5,76;0;3,83
260;0,63;3,39;256;false;true;true;5,78;0;3,93
261;0,63;3,36;256;false;true;true;5,83;0;4,05
262;0,64;3,39;256;false;true;true;5,94;0;4,2
263;0,64;3,55;255;false;true;true;5,67;0;3,55
264;0,64;3,4;255;false;true;true;5,61;0;3,62
265;0,64;3,31;255;false;true;true;5,61;0;3,68
266;0,64;3,25;255;false;true;true;5,65;0;3,75
267;0,64;3,21;255;false;true;true;5,74;0;3,82
268;0,64;3,18;255;false;true;true;5,82;0;3,91
269;0,65;3,18;255;false;true;true;5,91;0;4
270;0,65;3,2;255;false;true;true;6;0;4,12
271;0,65;3,27;255;false;true;true;6,11;0;4,29
272;0,65;3,33;254;false;true;true;5,9;0;3,76
273;0,65;3,26;254;false;true;true;5,85;0;3,85
274;0,65;3,23;254;false;true;true;5,85;0;3,96
275;0,66;3,27;254;false;true;true;5,88;0;4,11
276;0,66;3,52;253;false;true;true;5,64;0;3,55
277;0,66;3,31;253;false;true;true;5,58;0;3,61
278;0,66;3,18;253;false;true;true;5,55;0;3,66
279;0,66;3,09;253;false;true;true;5,53;0;3,71
280;0,67;3,04;253;false;true;true;5,61;0;3,77
281;0,67;3;253;false;true;true;5,68;0;3,83
282;0,67;2,96;253;false;true;true;5,74;0;3,89
283;0,67;2,94;253;false;true;true;5,8;0;3,95
284;0,67;2,93;253;false;true;true;5,86;0;4,02
285;0,67;2,93;253;false;true;true;5,93;0;4,1
286;0,68;2,94;253;false;true;true;6;0;4,19
287;0,68;2,97;253;false;true;true;6,08;0;4,31
288;0,68;3,02;253;false;true;true;6,18;0;4,45
289;0,68;3,13;253;false;true;true;6,3;0;4,65
290;0,68;3,28;252;false;true;true;6,04;0;4,11
291;0,69;3,26;252;false;true;true;6;0;4,29
292;0,69;3,4;251;false;true;true;5,88;0;3,74
293;0,69;3,25;251;false;true;true;5,72;0;3,84
294;0,69;3,17;251;false;true;true;5,68;0;3,95
295;0,7;3,17;251;false;true;true;5,7;0;4,09
296;0,7;3,26;251;false;true;true;5,81;0;4,31
297;0,7;3,17;250;false;true;true;5,54;0;3,63
298;0,7;3,07;250;false;true;true;5,51;0;3,7
299;0,7;3;250;false;true;true;5,51;0;3,77
300;0,7;2,96;250;false;true;true;5,53;0;3,84
301;0,7;2,94;250;false;true;true;5,59;0;3,93
302;0,7;2,95;250;false;true;true;5,69;0;4,03
303;0,71;3;250;false;true;true;5,8;0;4,18
304;0,71;3,24;249;false;true;true;5,59;0;3,55
305;0,71;3,08;249;false;true;true;5,5;0;3,61
306;0,71;2,98;249;false;true;true;5,45;0;3,67
307;0,71;2,93;249;false;true;true;5,45;0;3,74
308;0,72;2,91;249;false;true;true;5,53;0;3,83
309;0,72;2,93;249;false;true;true;5,61;0;3,94
310;0,72;3,01;249;false;true;true;5,71;0;4,12
311;0,72;3,08;248;false;true;true;5,57;0;3,5
312;0,72;2,95;248;false;true;true;5,47;0;3,54
313;0,72;2,85;248;false;true;true;5,39;0;3,58
314;0,73;2,78;248;false;true;true;5,35;0;3,63
315;0,73;2,73;248;false;true;true;5,37;0;3,67
316;0,73;2,69;248;false;true;true;5,42;0;3,72
317;0,73;2,66;248;false;true;true;5,48;0;3,77
318;0,73;2,65;248;false;true;true;5,53;0;3,83
319;0,73;2,65;248;false;true;true;5,58;0;3,91
320;0,73;2,67;248;false;true;true;5,64;0;4
321;0,73;2,72;248;false;true;true;5,72;0;4,12
322;0,73;2,86;248;false;true;true;5,81;0;4,34
323;0,73;2,77;247;false;true;true;5,48;0;3,6
324;0,74;2,68;247;false;true;true;5,41;0;3,65
325;0,74;2,63;247;false;true;true;5,38;0;3,69
326;0,74;2,59;247;false;true;true;5,36;0;3,73
327;0,74;2,56;247;false;true;true;5,38;0;3,78
328;0,74;2,53;247;false;true;true;5,43;0;3,83
329;0,74;2,52;247;false;true;true;5,49;0;3,88
330;0,74;2,52;247;false;true;true;5,54;0;3,94
331;0,74;2,54;247;false;true;true;5,6;0;4,02
332;0,74;2,58;247;false;true;true;5,67;0;4,13
333;0,74;2,68;247;false;true;true;5,75;0;4,3
334;0,75;2,78;246;false;true;true;5,56;0;3,64
335;0,75;2,65;246;false;true;true;5,44;0;3,68
336;0,75;2,56;246;false;true;true;5,37;0;3,71
337;0,75;2,5;246;false;true;true;5,32;0;3,75
338;0,75;2,45;246;false;true;true;5,36;0;3,78
339;0,75;2,41;246;false;true;true;5,41;0;3,81
340;0,75;2,38;246;false;true;true;5,45;0;3,85
341;0,75;2,36;246;false;true;true;5,49;0;3,89
342;0,75;2,35;246;false;true;true;5,53;0;3,93
343;0,76;2,33;246;false;true;true;5,56;0;3,97
344;0,76;2,33;246;false;true;true;5,6;0;4,02
345;0,76;2,32;246;false;true;true;5,63;0;4,07
346;0,76;2,34;246;false;true;true;5,68;0;4,14
347;0,76;2,37;246;false;true;true;5,73;0;4,23
348;0,76;2,44;246;false;true;true;5,8;0;4,35
349;0,76;2,6;246;false;true;true;5,89;0;4,58
350;0,76;2,49;245;false;true;true;5,53;0;3,8
351;0,76;2,41;245;false;true;true;5,46;0;3,84
352;0,77;2,36;245;false;true;true;5,41;0;3,87
353;0,77;2,32;245;false;true;true;5,38;0;3,9
354;0,77;2,3;245;false;true;true;5,4;0;3,94
355;0,77;2,28;245;false;true;true;5,44;0;3,97
356;0,77;2,27;245;false;true;true;5,49;0;4,01
357;0,77;2,25;245;false;true;true;5,53;0;4,04
358;0,78;2,24;245;false;true;true;5,57;0;4,08
359;0,78;2,23;245;false;true;true;5,61;0;4,12
360;0,78;2,23;245;false;true;true;5,64;0;4,17
361;0,78;2,23;245;false;true;true;5,69;0;4,22
362;0,78;2,24;245;false;true;true;5,73;0;4,28
363;0,78;2,25;245;false;true;true;5,79;0;4,34
364;0,78;2,28;245;false;true;true;5,85;0;4,42
365;0,78;2,32;245;false;true;true;5,91;0;4,51
366;0,78;2,38;245;false;true;true;5,99;0;4,63
367;0,79;2,49;245;false;true;true;6,09;0;4,82
368;0,79;2,91;244;false;true;true;5,92;0;4,24
369;0,79;2,84;244;false;true;true;5,79;0;4,39
370;0,79;3,01;243;false;true;true;5,49;0;3,84
371;0,79;2,86;243;false;true;true;5,4;0;3,91
372;0,79;2,78;243;false;true;true;5,38;0;3,99
373;0,79;2,75;243;false;true;true;5,43;0;4,09
374;0,79;2,75;243;false;true;true;5,54;0;4,2
375;0,79;2,81;243;false;true;true;5,66;0;4,35
376;0,79;2,96;243;false;true;true;5,81;0;4,57
377;0,8;3,35;242;false;true;true;5,61;0;4,48
378;0,8;3,43;241;false;true;true;5,24;0;4,1
379;0,8;3,11;240;false;true;true;5,4;0;3,69
380;0,8;2,98;240;false;true;true;5,2;0;3,77
381;0,8;2,91;240;false;true;true;5,08;0;3,87
382;0,8;2,87;240;false;true;true;5,08;0;3,98
383;0,81;2,88;240;false;true;true;5,25;0;4,12
384;0,81;2,97;240;false;true;true;5,42;0;4,34
385;0,81;2,98;239;false;true;true;5,33;0;3,72
386;0,81;2,85;239;false;true;true;5,28;0;3,8
387;0,81;2,77;239;false;true;true;5,26;0;3,88
388;0,81;2,73;239;false;true;true;5,27;0;3,97
389;0,81;2,73;239;false;true;true;5,36;0;4,09
390;0,81;2,8;239;false;true;true;5,48;0;4,28
391;0,82;2,85;238;false;true;true;5,33;0;3,69
392;0,82;2,7;238;false;true;true;5,23;0;3,75
393;0,82;2,62;238;false;true;true;5,18;0;3,8
394;0,82;2,57;238;false;true;true;5,19;0;3,85
395;0,82;2,53;238;false;true;true;5,27;0;3,91
396;0,82;2,5;238;false;true;true;5,35;0;3,97
397;0,82;2,47;238;false;true;true;5,42;0;4,03
398;0,82;2,47;238;false;true;true;5,48;0;4,11
399;0,82;2,47;238;false;true;true;5,55;0;4,19
400;0,83;2,48;238;false;true;true;5,63;0;4,29
401;0,83;2,52;238;false;true;true;5,71;0;4,41
402;0,83;2,6;238;false;true;true;5,81;0;4,57
403;0,83;2,74;238;false;true;true;5,94;0;4,8
404;0,83;2,92;237;false;true;true;5,87;0;4,3
405;0,83;2,94;237;false;true;true;5,84;0;4,51
406;0,83;3,05;236;false;true;true;5,58;0;3,98
407;0,83;2,95;236;false;true;true;5,4;0;4,14
408;0,83;3,02;235;false;true;true;4,93;0;3,52
409;0,84;2,83;235;false;true;true;4,88;0;3,56
410;0,84;2,7;235;false;true;true;4,92;0;3,59
411;0,84;2,6;235;false;true;true;4,95;0;3,63
412;0,84;2,51;235;false;true;true;4,99;0;3,66
413;0,84;2,44;235;false;true;true;5,05;0;3,7
414;0,84;2,39;235;false;true;true;5,11;0;3,74
415;0,84;2,35;235;false;true;true;5,16;0;3,78
416;0,84;2,32;235;false;true;true;5,21;0;3,83
417;0,85;2,29;235;false;true;true;5,25;0;3,88
418;0,85;2,27;235;false;true;true;5,29;0;3,94
419;0,85;2,26;235;false;true;true;5,34;0;4,01
420;0,85;2,27;235;false;true;true;5,39;0;4,09
421;0,85;2,29;235;false;true;true;5,46;0;4,19
422;0,85;2,34;235;false;true;true;5,53;0;4,32
423;0,85;2,45;235;false;true;true;5,64;0;4,52
424;0,85;2,66;234;false;true;true;5,47;0;3,99
425;0,85;2,6;234;false;true;true;5,37;0;4,15
426;0,86;2,7;233;false;true;true;5,14;0;3,57
427;0,86;2,53;233;false;true;true;4,97;0;3,62
428;0,86;2,42;233;false;true;true;4,93;0;3,67
429;0,86;2,34;233;false;true;true;4,91;0;3,73
430;0,86;2,28;233;false;true;true;4,96;0;3,79
431;0,86;2,25;233;false;true;true;5,03;0;3,85
432;0,86;2,23;233;false;true;true;5,1;0;3,93
433;0,86;2,25;233;false;true;true;5,17;0;4,04
434;0,86;2,31;233;false;true;true;5,25;0;4,19
435;0,87;2,35;232;false;true;true;4,99;0;3,58
436;0,87;2,23;232;false;true;true;4,91;0;3,62
437;0,87;2,15;232;false;true;true;4,87;0;3,67
438;0,87;2,1;232;false;true;true;4,85;0;3,72
439;0,87;2,05;232;false;true;true;4,86;0;3,77
440;0,88;2,02;232;false;true;true;4,92;0;3,83
441;0,88;2;232;false;true;true;4,97;0;3,89
442;0,88;1,99;232;false;true;true;5,03;0;3,97
443;0,88;1,99;232;false;true;true;5,09;0;4,06
444;0,88;2,03;232;false;true;true;5,17;0;4,17
445;0,88;2,12;232;false;true;true;5,26;0;4,35
446;0,88;2,24;231;false;true;true;5;0;3,71
447;0,89;2,1;231;false;true;true;4,89;0;3,77
448;0,89;2,03;231;false;true;true;4,83;0;3,83
449;0,89;2;231;false;true;true;4,85;0;3,89
450;0,89;1,97;231;false;true;true;4,92;0;3,96
451;0,9;1,97;231;false;true;true;5,01;0;4,04
452;0,9;1,98;231;false;true;true;5,09;0;4,14
453;0,9;2,01;231;false;true;true;5,17;0;4,26
454;0,9;2,08;231;false;true;true;5,27;0;4,43
455;0,9;2,24;231;false;true;true;5,41;0;4,68
456;0,9;2,51;230;false;true;true;5,07;0;4,04
457;0,9;2,52;229;false;true;true;4,7;0;3,37
458;0,9;2,33;229;false;true;true;4,52;0;3,44
459;0,91;2,21;229;false;true;true;4,47;0;3,51
460;0,91;2,14;229;false;true;true;4,49;0;3,59
461;0,91;2,12;229;false;true;true;4,59;0;3,7
462;0,91;2,17;229;false;true;true;4,7;0;3,86
463;0,91;2,14;228;false;true;true;4,41;0;3,21
464;0,91;2,02;228;false;true;true;4,35;0;3,25
465;0,91;1,93;228;false;true;true;4,31;0;3,28
466;0,91;1,86;228;false;true;true;4,29;0;3,32
467;0,92;1,81;228;false;true;true;4,3;0;3,35
468;0,92;1,76;228;false;true;true;4,34;0;3,39
469;0,92;1,73;228;false;true;true;4,38;0;3,42
470;0,92;1,69;228;false;true;true;4,41;0;3,46
471;0,92;1,67;228;false;true;true;4,45;0;3,51
472;0,92;1,65;228;false;true;true;4,48;0;3,56
473;0,92;1,65;228;false;true;true;4,53;0;3,62
474;0,92;1,67;228;false;true;true;4,58;0;3,7
475;0,92;1,71;228;false;true;true;4,63;0;3,82
476;0,92;1,91;227;false;true;true;4,34;0;3,18
477;0,93;1,76;227;false;true;true;4,2;0;3,21
478;0,93;1,69;227;false;true;true;4,15;0;3,24
479;0,93;1,62;227;false;true;true;4,13;0;3,26
480;0,93;1,57;227;false;true;true;4,17;0;3,29
481;0,93;1,53;227;false;true;true;4,2;0;3,31
482;0,93;1,48;227;false;true;true;4,22;0;3,34
483;0,93;1,45;227;false;true;true;4,24;0;3,36
484;0,94;1,42;227;false;true;true;4,26;0;3,39
485;0,94;1,4;227;false;true;true;4,27;0;3,41
486;0,94;1,37;227;false;true;true;4,29;0;3,44
487;0,94;1,36;227;false;true;true;4,31;0;3,48
488;0,94;1,35;227;false;true;true;4,32;0;3,52
489;0,94;1,35;227;false;true;true;4,35;0;3,57
490;0,94;1,37;227;false;true;true;4,39;0;3,63
491;0,95;1,4;227;false;true;true;4,42;0;3,71
492;0,95;1,48;227;false;true;true;4,48;0;3,85
493;0,95;1,52;226;false;true;true;4,17;0;3,2
494;0,95;1,43;226;false;true;true;4,07;0;3,22
495;0,95;1,37;226;false;true;true;4,01;0;3,24
496;0,95;1,32;226;false;true;true;3,96;0;3,25
497;0,95;1,29;226;false;true;true;3,95;0;3,27
498;0,95;1,25;226;false;true;true;3,97;0;3,28
499;0,96;1,23;226;false;true;true;4;0;3,3
500;0,96;1,2;226;false;true;true;4,02;0;3,31
501;0,96;1,17;226;false;true;true;4,03;0;3,33
502;0,96;1,15;226;false;true;true;4,05;0;3,34
503;0,96;1,13;226;false;true;true;4,06;0;3,35
504;0,96;1,11;226;false;true;true;4,07;0;3,36
505;0,97;1,1;226;false;true;true;4,08;0;3,38
506;0,97;1,08;226;false;true;true;4,09;0;3,39
507;0,97;1,07;226;false;true;true;4,1;0;3,4
508;0,97;1,05;226;false;true;true;4,11;0;3,42
509;0,97;1,04;226;false;true;true;4,12;0;3,43
510;0,97;1,03;226;false;true;true;4,13;0;3,45
511;0,97;1,02;226;false;true;true;4,14;0;3,46
512;0,98;1,02;226;false;true;true;4,15;0;3,48
513;0,98;1,01;226;false;true;true;4,16;0;3,5
514;0,98;1,01;226;false;true;true;4,17;0;3,52
515;0,98;1;226;false;true;true;4,19;0;3,54
516;0,98;1,01;226;false;true;true;4,2;0;3,57
517;0,98;1,01;226;false;true;true;4,22;0;3,6
518;0,98;1,02;226;false;true;true;4,24;0;3,63
519;0,98;1,03;226;false;true;true;4,27;0;3,67
520;0,99;1,06;226;false;true;true;4,3;0;3,73
521;0,99;1,11;226;false;true;true;4,34;0;3,81
522;0,99;1,21;226;false;true;true;4,4;0;3,94
523;0,99;1,25;225;false;true;true;4,09;0;3,29
524;0,99;1,2;225;false;true;true;3,97;0;3,3
525;1;1,16;225;false;true;true;3,9;0;3,32
526;1;1,12;225;false;true;true;3,86;0;3,33
527;1;1,09;225;false;true;true;3,86;0;3,34
528;1;1,06;225;false;true;true;3,89;0;3,35
529;1;1,03;225;false;true;true;3,91;0;3,36
530;1;1;225;false;true;true;3,94;0;3,37
531;1;0,99;225;false;true;true;3,96;0;3,38
532;1;0,97;225;false;true;true;3,98;0;3,39
533;1;0,95;225;false;true;true;3,99;0;3,4
534;1,01;0,93;225;false;true;true;4;0;3,41
535;1,01;0,92;225;false;true;true;4,01;0;3,42
536;1,01;0,91;225;false;true;true;4,02;0;3,43
537;1,01;0,9;225;false;true;true;4,03;0;3,44
538;1,01;0,89;225;false;true;true;4,04;0;3,45
539;1,01;0,88;225;false;true;true;4,04;0;3,47
540;1,01;0,88;225;false;true;true;4,06;0;3,48
541;1,01;0,86;225;false;true;true;4,06;0;3,49
542;1,01;0,86;225;false;true;true;4,07;0;3,5
543;1,02;0,86;225;false;true;true;4,08;0;3,52
544;1,02;0,85;225;false;true;true;4,09;0;3,53
545;1,02;0,85;225;false;true;true;4,1;0;3,55
546;1,02;0,85;225;false;true;true;4,12;0;3,57
547;1,02;0,85;225;false;true;true;4,12;0;3,59
548;1,02;0,86;225;false;true;true;4,14;0;3,61
549;1,02;0,88;225;false;true;true;4,17;0;3,64
550;1,03;0,89;225;false;true;true;4,18;0;3,67
551;1,03;0,91;225;false;true;true;4,21;0;3,72
552;1,03;0,95;225;false;true;true;4,24;0;3,78
553;1,03;1,01;225;false;true;true;4,29;0;3,86
554;1,03;1,13;225;false;true;true;4,34;0;4,01
555;1,03;1,24;224;false;true;true;3,93;0;3,31
556;1,03;1,12;224;false;true;true;3,88;0;3,33
557;1,03;1,04;224;false;true;true;3,85;0;3,34
558;1,04;0,98;224;false;true;true;3,83;0;3,35
559;1,04;0,94;224;false;true;true;3,84;0;3,36
560;1,04;0,91;224;false;true;true;3,87;0;3,37
561;1,04;0,89;224;false;true;true;3,9;0;3,38
562;1,04;0,87;224;false;true;true;3,92;0;3,39
563;1,04;0,85;224;false;true;true;3,94;0;3,39
564;1,04;0,84;224;false;true;true;3,95;0;3,4
565;1,04;0,83;224;false;true;true;3,96;0;3,41
566;1,05;0,82;224;false;true;true;3,97;0;3,42
567;1,05;0,81;224;false;true;true;3,98;0;3,43
568;1,05;0,8;224;false;true;true;3,98;0;3,44
569;1,05;0,79;224;false;true;true;3,99;0;3,45
570;1,05;0,79;224;false;true;true;4;0;3,46
571;1,06;0,78;224;false;true;true;4,01;0;3,47
572;1,06;0,78;224;false;true;true;4,02;0;3,48
573;1,06;0,77;224;false;true;true;4,03;0;3,49
574;1,06;0,77;224;false;true;true;4,03;0;3,5
575;1,06;0,76;224;false;true;true;4,04;0;3,52
576;1,07;0,76;224;false;true;true;4,05;0;3,53
577;1,07;0,76;224;false;true;true;4,06;0;3,54
578;1,07;0,76;224;false;true;true;4,07;0;3,56
579;1,07;0,76;224;false;true;true;4,08;0;3,58
580;1,07;0,89;224;false;true;true;4,1;0;3,47
581;1,07;0,85;224;false;true;true;4,07;0;3,5
582;1,07;0,83;224;false;true;true;4,07;0;3,53
583;1,07;0,83;224;false;true;true;4,07;0;3,56
584;1,08;0,83;224;false;true;true;4,08;0;3,6
585;1,08;0,86;224;false;true;true;4,11;0;3,66
586;1,08;0,9;224;false;true;true;4,15;0;3,74
587;1,08;1;224;false;true;true;4,2;0;3,87
588;1,08;1,05;223;false;true;true;3,88;0;3,21
589;1,08;0,97;223;false;true;true;3,79;0;3,22
590;1,08;0,92;223;false;true;true;3,73;0;3,24
591;1,08;0,89;223;false;true;true;3,7;0;3,25
592;1,08;0,86;223;false;true;true;3,7;0;3,26
593;1,08;0,83;223;false;true;true;3,72;0;3,27
594;1,09;0,81;223;false;true;true;3,74;0;3,28
595;1,09;0,79;223;false;true;true;3,76;0;3,29
596;1,09;0,78;223;false;true;true;3,78;0;3,3
597;1,09;0,77;223;false;true;true;3,79;0;3,31
598;1,09;0,76;223;false;true;true;3,81;0;3,32
599;1,09;0,74;223;false;true;true;3,81;0;3,33
600;1,09;0,74;223;false;true;true;3,83;0;3,34
601;1,09;0,73;223;false;true;true;3,83;0;3,35
602;1,1;0,72;223;false;true;true;3,84;0;3,36
603;1,1;0,71;223;false;true;true;3,85;0;3,38
604;1,1;0,71;223;false;true;true;3,86;0;3,39
605;1,1;0,7;223;false;true;true;3,87;0;3,4
606;1,1;0,7;223;false;true;true;3,88;0;3,41
607;1,11;0,69;223;false;true;true;3,89;0;3,42
608;1,11;0,69;223;false;true;true;3,9;0;3,44
609;1,11;0,68;223;false;true;true;3,9;0;3,45
610;1,11;0,68;223;false;true;true;3,92;0;3,47
611;1,11;0,68;223;false;true;true;3,93;0;3,48
612;1,11;0,68;223;false;true;true;3,94;0;3,5
613;1,11;0,68;223;false;true;true;3,96;0;3,52
614;1,12;0,68;223;false;true;true;3,97;0;3,54
615;1,12;0,69;223;false;true;true;3,99;0;3,56
616;1,12;0,7;223;false;true;true;4,01;0;3,59
617;1,12;0,7;223;false;true;true;4,02;0;3,62
618;1,12;0,72;223;false;true;true;4,05;0;3,65
619;1,12;0,73;223;false;true;true;4,08;0;3,69
620;1,12;0,76;223;false;true;true;4,11;0;3,74
621;1,12;0,8;223;false;true;true;4,15;0;3,81
622;1,12;0,86;223;false;true;true;4,21;0;3,9
623;1,12;0,97;223;false;true;true;4,28;0;4,05
624;1,13;1,02;222;false;true;true;3,95;0;3,38
625;1,13;0,95;222;false;true;true;3,87;0;3,41
626;1,13;0,92;222;false;true;true;3,83;0;3,44
627;1,13;0,9;222;false;true;true;3,81;0;3,48
628;1,13;0,9;222;false;true;true;3,84;0;3,53
629;1,13;0,91;222;false;true;true;3,9;0;3,59
630;1,13;0,96;222;false;true;true;3,96;0;3,67
631;1,13;1,07;222;false;true;true;4,04;0;3,83
632;1,13;1,2;221;false;true;true;3,62;0;3,05
633;1,14;1,09;221;false;true;true;3,52;0;3,07
634;1,14;1,02;221;false;true;true;3,47;0;3,09
635;1,14;0,97;221;false;true;true;3,52;0;3,11
636;1,14;0,94;221;false;true;true;3,56;0;3,13
637;1,14;0,91;221;false;true;true;3,6;0;3,15
638;1,14;0,89;221;false;true;true;3,63;0;3,16
639;1,14;0,87;221;false;true;true;3,65;0;3,18
640;1,14;0,85;221;false;true;true;3,67;0;3,19
641;1,14;0,84;221;false;true;true;3,69;0;3,2
642;1,14;0,82;221;false;true;true;3,7;0;3,22
643;1,15;0,8;221;false;true;true;3,71;0;3,23
644;1,15;0,8;221;false;true;true;3,73;0;3,25
645;1,15;0,79;221;false;true;true;3,74;0;3,26
646;1,15;0,77;221;false;true;true;3,75;0;3,28
647;1,15;0,76;221;false;true;true;3,76;0;3,29
648;1,15;0,75;221;false;true;true;3,77;0;3,31
649;1,15;0,74;221;false;true;true;3,78;0;3,33
650;1,15;0,73;221;false;true;true;3,79;0;3,34
651;1,15;0,72;221;false;true;true;3,79;0;3,36
652;1,15;0,71;221;false;true;true;3,8;0;3,38
653;1,16;0,71;221;false;true;true;3,82;0;3,4
654;1,16;0,71;221;false;true;true;3,84;0;3,42
655;1,16;0,71;221;false;true;true;3,86;0;3,44
656;1,16;0,71;221;false;true;true;3,87;0;3,47
657;1,16;0,71;221;false;true;true;3,89;0;3,49
658;1,16;0,71;221;false;true;true;3,91;0;3,52
659;1,16;0,72;221;false;true;true;3,93;0;3,56
660;1,16;0,73;221;false;true;true;3,96;0;3,6
661;1,16;0,75;221;false;true;true;3,99;0;3,65
662;1,16;0,77;221;false;true;true;4,02;0;3,71
663;1,17;0,83;221;false;true;true;4,08;0;3,79
664;1,17;0,9;221;false;true;true;4,14;0;3,9
665;1,17;1,08;221;false;true;true;4,23;0;4,12
666;1,17;1;220;false;true;true;3,8;0;3,31
667;1,17;0,94;220;false;true;true;3,74;0;3,35
668;1,17;0,9;220;false;true;true;3,7;0;3,38
669;1,17;0,89;220;false;true;true;3,7;0;3,43
670;1,17;0,89;220;false;true;true;3,75;0;3,48
671;1,17;0,91;220;false;true;true;3,81;0;3,55
672;1,18;0,97;220;false;true;true;3,88;0;3,65
673;1,18;1,11;220;false;true;true;3,97;0;3,84
674;1,18;1,13;219;false;true;true;3,6;0;3,02
675;1,18;1,01;219;false;true;true;3,5;0;3,03
676;1,18;0,94;219;false;true;true;3,43;0;3,04
677;1,18;0,88;219;false;true;true;3,43;0;3,06
678;1,18;0,84;219;false;true;true;3,46;0;3,07
679;1,18;0,81;219;false;true;true;3,49;0;3,08
680;1,18;0,77;219;false;true;true;3,51;0;3,09
681;1,18;0,74;219;false;true;true;3,52;0;3,1
682;1,19;0,71;219;false;true;true;3,52;0;3,11
683;1,19;0,69;219;false;true;true;3,53;0;3,11
684;1,19;0,67;219;false;true;true;3,54;0;3,12
685;1,19;0,65;219;false;true;true;3,54;0;3,13
686;1,19;0,63;219;false;true;true;3,54;0;3,14
687;1,19;0,62;219;false;true;true;3,55;0;3,15
688;1,2;0,6;219;false;true;true;3,55;0;3,15
689;1,2;0,59;219;false;true;true;3,55;0;3,16
690;1,2;0,57;219;false;true;true;3,55;0;3,17
691;1,2;0,56;219;false;true;true;3,55;0;3,17
692;1,2;0,55;219;false;true;true;3,56;0;3,18
693;1,2;0,53;219;false;true;true;3,55;0;3,19
694;1,21;0,52;219;false;true;true;3,56;0;3,2
695;1,21;0,51;219;false;true;true;3,55;0;3,2
696;1,21;0,5;219;false;true;true;3,56;0;3,21
697;1,21;0,49;219;false;true;true;3,56;0;3,22
698;1,21;0,48;219;false;true;true;3,56;0;3,23
699;1,21;0,47;219;false;true;true;3,56;0;3,24
700;1,22;0,47;219;false;true;true;3,56;0;3,24
701;1,22;0,46;219;false;true;true;3,57;0;3,25
702;1,22;0,46;219;false;true;true;3,57;0;3,26
703;1,22;0,46;219;false;true;true;3,58;0;3,27
704;1,22;0,46;219;false;true;true;3,59;0;3,28
705;1,22;0,45;219;false;true;true;3,59;0;3,29
706;1,22;0,46;219;false;true;true;3,6;0;3,31
707;1,22;0,46;219;false;true;true;3,61;0;3,32
708;1,22;0,46;219;false;true;true;3,62;0;3,33
709;1,22;0,46;219;false;true;true;3,63;0;3,35
710;1,23;0,46;219;false;true;true;3,64;0;3,37
711;1,23;0,47;219;false;true;true;3,65;0;3,39
712;1,23;0,48;219;false;true;true;3,67;0;3,42
713;1,23;0,49;219;false;true;true;3,69;0;3,45
714;1,23;0,52;219;false;true;true;3,72;0;3,48
715;1,23;0,56;219;false;true;true;3,75;0;3,54
716;1,23;0,61;219;false;true;true;3,79;0;3,61
717;1,23;0,71;219;false;true;true;3,85;0;3,73
718;1,23;0,78;218;false;true;true;3,46;0;3,03
719;1,23;0,71;218;false;true;true;3,38;0;3,04
720;1,24;0,66;218;false;true;true;3,33;0;3,05
721;1,24;0,63;218;false;true;true;3,3;0;3,05
722;1,24;0,6;218;false;true;true;3,32;0;3,06
723;1,24;0,58;218;false;true;true;3,34;0;3,07
724;1,24;0,56;218;false;true;true;3,36;0;3,07
725;1,24;0,54;218;false;true;true;3,37;0;3,08
726;1,24;0,53;218;false;true;true;3,39;0;3,08
727;1,24;0,52;218;false;true;true;3,4;0;3,09
728;1,25;0,5;218;false;true;true;3,4;0;3,09
729;1,25;0,49;218;false;true;true;3,41;0;3,1
730;1,25;0,48;218;false;true;true;3,41;0;3,1
731;1,25;0,48;218;false;true;true;3,42;0;3,1
732;1,25;0,47;218;false;true;true;3,42;0;3,11
733;1,25;0,46;218;false;true;true;3,42;0;3,11
734;1,25;0,45;218;false;true;true;3,43;0;3,11
735;1,25;0,45;218;false;true;true;3,43;0;3,12
736;1,26;0,44;218;false;true;true;3,43;0;3,12
737;1,26;0,43;218;false;true;true;3,43;0;3,12
738;1,26;0,43;218;false;true;true;3,43;0;3,13
739;1,26;0,42;218;false;true;true;3,43;0;3,13
740;1,26;0,41;218;false;true;true;3,43;0;3,13
741;1,26;0,41;218;false;true;true;3,43;0;3,14
742;1,26;0,41;218;false;true;true;3,44;0;3,14
743;1,26;0,4;218;false;true;true;3,44;0;3,14
744;1,27;0,4;218;false;true;true;3,44;0;3,14
745;1,27;0,39;218;false;true;true;3,44;0;3,15
746;1,27;0,39;218;false;true;true;3,44;0;3,15
747;1,27;0,39;218;false;true;true;3,44;0;3,15
748;1,27;0,38;218;false;true;true;3,44;0;3,15
749;1,27;0,37;218;false;true;true;3,43;0;3,16
750;1,27;0,37;218;false;true;true;3,43;0;3,16
751;1,27;0,37;218;false;true;true;3,44;0;3,16
752;1,27;0,36;218;false;true;true;3,44;0;3,16
753;1,28;0,36;218;false;true;true;3,44;0;3,17
754;1,28;0,36;218;false;true;true;3,44;0;3,17
755;1,28;0,35;218;false;true;true;3,44;0;3,17
756;1,28;0,35;218;false;true;true;3,44;0;3,17
757;1,28;0,35;218;false;true;true;3,44;0;3,18
758;1,28;0,35;218;false;true;true;3,44;0;3,18
759;1,28;0,34;218;false;true;true;3,44;0;3,18
760;1,28;0,34;218;false;true;true;3,44;0;3,18
761;1,28;0,33;218;false;true;true;3,44;0;3,19
762;1,28;0,33;218;false;true;true;3,44;0;3,19
763;1,29;0,33;218;false;true;true;3,44;0;3,19
764;1,29;0,32;218;false;true;true;3,43;0;3,19
765;1,29;0,32;218;false;true;true;3,44;0;3,2
766;1,29;0,32;218;false;true;true;3,44;0;3,2
767;1,29;0,32;218;false;true;true;3,44;0;3,2
768;1,29;0,32;218;false;true;true;3,45;0;3,21
769;1,29;0,32;218;false;true;true;3,44;0;3,21
770;1,29;0,31;218;false;true;true;3,44;0;3,21
771;1,29;0,31;218;false;true;true;3,44;0;3,21
772;1,29;0,3;218;false;true;true;3,44;0;3,22
773;1,3;0,3;218;false;true;true;3,44;0;3,22
774;1,3;0,3;218;false;true;true;3,44;0;3,22
775;1,3;0,3;218;false;true;true;3,45;0;3,22
776;1,3;0,3;218;false;true;true;3,45;0;3,23
777;1,3;0,3;218;false;true;true;3,45;0;3,23
778;1,3;0,29;218;false;true;true;3,45;0;3,23
779;1,3;0,29;218;false;true;true;3,44;0;3,23
780;1,3;0,29;218;false;true;true;3,45;0;3,24
781;1,3;0,29;218;false;true;true;3,45;0;3,24
782;1,3;0,28;218;false;true;true;3,45;0;3,24
783;1,31;0,28;218;false;true;true;3,45;0;3,25
784;1,31;0,28;218;false;true;true;3,45;0;3,25
785;1,31;0,28;218;false;true;true;3,45;0;3,25
786;1,31;0,28;218;false;true;true;3,46;0;3,26
787;1,32;0,28;218;false;true;true;3,46;0;3,26
788;1,32;0,28;218;false;true;true;3,46;0;3,26
789;1,32;0,28;218;false;true;true;3,46;0;3,27
790;1,32;0,28;218;false;true;true;3,47;0;3,27
791;1,32;0,27;218;false;true;true;3,47;0;3,27
792;1,32;0,28;218;false;true;true;3,47;0;3,28
793;1,32;0,27;218;false;true;true;3,47;0;3,28
794;1,32;0,27;218;false;true;true;3,47;0;3,28
795;1,32;0,27;218;false;true;true;3,47;0;3,29
796;1,33;0,27;218;false;true;true;3,48;0;3,29
797;1,33;0,26;218;false;true;true;3,48;0;3,3
798;1,33;0,26;218;false;true;true;3,48;0;3,3
799;1,33;0,26;218;false;true;true;3,48;0;3,3
800;1,33;0,26;218;false;true;true;3,49;0;3,31
801;1,33;0,26;218;false;true;true;3,49;0;3,31
802;1,34;0,26;218;false;true;true;3,49;0;3,32
803;1,34;0,26;218;false;true;true;3,5;0;3,32
804;1,34;0,26;218;false;true;true;3,5;0;3,33
805;1,34;0,26;218;false;true;true;3,51;0;3,34
806;1,34;0,27;218;false;true;true;3,52;0;3,34
807;1,38;0,27;218;false;true;true;3,52;0;3,35
808;1,38;0,27;218;false;true;true;3,52;0;3,36
809;1,38;0,27;218;false;true;true;3,53;0;3,36
810;1,38;0,28;218;false;true;true;3,54;0;3,37
811;1,38;0,28;218;false;true;true;3,54;0;3,38
812;1,39;0,28;218;false;true;true;3,55;0;3,39
813;1,39;0,28;218;false;true;true;3,56;0;3,4
814;1,39;0,29;218;false;true;true;3,57;0;3,41
815;1,39;0,29;218;false;true;true;3,58;0;3,42
816;1,39;0,3;218;false;true;true;3,59;0;3,44
817;1,39;0,3;218;false;true;true;3,6;0;3,45
818;1,39;0,31;218;false;true;true;3,62;0;3,47
819;1,39;0,32;218;false;true;true;3,63;0;3,5
820;1,39;0,34;218;false;true;true;3,65;0;3,53
821;1,39;0,37;218;false;true;true;3,68;0;3,57
822;1,4;0,41;218;false;true;true;3,71;0;3,62
823;1,4;0,47;218;false;true;true;3,76;0;3,71
824;1,4;0,59;218;false;true;true;3,82;0;3,85
825;1,4;0,62;217;false;true;true;3,34;0;3,05
826;1,4;0,55;217;false;true;true;3,27;0;3,06
827;1,4;0,51;217;false;true;true;3,22;0;3,07
828;1,4;0,48;217;false;true;true;3,22;0;3,07
829;1,4;0,46;217;false;true;true;3,25;0;3,08
830;1,4;0,44;217;false;true;true;3,28;0;3,08
831;1,4;0,43;217;false;true;true;3,3;0;3,09
832;1,41;0,41;217;false;true;true;3,31;0;3,09
833;1,41;0,4;217;false;true;true;3,32;0;3,09
834;1,41;0,39;217;false;true;true;3,33;0;3,1
835;1,41;0,38;217;false;true;true;3,33;0;3,1
836;1,41;0,37;217;false;true;true;3,34;0;3,1
837;1,41;0,36;217;false;true;true;3,34;0;3,1
838;1,41;0,36;217;false;true;true;3,34;0;3,11
839;1,41;0,35;217;false;true;true;3,34;0;3,11
840;1,42;0,34;217;false;true;true;3,34;0;3,11
841;1,42;0,34;217;false;true;true;3,34;0;3,11
842;1,42;0,33;217;false;true;true;3,35;0;3,11
843;1,42;0,33;217;false;true;true;3,35;0;3,12
844;1,42;0,32;217;false;true;true;3,35;0;3,12
845;1,42;0,32;217;false;true;true;3,35;0;3,12
846;1,42;0,32;217;false;true;true;3,35;0;3,12
847;1,42;0,32;217;false;true;true;3,35;0;3,12
848;1,42;0,31;217;false;true;true;3,35;0;3,12
849;1,43;0,31;217;false;true;true;3,35;0;3,12
850;1,43;0,3;217;false;true;true;3,35;0;3,13
851;1,43;0,3;217;false;true;true;3,35;0;3,13
852;1,43;0,3;217;false;true;true;3,35;0;3,13
853;1,43;0,29;217;false;true;true;3,35;0;3,13
854;1,43;0,29;217;false;true;true;3,35;0;3,13
855;1,44;0,29;217;false;true;true;3,35;0;3,13
856;1,44;0,28;217;false;true;true;3,35;0;3,13
857;1,44;0,28;217;false;true;true;3,35;0;3,13
858;1,44;0,28;217;false;true;true;3,35;0;3,14
859;1,44;0,28;217;false;true;true;3,35;0;3,14
860;1,44;0,28;217;false;true;true;3,34;0;3,14
861;1,44;0,28;217;false;true;true;3,35;0;3,14
862;1,44;0,27;217;false;true;true;3,34;0;3,14
863;1,45;0,27;217;false;true;true;3,34;0;3,14
864;1,45;0,27;217;false;true;true;3,34;0;3,14
865;1,45;0,27;217;false;true;true;3,34;0;3,14
866;1,45;0,26;217;false;true;true;3,34;0;3,14
867;1,45;0,26;217;false;true;true;3,34;0;3,15
868;1,45;0,26;217;false;true;true;3,34;0;3,15
869;1,45;0,25;217;false;true;true;3,34;0;3,15
870;1,45;0,25;217;false;true;true;3,34;0;3,15
871;1,45;0,25;217;false;true;true;3,34;0;3,15
872;1,46;0,25;217;false;true;true;3,34;0;3,15
873;1,46;0,24;217;false;true;true;3,33;0;3,15
874;1,46;0,24;217;false;true;true;3,33;0;3,15
875;1,46;0,24;217;false;true;true;3,33;0;3,15
876;1,46;0,24;217;false;true;true;3,33;0;3,15
877;1,47;0,24;217;false;true;true;3,33;0;3,16
878;1,47;0,24;217;false;true;true;3,33;0;3,16
879;1,47;0,23;217;false;true;true;3,33;0;3,16
880;1,47;0,23;217;false;true;true;3,33;0;3,16
881;1,47;0,23;217;false;true;true;3,33;0;3,16
882;1,48;0,23;217;false;true;true;3,33;0;3,16
883;1,48;0,23;217;false;true;true;3,33;0;3,16
884;1,48;0,22;217;false;true;true;3,33;0;3,16
885;1,48;0,22;217;false;true;true;3,33;0;3,16
886;1,48;0,22;217;false;true;true;3,33;0;3,16
887;1,48;0,22;217;false;true;true;3,32;0;3,16
888;1,49;0,21;217;false;true;true;3,32;0;3,16
889;1,49;0,21;217;false;true;true;3,32;0;3,17
890;1,49;0,21;217;false;true;true;3,32;0;3,17
891;1,49;0,21;217;false;true;true;3,32;0;3,17
892;1,49;0,21;217;false;true;true;3,32;0;3,17
893;1,49;0,21;217;false;true;true;3,32;0;3,17
894;1,49;0,21;217;false;true;true;3,32;0;3,17
895;1,49;0,21;217;false;true;true;3,32;0;3,17
896;1,49;0,21;217;false;true;true;3,33;0;3,17
897;1,49;0,21;217;false;true;true;3,32;0;3,17
898;1,5;0,21;217;false;true;true;3,33;0;3,17
899;1,5;0,21;217;false;true;true;3,33;0;3,17
900;1,5;0,2;217;false;true;true;3,33;0;3,17
901;1,5;0,2;217;false;true;true;3,32;0;3,18
902;1,5;0,2;217;false;true;true;3,33;0;3,18
903;1,5;0,2;217;false;true;true;3,32;0;3,18
904;1,5;0,2;217;false;true;true;3,32;0;3,18
905;1,5;0,2;217;false;true;true;3,32;0;3,18
906;1,5;0,19;217;false;true;true;3,32;0;3,18
907;1,5;0,19;217;false;true;true;3,32;0;3,18
908;1,5;0,19;217;false;true;true;3,32;0;3,18
909;1,51;0,19;217;false;true;true;3,32;0;3,18
910;1,51;0,19;217;false;true;true;3,32;0;3,18
911;1,51;0,19;217;false;true;true;3,32;0;3,18
912;1,51;0,19;217;false;true;true;3,32;0;3,18
913;1,51;0,19;217;false;true;true;3,32;0;3,18
914;1,51;0,19;217;false;true;true;3,32;0;3,18
915;1,51;0,19;217;false;true;true;3,33;0;3,19
916;1,51;0,19;217;false;true;true;3,33;0;3,19
917;1,51;0,18;217;false;true;true;3,32;0;3,19
918;1,52;0,18;217;false;true;true;3,32;0;3,19
919;1,52;0,18;217;false;true;true;3,33;0;3,19
920;1,52;0,18;217;false;true;true;3,33;0;3,19
921;1,52;0,18;217;false;true;true;3,33;0;3,19
922;1,52;0,18;217;false;true;true;3,32;0;3,19
923;1,52;0,18;217;false;true;true;3,33;0;3,19
924;1,52;0,18;217;false;true;true;3,33;0;3,19
925;1,52;0,18;217;false;true;true;3,33;0;3,19
926;1,53;0,18;217;false;true;true;3,33;0;3,19
927;1,53;0,18;217;false;true;true;3,33;0;3,19
928;1,53;0,18;217;false;true;true;3,33;0;3,19
929;1,53;0,18;217;false;true;true;3,33;0;3,19
930;1,53;0,17;217;false;true;true;3,33;0;3,2
931;1,53;0,17;217;false;true;true;3,33;0;3,2
932;1,53;0,17;217;false;true;true;3,32;0;3,2
933;1,53;0,17;217;false;true;true;3,33;0;3,2
934;1,53;0,17;217;false;true;true;3,33;0;3,2
935;1,54;0,17;217;false;true;true;3,33;0;3,2
936;1,54;0,17;217;false;true;true;3,33;0;3,2
937;1,54;0,17;217;false;true;true;3,33;0;3,2
938;1,54;0,17;217;false;true;true;3,33;0;3,2
939;1,54;0,17;217;false;true;true;3,33;0;3,2
940;1,54;0,17;217;false;true;true;3,33;0;3,2
941;1,54;0,17;217;false;true;true;3,33;0;3,2
942;1,55;0,17;217;false;true;true;3,33;0;3,2
943;1,55;0,17;217;false;true;true;3,33;0;3,2
944;1,55;0,17;217;false;true;true;3,33;0;3,2
945;1,55;0,17;217;false;true;true;3,33;0;3,2
946;1,55;0,16;217;false;true;true;3,33;0;3,2
947;1,55;0,16;217;false;true;true;3,33;0;3,21
948;1,55;0,17;217;false;true;true;3,33;0;3,21
949;1,55;0,17;217;false;true;true;3,33;0;3,21
950;1,56;0,17;217;false;true;true;3,33;0;3,21
951;1,56;0,16;217;false;true;true;3,33;0;3,21
952;1,56;0,17;217;false;true;true;3,34;0;3,21
953;1,56;0,16;217;false;true;true;3,33;0;3,21
954;1,56;0,16;217;false;true;true;3,33;0;3,21
955;1,56;0,16;217;false;true;true;3,33;0;3,21
956;1,56;0,16;217;false;true;true;3,33;0;3,21
957;1,57;0,16;217;false;true;true;3,33;0;3,21
958;1,57;0,16;217;false;true;true;3,33;0;3,21
959;1,57;0,16;217;false;true;true;3,33;0;3,21
960;1,57;0,15;217;false;true;true;3,33;0;3,21
961;1,57;0,16;217;false;true;true;3,33;0;3,21
962;1,57;0,16;217;false;true;true;3,33;0;3,21
963;1,57;0,15;217;false;true;true;3,33;0;3,21
964;1,57;0,16;217;false;true;true;3,34;0;3,21
965;1,58;0,16;217;false;true;true;3,34;0;3,21
966;1,58;0,15;217;false;true;true;3,34;0;3,21
967;1,58;0,16;217;false;true;true;3,34;0;3,22
968;1,58;0,15;217;false;true;true;3,34;0;3,22
969;1,58;0,15;217;false;true;true;3,34;0;3,22
970;1,58;0,15;217;false;true;true;3,34;0;3,22
971;1,58;0,15;217;false;true;true;3,34;0;3,22
972;1,58;0,15;217;false;true;true;3,33;0;3,22
973;1,58;0,15;217;false;true;true;3,33;0;3,22
974;1,58;0,15;217;false;true;true;3,34;0;3,22
975;1,59;0,15;217;false;true;true;3,33;0;3,22
976;1,59;0,15;217;false;true;true;3,34;0;3,22
977;1,59;0,15;217;false;true;true;3,34;0;3,22
978;1,59;0,15;217;false;true;true;3,34;0;3,22
979;1,59;0,15;217;false;true;true;3,34;0;3,22
980;1,59;0,14;217;false;true;true;3,33;0;3,22
981;1,59;0,15;217;false;true;true;3,34;0;3,22
982;1,59;0,14;217;false;true;true;3,33;0;3,22
983;1,59;0,15;217;false;true;true;3,34;0;3,22
984;1,59;0,14;217;false;true;true;3,34;0;3,22
985;1,6;0,15;217;false;true;true;3,34;0;3,22
986;1,6;0,14;217;false;true;true;3,34;0;3,22
987;1,6;0,15;217;false;true;true;3,34;0;3,22
988;1,6;0,15;217;false;true;true;3,34;0;3,22
989;1,6;0,14;217;false;true;true;3,34;0;3,23
990;1,6;0,14;217;false;true;true;3,34;0;3,23
991;1,6;0,14;217;false;true;true;3,34;0;3,23
992;1,6;0,14;217;false;true;true;3,34;0;3,23
993;1,61;0,15;217;false;true;true;3,34;0;3,23
994;1,61;0,14;217;false;true;true;3,34;0;3,23
995;1,61;0,14;217;false;true;true;3,34;0;3,23
996;1,61;0,14;217;false;true;true;3,34;0;3,23
997;1,61;0,14;217;false;true;true;3,34;0;3,23
998;1,61;0,14;217;false;true;true;3,34;0;3,23
999;1,61;0,14;217;false;true;true;3,34;0;3,23
1000;1,61;0,14;217;false;true;true;3,34;0;3,23
1001;1,61;0,14;217;false;true;true;3,34;0;3,23
1002;1,62;0,14;217;false;true;true;3,34;0;3,23
1003;1,62;0,14;217;false;true;true;3,34;0;3,23
1004;1,62;0,14;217;false;true;true;3,34;0;3,23
1005;1,62;0,13;217;false;true;true;3,34;0;3,23
1006;1,62;0,14;217;false;true;true;3,34;0;3,23
1007;1,63;0,14;217;false;true;true;3,34;0;3,23
1008;1,63;0,14;217;false;true;true;3,34;0;3,23
1009;1,63;0,13;217;false;true;true;3,34;0;3,23
1010;1,63;0,14;217;false;true;true;3,35;0;3,23
1011;1,63;0,14;217;false;true;true;3,34;0;3,23
1012;1,63;0,13;217;false;true;true;3,34;0;3,23
1013;1,63;0,13;217;false;true;true;3,34;0;3,24
1014;1,63;0,13;217;false;true;true;3,34;0;3,24
1015;1,64;0,13;217;false;true;true;3,34;0;3,24
1016;1,64;0,13;217;false;true;true;3,34;0;3,24
1017;1,64;0,13;217;false;true;true;3,34;0;3,24
1018;1,64;0,13;217;false;true;true;3,34;0;3,24
1019;1,64;0,13;217;false;true;true;3,34;0;3,24
1020;1,64;0,13;217;false;true;true;3,34;0;3,24
1021;1,64;0,13;217;false;true;true;3,34;0;3,24
1022;1,64;0,13;217;false;true;true;3,35;0;3,24
1023;1,65;0,13;217;false;true;true;3,34;0;3,24
1024;1,65;0,13;217;false;true;true;3,34;0;3,24
1025;1,65;0,13;217;false;true;true;3,34;0;3,24
1026;1,65;0,13;217;false;true;true;3,34;0;3,24
1027;1,65;0,13;217;false;true;true;3,35;0;3,24
1028;1,65;0,13;217;false;true;true;3,35;0;3,24
1029;1,66;0,13;217;false;true;true;3,34;0;3,24
1030;1,66;0,13;217;false;true;true;3,34;0;3,24
1031;1,66;0,13;217;false;true;true;3,34;0;3,24
1032;1,66;0,13;217;false;true;true;3,35;0;3,24
1033;1,66;0,13;217;false;true;true;3,35;0;3,24
1034;1,66;0,12;217;false;true;true;3,34;0;3,24
1035;1,66;0,12;217;false;true;true;3,34;0;3,24
1036;1,66;0,13;217;false;true;true;3,34;0;3,24
1037;1,66;0,13;217;false;true;true;3,35;0;3,24
1038;1,66;0,13;217;false;true;true;3,35;0;3,24
1039;1,67;0,13;217;false;true;true;3,35;0;3,24
1040;1,67;0,13;217;false;true;true;3,35;0;3,24
1041;1,67;0,13;217;false;true;true;3,35;0;3,25
1042;1,67;0,13;217;false;true;true;3,35;0;3,25
1043;1,67;0,12;217;false;true;true;3,35;0;3,25
1044;1,67;0,12;217;false;true;true;3,34;0;3,25
1045;1,67;0,12;217;false;true;true;3,35;0;3,25
1046;1,67;0,12;217;false;true;true;3,34;0;3,25
1047;1,67;0,12;217;false;true;true;3,35;0;3,25
1048;1,68;0,12;217;false;true;true;3,35;0;3,25
1049;1,68;0,12;217;false;true;true;3,35;0;3,25
1050;1,68;0,12;217;false;true;true;3,35;0;3,25
1051;1,68;0,12;217;false;true;true;3,35;0;3,25
1052;1,68;0,13;217;false;true;true;3,35;0;3,25
1053;1,68;0,13;217;false;true;true;3,35;0;3,25
1054;1,68;0,12;217;false;true;true;3,35;0;3,25
1055;1,68;0,12;217;false;true;true;3,35;0;3,25
1056;1,68;0,12;217;false;true;true;3,35;0;3,25
1057;1,68;0,12;217;false;true;true;3,35;0;3,25
1058;1,69;0,12;217;false;true;true;3,35;0;3,25
1059;1,69;0,12;217;false;true;true;3,35;0;3,25
1060;1,69;0,12;217;false;true;true;3,35;0;3,25
1061;1,69;0,12;217;false;true;true;3,35;0;3,25
1062;1,69;0,12;217;false;true;true;3,35;0;3,25
1063;1,69;0,12;217;false;true;true;3,35;0;3,25
1064;1,69;0,12;217;false;true;true;3,35;0;3,25
1065;1,7;0,12;217;false;true;true;3,35;0;3,25
1066;1,7;0,12;217;false;true;true;3,35;0;3,25
1067;1,7;0,12;217;false;true;true;3,35;0;3,25
1068;1,7;0,12;217;false;true;true;3,35;0;3,25
1069;1,7;0,12;217;false;true;true;3,35;0;3,25
1070;1,7;0,12;217;false;true;true;3,35;0;3,25
1071;1,7;0,12;217;false;true;true;3,35;0;3,25
1072;1,7;0,12;217;false;true;true;3,35;0;3,26
1073;1,7;0,12;217;false;true;true;3,35;0;3,26
1074;1,7;0,12;217;false;true;true;3,35;0;3,26
1075;1,71;0,11;217;false;true;true;3,35;0;3,26
1076;1,71;0,12;217;false;true;true;3,35;0;3,26
1077;1,71;0,11;217;false;true;true;3,35;0;3,26
1078;1,71;0,11;217;false;true;true;3,35;0;3,26
1079;1,71;0,12;217;false;true;true;3,35;0;3,26
1080;1,71;0,11;217;false;true;true;3,35;0;3,26
1081;1,71;0,11;217;false;true;true;3,35;0;3,26
1082;1,71;0,12;217;false;true;true;3,35;0;3,26
1083;1,71;0,12;217;false;true;true;3,36;0;3,26
1084;1,71;0,12;217;false;true;true;3,36;0;3,26
1085;1,72;0,12;217;false;true;true;3,35;0;3,26
1086;1,72;0,12;217;false;true;true;3,36;0;3,26
1087;1,72;0,12;217;false;true;true;3,35;0;3,26
1088;1,72;0,11;217;false;true;true;3,35;0;3,26
1089;1,72;0,12;217;false;true;true;3,36;0;3,26
1090;1,72;0,11;217;false;true;true;3,35;0;3,26
1091;1,72;0,11;217;false;true;true;3,35;0;3,26
1092;1,72;0,11;217;false;true;true;3,35;0;3,26
1093;1,72;0,11;217;false;true;true;3,35;0;3,26
1094;1,72;0,11;217;false;true;true;3,35;0;3,26
1095;1,73;0,11;217;false;true;true;3,35;0;3,26
1096;1,73;0,11;217;false;true;true;3,35;0;3,26
1097;1,73;0,11;217;false;true;true;3,36;0;3,26
1098;1,73;0,11;217;false;true;true;3,36;0;3,26
1099;1,73;0,12;217;false;true;true;3,36;0;3,26
1100;1,73;0,11;217;false;true;true;3,35;0;3,26
1101;1,73;0,11;217;false;true;true;3,35;0;3,26
1102;1,73;0,11;217;false;true;true;3,35;0;3,26
1103;1,73;0,11;217;false;true;true;3,35;0;3,26
1104;1,73;0,11;217;false;true;true;3,35;0;3,26
1105;1,74;0,11;217;false;true;true;3,35;0;3,27
1106;1,74;0,11;217;false;true;true;3,36;0;3,27
1107;1,74;0,11;217;false;true;true;3,36;0;3,27
1108;1,74;0,11;217;false;true;true;3,36;0;3,27
1109;1,74;0,11;217;false;true;true;3,36;0;3,27
1110;1,74;0,11;217;false;true;true;3,36;0;3,27
1111;1,74;0,11;217;false;true;true;3,35;0;3,27
1112;1,74;0,11;217;false;true;true;3,36;0;3,27
1113;1,75;0,11;217;false;true;true;3,36;0;3,27
1114;1,75;0,1;217;false;true;true;3,35;0;3,27
1115;1,75;0,11;217;false;true;true;3,36;0;3,27
1116;1,75;0,11;217;false;true;true;3,36;0;3,27
1117;1,75;0,11;217;false;true;true;3,36;0;3,27
1118;1,75;0,11;217;false;true;true;3,36;0;3,27
1119;1,76;0,11;217;false;true;true;3,36;0;3,27
1120;1,76;0,11;217;false;true;true;3,36;0;3,27
1121;1,76;0,11;217;false;true;true;3,36;0;3,27
1122;1,76;0,11;217;false;true;true;3,36;0;3,27
1123;1,76;0,11;217;false;true;true;3,36;0;3,27
1124;1,76;0,1;217;false;true;true;3,36;0;3,27
1125;1,76;0,11;217;false;true;true;3,36;0;3,27
1126;1,77;0,11;217;false;true;true;3,36;0;3,27
1127;1,77;0,1;217;false;true;true;3,36;0;3,27
1128;1,77;0,1;217;false;true;true;3,36;0;3,27
1129;1,77;0,11;217;false;true;true;3,36;0;3,27
1130;1,77;0,11;217;false;true;true;3,36;0;3,27
1131;1,77;0,11;217;false;true;true;3,36;0;3,27
1132;1,77;0,11;217;false;true;true;3,36;0;3,27
1133;1,77;0,1;217;false;true;true;3,36;0;3,27
1134;1,77;0,11;217;false;true;true;3,36;0;3,27
1135;1,78;0,11;217;false;true;true;3,36;0;3,27
1136;1,78;0,1;217;false;true;true;3,36;0;3,27
1137;1,78;0,1;217;false;true;true;3,36;0;3,27
1138;1,78;0,1;217;false;true;true;3,36;0;3,27
1139;1,78;0,1;217;false;true;true;3,36;0;3,28
1140;1,78;0,1;217;false;true;true;3,36;0;3,28
1141;1,78;0,1;217;false;true;true;3,36;0;3,28
1142;1,78;0,1;217;false;true;true;3,36;0;3,28
1143;1,78;0,1;217;false;true;true;3,36;0;3,28
1144;1,79;0,1;217;false;true;true;3,36;0;3,28
1145;1,79;0,1;217;false;true;true;3,36;0;3,28
1146;1,79;0,1;217;false;true;true;3,36;0;3,28
1147;1,79;0,1;217;false;true;true;3,36;0;3,28
1148;1,79;0,1;217;false;true;true;3,36;0;3,28
1149;1,79;0,1;217;false;true;true;3,36;0;3,28
1150;1,79;0,1;217;false;true;true;3,36;0;3,28
1151;1,8;0,1;217;false;true;true;3,36;0;3,28
1152;1,8;0,1;217;false;true;true;3,36;0;3,28
1153;1,8;0,1;217;false;true;true;3,36;0;3,28
1154;1,8;0,1;217;false;true;true;3,36;0;3,28
1155;1,8;0,1;217;false;true;true;3,36;0;3,28
1156;1,8;0,1;217;false;true;true;3,36;0;3,28
1157;1,8;0,1;217;false;true;true;3,36;0;3,28
1158;1,8;0,1;217;false;true;true;3,36;0;3,28
1159;1,81;0,1;217;false;true;true;3,37;0;3,28
1160;1,81;0,1;217;false;true;true;3,36;0;3,28
1161;1,81;0,1;217;false;true;true;3,36;0;3,28
1162;1,81;0,1;217;false;true;true;3,36;0;3,28
1163;1,81;0,1;217;false;true;true;3,37;0;3,28
1164;1,81;0,1;217;false;true;true;3,36;0;3,28
1165;1,81;0,1;217;false;true;true;3,36;0;3,28
1166;1,81;0,1;217;false;true;true;3,36;0;3,28
1167;1,81;0,1;217;false;true;true;3,36;0;3,28
1168;1,82;0,1;217;false;true;true;3,36;0;3,28
1169;1,82;0,09;217;false;true;true;3,36;0;3,28
1170;1,82;0,1;217;false;true;true;3,37;0;3,28
1171;1,82;0,1;217;false;true;true;3,37;0;3,28
1172;1,82;0,1;217;false;true;true;3,36;0;3,28
1173;1,82;0,1;217;false;true;true;3,36;0;3,28
1174;1,82;0,1;217;false;true;true;3,37;0;3,28
1175;1,82;0,1;217;false;true;true;3,37;0;3,28
1176;1,82;0,1;217;false;true;true;3,37;0;3,28
1177;1,82;0,1;217;false;true;true;3,37;0;3,28
1178;1,83;0,1;217;false;true;true;3,37;0;3,29
1179;1,83;0,09;217;false;true;true;3,36;0;3,29
1180;1,83;0,1;217;false;true;true;3,37;0;3,29
1181;1,83;0,1;217;false;true;true;3,37;0;3,29
1182;1,83;0,1;217;false;true;true;3,37;0;3,29
1183;1,83;0,1;217;false;true;true;3,37;0;3,29
1184;1,83;0,09;217;false;true;true;3,36;0;3,29
1185;1,83;0,09;217;false;true;true;3,36;0;3,29
1186;1,83;0,09;217;false;true;true;3,36;0;3,29
1187;1,84;0,09;217;false;true;true;3,36;0;3,29
1188;1,84;0,09;217;false;true;true;3,36;0;3,29
1189;1,84;0,09;217;false;true;true;3,36;0;3,29
1190;1,84;0,09;217;false;true;true;3,37;0;3,29
1191;1,84;0,09;217;false;true;true;3,37;0;3,29
1192;1,84;0,09;217;false;true;true;3,36;0;3,29
1193;1,84;0,09;217;false;true;true;3,36;0;3,29
1194;1,84;0,09;217;false;true;true;3,37;0;3,29
1195;1,84;0,09;217;false;true;true;3,37;0;3,29
1196;1,85;0,09;217;false;true;true;3,37;0;3,29
1197;1,85;0,09;217;false;true;true;3,37;0;3,29
1198;1,85;0,09;217;false;true;true;3,37;0;3,29
1199;1,85;0,1;217;false;true;true;3,37;0;3,29
1200;1,85;0,1;217;false;true;true;3,37;0;3,29
1201;1,85;0,1;217;false;true;true;3,37;0;3,29
1202;1,85;0,09;217;false;true;true;3,37;0;3,29
1203;1,85;0,1;217;false;true;true;3,37;0;3,29
1204;1,86;0,09;217;false;true;true;3,37;0;3,29
1205;1,86;0,09;217;false;true;true;3,37;0;3,29
1206;1,86;0,1;217;false;true;true;3,37;0;3,29
1207;1,86;0,1;217;false;true;true;3,37;0;3,29
1208;1,87;0,09;217;false;true;true;3,37;0;3,29
1209;1,87;0,09;217;false;true;true;3,37;0;3,29
1210;1,87;0,09;217;false;true;true;3,37;0;3,29
1211;1,87;0,09;217;false;true;true;3,37;0;3,29
1212;1,88;0,1;217;false;true;true;3,37;0;3,29
1213;1,88;0,09;217;false;true;true;3,37;0;3,29
1214;1,88;0,09;217;false;true;true;3,37;0;3,29
1215;1,88;0,09;217;false;true;true;3,37;0;3,29
1216;1,88;0,09;217;false;true;true;3,37;0;3,29
1217;1,88;0,09;217;false;true;true;3,37;0;3,29
1218;1,89;0,09;217;false;true;true;3,37;0;3,3
1219;1,89;0,09;217;false;true;true;3,37;0;3,3
1220;1,89;0,09;217;false;true;true;3,37;0;3,3
1221;1,89;0,09;217;false;true;true;3,37;0;3,3
1222;1,89;0,09;217;false;true;true;3,37;0;3,3
1223;1,89;0,09;217;false;true;true;3,37;0;3,3
1224;1,89;0,09;217;false;true;true;3,37;0;3,3
1225;1,89;0,09;217;false;true;true;3,37;0;3,3
1226;1,89;0,09;217;false;true;true;3,37;0;3,3
1227;1,9;0,09;217;false;true;true;3,38;0;3,3
1228;1,9;0,09;217;false;true;true;3,37;0;3,3
1229;1,9;0,09;217;false;true;true;3,37;0;3,3
1230;1,9;0,09;217;false;true;true;3,37;0;3,3
1231;1,9;0,09;217;false;true;true;3,37;0;3,3
1232;1,9;0,09;217;false;true;true;3,37;0;3,3
1233;1,9;0,08;217;false;true;true;3,37;0;3,3
1234;1,9;0,09;217;false;true;true;3,37;0;3,3
1235;1,9;0,09;217;false;true;true;3,37;0;3,3
1236;1,9;0,09;217;false;true;true;3,37;0;3,3
1237;1,91;0,09;217;false;true;true;3,37;0;3,3
1238;1,91;0,09;217;false;true;true;3,37;0;3,3
1239;1,91;0,09;217;false;true;true;3,37;0;3,3
1240;1,91;0,09;217;false;true;true;3,37;0;3,3
1241;1,91;0,09;217;false;true;true;3,38;0;3,3
1242;1,91;0,09;217;false;true;true;3,37;0;3,3
1243;1,91;0,09;217;false;true;true;3,38;0;3,3
1244;1,91;0,09;217;false;true;true;3,38;0;3,3
1245;1,91;0,09;217;false;true;true;3,37;0;3,3
1246;1,91;0,09;217;false;true;true;3,37;0;3,3
1247;1,92;0,09;217;false;true;true;3,37;0;3,3
1248;1,92;0,09;217;false;true;true;3,38;0;3,3
1249;1,92;0,09;217;false;true;true;3,38;0;3,3
1250;1,92;0,09;217;false;true;true;3,38;0;3,3
1251;1,92;0,09;217;false;true;true;3,38;0;3,3
1252;1,92;0,09;217;false;true;true;3,38;0;3,3
1253;1,92;0,09;217;false;true;true;3,38;0;3,3
1254;1,92;0,09;217;false;true;true;3,38;0;3,3
1255;1,93;0,09;217;false;true;true;3,38;0;3,3
1256;1,93;0,09;217;false;true;true;3,38;0;3,3
1257;1,93;0,08;217;false;true;true;3,37;0;3,3
1258;1,93;0,08;217;false;true;true;3,38;0;3,3
1259;1,93;0,09;217;false;true;true;3,38;0;3,31
1260;1,93;0,08;217;false;true;true;3,37;0;3,31
1261;1,93;0,08;217;false;true;true;3,37;0;3,31
1262;1,93;0,09;217;false;true;true;3,38;0;3,31
1263;1,93;0,08;217;false;true;true;3,38;0;3,31
1264;1,94;0,08;217;false;true;true;3,38;0;3,31
1265;1,94;0,09;217;false;true;true;3,38;0;3,31
1266;1,94;0,08;217;false;true;true;3,38;0;3,31
1267;1,94;0,09;217;false;true;true;3,38;0;3,31
1268;1,94;0,09;217;false;true;true;3,38;0;3,31
1269;1,94;0,08;217;false;true;true;3,38;0;3,31
1270;1,94;0,09;217;false;true;true;3,38;0;3,31
1271;1,95;0,09;217;false;true;true;3,38;0;3,31
1272;1,95;0,08;217;false;true;true;3,38;0;3,31
1273;1,95;0,08;217;false;true;true;3,38;0;3,31
1274;1,95;0,09;217;false;true;true;3,38;0;3,31
1275;1,95;0,08;217;false;true;true;3,38;0;3,31
1276;1,95;0,08;217;false;true;true;3,37;0;3,31
1277;1,96;0,08;217;false;true;true;3,37;0;3,31
1278;1,96;0,08;217;false;true;true;3,38;0;3,31
1279;1,96;0,08;217;false;true;true;3,38;0;3,31
1280;1,96;0,08;217;false;true;true;3,38;0;3,31
1281;1,96;0,08;217;false;true;true;3,38;0;3,31
1282;1,96;0,08;217;false;true;true;3,38;0;3,31
1283;1,96;0,08;217;false;true;true;3,38;0;3,31
1284;1,96;0,08;217;false;true;true;3,38;0;3,31
1285;1,96;0,08;217;false;true;true;3,38;0;3,31
1286;1,96;0,08;217;false;true;true;3,38;0;3,31
1287;1,97;0,08;217;false;true;true;3,38;0;3,31
1288;1,97;0,08;217;false;true;true;3,38;0;3,31
1289;1,97;0,08;217;false;true;true;3,38;0;3,31
1290;1,97;0,08;217;false;true;true;3,38;0;3,31
1291;1,97;0,08;217;false;true;true;3,38;0;3,31
1292;1,97;0,08;217;false;true;true;3,38;0;3,31
1293;1,97;0,08;217;false;true;true;3,38;0;3,31
1294;1,97;0,08;217;false;true;true;3,38;0;3,31
1295;1,97;0,08;217;false;true;true;3,38;0;3,31
1296;1,97;0,08;217;false;true;true;3,38;0;3,31
1297;1,98;0,08;217;false;true;true;3,38;0;3,31
1298;1,98;0,08;217;false;true;true;3,38;0;3,31
1299;1,98;0,08;217;false;true;true;3,38;0;3,31
1300;1,98;0,08;217;false;true;true;3,38;0;3,31
1301;1,98;0,08;217;false;true;true;3,38;0;3,31
1302;1,98;0,08;217;false;true;true;3,38;0;3,31
1303;1,98;0,08;217;false;true;true;3,38;0;3,31
1304;1,98;0,08;217;false;true;true;3,38;0;3,32
1305;1,98;0,08;217;false;true;true;3,38;0;3,32
1306;1,99;0,08;217;false;true;true;3,38;0;3,32
1307;1,99;0,08;217;false;true;true;3,38;0;3,32
1308;1,99;0,08;217;false;true;true;3,38;0;3,32
1309;1,99;0,08;217;false;true;true;3,38;0;3,32
1310;1,99;0,08;217;false;true;true;3,38;0;3,32
1311;1,99;0,08;217;false;true;true;3,38;0;3,32
1312;1,99;0,08;217;false;true;true;3,38;0;3,32
1313;1,99;0,08;217;false;true;true;3,38;0;3,32
1314;2;0,08;217;false;true;true;3,38;0;3,32
1315;2;0,08;217;false;true;true;3,39;0;3,32
1316;2;0,08;217;false;true;true;3,39;0;3,32
1317;2;0,08;217;false;true;true;3,39;0;3,32
1318;2;0,08;217;false;true;true;3,38;0;3,32
1319;2;0,08;217;false;true;true;3,38;0;3,32
1320;2;0,08;217;false;true;true;3,38;0;3,32
1321;2;0,08;217;false;true;true;3,38;0;3,32
1322;2;0,08;217;false;true;true;3,39;0;3,32
1323;2;0,08;217;false;true;true;3,38;0;3,32
1324;2,01;0,08;217;false;true;true;3,38;0;3,32
1325;2,01;0,08;217;false;true;true;3,38;0;3,32
1326;2,01;0,08;217;false;true;true;3,38;0;3,32
1327;2,01;0,07;217;false;true;true;3,38;0;3,32
1328;2,01;0,08;217;false;true;true;3,39;0;3,32
1329;2,01;0,08;217;false;true;true;3,39;0;3,32
1330;2,01;0,08;217;false;true;true;3,39;0;3,32
1331;2,02;0,08;217;false;true;true;3,39;0;3,32
1332;2,02;0,08;217;false;true;true;3,39;0;3,32
1333;2,02;0,08;217;false;true;true;3,39;0;3,32
1334;2,02;0,08;217;false;true;true;3,39;0;3,32
1335;2,02;0,08;217;false;true;true;3,39;0;3,32
1336;2,02;0,08;217;false;true;true;3,38;0;3,32
1337;2,02;0,07;217;false;true;true;3,38;0;3,32
1338;2,02;0,07;217;false;true;true;3,38;0;3,32
1339;2,02;0,07;217;false;true;true;3,38;0;3,32
1340;2,03;0,07;217;false;true;true;3,38;0;3,32
1341;2,03;0,08;217;false;true;true;3,39;0;3,32
1342;2,03;0,08;217;false;true;true;3,39;0;3,32
1343;2,03;0,08;217;false;true;true;3,39;0;3,32
1344;2,03;0,08;217;false;true;true;3,39;0;3,32
1345;2,03;0,08;217;false;true;true;3,39;0;3,32
1346;2,03;0,08;217;false;true;true;3,39;0;3,32
1347;2,04;0,08;217;false;true;true;3,39;0;3,32
1348;2,04;0,08;217;false;true;true;3,39;0;3,32
1349;2,04;0,07;217;false;true;true;3,39;0;3,32
1350;2,04;0,08;217;false;true;true;3,39;0;3,33
1351;2,04;0,08;217;false;true;true;3,39;0;3,33
1352;2,04;0,08;217;false;true;true;3,39;0;3,33
1353;2,04;0,07;217;false;true;true;3,39;0;3,33
1354;2,04;0,08;217;false;true;true;3,39;0;3,33
1355;2,05;0,08;217;false;true;true;3,39;0;3,33
1356;2,05;0,08;217;false;true;true;3,39;0;3,33
1357;2,05;0,08;217;false;true;true;3,39;0;3,33
1358;2,05;0,08;217;false;true;true;3,39;0;3,33
1359;2,05;0,08;217;false;true;true;3,39;0;3,33
1360;2,05;0,08;217;false;true;true;3,39;0;3,33
1361;2,05;0,07;217;false;true;true;3,39;0;3,33
1362;2,05;0,08;217;false;true;true;3,39;0;3,33
1363;2,05;0,08;217;false;true;true;3,39;0;3,33
1364;2,06;0,08;217;false;true;true;3,39;0;3,33
1365;2,06;0,08;217;false;true;true;3,4;0;3,33
1366;2,06;0,08;217;false;true;true;3,39;0;3,33
1367;2,06;0,08;217;false;true;true;3,39;0;3,33
1368;2,06;0,08;217;false;true;true;3,39;0;3,33
1369;2,06;0,07;217;false;true;true;3,39;0;3,33
1370;2,06;0,07;217;false;true;true;3,39;0;3,33
1371;2,06;0,07;217;false;true;true;3,39;0;3,33
1372;2,07;0,07;217;false;true;true;3,39;0;3,33
1373;2,07;0,07;217;false;true;true;3,39;0;3,33
1374;2,07;0,08;217;false;true;true;3,39;0;3,33
1375;2,07;0,08;217;false;true;true;3,4;0;3,33
1376;2,07;0,07;217;false;true;true;3,39;0;3,33
1377;2,07;0,07;217;false;true;true;3,39;0;3,33
1378;2,07;0,07;217;false;true;true;3,39;0;3,33
1379;2,07;0,08;217;false;true;true;3,39;0;3,33
1380;2,07;0,08;217;false;true;true;3,4;0;3,33
1381;2,07;0,07;217;false;true;true;3,4;0;3,33
1382;2,08;0,08;217;false;true;true;3,4;0;3,33
1383;2,08;0,08;217;false;true;true;3,4;0;3,33
1384;2,08;0,07;217;false;true;true;3,39;0;3,33
1385;2,08;0,07;217;false;true;true;3,39;0;3,33
1386;2,08;0,07;217;false;true;true;3,4;0;3,33
1387;2,08;0,07;217;false;true;true;3,39;0;3,33
1388;2,08;0,07;217;false;true;true;3,39;0;3,33
1389;2,08;0,06;217;false;true;true;3,39;0;3,33
1390;2,08;0,07;217;false;true;true;3,39;0;3,33
1391;2,09;0,07;217;false;true;true;3,39;0;3,33
1392;2,09;0,08;217;false;true;true;3,4;0;3,33
1393;2,09;0,07;217;false;true;true;3,4;0;3,33
1394;2,09;0,07;217;false;true;true;3,4;0;3,33
1395;2,09;0,08;217;false;true;true;3,4;0;3,34
1396;2,09;0,07;217;false;true;true;3,4;0;3,34
1397;2,09;0,08;217;false;true;true;3,4;0;3,34
1398;2,09;0,07;217;false;true;true;3,4;0;3,34
1399;2,09;0,07;217;false;true;true;3,4;0;3,34
1400;2,1;0,07;217;false;true;true;3,4;0;3,34
1401;2,1;0,07;217;false;true;true;3,4;0;3,34
1402;2,1;0,07;217;false;true;true;3,4;0;3,34
1403;2,1;0,07;217;false;true;true;3,4;0;3,34
1404;2,1;0,07;217;false;true;true;3,39;0;3,34
1405;2,1;0,07;217;false;true;true;3,39;0;3,34
1406;2,1;0,07;217;false;true;true;3,39;0;3,34
1407;2,1;0,07;217;false;true;true;3,39;0;3,34
1408;2,11;0,07;217;false;true;true;3,39;0;3,34
1409;2,11;0,07;217;false;true;true;3,4;0;3,34
1410;2,11;0,07;217;false;true;true;3,4;0;3,34
1411;2,11;0,07;217;false;true;true;3,4;0;3,34
1412;2,11;0,07;217;false;true;true;3,4;0;3,34
1413;2,11;0,07;217;false;true;true;3,4;0;3,34
1414;2,11;0,07;217;false;true;true;3,4;0;3,34
1415;2,11;0,07;217;false;true;true;3,39;0;3,34
1416;2,11;0,07;217;false;true;true;3,4;0;3,34
1417;2,11;0,07;217;false;true;true;3,4;0;3,34
1418;2,12;0,07;217;false;true;true;3,4;0;3,34
1419;2,12;0,07;217;false;true;true;3,4;0;3,34
1420;2,12;0,07;217;false;true;true;3,4;0;3,34
1421;2,12;0,07;217;false;true;true;3,4;0;3,34
1422;2,12;0,07;217;false;true;true;3,4;0;3,34
1423;2,12;0,07;217;false;true;true;3,4;0;3,34
1424;2,12;0,07;217;false;true;true;3,4;0;3,34
1425;2,12;0,07;217;false;true;true;3,4;0;3,34
1426;2,12;0,07;217;false;true;true;3,4;0;3,34
1427;2,12;0,06;217;false;true;true;3,4;0;3,34
1428;2,13;0,06;217;false;true;true;3,4;0;3,34
1429;2,13;0,07;217;false;true;true;3,4;0;3,34
1430;2,13;0,06;217;false;true;true;3,4;0;3,34
1431;2,13;0,07;217;false;true;true;3,4;0;3,34
1432;2,13;0,07;217;false;true;true;3,4;0;3,34
1433;2,13;0,07;217;false;true;true;3,4;0;3,34
1434;2,14;0,07;217;false;true;true;3,4;0;3,34
1435;2,14;0,07;217;false;true;true;3,41;0;3,34
1436;2,14;0,07;217;false;true;true;3,4;0;3,34
1437;2,14;0,07;217;false;true;true;3,4;0;3,34
1438;2,14;0,07;217;false;true;true;3,4;0;3,34
1439;2,14;0,07;217;false;true;true;3,4;0;3,34
1440;2,14;0,07;217;false;true;true;3,4;0;3,34
1441;2,14;0,07;217;false;true;true;3,4;0;3,35
1442;2,15;0,07;217;false;true;true;3,4;0;3,35
1443;2,15;0,07;217;false;true;true;3,4;0;3,35
1444;2,15;0,07;217;false;true;true;3,4;0;3,35
1445;2,15;0,07;217;false;true;true;3,4;0;3,35
1446;2,15;0,07;217;false;true;true;3,4;0;3,35
1447;2,15;0,07;217;false;true;true;3,4;0;3,35
1448;2,15;0,07;217;false;true;true;3,41;0;3,35
1449;2,15;0,07;217;false;true;true;3,41;0;3,35
1450;2,15;0,07;217;false;true;true;3,4;0;3,35
1451;2,15;0,07;217;false;true;true;3,4;0;3,35
1452;2,16;0,06;217;false;true;true;3,4;0;3,35
1453;2,16;0,07;217;false;true;true;3,41;0;3,35
1454;2,16;0,07;217;false;true;true;3,41;0;3,35
1455;2,16;0,07;217;false;true;true;3,41;0;3,35
1456;2,16;0,07;217;false;true;true;3,41;0;3,35
1457;2,16;0,07;217;false;true;true;3,41;0;3,35
1458;2,16;0,07;217;false;true;true;3,41;0;3,35
1459;2,16;0,07;217;false;true;true;3,41;0;3,35
1460;2,17;0,07;217;false;true;true;3,41;0;3,35
1461;2,17;0,07;217;false;true;true;3,41;0;3,35
1462;2,17;0,07;217;false;true;true;3,41;0;3,35
1463;2,17;0,06;217;false;true;true;3,4;0;3,35
1464;2,17;0,06;217;false;true;true;3,4;0;3,35
1465;2,17;0,07;217;false;true;true;3,41;0;3,35
1466;2,17;0,07;217;false;true;true;3,41;0;3,35
1467;2,17;0,07;217;false;true;true;3,41;0;3,35
1468;2,17;0,07;217;false;true;true;3,41;0;3,35
1469;2,18;0,07;217;false;true;true;3,41;0;3,35
1470;2,18;0,07;217;false;true;true;3,41;0;3,35
1471;2,18;0,07;217;false;true;true;3,41;0;3,35
1472;2,18;0,07;217;false;true;true;3,41;0;3,35
1473;2,18;0,07;217;false;true;true;3,41;0;3,35
1474;2,18;0,07;217;false;true;true;3,41;0;3,35
1475;2,18;0,06;217;false;true;true;3,4;0;3,35
1476;2,18;0,06;217;false;true;true;3,41;0;3,35
1477;2,18;0,06;217;false;true;true;3,4;0;3,35
1478;2,19;0,06;217;false;true;true;3,4;0;3,35
1479;2,19;0,06;217;false;true;true;3,4;0;3,35
1480;2,19;0,06;217;false;true;true;3,41;0;3,35
1481;2,19;0,07;217;false;true;true;3,41;0;3,35
1482;2,19;0,07;217;false;true;true;3,41;0;3,35
1483;2,19;0,07;217;false;true;true;3,41;0;3,35
1484;2,19;0,07;217;false;true;true;3,41;0;3,36
1485;2,19;0,06;217;false;true;true;3,41;0;3,36
1486;2,19;0,07;217;false;true;true;3,41;0;3,36
1487;2,19;0,07;217;false;true;true;3,41;0;3,36
1488;2,2;0,06;217;false;true;true;3,41;0;3,36
1489;2,2;0,06;217;false;true;true;3,4;0;3,36
1490;2,2;0,06;217;false;true;true;3,41;0;3,36
1491;2,2;0,07;217;false;true;true;3,41;0;3,36
1492;2,2;0,07;217;false;true;true;3,41;0;3,36
1493;2,2;0,07;217;false;true;true;3,41;0;3,36
1494;2,2;0,07;217;false;true;true;3,41;0;3,36
1495;2,2;0,06;217;false;true;true;3,41;0;3,36
1496;2,2;0,07;217;false;true;true;3,42;0;3,36
1497;2,2;0,07;217;false;true;true;3,41;0;3,36
1498;2,21;0,06;217;false;true;true;3,41;0;3,36
1499;2,21;0,07;217;false;true;true;3,42;0;3,36
1500;2,21;0,06;217;false;true;true;3,41;0;3,36
1501;2,21;0,06;217;false;true;true;3,41;0;3,36
1502;2,21;0,06;217;false;true;true;3,41;0;3,36
1503;2,21;0,06;217;false;true;true;3,41;0;3,36
1504;2,22;0,06;217;false;true;true;3,41;0;3,36
1505;2,22;0,06;217;false;true;true;3,41;0;3,36
1506;2,22;0,06;217;false;true;true;3,41;0;3,36
1507;2,22;0,06;217;false;true;true;3,41;0;3,36
1508;2,22;0,06;217;false;true;true;3,41;0;3,36
1509;2,22;0,06;217;false;true;true;3,41;0;3,36
1510;2,22;0,06;217;false;true;true;3,41;0;3,36
1511;2,23;0,07;217;false;true;true;3,42;0;3,36
1512;2,23;0,07;217;false;true;true;3,42;0;3,36
1513;2,23;0,07;217;false;true;true;3,42;0;3,36
1514;2,23;0,06;217;false;true;true;3,41;0;3,36
1515;2,23;0,06;217;false;true;true;3,41;0;3,36
1516;2,23;0,06;217;false;true;true;3,41;0;3,36
1517;2,23;0,06;217;false;true;true;3,41;0;3,36
1518;2,23;0,06;217;false;true;true;3,41;0;3,36
1519;2,24;0,06;217;false;true;true;3,42;0;3,36
1520;2,24;0,06;217;false;true;true;3,41;0;3,36
1521;2,24;0,06;217;false;true;true;3,41;0;3,36
1522;2,24;0,06;217;false;true;true;3,42;0;3,36
1523;2,24;0,06;217;false;true;true;3,42;0;3,36
1524;2,24;0,06;217;false;true;true;3,42;0;3,36
1525;2,24;0,06;217;false;true;true;3,41;0;3,37
1526;2,24;0,06;217;false;true;true;3,42;0;3,37
1527;2,24;0,06;217;false;true;true;3,42;0;3,37
1528;2,24;0,06;217;false;true;true;3,42;0;3,37
1529;2,25;0,06;217;false;true;true;3,42;0;3,37
1530;2,25;0,07;217;false;true;true;3,42;0;3,37
1531;2,25;0,06;217;false;true;true;3,42;0;3,37
1532;2,25;0,06;217;false;true;true;3,42;0;3,37
1533;2,25;0,06;217;false;true;true;3,42;0;3,37
1534;2,25;0,06;217;false;true;true;3,42;0;3,37
1535;2,25;0,06;217;false;true;true;3,42;0;3,37
1536;2,25;0,06;217;false;true;true;3,42;0;3,37
1537;2,25;0,06;217;false;true;true;3,42;0;3,37
1538;2,26;0,07;217;false;true;true;3,43;0;3,37
1539;2,26;0,07;217;false;true;true;3,42;0;3,37
1540;2,26;0,06;217;false;true;true;3,42;0;3,37
1541;2,26;0,06;217;false;true;true;3,42;0;3,37
1542;2,26;0,06;217;false;true;true;3,42;0;3,37
1543;2,26;0,06;217;false;true;true;3,42;0;3,37
1544;2,26;0,06;217;false;true;true;3,42;0;3,37
1545;2,26;0,06;217;false;true;true;3,42;0;3,37
1546;2,26;0,06;217;false;true;true;3,42;0;3,37
1547;2,26;0,07;217;false;true;true;3,43;0;3,37
1548;2,27;0,06;217;false;true;true;3,42;0;3,37
1549;2,27;0,06;217;false;true;true;3,42;0;3,37
1550;2,27;0,06;217;false;true;true;3,42;0;3,37
1551;2,27;0,06;217;false;true;true;3,42;0;3,37
1552;2,27;0,06;217;false;true;true;3,43;0;3,37
1553;2,27;0,06;217;false;true;true;3,43;0;3,37
1554;2,27;0,06;217;false;true;true;3,43;0;3,37
1555;2,27;0,06;217;false;true;true;3,42;0;3,37
1556;2,27;0,06;217;false;true;true;3,42;0;3,37
1557;2,27;0,06;217;false;true;true;3,42;0;3,37
1558;2,28;0,07;217;false;true;true;3,43;0;3,37
1559;2,28;0,06;217;false;true;true;3,43;0;3,37
1560;2,28;0,06;217;false;true;true;3,43;0;3,38
1561;2,28;0,07;217;false;true;true;3,43;0;3,38
1562;2,28;0,06;217;false;true;true;3,43;0;3,38
1563;2,28;0,06;217;false;true;true;3,42;0;3,38
1564;2,28;0,06;217;false;true;true;3,43;0;3,38
1565;2,28;0,06;217;false;true;true;3,42;0;3,38
1566;2,28;0,06;217;false;true;true;3,42;0;3,38
1567;2,28;0,06;217;false;true;true;3,42;0;3,38
1568;2,29;0,05;217;false;true;true;3,42;0;3,38
1569;2,29;0,06;217;false;true;true;3,42;0;3,38
1570;2,29;0,06;217;false;true;true;3,43;0;3,38
1571;2,29;0,06;217;false;true;true;3,43;0;3,38
1572;2,29;0,06;217;false;true;true;3,43;0;3,38
1573;2,29;0,06;217;false;true;true;3,43;0;3,38
1574;2,29;0,06;217;false;true;true;3,43;0;3,38
1575;2,29;0,06;217;false;true;true;3,43;0;3,38
1576;2,29;0,06;217;false;true;true;3,43;0;3,38
1577;2,29;0,06;217;false;true;true;3,43;0;3,38
1578;2,3;0,06;217;false;true;true;3,43;0;3,38
1579;2,3;0,06;217;false;true;true;3,43;0;3,38
1580;2,3;0,05;217;false;true;true;3,43;0;3,38
1581;2,3;0,06;217;false;true;true;3,43;0;3,38
1582;2,3;0,06;217;false;true;true;3,43;0;3,38
1583;2,3;0,06;217;false;true;true;3,43;0;3,38
1584;2,3;0,06;217;false;true;true;3,43;0;3,38
1585;2,3;0,05;217;false;true;true;3,43;0;3,38
1586;2,3;0,06;217;false;true;true;3,43;0;3,38
1587;2,3;0,06;217;false;true;true;3,43;0;3,38
1588;2,31;0,06;217;false;true;true;3,44;0;3,38
1589;2,31;0,06;217;false;true;true;3,44;0;3,38
1590;2,31;0,06;217;false;true;true;3,43;0;3,38
1591;2,31;0,06;217;false;true;true;3,43;0;3,39
1592;2,31;0,06;217;false;true;true;3,44;0;3,39
1593;2,31;0,06;217;false;true;true;3,43;0;3,39
1594;2,31;0,05;217;false;true;true;3,43;0;3,39
1595;2,31;0,06;217;false;true;true;3,43;0;3,39
1596;2,32;0,06;217;false;true;true;3,44;0;3,39
1597;2,32;0,06;217;false;true;true;3,44;0;3,39
1598;2,32;0,06;217;false;true;true;3,44;0;3,39
1599;2,32;0,06;217;false;true;true;3,44;0;3,39
1600;2,32;0,06;217;false;true;true;3,44;0;3,39
1601;2,32;0,06;217;false;true;true;3,44;0;3,39
1602;2,32;0,06;217;false;true;true;3,44;0;3,39
1603;2,32;0,06;217;false;true;true;3,44;0;3,39
1604;2,33;0,06;217;false;true;true;3,44;0;3,39
1605;2,33;0,06;217;false;true;true;3,44;0;3,39
1606;2,33;0,06;217;false;true;true;3,44;0;3,39
1607;2,33;0,06;217;false;true;true;3,44;0;3,39
1608;2,33;0,06;217;false;true;true;3,44;0;3,39
1609;2,33;0,06;217;false;true;true;3,44;0;3,39
1610;2,33;0,06;217;false;true;true;3,44;0;3,39
1611;2,33;0,05;217;false;true;true;3,44;0;3,39
1612;2,33;0,06;217;false;true;true;3,44;0;3,39
1613;2,33;0,06;217;false;true;true;3,44;0;3,39
1614;2,34;0,06;217;false;true;true;3,44;0;3,39
1615;2,34;0,06;217;false;true;true;3,44;0;3,39
1616;2,34;0,06;217;false;true;true;3,44;0;3,39
1617;2,34;0,06;217;false;true;true;3,44;0;3,4
1618;2,34;0,06;217;false;true;true;3,45;0;3,4
1619;2,34;0,07;217;false;true;true;3,45;0;3,4
1620;2,34;0,06;217;false;true;true;3,45;0;3,4
1621;2,35;0,06;217;false;true;true;3,45;0;3,4
1622;2,35;0,06;217;false;true;true;3,45;0;3,4
1623;2,35;0,06;217;false;true;true;3,45;0;3,4
1624;2,35;0,06;217;false;true;true;3,45;0;3,4
1625;2,35;0,06;217;false;true;true;3,45;0;3,4
1626;2,35;0,06;217;false;true;true;3,45;0;3,4
1627;2,35;0,06;217;false;true;true;3,45;0;3,4
1628;2,35;0,06;217;false;true;true;3,45;0;3,4
1629;2,35;0,06;217;false;true;true;3,45;0;3,4
1630;2,35;0,06;217;false;true;true;3,45;0;3,4
1631;2,36;0,06;217;false;true;true;3,45;0;3,4
1632;2,36;0,06;217;false;true;true;3,45;0;3,4
1633;2,36;0,06;217;false;true;true;3,45;0;3,4
1634;2,36;0,06;217;false;true;true;3,45;0;3,4
1635;2,36;0,06;217;false;true;true;3,45;0;3,4
1636;2,36;0,06;217;false;true;true;3,45;0;3,4
1637;2,36;0,06;217;false;true;true;3,45;0;3,41
1638;2,36;0,06;217;false;true;true;3,45;0;3,41
1639;2,37;0,06;217;false;true;true;3,45;0;3,41
1640;2,37;0,06;217;false;true;true;3,45;0;3,41
1641;2,37;0,06;217;false;true;true;3,46;0;3,41
1642;2,37;0,06;217;false;true;true;3,45;0;3,41
1643;2,37;0,06;217;false;true;true;3,45;0;3,41
1644;2,37;0,06;217;false;true;true;3,46;0;3,41
1645;2,38;0,06;217;false;true;true;3,46;0;3,41
1646;2,38;0,06;217;false;true;true;3,46;0;3,41
1647;2,38;0,06;217;false;true;true;3,46;0;3,41
1648;2,38;0,06;217;false;true;true;3,46;0;3,41
1649;2,38;0,06;217;false;true;true;3,46;0;3,41
1650;2,38;0,06;217;false;true;true;3,46;0;3,41
1651;2,38;0,06;217;false;true;true;3,46;0;3,41
1652;2,38;0,06;217;false;true;true;3,47;0;3,41
1653;2,38;0,06;217;false;true;true;3,46;0;3,42
1654;2,39;0,07;217;false;true;true;3,47;0;3,42
1655;2,39;0,06;217;false;true;true;3,47;0;3,42
1656;2,39;0,06;217;false;true;true;3,47;0;3,42
1657;2,39;0,06;217;false;true;true;3,46;0;3,42
1658;2,39;0,06;217;false;true;true;3,47;0;3,42
1659;2,39;0,06;217;false;true;true;3,47;0;3,42
1660;2,39;0,06;217;false;true;true;3,47;0;3,42
1661;2,39;0,06;217;false;true;true;3,47;0;3,42
1662;2,39;0,06;217;false;true;true;3,47;0;3,42
1663;2,39;0,06;217;false;true;true;3,47;0;3,42
1664;2,4;0,06;217;false;true;true;3,47;0;3,42
1665;2,4;0,06;217;false;true;true;3,47;0;3,43
1666;2,4;0,07;217;false;true;true;3,48;0;3,43
1667;2,4;0,07;217;false;true;true;3,48;0;3,43
1668;2,4;0,07;217;false;true;true;3,48;0;3,43
1669;2,4;0,07;217;false;true;true;3,48;0;3,43
1670;2,4;0,07;217;false;true;true;3,49;0;3,43
1671;2,4;0,07;217;false;true;true;3,48;0;3,43
1672;2,4;0,07;217;false;true;true;3,49;0;3,43
1673;2,4;0,07;217;false;true;true;3,48;0;3,43
1674;2,41;0,07;217;false;true;true;3,48;0;3,43
1675;2,41;0,07;217;false;true;true;3,49;0;3,44
1676;2,41;0,07;217;false;true;true;3,49;0;3,44
1677;2,41;0,07;217;false;true;true;3,49;0;3,44
1678;2,41;0,07;217;false;true;true;3,49;0;3,44
1679;2,41;0,07;217;false;true;true;3,49;0;3,44
1680;2,41;0,07;217;false;true;true;3,49;0;3,44
1681;2,41;0,07;217;false;true;true;3,49;0;3,44
1682;2,41;0,08;217;false;true;true;3,5;0;3,45
1683;2,41;0,07;217;false;true;true;3,5;0;3,45
1684;2,42;0,07;217;false;true;true;3,5;0;3,45
1685;2,42;0,07;217;false;true;true;3,5;0;3,45
1686;2,42;0,07;217;false;true;true;3,5;0;3,45
1687;2,42;0,07;217;false;true;true;3,5;0;3,45
1688;2,42;0,07;217;false;true;true;3,5;0;3,46
1689;2,42;0,07;217;false;true;true;3,51;0;3,46
1690;2,42;0,07;217;false;true;true;3,51;0;3,46
1691;2,42;0,08;217;false;true;true;3,51;0;3,46
1692;2,42;0,08;217;false;true;true;3,51;0;3,46
1693;2,42;0,07;217;false;true;true;3,51;0;3,47
1694;2,43;0,08;217;false;true;true;3,52;0;3,47
1695;2,43;0,08;217;false;true;true;3,52;0;3,47
1696;2,43;0,08;217;false;true;true;3,52;0;3,47
1697;2,43;0,08;217;false;true;true;3,53;0;3,48
1698;2,43;0,08;217;false;true;true;3,53;0;3,48
1699;2,43;0,08;217;false;true;true;3,53;0;3,48
1700;2,43;0,08;217;false;true;true;3,54;0;3,49
1701;2,43;0,08;217;false;true;true;3,54;0;3,49
1702;2,43;0,09;217;false;true;true;3,55;0;3,49
1703;2,43;0,09;217;false;true;true;3,55;0;3,5
1704;2,44;0,09;217;false;true;true;3,55;0;3,5
1705;2,44;0,09;217;false;true;true;3,56;0;3,51
1706;2,44;0,1;217;false;true;true;3,56;0;3,51
1707;2,44;0,1;217;false;true;true;3,57;0;3,52
1708;2,44;0,1;217;false;true;true;3,57;0;3,52
1709;2,44;0,11;217;false;true;true;3,58;0;3,53
1710;2,44;0,11;217;false;true;true;3,59;0;3,54
1711;2,44;0,11;217;false;true;true;3,59;0;3,55
1712;2,44;0,12;217;false;true;true;3,6;0;3,56
1713;2,44;0,12;217;false;true;true;3,61;0;3,57
1714;2,45;0,13;217;false;true;true;3,62;0;3,58
1715;2,45;0,14;217;false;true;true;3,64;0;3,6
1716;2,45;0,16;217;false;true;true;3,66;0;3,62
1717;2,45;0,18;217;false;true;true;3,67;0;3,65
1718;2,45;0,2;217;false;true;true;3,7;0;3,68
1719;2,45;0,23;217;false;true;true;3,73;0;3,73
1720;2,45;0,29;217;false;true;true;3,77;0;3,8
1721;2,45;0,39;217;false;true;true;3,82;0;3,92
1722;2,46;0,59;216;false;true;true;3,41;0;3,12
1723;2,46;0,49;216;false;true;true;3,3;0;3,13
1724;2,46;0,43;216;false;true;true;3,23;0;3,14
1725;2,46;0,38;216;false;true;true;3,23;0;3,15
1726;2,46;0,35;216;false;true;true;3,25;0;3,15
1727;2,46;0,32;216;false;true;true;3,27;0;3,15
1728;2,47;0,31;216;false;true;true;3,29;0;3,16
1729;2,47;0,3;216;false;true;true;3,3;0;3,16
1730;2,47;0,28;216;false;true;true;3,31;0;3,16
1731;2,47;0,27;216;false;true;true;3,31;0;3,17
1732;2,47;0,26;216;false;true;true;3,32;0;3,17
1733;2,47;0,24;216;false;true;true;3,31;0;3,17
1734;2,47;0,24;216;false;true;true;3,32;0;3,17
1735;2,47;0,23;216;false;true;true;3,32;0;3,17
1736;2,47;0,22;216;false;true;true;3,32;0;3,18
1737;2,47;0,22;216;false;true;true;3,32;0;3,18
1738;2,48;0,21;216;false;true;true;3,32;0;3,18
1739;2,48;0,21;216;false;true;true;3,32;0;3,18
1740;2,48;0,2;216;false;true;true;3,32;0;3,18
1741;2,48;0,19;216;false;true;true;3,32;0;3,18
1742;2,48;0,19;216;false;true;true;3,32;0;3,18
1743;2,48;0,19;216;false;true;true;3,33;0;3,18
1744;2,48;0,19;216;false;true;true;3,32;0;3,18
1745;2,48;0,18;216;false;true;true;3,32;0;3,18
1746;2,48;0,18;216;false;true;true;3,32;0;3,19
1747;2,48;0,17;216;false;true;true;3,32;0;3,19
1748;2,49;0,17;216;false;true;true;3,32;0;3,19
1749;2,49;0,17;216;false;true;true;3,32;0;3,19
1750;2,49;0,16;216;false;true;true;3,32;0;3,19
1751;2,49;0,16;216;false;true;true;3,32;0;3,19
1752;2,49;0,16;216;false;true;true;3,32;0;3,19
1753;2,49;0,16;216;false;true;true;3,31;0;3,19
1754;2,49;0,15;216;false;true;true;3,31;0;3,19
1755;2,49;0,15;216;false;true;true;3,32;0;3,19
1756;2,49;0,15;216;false;true;true;3,32;0;3,19
1757;2,49;0,15;216;false;true;true;3,32;0;3,19
1758;2,5;0,15;216;false;true;true;3,31;0;3,19
1759;2,5;0,15;216;false;true;true;3,31;0;3,19
1760;2,5;0,14;216;false;true;true;3,31;0;3,19
1761;2,5;0,15;216;false;true;true;3,32;0;3,19
1762;2,5;0,15;216;false;true;true;3,32;0;3,19
1763;2,5;0,15;216;false;true;true;3,32;0;3,19
1764;2,5;0,14;216;false;true;true;3,32;0;3,19
1765;2,5;0,14;216;false;true;true;3,31;0;3,2
1766;2,5;0,14;216;false;true;true;3,31;0;3,2
1767;2,51;0,14;216;false;true;true;3,31;0;3,2
1768;2,51;0,13;216;false;true;true;3,3;0;3,2
1769;2,51;0,13;216;false;true;true;3,31;0;3,2
1770;2,51;0,13;216;false;true;true;3,3;0;3,2
1771;2,51;0,13;216;false;true;true;3,3;0;3,2
1772;2,51;0,13;216;false;true;true;3,31;0;3,2
1773;2,51;0,13;216;false;true;true;3,31;0;3,2
1774;2,51;0,13;216;false;true;true;3,31;0;3,2
1775;2,51;0,13;216;false;true;true;3,31;0;3,2
1776;2,51;0,13;216;false;true;true;3,31;0;3,2
1777;2,52;0,13;216;false;true;true;3,31;0;3,2
1778;2,52;0,13;216;false;true;true;3,31;0;3,2
1779;2,52;0,13;216;false;true;true;3,31;0;3,2
1780;2,52;0,13;216;false;true;true;3,31;0;3,2
1781;2,52;0,13;216;false;true;true;3,31;0;3,2
1782;2,52;0,12;216;false;true;true;3,31;0;3,2
1783;2,52;0,12;216;false;true;true;3,3;0;3,2
1784;2,52;0,12;216;false;true;true;3,3;0;3,2
1785;2,52;0,12;216;false;true;true;3,3;0;3,2
1786;2,52;0,11;216;false;true;true;3,3;0;3,2
1787;2,53;0,12;216;false;true;true;3,31;0;3,2
1788;2,53;0,12;216;false;true;true;3,31;0;3,2
1789;2,53;0,12;216;false;true;true;3,3;0;3,2
1790;2,53;0,12;216;false;true;true;3,31;0;3,2
1791;2,53;0,13;216;false;true;true;3,31;0;3,2
1792;2,53;0,12;216;false;true;true;3,31;0;3,2
1793;2,53;0,12;216;false;true;true;3,31;0;3,2
1794;2,53;0,12;216;false;true;true;3,31;0;3,2
1795;2,53;0,12;216;false;true;true;3,31;0;3,2
1796;2,53;0,12;216;false;true;true;3,31;0;3,2
1797;2,54;0,11;216;false;true;true;3,3;0;3,2
1798;2,54;0,11;216;false;true;true;3,3;0;3,2
1799;2,54;0,11;216;false;true;true;3,3;0;3,2
1800;2,54;0,12;216;false;true;true;3,3;0;3,2
1801;2,54;0,11;216;false;true;true;3,3;0;3,2
1802;2,54;0,11;216;false;true;true;3,3;0;3,2
1803;2,54;0,11;216;false;true;true;3,3;0;3,2
1804;2,54;0,12;216;false;true;true;3,31;0;3,2
1805;2,54;0,11;216;false;true;true;3,3;0;3,2
1806;2,54;0,11;216;false;true;true;3,3;0;3,2
1807;2,55;0,11;216;false;true;true;3,3;0;3,2
1808;2,55;0,11;216;false;true;true;3,3;0;3,2
1809;2,55;0,11;216;false;true;true;3,3;0;3,2
1810;2,55;0,11;216;false;true;true;3,3;0;3,2
1811;2,55;0,11;216;false;true;true;3,3;0;3,21
1812;2,55;0,11;216;false;true;true;3,3;0;3,21
1813;2,55;0,11;216;false;true;true;3,3;0;3,21
1814;2,55;0,1;216;false;true;true;3,3;0;3,21
1815;2,55;0,11;216;false;true;true;3,3;0;3,21
1816;2,56;0,1;216;false;true;true;3,3;0;3,21
1817;2,56;0,11;216;false;true;true;3,3;0;3,21
1818;2,56;0,11;216;false;true;true;3,3;0;3,21
1819;2,56;0,1;216;false;true;true;3,29;0;3,21
1820;2,56;0,1;216;false;true;true;3,3;0;3,21
1821;2,56;0,1;216;false;true;true;3,29;0;3,21
1822;2,56;0,1;216;false;true;true;3,29;0;3,21
1823;2,56;0,1;216;false;true;true;3,3;0;3,21
1824;2,56;0,1;216;false;true;true;3,29;0;3,21
1825;2,57;0,1;216;false;true;true;3,3;0;3,21
1826;2,57;0,1;216;false;true;true;3,29;0;3,21
1827;2,57;0,1;216;false;true;true;3,3;0;3,21
1828;2,57;0,1;216;false;true;true;3,29;0;3,21
1829;2,57;0,1;216;false;true;true;3,3;0;3,21
1830;2,57;0,1;216;false;true;true;3,29;0;3,21
1831;2,57;0,1;216;false;true;true;3,3;0;3,21
1832;2,57;0,1;216;false;true;true;3,29;0;3,21
1833;2,57;0,09;216;false;true;true;3,29;0;3,21
1834;2,58;0,09;216;false;true;true;3,29;0;3,21
1835;2,58;0,1;216;false;true;true;3,29;0;3,21
1836;2,58;0,1;216;false;true;true;3,29;0;3,21
1837;2,58;0,1;216;false;true;true;3,3;0;3,21
1838;2,58;0,1;216;false;true;true;3,3;0;3,21
1839;2,58;0,1;216;false;true;true;3,3;0;3,21
1840;2,58;0,1;216;false;true;true;3,3;0;3,21
1841;2,58;0,1;216;false;true;true;3,3;0;3,21
1842;2,58;0,1;216;false;true;true;3,29;0;3,21
1843;2,59;0,09;216;false;true;true;3,29;0;3,21
1844;2,59;0,09;216;false;true;true;3,29;0;3,21
1845;2,59;0,09;216;false;true;true;3,29;0;3,21
1846;2,59;0,09;216;false;true;true;3,29;0;3,21
1847;2,59;0,09;216;false;true;true;3,29;0;3,21
1848;2,59;0,09;216;false;true;true;3,29;0;3,21
1849;2,59;0,09;216;false;true;true;3,29;0;3,21
1850;2,59;0,09;216;false;true;true;3,29;0;3,21
1851;2,59;0,09;216;false;true;true;3,29;0;3,21
1852;2,59;0,09;216;false;true;true;3,29;0;3,21
1853;2,6;0,1;216;false;true;true;3,3;0;3,21
1854;2,6;0,09;216;false;true;true;3,29;0;3,21
1855;2,6;0,09;216;false;true;true;3,29;0;3,21
1856;2,6;0,09;216;false;true;true;3,29;0;3,21
1857;2,6;0,09;216;false;true;true;3,29;0;3,21
1858;2,6;0,09;216;false;true;true;3,29;0;3,21
1859;2,6;0,09;216;false;true;true;3,28;0;3,21
1860;2,6;0,08;216;false;true;true;3,28;0;3,21
1861;2,6;0,09;216;false;true;true;3,29;0;3,21
1862;2,6;0,09;216;false;true;true;3,29;0;3,21
1863;2,61;0,09;216;false;true;true;3,29;0;3,21
1864;2,61;0,1;216;false;true;true;3,29;0;3,21
1865;2,61;0,09;216;false;true;true;3,29;0;3,21
1866;2,61;0,09;216;false;true;true;3,29;0;3,21
1867;2,61;0,09;216;false;true;true;3,29;0;3,21
1868;2,61;0,09;216;false;true;true;3,29;0;3,21
1869;2,61;0,09;216;false;true;true;3,29;0;3,21
1870;2,61;0,09;216;false;true;true;3,29;0;3,21
1871;2,61;0,09;216;false;true;true;3,29;0;3,21
1872;2,61;0,09;216;false;true;true;3,29;0;3,21
1873;2,62;0,08;216;false;true;true;3,29;0;3,21
1874;2,62;0,09;216;false;true;true;3,29;0;3,21
1875;2,62;0,08;216;false;true;true;3,28;0;3,21
1876;2,62;0,08;216;false;true;true;3,28;0;3,21
1877;2,62;0,08;216;false;true;true;3,28;0;3,21
1878;2,62;0,08;216;false;true;true;3,28;0;3,21
1879;2,62;0,08;216;false;true;true;3,28;0;3,21
1880;2,62;0,08;216;false;true;true;3,28;0;3,21
1881;2,62;0,08;216;false;true;true;3,28;0;3,21
1882;2,62;0,08;216;false;true;true;3,28;0;3,21
1883;2,62;0,08;216;false;true;true;3,28;0;3,21
1884;2,63;0,08;216;false;true;true;3,28;0;3,21
1885;2,63;0,08;216;false;true;true;3,28;0;3,21
1886;2,63;0,08;216;false;true;true;3,28;0;3,21
1887;2,63;0,08;216;false;true;true;3,28;0;3,21
1888;2,63;0,08;216;false;true;true;3,28;0;3,21
1889;2,63;0,08;216;false;true;true;3,28;0;3,21
1890;2,63;0,07;216;false;true;true;3,28;0;3,21
1891;2,63;0,07;216;false;true;true;3,27;0;3,21
1892;2,63;0,08;216;false;true;true;3,28;0;3,21
1893;2,63;0,08;216;false;true;true;3,28;0;3,21
1894;2,64;0,09;216;false;true;true;3,29;0;3,21
1895;2,64;0,09;216;false;true;true;3,29;0;3,21
1896;2,64;0,08;216;false;true;true;3,29;0;3,21
1897;2,64;0,09;216;false;true;true;3,29;0;3,21
1898;2,64;0,08;216;false;true;true;3,29;0;3,21
1899;2,64;0,08;216;false;true;true;3,28;0;3,21
1900;2,64;0,08;216;false;true;true;3,28;0;3,21
1901;2,64;0,07;216;false;true;true;3,28;0;3,21
1902;2,64;0,07;216;false;true;true;3,27;0;3,21
1903;2,65;0,07;216;false;true;true;3,27;0;3,21
1904;2,65;0,07;216;false;true;true;3,28;0;3,21
1905;2,65;0,07;216;false;true;true;3,27;0;3,21
1906;2,65;0,08;216;false;true;true;3,28;0;3,21
1907;2,65;0,08;216;false;true;true;3,28;0;3,21
1908;2,65;0,08;216;false;true;true;3,28;0;3,21
1909;2,65;0,08;216;false;true;true;3,28;0;3,21
1910;2,65;0,08;216;false;true;true;3,28;0;3,21
1911;2,65;0,08;216;false;true;true;3,28;0;3,21
1912;2,66;0,07;216;false;true;true;3,28;0;3,21
1913;2,66;0,07;216;false;true;true;3,27;0;3,21
1914;2,66;0,07;216;false;true;true;3,27;0;3,21
1915;2,66;0,07;216;false;true;true;3,27;0;3,21
1916;2,66;0,07;216;false;true;true;3,28;0;3,21
1917;2,66;0,07;216;false;true;true;3,27;0;3,21
1918;2,66;0,07;216;false;true;true;3,27;0;3,21
1919;2,66;0,07;216;false;true;true;3,27;0;3,21
1920;2,66;0,07;216;false;true;true;3,27;0;3,21
1921;2,66;0,06;216;false;true;true;3,27;0;3,21
1922;2,67;0,06;216;false;true;true;3,27;0;3,21
1923;2,67;0,06;216;false;true;true;3,27;0;3,21
1924;2,67;49,64;216;true;true;true;0;45,38;0
1925;2,67;16,47;216;true;true;true;0;15,42;0
1926;2,68;14,47;216;true;true;true;0;14,47;0
1927;2,68;12,38;216;true;true;true;0;12,38;0
1928;2,69;11;216;true;true;true;0;11;0
1929;2,69;9,93;216;true;true;true;0;9,92;0
1930;2,7;9,05;216;true;true;true;0;9,01;0
1931;2,7;8,33;216;true;true;true;0;8,26;0
1932;2,7;7,76;216;true;true;true;0;7,67;0
1933;2,71;7,29;216;true;true;true;0;7,19;0
1934;2,71;6,96;216;true;true;true;0;6,84;0
1935;2,72;6,66;216;true;true;true;0;6,53;0
1936;2,72;6,42;216;true;true;true;0;6,28;0
1937;2,72;6,22;216;true;true;true;0;6,06;0
1938;2,73;6,04;216;true;true;true;0;5,88;0
1939;2,73;5,9;216;true;true;true;0;5,72;0
1940;2,74;5,77;216;true;true;true;0;5,59;0
1941;2,74;5,66;216;true;true;true;0;5,46;0
1942;2,75;5,56;216;true;true;true;0;5,36;0
1943;2,75;5,47;216;true;true;true;0;5,26;0
1944;2,76;5,38;216;true;true;true;0;5,17;0
1945;2,76;5,31;216;true;true;true;0;5,09;0
1946;2,77;5,24;216;true;true;true;0;5,02;0
1947;2,77;5,18;216;true;true;true;0;4,95;0
1948;2,78;5,13;216;true;true;true;0;4,89;0
1949;2,78;5,08;216;true;true;true;0;4,84;0
1950;2,79;5,03;216;true;true;true;0;4,79;0
1951;2,79;4,99;216;true;true;true;0;4,74;0
1952;2,79;4,95;216;true;true;true;0;4,7;0
1953;2,8;4,91;216;true;true;true;0;4,66;0
1954;2,8;4,87;216;true;true;true;0;4,62;0
1955;2,81;4,84;216;true;true;true;0;4,58;0
1956;2,81;4,81;216;true;true;true;0;4,55;0
1957;2,81;4,78;216;true;true;true;0;4,52;0
1958;2,82;4,76;216;true;true;true;0;4,49;0
1959;2,82;4,73;216;true;true;true;0;4,47;0
1960;2,83;4,71;216;true;true;true;0;4,44;0
1961;2,83;4,69;216;true;true;true;0;4,42;0
1962;2,83;4,66;216;true;true;true;0;4,39;0
1963;2,84;4,64;216;true;true;true;0;4,37;0
1964;2,84;4,63;216;true;true;true;0;4,35;0
1965;2,85;4,61;216;true;true;true;0;4,61;0
1966;2,85;4,59;216;true;true;true;0;4,59;0
1967;2,86;4,58;216;true;true;true;0;4,58;0
1968;2,86;4,56;216;true;true;true;0;4,56;0
1969;2,89;4,54;216;true;true;true;0;4,54;0
1970;2,9;4,53;216;true;true;true;0;4,53;0
1971;2,9;4,52;216;true;true;true;0;4,52;0
1972;2,91;4,5;216;true;true;true;0;4,5;0
1973;2,91;4,49;216;true;true;true;0;4,49;0
1974;2,92;4,48;216;true;true;true;0;4,48;0
1975;2,92;4,47;216;true;true;true;0;4,47;0
1976;2,93;4,46;216;true;true;true;0;4,46;0
1977;2,93;4,45;216;true;true;true;0;4,45;0
1978;2,93;4,44;216;true;true;true;0;4,44;0
1979;2,94;4,43;216;true;true;true;0;4,43;0
1980;2,94;4,42;216;true;true;true;0;4,42;0
1981;2,95;4,41;216;true;true;true;0;4,41;0
1982;2,95;4,4;216;true;true;true;0;4,4;0
1983;2,96;4,39;216;true;true;true;0;4,39;0
1984;2,96;4,38;216;true;true;true;0;4,38;0
1985;2,96;4,37;216;true;true;true;0;4,37;0
1986;2,97;4,36;216;true;true;true;0;4,36;0
1987;2,97;4,36;216;true;true;true;0;4,36;0
1988;2,98;4,35;216;true;true;true;0;4,35;0
1989;2,98;4,34;216;true;true;true;0;4,34;0
1990;2,99;4,34;216;true;true;true;0;4,34;0
1991;2,99;4,33;216;true;true;true;0;4,33;0
1992;3;4,32;216;true;true;true;0;4,32;0
1993;3;4,32;216;true;true;true;0;4,32;0
1994;3,01;4,31;216;true;true;true;0;4,31;0
1995;3,01;4,3;216;true;true;true;0;4,3;0
1996;3,01;4,3;216;true;true;true;0;4,3;0
1997;3,02;4,29;216;true;true;true;0;4,29;0
1998;3,02;4,29;216;true;true;true;0;4,29;0
1999;3,03;4,28;216;true;true;true;0;4,28;0
2000;3,03;4,28;216;true;true;true;0;4,28;0
2001;3,03;4,27;216;true;true;true;0;4,27;0
2002;3,04;4,27;216;true;true;true;0;4,27;0
2003;3,04;4,26;216;true;true;true;0;4,26;0
2004;3,05;4,26;216;true;true;true;0;4,26;0
2005;3,05;4,25;216;true;true;true;0;4,25;0
2006;3,06;4,25;216;true;true;true;0;4,25;0
2007;3,06;4,25;216;true;true;true;0;4,25;0
2008;3,07;4,24;216;true;true;true;0;4,24;0
2009;3,07;4,24;216;true;true;true;0;4,24;0
2010;3,08;4,23;216;true;true;true;0;4,23;0
2011;3,08;4,23;216;true;true;true;0;4,23;0
2012;3,08;4,23;216;true;true;true;0;4,23;0
2013;3,09;4,22;216;true;true;true;0;4,22;0
2014;3,09;4,22;216;true;true;true;0;4,22;0
2015;3,1;4,21;216;true;true;true;0;4,21;0
2016;3,1;4,21;216;true;true;true;0;4,21;0
2017;3,11;4,21;216;true;true;true;0;4,21;0
2018;3,11;4,21;216;true;true;true;0;4,21;0
2019;3,11;4,2;216;true;true;true;0;4,2;0
2020;3,12;4,2;216;true;true;true;0;4,2;0
2021;3,12;4,2;216;true;true;true;0;4,2;0
2022;3,13;4,19;216;true;true;true;0;4,19;0
2023;3,13;4,19;216;true;true;true;0;4,19;0
2024;3,14;4,19;216;true;true;true;0;4,19;0
2025;3,14;4,19;216;true;true;true;0;4,19;0
2026;3,15;4,18;216;true;true;true;0;4,18;0
2027;3,15;4,18;216;true;true;true;0;4,18;0
2028;3,15;4,18;216;true;true;true;0;4,18;0
2029;3,16;4,18;216;true;true;true;0;4,18;0
2030;3,16;4,17;216;true;true;true;0;4,17;0
2031;3,17;4,17;216;true;true;true;0;4,17;0
2032;3,18;4,17;216;true;true;true;0;4,17;0
2033;3,18;4,17;216;true;true;true;0;4,17;0
2034;3,19;4,16;216;true;true;true;0;4,16;0
2035;3,19;4,16;216;true;true;true;0;4,16;0
2036;3,2;4,16;216;true;true;true;0;4,16;0
2037;3,2;4,16;216;true;true;true;0;4,16;0
2038;3,2;4,16;216;true;true;true;0;4,16;0
2039;3,21;4,15;216;true;true;true;0;4,15;0
2040;3,21;4,15;216;true;true;true;0;4,15;0
2041;3,22;4,15;216;true;true;true;0;4,15;0
2042;3,22;4,15;216;true;true;true;0;4,15;0
2043;3,23;4,15;216;true;true;true;0;4,15;0
2044;3,23;4,15;216;true;true;true;0;4,15;0
2045;3,23;4,14;216;true;true;true;0;4,14;0
2046;3,24;4,14;216;true;true;true;0;4,14;0
2047;3,24;4,14;216;true;true;true;0;4,14;0
2048;3,25;4,14;216;true;true;true;0;4,14;0
2049;3,25;4,14;216;true;true;true;0;4,14;0
2050;3,26;4,14;216;true;true;true;0;4,14;0
2051;3,26;4,14;216;true;true;true;0;4,14;0
2052;3,27;4,14;216;true;true;true;0;4,14;0
2053;3,27;4,14;216;true;true;true;0;4,14;0
2054;3,28;4,14;216;true;true;true;0;4,14;0
2055;3,28;4,14;216;true;true;true;0;4,14;0
2056;3,29;4,14;216;true;true;true;0;4,14;0
2057;3,29;4,14;216;true;true;true;0;4,14;0
2058;3,29;4,13;216;true;true;true;0;4,13;0
2059;3,3;4,13;216;true;true;true;0;4,13;0
2060;3,3;4,13;216;true;true;true;0;4,13;0
2061;3,31;4,13;216;true;true;true;0;4,13;0
2062;3,31;4,13;216;true;true;true;0;4,13;0
2063;3,32;4,13;216;true;true;true;0;4,13;0
2064;3,32;4,13;216;true;true;true;0;4,13;0
2065;3,32;4,13;216;true;true;true;0;4,13;0
2066;3,33;4,13;216;true;true;true;0;4,13;0
2067;3,33;4,13;216;true;true;true;0;4,13;0
2068;3,34;4,12;216;true;true;true;0;4,12;0
2069;3,34;4,12;216;true;true;true;0;4,12;0
2070;3,34;4,12;216;true;true;true;0;4,12;0
2071;3,35;4,12;216;true;true;true;0;4,12;0
2072;3,35;4,12;216;true;true;true;0;4,12;0
2073;3,36;4,12;216;true;true;true;0;4,12;0
2074;3,36;4,12;216;true;true;true;0;4,12;0
2075;3,37;4,12;216;true;true;true;0;4,12;0
2076;3,37;4,12;216;true;true;true;0;4,12;0
2077;3,37;4,12;216;true;true;true;0;4,12;0
2078;3,38;4,12;216;true;true;true;0;4,12;0
2079;3,38;4,12;216;true;true;true;0;4,12;0
2080;3,39;4,11;216;true;true;true;0;4,11;0
2081;3,39;4,11;216;true;true;true;0;4,11;0
2082;3,39;4,11;216;true;true;true;0;4,11;0
2083;3,4;4,11;216;true;true;true;0;4,11;0
2084;3,4;4,11;216;true;true;true;0;4,11;0
2085;3,41;4,11;216;true;true;true;0;4,11;0
2086;3,41;4,11;216;true;true;true;0;4,11;0
2087;3,42;4,11;216;true;true;true;0;4,11;0
2088;3,42;4,11;216;true;true;true;0;4,11;0
2089;3,43;4,11;216;true;true;true;0;4,11;0
2090;3,43;4,11;216;true;true;true;0;4,11;0
2091;3,43;4,11;216;true;true;true;0;4,11;0
2092;3,44;4,11;216;true;true