lengthMiddleSegment: 85731.16
step_energy: 0.05
electrostatic_force_factor: 1.0
spring_force_factor: 0.1
reject_force_factor: 2.0
distanceRejectRadius: 21432.79
distanceSamePosition: 21432.79
Iteration;time;energy;num nodes;reject force is enabled;spring force is enabled;electrostatic force is enabled;str_force;rep_force;elec_force
1;0;92,76;2367;false;true;true;36,37;0;57
2;0,03;108,07;2275;false;true;true;40,21;0;71,19
3;0,1;106,46;2183;false;true;true;40,41;0;69,99
4;0,12;102,11;2079;false;true;true;37,52;0;68,81
5;0,14;98,8;1978;false;true;true;38,27;0;66,29
6;0,15;90,7;1895;false;true;true;35,78;0;60,51
7;0,17;86,73;1814;false;true;true;34,34;0;58,42
8;0,17;83,88;1747;false;true;true;34,09;0;56,31
9;0,19;81,66;1674;false;true;true;34,84;0;54,17
10;0,21;79,88;1618;false;true;true;34,03;0;53,69
11;0,22;76,49;1552;false;true;true;33,08;0;50,04
12;0,23;76,05;1496;false;true;true;32,55;0;51,14
13;0,24;71,68;1440;false;true;true;32,88;0;45,89
14;0,24;72,4;1396;false;true;true;30,9;0;48,63
15;0,25;67,9;1348;false;true;true;31,46;0;45,11
16;0,25;65,04;1306;false;true;true;30,39;0;42,82
17;0,26;63,2;1272;false;true;true;29,67;0;42,39
18;0,26;58,95;1238;false;true;true;29,39;0;40,01
19;0,27;57,5;1210;false;true;true;29,74;0;40,22
20;0,27;54,34;1172;false;true;true;29,72;0;33,74
21;0,28;50,86;1148;false;true;true;28,79;0;31,5
22;0,28;51,75;1130;false;true;true;28,7;0;34,5
23;0,28;51,2;1102;false;true;true;28,64;0;33,38
24;0,29;49,74;1077;false;true;true;28,88;0;29,41
25;0,29;46,72;1055;false;true;true;26,66;0;26,86
26;0,3;46,38;1040;false;true;true;24,76;0;28,16
27;0,3;42,58;1022;false;true;true;25;0;25,34
28;0,31;40,73;1011;false;true;true;24,84;0;25,04
29;0,31;40,1;998;false;true;true;25,83;0;24
30;0,31;40,08;990;false;true;true;25,44;0;24,61
31;0,32;39,15;979;false;true;true;25,2;0;23,6
32;0,32;37,1;970;false;true;true;25,35;0;22,97
33;0,33;37,83;964;false;true;true;24,91;0;25,15
34;0,33;38,48;956;false;true;true;25,98;0;26,47
35;0,33;36,7;944;false;true;true;26,16;0;23,36
36;0,34;37,3;938;false;true;true;25,67;0;24,89
37;0,34;36,41;927;false;true;true;25,62;0;23,19
38;0,34;35,36;921;false;true;true;25,38;0;23,77
39;0,35;35,69;911;false;true;true;24,6;0;22,24
40;0,35;34,63;903;false;true;true;24,38;0;21,52
41;0,35;34,56;896;false;true;true;24,59;0;21,98
42;0,36;34,54;891;false;true;true;23,75;0;22,78
43;0,36;34,62;882;false;true;true;24,28;0;21,83
44;0,36;32,92;873;false;true;true;23,78;0;19,37
45;0,37;32,28;868;false;true;true;23,18;0;19,83
46;0,37;31,59;863;false;true;true;23,4;0;20,46
47;0,37;32,36;859;false;true;true;23,64;0;21,51
48;0,38;32,33;854;false;true;true;24,46;0;22,28
49;0,38;32,57;845;false;true;true;25,71;0;21,56
50;0,39;32,66;837;false;true;true;24,64;0;20,23
51;0,39;32,23;830;false;true;true;23,28;0;19,05
52;0,39;31,44;823;false;true;true;23,12;0;18,46
53;0,4;30,65;817;false;true;true;21,42;0;17,21
54;0,4;30,03;815;false;true;true;21,3;0;18,66
55;0,41;30,66;812;false;true;true;23,05;0;20,81
56;0,41;30,13;805;false;true;true;23,87;0;19,98
57;0,41;30,74;800;false;true;true;23,74;0;20,52
58;0,42;31,07;792;false;true;true;23,34;0;19,19
59;0,42;28,92;783;false;true;true;21,85;0;15,57
60;0,42;27,39;779;false;true;true;20,97;0;15,31
61;0,42;27,33;778;false;true;true;20,23;0;16,89
62;0,43;28,09;777;false;true;true;21,19;0;19,52
63;0,43;26,93;770;false;true;true;22,02;0;17,46
64;0,43;26,6;766;false;true;true;22,26;0;17,27
65;0,44;26,24;763;false;true;true;22,36;0;17,79
66;0,44;26,87;760;false;true;true;22,6;0;18,82
67;0,44;27,82;756;false;true;true;23,45;0;19,85
68;0,44;27,48;750;false;true;true;23,32;0;18,73
69;0,45;27,36;743;false;true;true;22,98;0;17,54
70;0,45;26,46;737;false;true;true;21,26;0;15,77
71;0,45;24,64;730;false;true;true;20,02;0;13,06
72;0,46;23,6;729;false;true;true;19,38;0;13,98
73;0,46;23,59;729;false;true;true;19,78;0;15,91
74;0,46;24,3;728;false;true;true;21;0;17,97
75;0,46;23,68;723;false;true;true;21,87;0;16,9
76;0,47;23,12;718;false;true;true;21,81;0;15,53
77;0,47;23,33;716;false;true;true;21,79;0;16,44
78;0,47;23,47;713;false;true;true;21,25;0;16,5
79;0,47;23,64;709;false;true;true;21,07;0;16,01
80;0,47;24,08;706;false;true;true;21,23;0;16,44
81;0,48;23,3;700;false;true;true;20,72;0;14,32
82;0,48;23,01;699;false;true;true;20,5;0;15,54
83;0,48;22,91;696;false;true;true;20,42;0;15,51
84;0,49;22,88;692;false;true;true;20,56;0;15,16
85;0,49;22,87;690;false;true;true;20,36;0;15,77
86;0,49;22,44;686;false;true;true;20,16;0;14,66
87;0,49;22,4;683;false;true;true;20,4;0;14,95
88;0,49;22,32;679;false;true;true;20,15;0;14,15
89;0,5;22,08;677;false;true;true;20,11;0;14,83
90;0,5;21,59;671;false;true;true;19,18;0;12,49
91;0,5;21,35;671;false;true;true;19,01;0;14,1
92;0,5;21,38;669;false;true;true;19,23;0;14,49
93;0,5;21,48;665;false;true;true;19,72;0;14,02
94;0,5;20,99;663;false;true;true;19,5;0;14,11
95;0,51;21,27;661;false;true;true;19,44;0;14,76
96;0,51;21,14;657;false;true;true;19,12;0;13,75
97;0,51;21,19;654;false;true;true;18,62;0;13,32
98;0,51;20,73;651;false;true;true;18,37;0;13,01
99;0,51;20,27;649;false;true;true;18,04;0;13,04
100;0,52;19,95;647;false;true;true;18,19;0;13,32
101;0,52;19,57;645;false;true;true;18,32;0;13,31
102;0,52;19,7;644;false;true;true;18,89;0;14,35
103;0,52;19,54;642;false;true;true;19,15;0;14,48
104;0,52;19,7;638;false;true;true;19,26;0;13,49
105;0,53;19,68;635;false;true;true;18,9;0;13,02
106;0,53;19,48;634;false;true;true;18,57;0;13,73
107;0,53;19,7;632;false;true;true;18,56;0;14,21
108;0,53;19,17;627;false;true;true;18,33;0;12,42
109;0,54;18,59;626;false;true;true;18,13;0;12,9
110;0,54;18,42;625;false;true;true;18,3;0;13,57
111;0,54;18,52;624;false;true;true;18,55;0;14,36
112;0,54;18,67;622;false;true;true;18,78;0;14,44
113;0,54;18,09;618;false;true;true;18,57;0;12,79
114;0,55;18,6;617;false;true;true;18,66;0;13,8
115;0,55;17,8;611;false;true;true;18,13;0;10,95
116;0,55;17,38;611;false;true;true;17,73;0;11,99
117;0,55;17,39;610;false;true;true;17,75;0;12,63
118;0,55;16,81;608;false;true;true;17,32;0;11,98
119;0,56;16,57;607;false;true;true;17,45;0;12,15
120;0,56;16,54;606;false;true;true;17,76;0;12,51
121;0,56;16,83;606;false;true;true;18,4;0;13,84
122;0,56;17,51;603;false;true;true;18,59;0;13,52
123;0,56;16,74;599;false;true;true;18,14;0;11,71
124;0,56;16,49;598;false;true;true;17,79;0;12,05
125;0,57;16,25;597;false;true;true;17,55;0;12,41
126;0,57;16,01;596;false;true;true;17,45;0;12,68
127;0,57;15,85;594;false;true;true;17,47;0;12,39
128;0,57;15,95;593;false;true;true;17,9;0;13,45
129;0,58;15,5;591;false;true;true;18,24;0;13,24
130;0,58;15,74;590;false;true;true;18,68;0;14,02
131;0,58;15,79;585;false;true;true;18,08;0;11,72
132;0,58;15,47;584;false;true;true;17,59;0;11,99
133;0,58;15,22;583;false;true;true;17,32;0;12,22
134;0,59;15,65;582;false;true;true;17,37;0;12,51
135;0,59;15,1;579;false;true;true;17,04;0;11,43
136;0,59;14,94;578;false;true;true;16,91;0;11,8
137;0,59;14,56;577;false;true;true;17,04;0;12,53
138;0,59;14,53;575;false;true;true;17,4;0;12,64
139;0,6;14,72;574;false;true;true;17,56;0;13,31
140;0,6;14,76;571;false;true;true;16,97;0;12,14
141;0,6;14,53;569;false;true;true;16,66;0;11,93
142;0,6;14,08;568;false;true;true;16,2;0;11,98
143;0,6;13,32;567;false;true;true;16,46;0;12,19
144;0,61;13,62;566;false;true;true;16,7;0;12,46
145;0,61;13,95;565;false;true;true;16,98;0;12,81
146;0,61;14,3;563;false;true;true;17,31;0;12,76
147;0,61;14,52;560;false;true;true;17,18;0;11,98
148;0,61;14,32;558;false;true;true;16,73;0;11,61
149;0,62;13,8;556;false;true;true;16,23;0;11
150;0,62;13,51;555;false;true;true;15,66;0;10,99
151;0,62;13,26;554;false;true;true;15,43;0;11,03
152;0,62;13,19;554;false;true;true;15,74;0;11,9
153;0,62;13,38;552;false;true;true;15,61;0;11,17
154;0,63;13,08;551;false;true;true;15,62;0;11,08
155;0,63;13,12;551;false;true;true;16,03;0;11,98
156;0,63;13,29;550;false;true;true;16,43;0;12,38
157;0,63;13,33;548;false;true;true;16,48;0;12,03
158;0,63;13,51;546;false;true;true;16,25;0;11,66
159;0,64;13,4;544;false;true;true;15,99;0;11,28
160;0,64;13,03;542;false;true;true;15,36;0;10,54
161;0,64;12,98;540;false;true;true;14,29;0;9,76
162;0,64;12,83;540;false;true;true;14,21;0;10,55
163;0,64;12,41;539;false;true;true;14,52;0;10,74
164;0,65;12,69;539;false;true;true;14,97;0;11,8
165;0,65;12,57;538;false;true;true;15,72;0;12,25
166;0,65;12,86;536;false;true;true;15,74;0;11,95
167;0,65;11,97;534;false;true;true;15,73;0;11,25
168;0,65;12,06;532;false;true;true;15,3;0;10,68
169;0,66;12,01;530;false;true;true;14,7;0;9,96
170;0,66;11,53;529;false;true;true;14,4;0;9,75
171;0,66;11,34;529;false;true;true;14,45;0;10,34
172;0,66;11,35;528;false;true;true;14,6;0;10,37
173;0,66;11,27;527;false;true;true;14,62;0;10,3
174;0,67;11,24;526;false;true;true;14,68;0;10,3
175;0,67;10,94;525;false;true;true;14,55;0;10,07
176;0,67;11,05;524;false;true;true;14,53;0;10,09
177;0,67;10,72;523;false;true;true;14,44;0;9,81
178;0,67;10,38;522;false;true;true;14,34;0;9,49
179;0,68;10,18;522;false;true;true;14,42;0;9,91
180;0,68;10,13;522;false;true;true;14,61;0;10,4
181;0,68;10,27;522;false;true;true;15;0;11,06
182;0,68;10,49;521;false;true;true;15,13;0;11
183;0,68;10,51;520;false;true;true;15,08;0;10,9
184;0,68;10,45;519;false;true;true;15,12;0;10,74
185;0,68;10,71;517;false;true;true;14,95;0;10,07
186;0,69;10,63;515;false;true;true;14,55;0;9,13
187;0,69;10,58;515;false;true;true;14,42;0;9,84
188;0,69;10,46;513;false;true;true;13,75;0;8,9
189;0,69;10,01;511;false;true;true;13,02;0;7,82
190;0,69;9,56;511;false;true;true;12,79;0;8,05
191;0,7;9,24;511;false;true;true;12,74;0;8,29
192;0,7;9,01;511;false;true;true;12,86;0;8,54
193;0,7;8,84;511;false;true;true;13,14;0;8,81
194;0,7;8,74;511;false;true;true;13,45;0;9,11
195;0,7;8,7;511;false;true;true;13,76;0;9,47
196;0,71;8,76;511;false;true;true;14,09;0;9,91
197;0,71;8,97;511;false;true;true;14,46;0;10,51
198;0,71;9,43;510;false;true;true;14,58;0;10,62
199;0,71;9,66;508;false;true;true;13,99;0;9,59
200;0,71;9,61;506;false;true;true;13,52;0;8,7
201;0,72;9,37;505;false;true;true;13,07;0;8,44
202;0,72;9,22;504;false;true;true;12,72;0;8,13
203;0,72;8,95;504;false;true;true;12,59;0;8,48
204;0,72;8,75;503;false;true;true;12,39;0;8,11
205;0,72;8,48;503;false;true;true;12,42;0;8,38
206;0,73;8,34;503;false;true;true;12,59;0;8,7
207;0,73;8,4;502;false;true;true;12,63;0;8,33
208;0,73;8,15;502;false;true;true;12,68;0;8,6
209;0,73;8,02;502;false;true;true;12,82;0;8,91
210;0,73;8,01;502;false;true;true;13,02;0;9,31
211;0,74;8,24;502;false;true;true;13,35;0;9,93
212;0,74;8,01;500;false;true;true;12,76;0;8,55
213;0,74;7,8;500;false;true;true;12,73;0;8,84
214;0,74;7,74;500;false;true;true;12,81;0;9,19
215;0,74;7,87;500;false;true;true;13,1;0;9,72
216;0,75;7,74;499;false;true;true;13,08;0;9,27
217;0,75;7,86;499;false;true;true;13,3;0;9,8
218;0,75;7,84;497;false;true;true;12,94;0;8,8
219;0,75;7,72;497;false;true;true;12,89;0;9,18
220;0,75;7,57;496;false;true;true;12,65;0;8,73
221;0,76;7,43;496;false;true;true;12,63;0;9,03
222;0,76;7,45;495;false;true;true;12,55;0;8,61
223;0,76;7,23;495;false;true;true;12,55;0;8,83
224;0,76;7,09;495;false;true;true;12,66;0;9,06
225;0,76;7,03;495;false;true;true;12,83;0;9,32
226;0,77;7,03;495;false;true;true;13,07;0;9,63
227;0,77;7,14;495;false;true;true;13,37;0;10,04
228;0,77;7,42;494;false;true;true;13,3;0;9,77
229;0,77;7,49;493;false;true;true;13,1;0;9,46
230;0,77;7,48;492;false;true;true;12,88;0;9,02
231;0,78;7,42;492;false;true;true;12,87;0;9,42
232;0,78;7,25;491;false;true;true;12,66;0;8,96
233;0,78;7,14;491;false;true;true;12,7;0;9,27
234;0,78;7,18;491;false;true;true;12,89;0;9,68
235;0,79;7,32;490;false;true;true;12,73;0;9,34
236;0,79;7,43;489;false;true;true;12,63;0;9,14
237;0,79;7,11;488;false;true;true;12,28;0;8,53
238;0,79;6,95;488;false;true;true;12,26;0;8,78
239;0,79;6,95;488;false;true;true;12,34;0;9,14
240;0,8;6,73;487;false;true;true;12,02;0;8,49
241;0,8;6,55;487;false;true;true;12,11;0;8,66
242;0,8;6,42;487;false;true;true;12,23;0;8,84
243;0,8;6,34;487;false;true;true;12,37;0;9,04
244;0,8;6,3;487;false;true;true;12,58;0;9,27
245;0,81;6,32;487;false;true;true;12,81;0;9,55
246;0,81;6,42;487;false;true;true;13,06;0;9,91
247;0,81;6,64;486;false;true;true;12,84;0;9,49
248;0,81;6,8;486;false;true;true;13,03;0;9,97
249;0,81;6,93;484;false;true;true;12,62;0;8,86
250;0,81;6,94;483;false;true;true;12,12;0;8,33
251;0,82;6,72;483;false;true;true;11,98;0;8,55
252;0,82;6,61;483;false;true;true;11,99;0;8,81
253;0,82;6,64;483;false;true;true;12,2;0;9,16
254;0,82;6,8;482;false;true;true;12,22;0;8,78
255;0,83;6,68;481;false;true;true;11,98;0;8,31
256;0,83;6,54;481;false;true;true;11,94;0;8,57
257;0,83;6,36;480;false;true;true;11,57;0;7,99
258;0,83;6,14;480;false;true;true;11,52;0;8,11
259;0,83;5,98;480;false;true;true;11,58;0;8,24
260;0,84;5,86;480;false;true;true;11,68;0;8,37
261;0,84;5,77;480;false;true;true;11,82;0;8,51
262;0,84;5,7;480;false;true;true;11,98;0;8,65
263;0,84;5,67;480;false;true;true;12,13;0;8,82
264;0,84;5,66;480;false;true;true;12,28;0;9,02
265;0,85;5,71;480;false;true;true;12,45;0;9,27
266;0,85;5,87;480;false;true;true;12,66;0;9,63
267;0,85;6,07;479;false;true;true;12,33;0;9,08
268;0,85;6,12;478;false;true;true;12,02;0;8,58
269;0,85;6,14;478;false;true;true;11,99;0;8,91
270;0,85;5,92;477;false;true;true;11,65;0;8,22
271;0,86;5,76;477;false;true;true;11,61;0;8,36
272;0,86;5,64;477;false;true;true;11,67;0;8,49
273;0,86;5,57;477;false;true;true;11,77;0;8,65
274;0,86;5,53;477;false;true;true;11,93;0;8,82
275;0,86;5,54;477;false;true;true;12,11;0;9,04
276;0,87;5,62;477;false;true;true;12,3;0;9,34
277;0,87;5,83;476;false;true;true;11,98;0;8,8
278;0,87;5,81;476;false;true;true;12,05;0;9,07
279;0,87;5,92;475;false;true;true;11,88;0;8,64
280;0,87;5,82;475;false;true;true;11,93;0;8,86
281;0,88;5,8;475;false;true;true;12,04;0;9,12
282;0,88;5,87;475;false;true;true;12,22;0;9,46
283;0,88;6,1;475;false;true;true;12,51;0;9,96
284;0,88;6,32;473;false;true;true;11,97;0;8,75
285;0,88;6,36;473;false;true;true;11,99;0;9,22
286;0,88;6,14;471;false;true;true;11,28;0;7,92
287;0,88;5,85;471;false;true;true;11,06;0;8,07
288;0,89;5,66;471;false;true;true;11,04;0;8,21
289;0,89;5,54;471;false;true;true;11,18;0;8,36
290;0,89;5,45;471;false;true;true;11,37;0;8,52
291;0,89;5,39;471;false;true;true;11,57;0;8,71
292;0,89;5,37;471;false;true;true;11,76;0;8,92
293;0,9;5,42;471;false;true;true;11,96;0;9,18
294;0,9;5,57;471;false;true;true;12,19;0;9,55
295;0,9;5,79;469;false;true;true;11,56;0;8,28
296;0,9;5,56;469;false;true;true;11,44;0;8,46
297;0,9;5,45;469;false;true;true;11,42;0;8,66
298;0,91;5,42;469;false;true;true;11,52;0;8,89
299;0,91;5,47;469;false;true;true;11,75;0;9,18
300;0,91;5,65;469;false;true;true;12,03;0;9,58
301;0,91;6,13;468;false;true;true;11,82;0;9,07
302;0,91;6,12;467;false;true;true;11,55;0;8,65
303;0,92;6,06;466;false;true;true;11,21;0;8,13
304;0,92;5,97;466;false;true;true;11,17;0;8,42
305;0,92;6,07;466;false;true;true;11,27;0;8,86
306;0,92;6,14;464;false;true;true;10,66;0;7,54
307;0,92;5,9;464;false;true;true;10,61;0;7,71
308;0,92;5,76;464;false;true;true;10,62;0;7,91
309;0,92;5,71;464;false;true;true;10,78;0;8,14
310;0,92;5,75;464;false;true;true;11,02;0;8,45
311;0,93;5,96;463;false;true;true;11,02;0;8,04
312;0,93;5,98;463;false;true;true;11,1;0;8,43
313;0,93;5,8;462;false;true;true;10,83;0;7,84
314;0,93;5,75;461;false;true;true;10,31;0;7,24
315;0,93;5,56;461;false;true;true;10,28;0;7,37
316;0,93;5,41;461;false;true;true;10,29;0;7,51
317;0,94;5,32;461;false;true;true;10,41;0;7,66
318;0,94;5,26;461;false;true;true;10,59;0;7,83
319;0,94;5,26;461;false;true;true;10,77;0;8,05
320;0,94;5,14;460;false;true;true;10,4;0;7,34
321;0,94;5,1;460;false;true;true;10,5;0;7,5
322;0,94;5,11;460;false;true;true;10,63;0;7,7
323;0,94;5,18;460;false;true;true;10,78;0;7,97
324;0,95;5,3;459;false;true;true;10,6;0;7,52
325;0,95;5,33;459;false;true;true;10,63;0;7,82
326;0,95;5,27;458;false;true;true;10,31;0;7,19
327;0,95;5,15;458;false;true;true;10,23;0;7,36
328;0,95;5,12;458;false;true;true;10,26;0;7,57
329;0,96;5,15;457;false;true;true;10,04;0;7,05
330;0,96;4,99;457;false;true;true;10,03;0;7,17
331;0,96;4,89;457;false;true;true;10,07;0;7,31
332;0,96;4,84;457;false;true;true;10,13;0;7,46
333;0,96;4,85;457;false;true;true;10,25;0;7,66
334;0,97;4,96;457;false;true;true;10,43;0;7,97
335;0,97;4,86;456;false;true;true;10,2;0;7,3
336;0,97;4,76;456;false;true;true;10,2;0;7,44
337;0,97;4,72;456;false;true;true;10,24;0;7,6
338;0,97;4,73;456;false;true;true;10,32;0;7,8
339;0,97;4,82;456;false;true;true;10,47;0;8,08
340;0,97;5,05;455;false;true;true;10,38;0;7,6
341;0,98;5,12;454;false;true;true;10,09;0;7,09
342;0,98;4,89;454;false;true;true;9,94;0;7,21
343;0,98;4,76;454;false;true;true;9,87;0;7,34
344;0,98;4,68;454;false;true;true;9,95;0;7,49
345;0,98;4,66;454;false;true;true;10,12;0;7,67
346;0,98;4,71;454;false;true;true;10,3;0;7,91
347;0,98;4,87;453;false;true;true;10,22;0;7,44
348;0,98;4,81;453;false;true;true;10,22;0;7,65
349;0,98;4,82;452;false;true;true;9,85;0;7,04
350;0,98;4,64;452;false;true;true;9,74;0;7,15
351;0,99;4,53;452;false;true;true;9,75;0;7,28
352;0,99;4,47;452;false;true;true;9,82;0;7,42
353;0,99;4,45;452;false;true;true;9,96;0;7,59
354;0,99;4,49;452;false;true;true;10,12;0;7,81
355;0,99;4,66;452;false;true;true;10,31;0;8,16
356;0,99;4,73;450;false;true;true;9,68;0;6,81
357;0,99;4,51;450;false;true;true;9,53;0;6,91
358;0,99;4,39;450;false;true;true;9,46;0;7,01
359;0,99;4,29;450;false;true;true;9,46;0;7,12
360;1;4,25;450;false;true;true;9,56;0;7,25
361;1;4,26;450;false;true;true;9,7;0;7,43
362;1;4,3;449;false;true;true;9,51;0;6,85
363;1;4,14;449;false;true;true;9,46;0;6,93
364;1;4,03;449;false;true;true;9,44;0;7
365;1;3,94;449;false;true;true;9,45;0;7,08
366;1;3,88;449;false;true;true;9,5;0;7,16
367;1;3,83;449;false;true;true;9,59;0;7,25
368;1;3,8;449;false;true;true;9,67;0;7,35
369;1;3,77;449;false;true;true;9,75;0;7,46
370;1,01;3,79;449;false;true;true;9,85;0;7,6
371;1,01;3,84;449;false;true;true;9,95;0;7,79
372;1,01;4;449;false;true;true;10,09;0;8,1
373;1,01;4,08;448;false;true;true;9,82;0;7,45
374;1,01;4,1;447;false;true;true;9,49;0;6,85
375;1,01;3,89;447;false;true;true;9,29;0;6,92
376;1,01;3,74;447;false;true;true;9,19;0;6,98
377;1,02;3,62;447;false;true;true;9,18;0;7,04
378;1,02;3,53;447;false;true;true;9,24;0;7,1
379;1,02;3,46;447;false;true;true;9,31;0;7,16
380;1,02;3,39;447;false;true;true;9,37;0;7,22
381;1,02;3,34;447;false;true;true;9,42;0;7,28
382;1,02;3,29;447;false;true;true;9,47;0;7,35
383;1,03;3,25;447;false;true;true;9,52;0;7,42
384;1,03;3,22;447;false;true;true;9,58;0;7,5
385;1,03;3,21;447;false;true;true;9,63;0;7,59
386;1,03;3,19;447;false;true;true;9,69;0;7,68
387;1,03;3,21;447;false;true;true;9,76;0;7,8
388;1,04;3,24;447;false;true;true;9,84;0;7,95
389;1,04;3,35;447;false;true;true;9,95;0;8,17
390;1,04;3,43;446;false;true;true;9,65;0;7,55
391;1,04;3,37;446;false;true;true;9,62;0;7,68
392;1,04;3,38;446;false;true;true;9,63;0;7,86
393;1,04;3,64;445;false;true;true;9,28;0;7,22
394;1,04;3,46;445;false;true;true;9,25;0;7,3
395;1,04;3,34;445;false;true;true;9,25;0;7,38
396;1,04;3,27;445;false;true;true;9,3;0;7,48
397;1,04;3,25;445;false;true;true;9,41;0;7,6
398;1,05;3,27;445;false;true;true;9,51;0;7,76
399;1,05;3,37;444;false;true;true;9,25;0;7,15
400;1,05;3,23;444;false;true;true;9,18;0;7,21
401;1,05;3,14;444;false;true;true;9,15;0;7,28
402;1,05;3,07;444;false;true;true;9,15;0;7,34
403;1,05;3,02;444;false;true;true;9,22;0;7,41
404;1,05;2,98;444;false;true;true;9,29;0;7,49
405;1,05;2,95;444;false;true;true;9,36;0;7,57
406;1,05;2,95;444;false;true;true;9,43;0;7,67
407;1,06;2,96;444;false;true;true;9,51;0;7,79
408;1,06;3,03;444;false;true;true;9,61;0;7,97
409;1,06;3,18;443;false;true;true;9,37;0;7,34
410;1,06;3,05;443;false;true;true;9,29;0;7,41
411;1,07;2,97;443;false;true;true;9,25;0;7,49
412;1,07;2,92;443;false;true;true;9,24;0;7,58
413;1,07;2,9;443;false;true;true;9,32;0;7,68
414;1,07;2,92;443;false;true;true;9,42;0;7,82
415;1,07;3,01;443;false;true;true;9,53;0;8,02
416;1,07;3,09;442;false;true;true;9,23;0;7,3
417;1,07;2,95;442;false;true;true;9,14;0;7,36
418;1,07;2,86;442;false;true;true;9,1;0;7,44
419;1,08;2,8;442;false;true;true;9,1;0;7,52
420;1,08;2,78;442;false;true;true;9,18;0;7,61
421;1,08;2,79;442;false;true;true;9,28;0;7,74
422;1,08;2,85;442;false;true;true;9,37;0;7,92
423;1,08;2,92;441;false;true;true;9;0;7,2
424;1,08;2,8;441;false;true;true;8,93;0;7,27
425;1,08;2,72;441;false;true;true;8,9;0;7,33
426;1,08;2,67;441;false;true;true;8,92;0;7,39
427;1,08;2,63;441;false;true;true;9;0;7,46
428;1,08;2,6;441;false;true;true;9,07;0;7,54
429;1,09;2,6;441;false;true;true;9,14;0;7,64
430;1,09;2,62;441;false;true;true;9,23;0;7,77
431;1,09;2,7;441;false;true;true;9,32;0;7,95
432;1,09;2,78;440;false;true;true;8,88;0;7,25
433;1,09;2,7;440;false;true;true;8,83;0;7,32
434;1,09;2,66;440;false;true;true;8,85;0;7,41
435;1,09;2,64;440;false;true;true;8,93;0;7,5
436;1,09;2,66;440;false;true;true;9,02;0;7,62
437;1,1;2,73;440;false;true;true;9,14;0;7,8
438;1,1;2,89;439;false;true;true;8,88;0;7,16
439;1,1;2,75;439;false;true;true;8,79;0;7,23
440;1,1;2,68;439;false;true;true;8,75;0;7,31
441;1,1;2,63;439;false;true;true;8,76;0;7,4
442;1,1;2,62;439;false;true;true;8,85;0;7,53
443;1,1;2,7;439;false;true;true;8,97;0;7,73
444;1,1;2,69;438;false;true;true;8,55;0;6,96
445;1,1;2,57;438;false;true;true;8,5;0;7
446;1,1;2,48;438;false;true;true;8,46;0;7,05
447;1,11;2,41;438;false;true;true;8,49;0;7,09
448;1,11;2,36;438;false;true;true;8,54;0;7,12
449;1,11;2,32;438;false;true;true;8,59;0;7,16
450;1,11;2,27;438;false;true;true;8,64;0;7,2
451;1,11;2,23;438;false;true;true;8,67;0;7,24
452;1,11;2,2;438;false;true;true;8,71;0;7,28
453;1,11;2,17;438;false;true;true;8,74;0;7,32
454;1,11;2,14;438;false;true;true;8,77;0;7,36
455;1,12;2,12;438;false;true;true;8,8;0;7,4
456;1,12;2,09;438;false;true;true;8,83;0;7,44
457;1,12;2,08;438;false;true;true;8,87;0;7,49
458;1,12;2,07;438;false;true;true;8,91;0;7,54
459;1,12;2,07;438;false;true;true;8,94;0;7,6
460;1,12;2,07;438;false;true;true;8,99;0;7,66
461;1,12;2,07;438;false;true;true;9,03;0;7,73
462;1,12;2,1;438;false;true;true;9,09;0;7,83
463;1,12;2,15;438;false;true;true;9,16;0;7,95
464;1,12;2,28;438;false;true;true;9,26;0;8,15
465;1,12;2,34;437;false;true;true;8,86;0;7,38
466;1,13;2,25;437;false;true;true;8,79;0;7,43
467;1,13;2,19;437;false;true;true;8,75;0;7,49
468;1,13;2,15;437;false;true;true;8,77;0;7,55
469;1,13;2,14;437;false;true;true;8,84;0;7,62
470;1,13;2,15;437;false;true;true;8,92;0;7,71
471;1,13;2,18;437;false;true;true;9;0;7,83
472;1,13;2,29;437;false;true;true;9,1;0;8,02
473;1,13;2,31;436;false;true;true;8,68;0;7,25
474;1,14;2,2;436;false;true;true;8,61;0;7,3
475;1,14;2,13;436;false;true;true;8,57;0;7,34
476;1,14;2,09;436;false;true;true;8,61;0;7,39
477;1,14;2,06;436;false;true;true;8,65;0;7,45
478;1,14;2,03;436;false;true;true;8,7;0;7,5
479;1,14;2,02;436;false;true;true;8,76;0;7,57
480;1,14;2,03;436;false;true;true;8,82;0;7,66
481;1,14;2,08;436;false;true;true;8,89;0;7,79
482;1,14;2,21;436;false;true;true;8,99;0;8
483;1,14;2,17;435;false;true;true;8,58;0;7,2
484;1,15;2,07;435;false;true;true;8,5;0;7,24
485;1,15;2;435;false;true;true;8,46;0;7,28
486;1,15;1,95;435;false;true;true;8,46;0;7,31
487;1,15;1,92;435;false;true;true;8,5;0;7,35
488;1,15;1,89;435;false;true;true;8,55;0;7,39
489;1,15;1,87;435;false;true;true;8,61;0;7,44
490;1,15;1,86;435;false;true;true;8,65;0;7,49
491;1,15;1,86;435;false;true;true;8,7;0;7,55
492;1,15;1,88;435;false;true;true;8,75;0;7,62
493;1,16;1,91;435;false;true;true;8,82;0;7,72
494;1,16;1,98;435;false;true;true;8,89;0;7,86
495;1,16;2,19;434;false;true;true;8,61;0;7,18
496;1,16;2,06;434;false;true;true;8,49;0;7,22
497;1,16;1,99;434;false;true;true;8,44;0;7,26
498;1,16;1,94;434;false;true;true;8,42;0;7,31
499;1,16;1,91;434;false;true;true;8,47;0;7,36
500;1,16;1,91;434;false;true;true;8,53;0;7,43
501;1,16;1,93;434;false;true;true;8,59;0;7,52
502;1,16;2,01;434;false;true;true;8,67;0;7,66
503;1,17;2,11;433;false;true;true;8,25;0;6,96
504;1,17;2,01;433;false;true;true;8,16;0;6,99
505;1,17;1,94;433;false;true;true;8,11;0;7,02
506;1,17;1,89;433;false;true;true;8,14;0;7,05
507;1,17;1,85;433;false;true;true;8,19;0;7,08
508;1,17;1,81;433;false;true;true;8,24;0;7,1
509;1,17;1,78;433;false;true;true;8,28;0;7,13
510;1,17;1,76;433;false;true;true;8,31;0;7,15
511;1,18;1,74;433;false;true;true;8,34;0;7,18
512;1,18;1,72;433;false;true;true;8,37;0;7,2
513;1,18;1,7;433;false;true;true;8,39;0;7,23
514;1,18;1,68;433;false;true;true;8,41;0;7,25
515;1,18;1,66;433;false;true;true;8,42;0;7,28
516;1,18;1,66;433;false;true;true;8,45;0;7,31
517;1,18;1,64;433;false;true;true;8,47;0;7,34
518;1,18;1,64;433;false;true;true;8,5;0;7,37
519;1,18;1,64;433;false;true;true;8,52;0;7,41
520;1,18;1,64;433;false;true;true;8,55;0;7,45
521;1,19;1,65;433;false;true;true;8,58;0;7,5
522;1,19;1,66;433;false;true;true;8,62;0;7,55
523;1,19;1,69;433;false;true;true;8,66;0;7,63
524;1,19;1,74;433;false;true;true;8,71;0;7,73
525;1,19;1,85;433;false;true;true;8,79;0;7,9
526;1,19;1,89;432;false;true;true;8,49;0;7,2
527;1,19;1,79;432;false;true;true;8,39;0;7,23
528;1,19;1,73;432;false;true;true;8,33;0;7,26
529;1,19;1,69;432;false;true;true;8,29;0;7,28
530;1,2;1,65;432;false;true;true;8,32;0;7,31
531;1,2;1,63;432;false;true;true;8,36;0;7,34
532;1,2;1,6;432;false;true;true;8,39;0;7,36
533;1,2;1,58;432;false;true;true;8,42;0;7,39
534;1,2;1,57;432;false;true;true;8,45;0;7,42
535;1,2;1,57;432;false;true;true;8,49;0;7,45
536;1,2;1,56;432;false;true;true;8,51;0;7,48
537;1,2;1,56;432;false;true;true;8,54;0;7,52
538;1,2;1,56;432;false;true;true;8,58;0;7,56
539;1,2;1,57;432;false;true;true;8,61;0;7,61
540;1,21;1,59;432;false;true;true;8,65;0;7,68
541;1,21;1,63;432;false;true;true;8,7;0;7,76
542;1,21;1,71;432;false;true;true;8,77;0;7,9
543;1,21;1,85;431;false;true;true;8,41;0;7,2
544;1,21;1,74;431;false;true;true;8,31;0;7,22
545;1,21;1,68;431;false;true;true;8,26;0;7,25
546;1,21;1,63;431;false;true;true;8,24;0;7,27
547;1,22;1,61;431;false;true;true;8,28;0;7,3
548;1,22;1,57;431;false;true;true;8,31;0;7,32
549;1,22;1,56;431;false;true;true;8,35;0;7,35
550;1,22;1,54;431;false;true;true;8,38;0;7,38
551;1,22;1,53;431;false;true;true;8,42;0;7,4
552;1,22;1,51;431;false;true;true;8,44;0;7,43
553;1,22;1,51;431;false;true;true;8,47;0;7,47
554;1,22;1,51;431;false;true;true;8,5;0;7,51
555;1,23;1,52;431;false;true;true;8,53;0;7,55
556;1,23;1,54;431;false;true;true;8,57;0;7,61
557;1,23;1,57;431;false;true;true;8,62;0;7,68
558;1,23;1,63;431;false;true;true;8,68;0;7,79
559;1,23;1,76;431;false;true;true;8,75;0;7,97
560;1,23;1,76;430;false;true;true;8,39;0;7,22
561;1,23;1,67;430;false;true;true;8,3;0;7,24
562;1,23;1,6;430;false;true;true;8,24;0;7,26
563;1,24;1,56;430;false;true;true;8,21;0;7,29
564;1,24;1,52;430;false;true;true;8,23;0;7,31
565;1,24;1,5;430;false;true;true;8,27;0;7,33
566;1,24;1,47;430;false;true;true;8,3;0;7,35
567;1,24;1,45;430;false;true;true;8,33;0;7,37
568;1,25;1,44;430;false;true;true;8,35;0;7,4
569;1,25;1,43;430;false;true;true;8,38;0;7,42
570;1,25;1,41;430;false;true;true;8,39;0;7,44
571;1,25;1,41;430;false;true;true;8,42;0;7,47
572;1,25;1,4;430;false;true;true;8,44;0;7,5
573;1,25;1,4;430;false;true;true;8,47;0;7,53
574;1,25;1,4;430;false;true;true;8,49;0;7,57
575;1,26;1,41;430;false;true;true;8,52;0;7,61
576;1,26;1,42;430;false;true;true;8,55;0;7,67
577;1,26;1,45;430;false;true;true;8,6;0;7,73
578;1,26;1,51;430;false;true;true;8,65;0;7,83
579;1,26;1,63;430;false;true;true;8,73;0;8
580;1,26;1,74;429;false;true;true;8,34;0;7,2
581;1,26;1,63;429;false;true;true;8,23;0;7,23
582;1,26;1,56;429;false;true;true;8,17;0;7,25
583;1,26;1,51;429;false;true;true;8,16;0;7,27
584;1,26;1,47;429;false;true;true;8,2;0;7,3
585;1,27;1,45;429;false;true;true;8,24;0;7,32
586;1,27;1,43;429;false;true;true;8,27;0;7,34
587;1,27;1,41;429;false;true;true;8,29;0;7,36
588;1,27;1,39;429;false;true;true;8,31;0;7,39
589;1,27;1,38;429;false;true;true;8,34;0;7,42
590;1,27;1,37;429;false;true;true;8,35;0;7,44
591;1,27;1,36;429;false;true;true;8,38;0;7,47
592;1,27;1,37;429;false;true;true;8,41;0;7,51
593;1,28;1,37;429;false;true;true;8,43;0;7,55
594;1,28;1,38;429;false;true;true;8,46;0;7,59
595;1,28;1,39;429;false;true;true;8,5;0;7,65
596;1,28;1,42;429;false;true;true;8,54;0;7,72
597;1,28;1,48;429;false;true;true;8,6;0;7,82
598;1,28;1,58;429;false;true;true;8,67;0;7,98
599;1,28;1,69;428;false;true;true;8,37;0;7,31
600;1,28;1,61;428;false;true;true;8,29;0;7,35
601;1,28;1,57;428;false;true;true;8,24;0;7,4
602;1,28;1,55;428;false;true;true;8,22;0;7,47
603;1,29;1,58;428;false;true;true;8,28;0;7,56
604;1,29;1,66;428;false;true;true;8,37;0;7,72
605;1,29;1,71;427;false;true;true;7,88;0;6,88
606;1,29;1,61;427;false;true;true;7,82;0;6,9
607;1,29;1,55;427;false;true;true;7,78;0;6,92
608;1,29;1,49;427;false;true;true;7,79;0;6,94
609;1,29;1,45;427;false;true;true;7,83;0;6,95
610;1,29;1,41;427;false;true;true;7,85;0;6,96
611;1,29;1,37;427;false;true;true;7,87;0;6,98
612;1,29;1,34;427;false;true;true;7,89;0;6,99
613;1,3;1,31;427;false;true;true;7,9;0;7
614;1,3;1,28;427;false;true;true;7,9;0;7,01
615;1,3;1,26;427;false;true;true;7,91;0;7,02
616;1,3;1,23;427;false;true;true;7,91;0;7,04
617;1,3;1,21;427;false;true;true;7,92;0;7,05
618;1,3;1,19;427;false;true;true;7,92;0;7,06
619;1,3;1,17;427;false;true;true;7,92;0;7,07
620;1,3;1,15;427;false;true;true;7,93;0;7,08
621;1,3;1,13;427;false;true;true;7,93;0;7,09
622;1,3;1,12;427;false;true;true;7,93;0;7,1
623;1,31;1,1;427;false;true;true;7,93;0;7,12
624;1,31;1,09;427;false;true;true;7,94;0;7,13
625;1,31;1,08;427;false;true;true;7,94;0;7,14
626;1,31;1,07;427;false;true;true;7,95;0;7,15
627;1,31;1,06;427;false;true;true;7,95;0;7,17
628;1,32;1,05;427;false;true;true;7,96;0;7,18
629;1,32;1,04;427;false;true;true;7,96;0;7,19
630;1,32;1,03;427;false;true;true;7,96;0;7,21
631;1,32;1,02;427;false;true;true;7,97;0;7,22
632;1,32;1,02;427;false;true;true;7,98;0;7,24
633;1,32;1,01;427;false;true;true;7,99;0;7,26
634;1,32;1,01;427;false;true;true;8;0;7,28
635;1,33;1,01;427;false;true;true;8,02;0;7,3
636;1,33;1,01;427;false;true;true;8,03;0;7,32
637;1,33;1,02;427;false;true;true;8,05;0;7,35
638;1,33;1,03;427;false;true;true;8,07;0;7,38
639;1,33;1,05;427;false;true;true;8,1;0;7,42
640;1,33;1,07;427;false;true;true;8,13;0;7,47
641;1,33;1,11;427;false;true;true;8,16;0;7,55
642;1,34;1,19;427;false;true;true;8,22;0;7,66
643;1,34;1,35;426;false;true;true;7,92;0;7,01
644;1,34;1,24;426;false;true;true;7,81;0;7,03
645;1,34;1,18;426;false;true;true;7,74;0;7,04
646;1,34;1,13;426;false;true;true;7,7;0;7,05
647;1,34;1,09;426;false;true;true;7,71;0;7,06
648;1,34;1,07;426;false;true;true;7,73;0;7,07
649;1,34;1,04;426;false;true;true;7,75;0;7,08
650;1,34;1,02;426;false;true;true;7,77;0;7,09
651;1,34;1;426;false;true;true;7,78;0;7,1
652;1,35;0,99;426;false;true;true;7,8;0;7,11
653;1,35;0,97;426;false;true;true;7,8;0;7,12
654;1,35;0,96;426;false;true;true;7,81;0;7,13
655;1,35;0,95;426;false;true;true;7,82;0;7,14
656;1,35;0,93;426;false;true;true;7,82;0;7,15
657;1,35;0,92;426;false;true;true;7,83;0;7,16
658;1,35;0,91;426;false;true;true;7,83;0;7,16
659;1,35;0,9;426;false;true;true;7,84;0;7,17
660;1,36;0,89;426;false;true;true;7,84;0;7,18
661;1,36;0,88;426;false;true;true;7,85;0;7,19
662;1,36;0,88;426;false;true;true;7,86;0;7,2
663;1,36;0,87;426;false;true;true;7,86;0;7,21
664;1,36;0,86;426;false;true;true;7,86;0;7,22
665;1,36;0,86;426;false;true;true;7,87;0;7,22
666;1,37;0,85;426;false;true;true;7,87;0;7,23
667;1,37;0,84;426;false;true;true;7,87;0;7,24
668;1,37;0,83;426;false;true;true;7,88;0;7,25
669;1,37;0,83;426;false;true;true;7,88;0;7,26
670;1,37;0,82;426;false;true;true;7,89;0;7,27
671;1,38;0,82;426;false;true;true;7,89;0;7,28
672;1,38;0,82;426;false;true;true;7,9;0;7,29
673;1,38;0,81;426;false;true;true;7,91;0;7,3
674;1,38;0,81;426;false;true;true;7,91;0;7,31
675;1,38;0,81;426;false;true;true;7,92;0;7,32
676;1,38;0,8;426;false;true;true;7,92;0;7,33
677;1,38;0,79;426;false;true;true;7,93;0;7,34
678;1,38;0,8;426;false;true;true;7,94;0;7,35
679;1,39;0,79;426;false;true;true;7,95;0;7,37
680;1,39;0,79;426;false;true;true;7,95;0;7,38
681;1,39;0,79;426;false;true;true;7,97;0;7,39
682;1,39;0,79;426;false;true;true;7,98;0;7,41
683;1,39;0,79;426;false;true;true;7,98;0;7,42
684;1,39;0,79;426;false;true;true;8;0;7,44
685;1,4;0,79;426;false;true;true;8,01;0;7,45
686;1,4;0,79;426;false;true;true;8,02;0;7,47
687;1,4;0,8;426;false;true;true;8,04;0;7,5
688;1,4;0,8;426;false;true;true;8,05;0;7,52
689;1,4;0,81;426;false;true;true;8,07;0;7,55
690;1,41;0,82;426;false;true;true;8,09;0;7,58
691;1,41;0,84;426;false;true;true;8,12;0;7,62
692;1,41;0,87;426;false;true;true;8,16;0;7,67
693;1,41;0,92;426;false;true;true;8,2;0;7,75
694;1,41;1,01;426;false;true;true;8,26;0;7,87
695;1,41;1,16;425;false;true;true;7,94;0;7,19
696;1,41;1,07;425;false;true;true;7,84;0;7,21
697;1,42;1,01;425;false;true;true;7,77;0;7,22
698;1,42;0,96;425;false;true;true;7,73;0;7,24
699;1,42;0,93;425;false;true;true;7,75;0;7,25
700;1,42;0,9;425;false;true;true;7,78;0;7,26
701;1,42;0,88;425;false;true;true;7,8;0;7,27
702;1,43;0,87;425;false;true;true;7,82;0;7,28
703;1,43;0,85;425;false;true;true;7,84;0;7,29
704;1,43;0,84;425;false;true;true;7,86;0;7,3
705;1,43;0,83;425;false;true;true;7,87;0;7,31
706;1,43;0,82;425;false;true;true;7,88;0;7,32
707;1,44;0,81;425;false;true;true;7,89;0;7,33
708;1,44;0,8;425;false;true;true;7,9;0;7,34
709;1,44;0,79;425;false;true;true;7,9;0;7,35
710;1,44;0,78;425;false;true;true;7,91;0;7,36
711;1,45;0,77;425;false;true;true;7,91;0;7,37
712;1,45;0,77;425;false;true;true;7,92;0;7,38
713;1,45;0,76;425;false;true;true;7,93;0;7,39
714;1,45;0,75;425;false;true;true;7,93;0;7,4
715;1,45;0,75;425;false;true;true;7,94;0;7,41
716;1,46;0,74;425;false;true;true;7,95;0;7,42
717;1,46;0,73;425;false;true;true;7,96;0;7,43
718;1,46;0,73;425;false;true;true;7,96;0;7,44
719;1,46;0,72;425;false;true;true;7,97;0;7,45
720;1,46;0,72;425;false;true;true;7,98;0;7,46
721;1,46;0,72;425;false;true;true;7,99;0;7,48
722;1,46;0,72;425;false;true;true;8;0;7,49
723;1,47;0,71;425;false;true;true;8;0;7,5
724;1,47;0,71;425;false;true;true;8,01;0;7,51
725;1,47;0,7;425;false;true;true;8,02;0;7,53
726;1,47;0,7;425;false;true;true;8,03;0;7,54
727;1,47;0,7;425;false;true;true;8,04;0;7,56
728;1,47;0,7;425;false;true;true;8,06;0;7,57
729;1,47;0,7;425;false;true;true;8,07;0;7,59
730;1,47;0,7;425;false;true;true;8,08;0;7,61
731;1,47;0,7;425;false;true;true;8,1;0;7,62
732;1,48;0,7;425;false;true;true;8,11;0;7,64
733;1,48;0,7;425;false;true;true;8,12;0;7,66
734;1,48;0,71;425;false;true;true;8,14;0;7,68
735;1,48;0,71;425;false;true;true;8,16;0;7,71
736;1,48;0,72;425;false;true;true;8,18;0;7,73
737;1,48;0,72;425;false;true;true;8,2;0;7,76
738;1,48;0,73;425;false;true;true;8,23;0;7,79
739;1,49;0,74;425;false;true;true;8,25;0;7,83
740;1,49;0,75;425;false;true;true;8,28;0;7,86
741;1,49;0,77;425;false;true;true;8,32;0;7,91
742;1,49;0,79;425;false;true;true;8,36;0;7,96
743;1,49;0,82;425;false;true;true;8,4;0;8,02
744;1,5;0,86;425;false;true;true;8,45;0;8,09
745;1,5;0,91;425;false;true;true;8,51;0;8,18
746;1,5;0,98;425;false;true;true;8,59;0;8,3
747;1,5;1,1;425;false;true;true;8,69;0;8,47
748;1,5;1,47;424;false;true;true;8,43;0;7,9
749;1,5;1,5;424;false;true;true;8,4;0;8,1
750;1,51;1,61;423;false;true;true;7,85;0;7,41
751;1,51;1,58;423;false;true;true;7,79;0;7,56
752;1,51;1,42;422;false;true;true;7,14;0;6,6
753;1,51;1,3;422;false;true;true;7,16;0;6,64
754;1,51;1,23;422;false;true;true;7,2;0;6,67
755;1,51;1,19;422;false;true;true;7,25;0;6,7
756;1,51;1,16;422;false;true;true;7,3;0;6,74
757;1,51;1,15;422;false;true;true;7,34;0;6,78
758;1,52;1,15;422;false;true;true;7,39;0;6,82
759;1,52;1,16;422;false;true;true;7,44;0;6,87
760;1,52;1,18;422;false;true;true;7,49;0;6,94
761;1,52;1,22;422;false;true;true;7,55;0;7,04
762;1,52;1,34;422;false;true;true;7,63;0;7,21
763;1,52;1,39;421;false;true;true;7,23;0;6,44
764;1,52;1,3;421;false;true;true;7,15;0;6,47
765;1,52;1,24;421;false;true;true;7,1;0;6,49
766;1,52;1,2;421;false;true;true;7,09;0;6,51
767;1,52;1,16;421;false;true;true;7,13;0;6,53
768;1,53;1,13;421;false;true;true;7,16;0;6,55
769;1,53;1,11;421;false;true;true;7,2;0;6,58
770;1,53;1,09;421;false;true;true;7,22;0;6,6
771;1,53;1,08;421;false;true;true;7,25;0;6,62
772;1,53;1,07;421;false;true;true;7,28;0;6,65
773;1,53;1,06;421;false;true;true;7,3;0;6,67
774;1,53;1,05;421;false;true;true;7,32;0;6,7
775;1,53;1,06;421;false;true;true;7,35;0;6,74
776;1,53;1,07;421;false;true;true;7,38;0;6,78
777;1,53;1,08;421;false;true;true;7,42;0;6,83
778;1,54;1,11;421;false;true;true;7,46;0;6,9
779;1,54;1,18;421;false;true;true;7,51;0;7,01
780;1,54;1,32;421;false;true;true;7,59;0;7,2
781;1,54;1,29;420;false;true;true;7,14;0;6,37
782;1,54;1,21;420;false;true;true;7,06;0;6,39
783;1,54;1,15;420;false;true;true;7,01;0;6,4
784;1,54;1,11;420;false;true;true;6,99;0;6,42
785;1,54;1,08;420;false;true;true;7,02;0;6,43
786;1,55;1,05;420;false;true;true;7,05;0;6,44
787;1,55;1,03;420;false;true;true;7,07;0;6,45
788;1,55;1,01;420;false;true;true;7,09;0;6,46
789;1,55;0,99;420;false;true;true;7,11;0;6,47
790;1,55;0,97;420;false;true;true;7,12;0;6,48
791;1,55;0,96;420;false;true;true;7,13;0;6,49
792;1,55;0,94;420;false;true;true;7,14;0;6,5
793;1,55;0,92;420;false;true;true;7,14;0;6,51
794;1,55;0,91;420;false;true;true;7,15;0;6,52
795;1,55;0,9;420;false;true;true;7,15;0;6,52
796;1,56;0,89;420;false;true;true;7,15;0;6,53
797;1,56;0,88;420;false;true;true;7,16;0;6,54
798;1,56;0,86;420;false;true;true;7,16;0;6,55
799;1,56;0,85;420;false;true;true;7,17;0;6,56
800;1,56;0,84;420;false;true;true;7,17;0;6,56
801;1,56;0,84;420;false;true;true;7,17;0;6,57
802;1,56;0,83;420;false;true;true;7,18;0;6,58
803;1,56;0,82;420;false;true;true;7,18;0;6,59
804;1,56;0,81;420;false;true;true;7,18;0;6,6
805;1,57;0,8;420;false;true;true;7,18;0;6,6
806;1,57;0,79;420;false;true;true;7,19;0;6,61
807;1,57;0,79;420;false;true;true;7,19;0;6,62
808;1,57;0,78;420;false;true;true;7,2;0;6,63
809;1,57;0,77;420;false;true;true;7,2;0;6,63
810;1,57;0,76;420;false;true;true;7,2;0;6,64
811;1,57;0,76;420;false;true;true;7,2;0;6,65
812;1,57;0,75;420;false;true;true;7,21;0;6,66
813;1,57;0,74;420;false;true;true;7,21;0;6,67
814;1,57;0,74;420;false;true;true;7,22;0;6,68
815;1,58;0,73;420;false;true;true;7,22;0;6,68
816;1,58;0,73;420;false;true;true;7,22;0;6,69
817;1,58;0,72;420;false;true;true;7,22;0;6,7
818;1,58;0,71;420;false;true;true;7,23;0;6,71
819;1,58;0,71;420;false;true;true;7,23;0;6,72
820;1,58;0,7;420;false;true;true;7,24;0;6,73
821;1,58;0,7;420;false;true;true;7,24;0;6,74
822;1,58;0,69;420;false;true;true;7,25;0;6,75
823;1,58;0,69;420;false;true;true;7,25;0;6,76
824;1,59;0,69;420;false;true;true;7,26;0;6,78
825;1,59;0,69;420;false;true;true;7,27;0;6,79
826;1,59;0,69;420;false;true;true;7,28;0;6,8
827;1,59;0,68;420;false;true;true;7,29;0;6,82
828;1,59;0,68;420;false;true;true;7,29;0;6,83
829;1,6;0,68;420;false;true;true;7,31;0;6,85
830;1,6;0,68;420;false;true;true;7,32;0;6,87
831;1,6;0,69;420;false;true;true;7,34;0;6,89
832;1,6;0,7;420;false;true;true;7,35;0;6,91
833;1,6;0,71;420;false;true;true;7,37;0;6,94
834;1,6;0,72;420;false;true;true;7,39;0;6,97
835;1,61;0,74;420;false;true;true;7,42;0;7,01
836;1,61;0,77;420;false;true;true;7,45;0;7,06
837;1,61;0,81;420;false;true;true;7,49;0;7,14
838;1,61;0,91;420;false;true;true;7,55;0;7,27
839;1,61;1,03;419;false;true;true;7,16;0;6,54
840;1,62;0,95;419;false;true;true;7,06;0;6,55
841;1,62;0,89;419;false;true;true;7;0;6,56
842;1,62;0,85;419;false;true;true;6,98;0;6,57
843;1,62;0,82;419;false;true;true;7,01;0;6,58
844;1,62;0,79;419;false;true;true;7,04;0;6,59
845;1,62;0,78;419;false;true;true;7,06;0;6,6
846;1,63;0,76;419;false;true;true;7,08;0;6,61
847;1,63;0,74;419;false;true;true;7,09;0;6,62
848;1,63;0,72;419;false;true;true;7,1;0;6,63
849;1,63;0,71;419;false;true;true;7,1;0;6,64
850;1,63;0,69;419;false;true;true;7,11;0;6,64
851;1,64;0,69;419;false;true;true;7,11;0;6,65
852;1,64;0,68;419;false;true;true;7,12;0;6,66
853;1,64;0,67;419;false;true;true;7,13;0;6,67
854;1,64;0,66;419;false;true;true;7,14;0;6,67
855;1,64;0,66;419;false;true;true;7,14;0;6,68
856;1,64;0,64;419;false;true;true;7,14;0;6,69
857;1,64;0,64;419;false;true;true;7,14;0;6,7
858;1,65;0,63;419;false;true;true;7,15;0;6,71
859;1,65;0,62;419;false;true;true;7,15;0;6,71
860;1,65;0,62;419;false;true;true;7,16;0;6,72
861;1,65;0,61;419;false;true;true;7,16;0;6,73
862;1,65;0,61;419;false;true;true;7,17;0;6,74
863;1,65;0,61;419;false;true;true;7,18;0;6,75
864;1,66;0,6;419;false;true;true;7,18;0;6,76
865;1,66;0,6;419;false;true;true;7,19;0;6,77
866;1,66;0,59;419;false;true;true;7,19;0;6,78
867;1,66;0,59;419;false;true;true;7,2;0;6,79
868;1,66;0,59;419;false;true;true;7,21;0;6,8
869;1,67;0,59;419;false;true;true;7,21;0;6,81
870;1,67;0,58;419;false;true;true;7,22;0;6,83
871;1,67;0,58;419;false;true;true;7,23;0;6,84
872;1,67;0,58;419;false;true;true;7,24;0;6,85
873;1,67;0,58;419;false;true;true;7,25;0;6,87
874;1,67;0,58;419;false;true;true;7,26;0;6,89
875;1,67;0,58;419;false;true;true;7,27;0;6,9
876;1,67;0,59;419;false;true;true;7,29;0;6,92
877;1,68;0,6;419;false;true;true;7,31;0;6,95
878;1,68;0,6;419;false;true;true;7,32;0;6,97
879;1,68;0,62;419;false;true;true;7,35;0;7,01
880;1,68;0,64;419;false;true;true;7,38;0;7,05
881;1,68;0,67;419;false;true;true;7,41;0;7,1
882;1,68;0,71;419;false;true;true;7,45;0;7,17
883;1,68;0,8;419;false;true;true;7,51;0;7,29
884;1,68;0,94;418;false;true;true;7,07;0;6,56
885;1,69;0,86;418;false;true;true;6,99;0;6,58
886;1,69;0,81;418;false;true;true;6,93;0;6,59
887;1,69;0,77;418;false;true;true;6,93;0;6,61
888;1,69;0,74;418;false;true;true;6,96;0;6,63
889;1,69;0,73;418;false;true;true;7,01;0;6,64
890;1,69;0,71;418;false;true;true;7,03;0;6,66
891;1,69;0,7;418;false;true;true;7,06;0;6,68
892;1,69;0,7;418;false;true;true;7,08;0;6,71
893;1,69;0,7;418;false;true;true;7,11;0;6,74
894;1,7;0,7;418;false;true;true;7,13;0;6,77
895;1,7;0,72;418;false;true;true;7,16;0;6,81
896;1,7;0,75;418;false;true;true;7,2;0;6,88
897;1,7;0,81;418;false;true;true;7,24;0;6,97
898;1,7;1;417;false;true;true;6,81;0;6,24
899;1,7;0,85;417;false;true;true;6,67;0;6,26
900;1,7;0,76;417;false;true;true;6,58;0;6,27
901;1,7;0,71;417;false;true;true;6,6;0;6,27
902;1,7;0,67;417;false;true;true;6,62;0;6,28
903;1,7;0,64;417;false;true;true;6,65;0;6,29
904;1,71;0,62;417;false;true;true;6,67;0;6,29
905;1,71;0,6;417;false;true;true;6,68;0;6,3
906;1,71;0,58;417;false;true;true;6,69;0;6,3
907;1,71;0,57;417;false;true;true;6,7;0;6,3
908;1,71;0,56;417;false;true;true;6,71;0;6,31
909;1,71;0,55;417;false;true;true;6,71;0;6,31
910;1,71;0,54;417;false;true;true;6,71;0;6,31
911;1,71;0,53;417;false;true;true;6,71;0;6,32
912;1,71;0,53;417;false;true;true;6,71;0;6,32
913;1,71;0,52;417;false;true;true;6,71;0;6,32
914;1,72;0,51;417;false;true;true;6,71;0;6,33
915;1,72;0,5;417;false;true;true;6,71;0;6,33
916;1,72;0,5;417;false;true;true;6,7;0;6,33
917;1,72;0,49;417;false;true;true;6,7;0;6,33
918;1,72;0,49;417;false;true;true;6,7;0;6,34
919;1,72;0,48;417;false;true;true;6,7;0;6,34
920;1,72;0,48;417;false;true;true;6,7;0;6,34
921;1,72;0,47;417;false;true;true;6,7;0;6,34
922;1,73;0,47;417;false;true;true;6,7;0;6,35
923;1,73;0,46;417;false;true;true;6,69;0;6,35
924;1,73;0,45;417;false;true;true;6,69;0;6,35
925;1,73;0,45;417;false;true;true;6,69;0;6,35
926;1,73;0,44;417;false;true;true;6,69;0;6,35
927;1,73;0,44;417;false;true;true;6,69;0;6,36
928;1,73;0,43;417;false;true;true;6,68;0;6,36
929;1,73;0,43;417;false;true;true;6,68;0;6,36
930;1,73;0,42;417;false;true;true;6,68;0;6,36
931;1,73;0,42;417;false;true;true;6,68;0;6,37
932;1,74;0,41;417;false;true;true;6,68;0;6,37
933;1,74;0,41;417;false;true;true;6,68;0;6,37
934;1,74;0,41;417;false;true;true;6,68;0;6,37
935;1,74;0,4;417;false;true;true;6,67;0;6,38
936;1,74;0,4;417;false;true;true;6,67;0;6,38
937;1,74;0,39;417;false;true;true;6,67;0;6,38
938;1,75;0,39;417;false;true;true;6,67;0;6,38
939;1,75;0,38;417;false;true;true;6,67;0;6,38
940;1,75;0,38;417;false;true;true;6,67;0;6,39
941;1,75;0,37;417;false;true;true;6,66;0;6,39
942;1,75;0,37;417;false;true;true;6,67;0;6,39
943;1,75;0,37;417;false;true;true;6,67;0;6,39
944;1,75;0,36;417;false;true;true;6,67;0;6,4
945;1,75;0,37;417;false;true;true;6,67;0;6,4
946;1,75;0,36;417;false;true;true;6,67;0;6,4
947;1,75;0,36;417;false;true;true;6,67;0;6,4
948;1,76;0,35;417;false;true;true;6,66;0;6,41
949;1,76;0,35;417;false;true;true;6,66;0;6,41
950;1,76;0,34;417;false;true;true;6,66;0;6,41
951;1,76;0,34;417;false;true;true;6,66;0;6,41
952;1,76;0,34;417;false;true;true;6,66;0;6,42
953;1,76;0,33;417;false;true;true;6,66;0;6,42
954;1,76;0,33;417;false;true;true;6,66;0;6,42
955;1,76;0,33;417;false;true;true;6,66;0;6,42
956;1,76;0,33;417;false;true;true;6,67;0;6,43
957;1,76;0,32;417;false;true;true;6,67;0;6,43
958;1,77;0,32;417;false;true;true;6,67;0;6,43
959;1,77;0,32;417;false;true;true;6,67;0;6,43
960;1,77;0,32;417;false;true;true;6,67;0;6,44
961;1,77;0,31;417;false;true;true;6,67;0;6,44
962;1,77;0,31;417;false;true;true;6,67;0;6,44
963;1,77;0,31;417;false;true;true;6,67;0;6,45
964;1,77;0,31;417;false;true;true;6,67;0;6,45
965;1,77;0,3;417;false;true;true;6,67;0;6,45
966;1,77;0,3;417;false;true;true;6,67;0;6,46
967;1,77;0,3;417;false;true;true;6,67;0;6,46
968;1,78;0,3;417;false;true;true;6,68;0;6,46
969;1,78;0,29;417;false;true;true;6,67;0;6,46
970;1,78;0,3;417;false;true;true;6,68;0;6,47
971;1,78;0,3;417;false;true;true;6,68;0;6,47
972;1,78;0,29;417;false;true;true;6,68;0;6,48
973;1,78;0,3;417;false;true;true;6,69;0;6,48
974;1,78;0,29;417;false;true;true;6,69;0;6,48
975;1,78;0,29;417;false;true;true;6,69;0;6,49
976;1,78;0,29;417;false;true;true;6,69;0;6,49
977;1,78;0,29;417;false;true;true;6,69;0;6,5
978;1,79;0,29;417;false;true;true;6,69;0;6,5
979;1,79;0,29;417;false;true;true;6,7;0;6,51
980;1,79;0,28;417;false;true;true;6,7;0;6,51
981;1,79;0,29;417;false;true;true;6,71;0;6,52
982;1,79;0,29;417;false;true;true;6,71;0;6,52
983;1,79;0,29;417;false;true;true;6,72;0;6,53
984;1,79;0,29;417;false;true;true;6,72;0;6,53
985;1,79;0,29;417;false;true;true;6,72;0;6,54
986;1,8;0,29;417;false;true;true;6,73;0;6,55
987;1,8;0,29;417;false;true;true;6,74;0;6,56
988;1,8;0,3;417;false;true;true;6,75;0;6,57
989;1,8;0,29;417;false;true;true;6,75;0;6,58
990;1,8;0,3;417;false;true;true;6,76;0;6,59
991;1,8;0,3;417;false;true;true;6,77;0;6,6
992;1,8;0,31;417;false;true;true;6,78;0;6,61
993;1,8;0,32;417;false;true;true;6,79;0;6,63
994;1,8;0,33;417;false;true;true;6,81;0;6,65
995;1,8;0,35;417;false;true;true;6,83;0;6,68
996;1,81;0,36;417;false;true;true;6,85;0;6,71
997;1,81;0,39;417;false;true;true;6,88;0;6,75
998;1,81;0,43;417;false;true;true;6,91;0;6,81
999;1,81;0,51;417;false;true;true;6,96;0;6,9
1000;1,81;0,73;416;false;true;true;6,57;0;6,22
1001;1,81;0,65;416;false;true;true;6,47;0;6,23
1002;1,81;0,59;416;false;true;true;6,41;0;6,25
1003;1,81;0,55;416;false;true;true;6,41;0;6,25
1004;1,81;0,52;416;false;true;true;6,44;0;6,26
1005;1,82;0,5;416;false;true;true;6,47;0;6,27
1006;1,82;0,49;416;false;true;true;6,49;0;6,28
1007;1,82;0,47;416;false;true;true;6,51;0;6,28
1008;1,82;0,47;416;false;true;true;6,52;0;6,29
1009;1,82;0,46;416;false;true;true;6,54;0;6,29
1010;1,82;0,45;416;false;true;true;6,55;0;6,3
1011;1,82;0,44;416;false;true;true;6,55;0;6,3
1012;1,82;0,43;416;false;true;true;6,56;0;6,31
1013;1,82;0,42;416;false;true;true;6,56;0;6,31
1014;1,82;0,42;416;false;true;true;6,57;0;6,32
1015;1,83;0,41;416;false;true;true;6,57;0;6,32
1016;1,83;0,41;416;false;true;true;6,58;0;6,32
1017;1,83;0,4;416;false;true;true;6,58;0;6,33
1018;1,83;0,4;416;false;true;true;6,58;0;6,33
1019;1,83;0,4;416;false;true;true;6,59;0;6,34
1020;1,83;0,39;416;false;true;true;6,59;0;6,34
1021;1,83;0,39;416;false;true;true;6,6;0;6,34
1022;1,83;0,38;416;false;true;true;6,6;0;6,35
1023;1,83;0,38;416;false;true;true;6,61;0;6,35
1024;1,83;0,38;416;false;true;true;6,61;0;6,35
1025;1,84;0,37;416;false;true;true;6,61;0;6,36
1026;1,84;0,37;416;false;true;true;6,61;0;6,36
1027;1,84;0,37;416;false;true;true;6,61;0;6,37
1028;1,84;0,36;416;false;true;true;6,61;0;6,37
1029;1,84;0,36;416;false;true;true;6,62;0;6,37
1030;1,84;0,36;416;false;true;true;6,62;0;6,38
1031;1,84;0,36;416;false;true;true;6,62;0;6,38
1032;1,84;0,35;416;false;true;true;6,63;0;6,38
1033;1,84;0,35;416;false;true;true;6,63;0;6,39
1034;1,84;0,35;416;false;true;true;6,63;0;6,39
1035;1,85;0,34;416;false;true;true;6,63;0;6,4
1036;1,85;0,34;416;false;true;true;6,63;0;6,4
1037;1,85;0,34;416;false;true;true;6,63;0;6,4
1038;1,85;0,34;416;false;true;true;6,64;0;6,41
1039;1,85;0,34;416;false;true;true;6,64;0;6,41
1040;1,85;0,34;416;false;true;true;6,65;0;6,42
1041;1,85;0,34;416;false;true;true;6,65;0;6,42
1042;1,85;0,34;416;false;true;true;6,65;0;6,42
1043;1,85;0,33;416;false;true;true;6,65;0;6,43
1044;1,85;0,33;416;false;true;true;6,66;0;6,43
1045;1,86;0,33;416;false;true;true;6,66;0;6,44
1046;1,86;0,33;416;false;true;true;6,67;0;6,44
1047;1,86;0,33;416;false;true;true;6,67;0;6,45
1048;1,86;0,33;416;false;true;true;6,67;0;6,45
1049;1,86;0,33;416;false;true;true;6,67;0;6,46
1050;1,86;0,32;416;false;true;true;6,68;0;6,46
1051;1,86;0,32;416;false;true;true;6,68;0;6,47
1052;1,86;0,32;416;false;true;true;6,68;0;6,48
1053;1,86;0,32;416;false;true;true;6,69;0;6,48
1054;1,86;0,32;416;false;true;true;6,7;0;6,49
1055;1,87;0,32;416;false;true;true;6,7;0;6,5
1056;1,87;0,33;416;false;true;true;6,71;0;6,5
1057;1,87;0,33;416;false;true;true;6,72;0;6,51
1058;1,87;0,33;416;false;true;true;6,72;0;6,52
1059;1,87;0,33;416;false;true;true;6,73;0;6,53
1060;1,87;0,34;416;false;true;true;6,74;0;6,54
1061;1,87;0,34;416;false;true;true;6,75;0;6,55
1062;1,87;0,35;416;false;true;true;6,76;0;6,56
1063;1,87;0,35;416;false;true;true;6,77;0;6,58
1064;1,87;0,36;416;false;true;true;6,78;0;6,59
1065;1,88;0,36;416;false;true;true;6,8;0;6,61
1066;1,88;0,37;416;false;true;true;6,81;0;6,63
1067;1,88;0,39;416;false;true;true;6,83;0;6,66
1068;1,88;0,41;416;false;true;true;6,86;0;6,69
1069;1,88;0,44;416;false;true;true;6,88;0;6,74
1070;1,88;0,48;416;false;true;true;6,92;0;6,8
1071;1,88;0,56;416;false;true;true;6,98;0;6,9
1072;1,88;0,77;415;false;true;true;6,64;0;6,22
1073;1,88;0,67;415;false;true;true;6,53;0;6,23
1074;1,88;0,62;415;false;true;true;6,47;0;6,24
1075;1,88;0,58;415;false;true;true;6,42;0;6,24
1076;1,89;0,55;415;false;true;true;6,45;0;6,25
1077;1,89;0,53;415;false;true;true;6,48;0;6,25
1078;1,89;0,52;415;false;true;true;6,5;0;6,26
1079;1,89;0,5;415;false;true;true;6,51;0;6,26
1080;1,89;0,49;415;false;true;true;6,52;0;6,27
1081;1,89;0,48;415;false;true;true;6,53;0;6,27
1082;1,89;0,47;415;false;true;true;6,54;0;6,27
1083;1,89;0,46;415;false;true;true;6,55;0;6,28
1084;1,89;0,45;415;false;true;true;6,55;0;6,28
1085;1,9;0,44;415;false;true;true;6,55;0;6,28
1086;1,9;0,44;415;false;true;true;6,56;0;6,29
1087;1,9;0,43;415;false;true;true;6,56;0;6,29
1088;1,9;0,42;415;false;true;true;6,56;0;6,29
1089;1,9;0,41;415;false;true;true;6,56;0;6,29
1090;1,9;0,41;415;false;true;true;6,57;0;6,3
1091;1,9;0,4;415;false;true;true;6,57;0;6,3
1092;1,9;0,39;415;false;true;true;6,57;0;6,3
1093;1,9;0,39;415;false;true;true;6,56;0;6,3
1094;1,9;0,38;415;false;true;true;6,57;0;6,31
1095;1,91;0,38;415;false;true;true;6,57;0;6,31
1096;1,91;0,38;415;false;true;true;6,57;0;6,31
1097;1,91;0,37;415;false;true;true;6,57;0;6,31
1098;1,91;0,36;415;false;true;true;6,57;0;6,31
1099;1,91;0,36;415;false;true;true;6,57;0;6,32
1100;1,91;0,35;415;false;true;true;6,57;0;6,32
1101;1,91;0,35;415;false;true;true;6,57;0;6,32
1102;1,91;0,35;415;false;true;true;6,57;0;6,32
1103;1,91;0,34;415;false;true;true;6,57;0;6,32
1104;1,91;0,34;415;false;true;true;6,57;0;6,33
1105;1,92;0,34;415;false;true;true;6,57;0;6,33
1106;1,92;0,34;415;false;true;true;6,57;0;6,33
1107;1,92;0,33;415;false;true;true;6,57;0;6,33
1108;1,92;0,33;415;false;true;true;6,57;0;6,33
1109;1,92;0,32;415;false;true;true;6,57;0;6,33
1110;1,92;0,32;415;false;true;true;6,57;0;6,34
1111;1,92;0,31;415;false;true;true;6,56;0;6,34
1112;1,92;0,31;415;false;true;true;6,57;0;6,34
1113;1,92;0,31;415;false;true;true;6,57;0;6,34
1114;1,92;0,31;415;false;true;true;6,57;0;6,34
1115;1,93;0,31;415;false;true;true;6,57;0;6,34
1116;1,93;0,3;415;false;true;true;6,56;0;6,35
1117;1,93;0,3;415;false;true;true;6,57;0;6,35
1118;1,93;0,3;415;false;true;true;6,57;0;6,35
1119;1,93;0,3;415;false;true;true;6,57;0;6,35
1120;1,93;0,29;415;false;true;true;6,57;0;6,35
1121;1,93;0,29;415;false;true;true;6,57;0;6,35
1122;1,93;0,29;415;false;true;true;6,57;0;6,35
1123;1,93;0,29;415;false;true;true;6,57;0;6,36
1124;1,94;0,28;415;false;true;true;6,57;0;6,36
1125;1,94;0,28;415;false;true;true;6,57;0;6,36
1126;1,94;0,28;415;false;true;true;6,57;0;6,36
1127;1,94;0,27;415;false;true;true;6,57;0;6,36
1128;1,94;0,27;415;false;true;true;6,56;0;6,36
1129;1,94;0,27;415;false;true;true;6,57;0;6,37
1130;1,94;0,27;415;false;true;true;6,57;0;6,37
1131;1,94;0,27;415;false;true;true;6,57;0;6,37
1132;1,94;0,27;415;false;true;true;6,57;0;6,37
1133;1,95;0,27;415;false;true;true;6,57;0;6,37
1134;1,95;0,26;415;false;true;true;6,57;0;6,37
1135;1,95;0,26;415;false;true;true;6,57;0;6,37
1136;1,95;0,26;415;false;true;true;6,57;0;6,38
1137;1,95;0,26;415;false;true;true;6,57;0;6,38
1138;1,95;0,25;415;false;true;true;6,56;0;6,38
1139;1,95;0,25;415;false;true;true;6,57;0;6,38
1140;1,95;0,25;415;false;true;true;6,57;0;6,38
1141;1,95;0,24;415;false;true;true;6,56;0;6,38
1142;1,95;0,25;415;false;true;true;6,57;0;6,38
1143;1,96;0,24;415;false;true;true;6,57;0;6,39
1144;1,96;0,25;415;false;true;true;6,57;0;6,39
1145;1,96;0,24;415;false;true;true;6,57;0;6,39
1146;1,96;0,24;415;false;true;true;6,57;0;6,39
1147;1,96;0,24;415;false;true;true;6,57;0;6,39
1148;1,96;0,23;415;false;true;true;6,57;0;6,39
1149;1,96;0,23;415;false;true;true;6,57;0;6,39
1150;1,96;0,23;415;false;true;true;6,57;0;6,4
1151;1,96;0,23;415;false;true;true;6,57;0;6,4
1152;1,96;0,23;415;false;true;true;6,57;0;6,4
1153;1,97;0,23;415;false;true;true;6,57;0;6,4
1154;1,97;0,23;415;false;true;true;6,57;0;6,4
1155;1,97;0,23;415;false;true;true;6,57;0;6,4
1156;1,97;0,23;415;false;true;true;6,57;0;6,4
1157;1,97;0,22;415;false;true;true;6,57;0;6,41
1158;1,97;0,22;415;false;true;true;6,57;0;6,41
1159;1,97;0,22;415;false;true;true;6,57;0;6,41
1160;1,97;0,22;415;false;true;true;6,57;0;6,41
1161;1,97;0,22;415;false;true;true;6,57;0;6,41
1162;1,97;0,21;415;false;true;true;6,57;0;6,41
1163;1,98;0,21;415;false;true;true;6,57;0;6,41
1164;1,98;0,22;415;false;true;true;6,57;0;6,42
1165;1,98;0,21;415;false;true;true;6,57;0;6,42
1166;1,98;0,21;415;false;true;true;6,58;0;6,42
1167;1,98;0,21;415;false;true;true;6,58;0;6,42
1168;1,98;0,21;415;false;true;true;6,57;0;6,42
1169;1,98;0,21;415;false;true;true;6,58;0;6,42
1170;1,98;0,21;415;false;true;true;6,58;0;6,43
1171;1,98;0,2;415;false;true;true;6,57;0;6,43
1172;1,98;0,2;415;false;true;true;6,58;0;6,43
1173;1,99;0,2;415;false;true;true;6,58;0;6,43
1174;1,99;0,2;415;false;true;true;6,58;0;6,43
1175;1,99;0,2;415;false;true;true;6,58;0;6,43
1176;1,99;0,2;415;false;true;true;6,58;0;6,44
1177;1,99;0,2;415;false;true;true;6,58;0;6,44
1178;1,99;0,2;415;false;true;true;6,58;0;6,44
1179;1,99;0,2;415;false;true;true;6,59;0;6,44
1180;1,99;0,2;415;false;true;true;6,59;0;6,44
1181;1,99;0,2;415;false;true;true;6,59;0;6,44
1182;1,99;0,19;415;false;true;true;6,58;0;6,45
1183;2;0,19;415;false;true;true;6,58;0;6,45
1184;2;0,19;415;false;true;true;6,58;0;6,45
1185;2;0,19;415;false;true;true;6,59;0;6,45
1186;2;0,19;415;false;true;true;6,59;0;6,45
1187;2;0,19;415;false;true;true;6,59;0;6,46
1188;2;0,19;415;false;true;true;6,59;0;6,46
1189;2;0,19;415;false;true;true;6,59;0;6,46
1190;2;0,19;415;false;true;true;6,6;0;6,46
1191;2;0,19;415;false;true;true;6,6;0;6,46
1192;2;0,19;415;false;true;true;6,6;0;6,47
1193;2,01;0,19;415;false;true;true;6,6;0;6,47
1194;2,01;0,19;415;false;true;true;6,6;0;6,47
1195;2,01;0,18;415;false;true;true;6,6;0;6,47
1196;2,01;0,18;415;false;true;true;6,6;0;6,47
1197;2,01;0,18;415;false;true;true;6,6;0;6,48
1198;2,01;0,18;415;false;true;true;6,6;0;6,48
1199;2,01;0,18;415;false;true;true;6,61;0;6,48
1200;2,01;0,18;415;false;true;true;6,61;0;6,48
1201;2,02;0,18;415;false;true;true;6,61;0;6,49
1202;2,02;0,18;415;false;true;true;6,61;0;6,49
1203;2,02;0,18;415;false;true;true;6,62;0;6,49
1204;2,02;0,18;415;false;true;true;6,62;0;6,5
1205;2,02;0,18;415;false;true;true;6,62;0;6,5
1206;2,02;0,18;415;false;true;true;6,63;0;6,5
1207;2,02;0,18;415;false;true;true;6,62;0;6,51
1208;2,02;0,18;415;false;true;true;6,63;0;6,51
1209;2,02;0,18;415;false;true;true;6,63;0;6,51
1210;2,02;0,18;415;false;true;true;6,63;0;6,52
1211;2,03;0,18;415;false;true;true;6,64;0;6,52
1212;2,03;0,18;415;false;true;true;6,64;0;6,52
1213;2,03;0,18;415;false;true;true;6,64;0;6,53
1214;2,03;0,18;415;false;true;true;6,65;0;6,53
1215;2,03;0,18;415;false;true;true;6,65;0;6,54
1216;2,03;0,19;415;false;true;true;6,66;0;6,54
1217;2,03;0,19;415;false;true;true;6,66;0;6,55
1218;2,03;0,19;415;false;true;true;6,67;0;6,55
1219;2,03;0,19;415;false;true;true;6,67;0;6,56
1220;2,03;0,19;415;false;true;true;6,67;0;6,56
1221;2,04;0,2;415;false;true;true;6,68;0;6,57
1222;2,04;0,2;415;false;true;true;6,69;0;6,58
1223;2,04;0,2;415;false;true;true;6,69;0;6,59
1224;2,04;0,2;415;false;true;true;6,7;0;6,6
1225;2,04;0,21;415;false;true;true;6,71;0;6,61
1226;2,04;0,21;415;false;true;true;6,72;0;6,62
1227;2,04;0,22;415;false;true;true;6,73;0;6,63
1228;2,04;0,23;415;false;true;true;6,75;0;6,65
1229;2,04;0,24;415;false;true;true;6,76;0;6,67
1230;2,04;0,26;415;false;true;true;6,78;0;6,69
1231;2,05;0,27;415;false;true;true;6,8;0;6,71
1232;2,05;0,3;415;false;true;true;6,82;0;6,75
1233;2,05;0,33;415;false;true;true;6,85;0;6,8
1234;2,05;0,39;415;false;true;true;6,89;0;6,87
1235;2,05;0,48;415;false;true;true;6,94;0;6,99
1236;2,05;0,63;414;false;true;true;6,52;0;6,22
1237;2,05;0,56;414;false;true;true;6,41;0;6,23
1238;2,05;0,52;414;false;true;true;6,35;0;6,24
1239;2,05;0,48;414;false;true;true;6,33;0;6,25
1240;2,05;0,46;414;false;true;true;6,37;0;6,25
1241;2,06;0,44;414;false;true;true;6,4;0;6,26
1242;2,06;0,42;414;false;true;true;6,42;0;6,26
1243;2,06;0,41;414;false;true;true;6,44;0;6,26
1244;2,06;0,4;414;false;true;true;6,45;0;6,27
1245;2,06;0,39;414;false;true;true;6,46;0;6,27
1246;2,06;0,38;414;false;true;true;6,47;0;6,27
1247;2,06;0,37;414;false;true;true;6,48;0;6,27
1248;2,06;0,36;414;false;true;true;6,48;0;6,28
1249;2,06;0,34;414;false;true;true;6,48;0;6,28
1250;2,06;0,34;414;false;true;true;6,49;0;6,28
1251;2,07;0,33;414;false;true;true;6,49;0;6,28
1252;2,07;0,33;414;false;true;true;6,49;0;6,28
1253;2,07;0,32;414;false;true;true;6,49;0;6,29
1254;2,07;0,31;414;false;true;true;6,49;0;6,29
1255;2,07;0,3;414;false;true;true;6,49;0;6,29
1256;2,07;0,3;414;false;true;true;6,49;0;6,29
1257;2,07;0,29;414;false;true;true;6,49;0;6,29
1258;2,07;0,29;414;false;true;true;6,49;0;6,29
1259;2,07;0,28;414;false;true;true;6,49;0;6,3
1260;2,07;0,28;414;false;true;true;6,49;0;6,3
1261;2,08;0,28;414;false;true;true;6,49;0;6,3
1262;2,08;0,27;414;false;true;true;6,49;0;6,3
1263;2,08;0,27;414;false;true;true;6,49;0;6,3
1264;2,08;0,27;414;false;true;true;6,49;0;6,3
1265;2,08;0,26;414;false;true;true;6,49;0;6,3
1266;2,08;0,26;414;false;true;true;6,49;0;6,3
1267;2,08;0,25;414;false;true;true;6,48;0;6,3
1268;2,08;0,25;414;false;true;true;6,48;0;6,31
1269;2,08;0,24;414;false;true;true;6,48;0;6,31
1270;2,08;0,24;414;false;true;true;6,48;0;6,31
1271;2,09;0,24;414;false;true;true;6,48;0;6,31
1272;2,09;0,24;414;false;true;true;6,48;0;6,31
1273;2,09;0,23;414;false;true;true;6,48;0;6,31
1274;2,09;0,23;414;false;true;true;6,48;0;6,31
1275;2,09;0,23;414;false;true;true;6,48;0;6,31
1276;2,09;0,22;414;false;true;true;6,48;0;6,31
1277;2,09;0,22;414;false;true;true;6,48;0;6,31
1278;2,09;0,22;414;false;true;true;6,48;0;6,31
1279;2,09;0,22;414;false;true;true;6,48;0;6,32
1280;2,09;0,22;414;false;true;true;6,48;0;6,32
1281;2,1;0,21;414;false;true;true;6,47;0;6,32
1282;2,1;0,21;414;false;true;true;6,47;0;6,32
1283;2,1;0,21;414;false;true;true;6,47;0;6,32
1284;2,1;0,2;414;false;true;true;6,47;0;6,32
1285;2,1;0,2;414;false;true;true;6,47;0;6,32
1286;2,1;0,2;414;false;true;true;6,47;0;6,32
1287;2,11;0,2;414;false;true;true;6,47;0;6,32
1288;2,11;0,19;414;false;true;true;6,47;0;6,32
1289;2,11;0,19;414;false;true;true;6,47;0;6,32
1290;2,11;0,19;414;false;true;true;6,47;0;6,32
1291;2,11;0,19;414;false;true;true;6,47;0;6,32
1292;2,11;0,19;414;false;true;true;6,47;0;6,32
1293;2,11;0,19;414;false;true;true;6,46;0;6,32
1294;2,11;0,18;414;false;true;true;6,46;0;6,32
1295;2,12;0,18;414;false;true;true;6,46;0;6,33
1296;2,12;0,18;414;false;true;true;6,46;0;6,33
1297;2,12;0,18;414;false;true;true;6,47;0;6,33
1298;2,12;0,18;414;false;true;true;6,46;0;6,33
1299;2,12;0,18;414;false;true;true;6,46;0;6,33
1300;2,12;0,18;414;false;true;true;6,46;0;6,33
1301;2,12;0,17;414;false;true;true;6,46;0;6,33
1302;2,12;0,17;414;false;true;true;6,46;0;6,33
1303;2,12;0,17;414;false;true;true;6,46;0;6,33
1304;2,12;0,17;414;false;true;true;6,45;0;6,33
1305;2,12;0,16;414;false;true;true;6,45;0;6,33
1306;2,13;0,16;414;false;true;true;6,46;0;6,33
1307;2,13;0,16;414;false;true;true;6,46;0;6,33
1308;2,13;0,16;414;false;true;true;6,46;0;6,33
1309;2,13;0,16;414;false;true;true;6,46;0;6,33
1310;2,13;0,16;414;false;true;true;6,46;0;6,33
1311;2,13;0,16;414;false;true;true;6,46;0;6,33
1312;2,13;0,16;414;false;true;true;6,45;0;6,33
1313;2,13;0,15;414;false;true;true;6,45;0;6,33
1314;2,13;0,15;414;false;true;true;6,45;0;6,33
1315;2,13;0,15;414;false;true;true;6,45;0;6,34
1316;2,14;0,15;414;false;true;true;6,45;0;6,34
1317;2,14;0,15;414;false;true;true;6,45;0;6,34
1318;2,14;0,15;414;false;true;true;6,45;0;6,34
1319;2,14;0,15;414;false;true;true;6,45;0;6,34
1320;2,14;0,14;414;false;true;true;6,45;0;6,34
1321;2,14;0,14;414;false;true;true;6,45;0;6,34
1322;2,14;0,14;414;false;true;true;6,45;0;6,34
1323;2,14;0,14;414;false;true;true;6,45;0;6,34
1324;2,14;0,14;414;false;true;true;6,45;0;6,34
1325;2,14;0,14;414;false;true;true;6,45;0;6,34
1326;2,15;0,14;414;false;true;true;6,45;0;6,34
1327;2,15;0,14;414;false;true;true;6,45;0;6,34
1328;2,15;0,14;414;false;true;true;6,44;0;6,34
1329;2,15;0,13;414;false;true;true;6,44;0;6,34
1330;2,15;0,13;414;false;true;true;6,44;0;6,34
1331;2,15;0,13;414;false;true;true;6,44;0;6,34
1332;2,15;0,13;414;false;true;true;6,44;0;6,34
1333;2,15;0,13;414;false;true;true;6,44;0;6,34
1334;2,15;0,13;414;false;true;true;6,44;0;6,34
1335;2,15;0,13;414;false;true;true;6,44;0;6,34
1336;2,16;0,13;414;false;true;true;6,44;0;6,34
1337;2,16;0,13;414;false;true;true;6,44;0;6,34
1338;2,16;0,12;414;false;true;true;6,44;0;6,34
1339;2,16;0,12;414;false;true;true;6,44;0;6,34
1340;2,16;0,12;414;false;true;true;6,44;0;6,34
1341;2,16;0,12;414;false;true;true;6,44;0;6,35
1342;2,16;0,12;414;false;true;true;6,44;0;6,35
1343;2,17;0,12;414;false;true;true;6,44;0;6,35
1344;2,17;0,12;414;false;true;true;6,43;0;6,35
1345;2,17;0,11;414;false;true;true;6,43;0;6,35
1346;2,17;0,11;414;false;true;true;6,43;0;6,35
1347;2,17;0,11;414;false;true;true;6,43;0;6,35
1348;2,17;0,11;414;false;true;true;6,43;0;6,35
1349;2,17;0,11;414;false;true;true;6,43;0;6,35
1350;2,17;0,11;414;false;true;true;6,44;0;6,35
1351;2,18;0,11;414;false;true;true;6,43;0;6,35
1352;2,18;0,11;414;false;true;true;6,43;0;6,35
1353;2,18;0,11;414;false;true;true;6,43;0;6,35
1354;2,18;0,11;414;false;true;true;6,43;0;6,35
1355;2,18;0,11;414;false;true;true;6,43;0;6,35
1356;2,18;0,1;414;false;true;true;6,43;0;6,35
1357;2,18;0,1;414;false;true;true;6,43;0;6,35
1358;2,18;0,1;414;false;true;true;6,43;0;6,35
1359;2,18;0,1;414;false;true;true;6,43;0;6,35
1360;2,18;0,1;414;false;true;true;6,43;0;6,35
1361;2,19;0,1;414;false;true;true;6,43;0;6,35
1362;2,19;0,1;414;false;true;true;6,42;0;6,35
1363;2,19;0,09;414;false;true;true;6,42;0;6,35
1364;2,19;0,1;414;false;true;true;6,43;0;6,35
1365;2,19;0,1;414;false;true;true;6,43;0;6,35
1366;2,19;0,1;414;false;true;true;6,43;0;6,35
1367;2,19;0,1;414;false;true;true;6,43;0;6,35
1368;2,19;0,1;414;false;true;true;6,43;0;6,35
1369;2,19;0,09;414;false;true;true;6,42;0;6,35
1370;2,19;0,09;414;false;true;true;6,42;0;6,35
1371;2,2;0,09;414;false;true;true;6,43;0;6,35
1372;2,2;0,09;414;false;true;true;6,42;0;6,35
1373;2,2;0,09;414;false;true;true;6,42;0;6,35
1374;2,2;0,09;414;false;true;true;6,42;0;6,35
1375;2,2;0,09;414;false;true;true;6,42;0;6,35
1376;2,2;0,09;414;false;true;true;6,42;0;6,36
1377;2,2;0,08;414;false;true;true;6,42;0;6,36
1378;2,2;0,08;414;false;true;true;6,42;0;6,36
1379;2,2;0,08;414;false;true;true;6,42;0;6,36
1380;2,2;0,08;414;false;true;true;6,42;0;6,36
1381;2,21;0,08;414;false;true;true;6,42;0;6,36
1382;2,21;0,08;414;false;true;true;6,42;0;6,36
1383;2,21;0,08;414;false;true;true;6,42;0;6,36
1384;2,21;0,07;414;false;true;true;6,41;0;6,36
1385;2,21;0,07;414;false;true;true;6,41;0;6,36
1386;2,21;0,07;414;false;true;true;6,41;0;6,36
1387;2,21;0,07;414;false;true;true;6,41;0;6,36
1388;2,21;0,07;414;false;true;true;6,42;0;6,36
1389;2,21;0,08;414;false;true;true;6,42;0;6,36
1390;2,22;0,07;414;false;true;true;6,42;0;6,36
1391;2,22;0,07;414;false;true;true;6,42;0;6,36
1392;2,22;0,07;414;false;true;true;6,41;0;6,36
1393;2,22;0,07;414;false;true;true;6,41;0;6,36
1394;2,22;0,07;414;false;true;true;6,41;0;6,36
1395;2,22;0,07;414;false;true;true;6,42;0;6,36
1396;2,22;0,07;414;false;true;true;6,42;0;6,36
1397;2,22;0,07;414;false;true;true;6,42;0;6,36
1398;2,22;0,07;414;false;true;true;6,42;0;6,36
1399;2,22;0,07;414;false;true;true;6,42;0;6,36
1400;2,23;0,07;414;false;true;true;6,41;0;6,36
1401;2,23;0,06;414;false;true;true;6,41;0;6,36
1402;2,23;0,06;414;false;true;true;6,41;0;6,36
1403;2,23;0,06;414;false;true;true;6,41;0;6,36
1404;2,23;0,06;414;false;true;true;6,41;0;6,36
1405;2,23;0,06;414;false;true;true;6,41;0;6,36
1406;2,24;0,06;414;false;true;true;6,41;0;6,36
1407;2,24;0,06;414;false;true;true;6,41;0;6,36
1408;2,24;0,06;414;false;true;true;6,41;0;6,36
1409;2,24;0,06;414;false;true;true;6,41;0;6,36
1410;2,24;0,06;414;false;true;true;6,41;0;6,36
1411;2,24;0,06;414;false;true;true;6,41;0;6,36
1412;2,24;0,06;414;false;true;true;6,41;0;6,36
1413;2,24;0,06;414;false;true;true;6,41;0;6,36
1414;2,24;0,06;414;false;true;true;6,41;0;6,36
1415;2,24;0,06;414;false;true;true;6,41;0;6,36
1416;2,25;0,05;414;false;true;true;6,4;0;6,36
1417;2,25;0,05;414;false;true;true;6,4;0;6,36
1418;2,25;0,05;414;false;true;true;6,4;0;6,36
1419;2,25;0,05;414;false;true;true;6,4;0;6,36
1420;2,25;0,05;414;false;true;true;6,4;0;6,36
1421;2,25;0,05;414;false;true;true;6,4;0;6,36
1422;2,25;0,05;414;false;true;true;6,4;0;6,36
1423;2,25;0,05;414;false;true;true;6,4;0;6,36
1424;2,25;0,05;414;false;true;true;6,4;0;6,36
1425;2,26;0,05;414;false;true;true;6,4;0;6,37
1426;2,26;0,04;414;false;true;true;6,4;0;6,37
1427;2,26;0,04;414;false;true;true;6,4;0;6,37
1428;2,26;0,04;414;false;true;true;6,4;0;6,37
1429;2,26;0,04;414;false;true;true;6,4;0;6,37
1430;2,26;0,05;414;false;true;true;6,4;0;6,37
1431;2,26;0,05;414;false;true;true;6,4;0;6,37
1432;2,26;0,04;414;false;true;true;6,4;0;6,37
1433;2,26;0,04;414;false;true;true;6,4;0;6,37
1434;2,26;0,04;414;false;true;true;6,4;0;6,37
1435;2,27;0,04;414;false;true;true;6,4;0;6,37
1436;2,27;0,04;414;false;true;true;6,4;0;6,37
1437;2,27;0,04;414;false;true;true;6,4;0;6,37
1438;2,27;0,04;414;false;true;true;6,4;0;6,37
1439;2,27;0,04;414;false;true;true;6,4;0;6,37
1440;2,27;0,04;414;false;true;true;6,4;0;6,37
1441;2,27;0,04;414;false;true;true;6,4;0;6,37
1442;2,27;0,04;414;false;true;true;6,4;0;6,37
1443;2,27;0,04;414;false;true;true;6,39;0;6,37
1444;2,27;0,04;414;false;true;true;6,4;0;6,37
1445;2,28;0,04;414;false;true;true;6,4;0;6,37
1446;2,28;0,04;414;false;true;true;6,4;0;6,37
1447;2,28;0,03;414;false;true;true;6,39;0;6,37
1448;2,28;0,03;414;false;true;true;6,39;0;6,37
1449;2,28;0,03;414;false;true;true;6,39;0;6,37
1450;2,28;0,03;414;false;true;true;6,39;0;6,37
1451;2,28;0,03;414;false;true;true;6,39;0;6,37
1452;2,28;0,03;414;false;true;true;6,39;0;6,37
1453;2,28;0,03;414;false;true;true;6,39;0;6,37
1454;2,28;0,03;414;false;true;true;6,39;0;6,37
1455;2,29;0,03;414;false;true;true;6,39;0;6,37
1456;2,29;0,03;414;false;true;true;6,39;0;6,37
1457;2,29;0,03;414;false;true;true;6,39;0;6,37
1458;2,29;0,03;414;false;true;true;6,39;0;6,37
1459;2,29;0,03;414;false;true;true;6,39;0;6,37
1460;2,29;0,03;414;false;true;true;6,39;0;6,37
1461;2,29;0,03;414;false;true;true;6,39;0;6,37
1462;2,29;0,03;414;false;true;true;6,39;0;6,37
1463;2,29;0,03;414;false;true;true;6,39;0;6,37
1464;2,29;0,03;414;false;true;true;6,39;0;6,37
1465;2,3;0,03;414;false;true;true;6,39;0;6,37
1466;2,3;0,03;414;false;true;true;6,39;0;6,37
1467;2,3;0,03;414;false;true;true;6,39;0;6,37
1468;2,3;0,03;414;false;true;true;6,39;0;6,37
1469;2,3;0,03;414;false;true;true;6,39;0;6,37
1470;2,3;0,02;414;false;true;true;6,39;0;6,37
1471;2,3;0,02;414;false;true;true;6,39;0;6,37
1472;2,3;0,02;414;false;true;true;6,39;0;6,37
1473;2,3;0,02;414;false;true;true;6,39;0;6,37
1474;2,3;0,02;414;false;true;true;6,39;0;6,37
1475;2,31;0,03;414;false;true;true;6,39;0;6,37
1476;2,31;0,02;414;false;true;true;6,39;0;6,37
1477;2,31;0,02;414;false;true;true;6,39;0;6,37
1478;2,31;0,02;414;false;true;true;6,38;0;6,37
1479;2,31;0,02;414;false;true;true;6,38;0;6,37
1480;2,31;0,02;414;false;true;true;6,39;0;6,37
1481;2,31;0,02;414;false;true;true;6,39;0;6,37
1482;2,31;0,02;414;false;true;true;6,39;0;6,37
1483;2,31;0,02;414;false;true;true;6,38;0;6,37
1484;2,31;0,02;414;false;true;true;6,38;0;6,37
1485;2,32;0,02;414;false;true;true;6,38;0;6,37
1486;2,32;0,02;414;false;true;true;6,39;0;6,37
1487;2,32;0,02;414;false;true;true;6,38;0;6,37
1488;2,32;0,02;414;false;true;true;6,39;0;6,37
1489;2,32;0,02;414;false;true;true;6,39;0;6,37
1490;2,32;0,02;414;false;true;true;6,38;0;6,37
1491;2,32;0,02;414;false;true;true;6,38;0;6,37
1492;2,32;0,02;414;false;true;true;6,38;0;6,37
1493;2,32;0,01;414;false;true;true;6,38;0;6,37
1494;2,32;0,01;414;false;true;true;6,38;0;6,37
1495;2,33;0,01;414;false;true;true;6,38;0;6,37
1496;2,33;0,01;414;false;true;true;6,38;0;6,37
1497;2,33;0,01;414;false;true;true;6,38;0;6,37
1498;2,33;0,01;414;false;true;true;6,38;0;6,37
1499;2,33;0,01;414;false;true;true;6,38;0;6,37
1500;2,33;0,01;414;false;true;true;6,38;0;6,37
1501;2,33;0,01;414;false;true;true;6,38;0;6,37
1502;2,33;0,01;414;false;true;true;6,38;0;6,37
1503;2,33;0,01;414;false;true;true;6,39;0;6,37
1504;2,33;0,01;414;false;true;true;6,38;0;6,37
1505;2,34;0,01;414;false;true;true;6,38;0;6,37
1506;2,34;0,01;414;false;true;true;6,38;0;6,37
1507;2,34;0,01;414;false;true;true;6,38;0;6,37
1508;2,34;0,01;414;false;true;true;6,38;0;6,37
1509;2,34;0,01;414;false;true;true;6,38;0;6,37
1510;2,34;0,01;414;false;true;true;6,38;0;6,37
1511;2,34;0,01;414;false;true;true;6,38;0;6,38
1512;2,34;0,01;414;false;true;true;6,38;0;6,38
1513;2,34;0,01;414;false;true;true;6,38;0;6,38
1514;2,34;0,01;414;false;true;true;6,38;0;6,38
1515;2,35;0,01;414;false;true;true;6,38;0;6,38
1516;2,35;0,01;414;false;true;true;6,38;0;6,38
1517;2,35;0,01;414;false;true;true;6,38;0;6,38
1518;2,35;0,01;414;false;true;true;6,38;0;6,38
1519;2,35;0,01;414;false;true;true;6,38;0;6,38
1520;2,35;0,01;414;false;true;true;6,38;0;6,38
1521;2,35;0,01;414;false;true;true;6,38;0;6,38
1522;2,35;0,01;414;false;true;true;6,38;0;6,38
1523;2,35;0,01;414;false;true;true;6,38;0;6,38
1524;2,36;0,01;414;false;true;true;6,38;0;6,38
1525;2,36;0,01;414;false;true;true;6,38;0;6,38
1526;2,36;0;414;false;true;true;6,38;0;6,38
1527;2,36;0,01;414;false;true;true;6,38;0;6,38
1528;2,36;0,01;414;false;true;true;6,38;0;6,38
1529;2,36;0,01;414;false;true;true;6,38;0;6,38
1530;2,36;0;414;false;true;true;6,38;0;6,38
1531;2,36;0;414;false;true;true;6,38;0;6,38
1532;2,36;0,01;414;false;true;true;6,38;0;6,38
1533;2,36;0,01;414;false;true;true;6,38;0;6,38
1534;2,37;0;414;false;true;true;6,38;0;6,38
1535;2,37;0;414;false;true;true;6,38;0;6,38
1536;2,37;0;414;false;true;true;6,38;0;6,38
1537;2,37;0;414;false;true;true;6,38;0;6,38
1538;2,37;0;414;false;true;true;6,38;0;6,38
1539;2,37;0;414;false;true;true;6,38;0;6,38
1540;2,37;0;414;false;true;true;6,38;0;6,38
1541;2,37;0;414;false;true;true;6,38;0;6,38
1542;2,37;0;414;false;true;true;6,38;0;6,38
1543;2,38;0;414;false;true;true;6,38;0;6,38
1544;2,38;0;414;false;true;true;6,38;0;6,38
1545;2,38;0;414;false;true;true;6,38;0;6,38
1546;2,38;0;414;false;true;true;6,38;0;6,38
1547;2,38;0;414;false;true;true;6,38;0;6,38
1548;2,38;0;414;false;true;true;6,38;0;6,38
1549;2,39;0;414;false;true;true;6,38;0;6,38
1550;2,39;0;414;false;true;true;6,38;0;6,38
1551;2,39;0;414;false;true;true;6,38;0;6,38
1552;2,39;0;414;false;true;true;6,38;0;6,38
1553;2,39;0;414;false;true;true;6,38;0;6,38
1554;2,39;0;414;false;true;true;6,38;0;6,38
1555;2,39;0;414;false;true;true;6,38;0;6,38
1556;2,39;0;414;false;true;true;6,38;0;6,38
1557;2,39;0;414;false;true;true;6,38;0;6,38
1558;2,4;0;414;false;true;true;6,38;0;6,38
1559;2,4;0;414;false;true;true;6,38;0;6,38
1560;2,4;0;414;false;true;true;6,38;0;6,38
1561;2,4;0;414;false;true;true;6,38;0;6,38
1562;2,4;0;414;false;true;true;6,38;0;6,38
1563;2,4;0;414;false;true;true;6,38;0;6,38
1564;2,4;0;414;false;true;true;6,38;0;6,38
1565;2,4;0;414;false;true;true;6,38;0;6,38
1566;2,41;0;414;false;true;true;6,38;0;6,38
1567;2,41;0;414;false;true;true;6,38;0;6,38
1568;2,41;0;414;false;true;true;6,38;0;6,38
1569;2,41;0;414;false;true;true;6,38;0;6,38
1570;2,41;0;414;false;true;true;6,38;0;6,38
1571;2,41;0;414;false;true;true;6,38;0;6,38
1572;2,41;0;414;false;true;true;6,38;0;6,38
1573;2,41;0;414;false;true;true;6,38;0;6,38
1574;2,41;0;414;false;true;true;6,38;0;6,38
1575;2,41;0;414;false;true;true;6,38;0;6,38
1576;2,42;0;414;false;true;true;6,38;0;6,38
1577;2,42;0;414;false;true;true;6,38;0;6,38
1578;2,42;0;414;false;true;true;6,38;0;6,38
1579;2,42;0;414;false;true;true;6,38;0;6,38
1580;2,42;0;414;false;true;true;6,38;0;6,38
1581;2,42;0;414;false;true;true;6,38;0;6,38
1582;2,42;0;414;false;true;true;6,38;0;6,38
1583;2,42;0;414;false;true;true;6,38;0;6,38
1584;2,42;0;414;false;true;true;6,38;0;6,38
1585;2,42;0;414;false;true;true;6,38;0;6,38
1586;2,43;0;414;false;true;true;6,38;0;6,38
1587;2,43;0;414;false;true;true;6,38;0;6,38
1588;2,43;0;414;false;true;true;6,38;0;6,38
1589;2,43;0;414;false;true;true;6,38;0;6,38
1590;2,43;0;414;false;true;true;6,38;0;6,38
1591;2,43;0;414;false;true;true;6,38;0;6,38
1592;2,43;0;414;false;true;true;6,38;0;6,38
1593;2,43;0;414;false;true;true;6,38;0;6,38
1594;2,43;0;414;false;true;true;6,38;0;6,38
1595;2,43;0;414;false;true;true;6,38;0;6,38
1596;2,44;0;414;false;true;true;6,38;0;6,38
1597;2,44;0;414;false;true;true;6,38;0;6,38
1598;2,44;0;414;false;true;true;6,38;0;6,38
1599;2,44;0;414;false;true;true;6,38;0;6,38
1600;2,44;0;414;false;true;true;6,38;0;6,38
1601;2,44;0;414;false;true;true;6,38;0;6,38
1602;2,44;0;414;false;true;true;6,38;0;6,38
1603;2,44;0;414;false;true;true;6,38;0;6,38
1604;2,44;0;414;false;true;true;6,38;0;6,38
1605;2,44;0;414;false;true;true;6,38;0;6,38
1606;2,45;0;414;false;true;true;6,38;0;6,38
1607;2,45;0;414;false;true;true;6,38;0;6,38
1608;2,45;0;414;false;true;true;6,38;0;6,38
1609;2,45;0;414;false;true;true;6,38;0;6,38
1610;2,45;0;414;false;true;true;6,38;0;6,38
1611;2,45;0;414;false;true;true;6,38;0;6,38
1612;2,45;0;414;false;true;true;6,38;0;6,38
1613;2,45;0;414;false;true;true;6,38;0;6,38
1614;2,45;0;414;false;true;true;6,38;0;6,38
1615;2,45;0;414;false;true;true;6,38;0;6,38
1616;2,46;0;414;false;true;true;6,38;0;6,38
1617;2,46;0;414;false;true;true;6,38;0;6,38
1618;2,46;0;414;false;true;true;6,38;0;6,38
1619;2,46;0;414;false;true;true;6,38;0;6,38
1620;2,46;0;414;false;true;true;6,38;0;6,38
1621;2,46;0;414;false;true;true;6,38;0;6,38
1622;2,46;0;414;false;true;true;6,38;0;6,38
1623;2,46;0;414;false;true;true;6,38;0;6,38
1624;2,46;0;414;false;true;true;6,38;0;6,38
1625;2,46;0;414;false;true;true;6,38;0;6,38
1626;2,47;0;414;false;true;true;6,38;0;6,38
1627;2,47;0;414;false;true;true;6,38;0;6,38
1628;2,47;0;414;false;true;true;6,38;0;6,38
1629;2,47;0;414;false;true;true;6,38;0;6,38
1630;2,47;0;414;false;true;true;6,38;0;6,38
1631;2,47;0;414;false;true;true;6,38;0;6,38
1632;2,47;0;414;false;true;true;6,38;0;6,38
1633;2,47;0;414;false;true;true;6,38;0;6,38
1634;2,47;0;414;false;true;true;6,38;0;6,38
1635;2,47;0;414;false;true;true;6,38;0;6,38
1636;2,48;0;414;false;true;true;6,38;0;6,38
1637;2,48;0;414;false;true;true;6,38;0;6,38
1638;2,48;0;414;false;true;true;6,38;0;6,38
1639;2,48;0;414;false;true;true;6,38;0;6,38
1640;2,48;0;414;false;true;true;6,38;0;6,38
1641;2,48;0;414;false;true;true;6,38;0;6,38
1642;2,48;0;414;false;true;true;6,38;0;6,38
1643;2,48;0;414;false;true;true;6,38;0;6,38
1644;2,48;0;414;false;true;true;6,38;0;6,38
1645;2,48;0;414;false;true;true;6,38;0;6,38
1646;2,49;0;414;false;true;true;6,38;0;6,38
1647;2,49;0;414;false;true;true;6,38;0;6,38
1648;2,49;0;414;false;true;true;6,38;0;6,38
1649;2,49;0;414;false;true;true;6,38;0;6,38
1650;2,49;0;414;false;true;true;6,38;0;6,38
1651;2,49;0;414;false;true;true;6,38;0;6,38
1652;2,49;0;414;false;true;true;6,38;0;6,38
1653;2,49;0;414;false;true;true;6,38;0;6,38
1654;2,49;0;414;false;true;true;6,38;0;6,38
1655;2,49;0;414;false;true;true;6,38;0;6,38
1656;2,5;0;414;false;true;true;6,38;0;6,38
1657;2,5;0;414;false;true;true;6,38;0;6,38
1658;2,5;0;414;false;true;true;6,38;0;6,38
1659;2,5;0;414;false;true;true;6,38;0;6,38
1660;2,5;0;414;false;true;true;6,38;0;6,38
1661;2,5;0;414;false;true;true;6,38;0;6,38
1662;2,5;0;414;false;true;true;6,38;0;6,38
1663;2,5;0;414;false;true;true;6,38;0;6,38
1664;2,5;0;414;false;true;true;6,38;0;6,38
1665;2,51;0;414;false;true;true;6,38;0;6,38
1666;2,51;0;414;false;true;true;6,38;0;6,38
1667;2,51;0;414;false;true;true;6,38;0;6,38
1668;2,51;0;414;false;true;true;6,38;0;6,38
1669;2,51;0;414;false;true;true;6,38;0;6,38
1670;2,51;0;414;false;true;true;6,38;0;6,38
1671;2,51;0;414;false;true;true;6,38;0;6,38
1672;2,51;0;414;false;true;true;6,38;0;6,38
1673;2,51;0;414;false;true;true;6,38;0;6,38
1674;2,51;0;414;false;true;true;6,38;0;6,38
1675;2,52;0;414;false;true;true;6,38;0;6,38
1676;2,52;0;414;false;true;true;6,38;0;6,38
1677;2,52;0;414;false;true;true;6,38;0;6,38
1678;2,52;0;414;false;true;true;6,38;0;6,38
1679;2,52;0;414;false;true;true;6,38;0;6,38
1680;2,52;0;414;false;true;true;6,38;0;6,38
1681;2,52;0;414;false;true;true;6,38;0;6,38
1682;2,52;0;414;false;true;true;6,38;0;6,38
1683;2,52;0;414;false;true;true;6,38;0;6,38
1684;2,52;0;414;false;true;true;6,38;0;6,38
1685;2,53;0;414;false;true;true;6,38;0;6,38
1686;2,53;0;414;false;true;true;6,38;0;6,38
1687;2,53;0;414;false;true;true;6,38;0;6,38
1688;2,53;0;414;false;true;true;6,38;0;6,38
1689;2,53;0;414;false;true;true;6,38;0;6,38
1690;2,53;0;414;false;true;true;6,38;0;6,38
1691;2,53;0;414;false;true;true;6,38;0;6,38
1692;2,53;0;414;false;true;true;6,38;0;6,38
1693;2,53;0;414;false;true;true;6,38;0;6,38
1694;2,53;0;414;false;true;true;6,38;0;6,38
1695;2,54;0;414;false;true;true;6,38;0;6,38
1696;2,54;0;414;false;true;true;6,38;0;6,38
1697;2,54;0;414;false;true;true;6,38;0;6,38
1698;2,54;0;414;false;true;true;6,38;0;6,38
1699;2,54;0;414;false;true;true;6,38;0;6,38
1700;2,54;0;414;false;true;true;6,38;0;6,38
1701;2,54;0;414;false;true;true;6,38;0;6,38
1702;2,54;0;414;false;true;true;6,38;0;6,38
1703;2,54;0;414;false;true;true;6,38;0;6,38
1704;2,54;0;414;false;true;true;6,38;0;6,38
1705;2,55;0;414;false;true;true;6,38;0;6,38
1706;2,55;0;414;false;true;true;6,38;0;6,38
1707;2,55;0;414;false;true;true;6,38;0;6,38
1708;2,55;0;414;false;true;true;6,38;0;6,38
1709;2,55;0;414;false;true;true;6,38;0;6,38
1710;2,55;0;414;false;true;true;6,38;0;6,38
1711;2,55;0;414;false;true;true;6,38;0;6,38
1712;2,55;0;414;false;true;true;6,38;0;6,38
1713;2,55;0;414;false;true;true;6,38;0;6,38
1714;2,55;0;414;false;true;true;6,38;0;6,38
1715;2,56;0;414;false;true;true;6,38;0;6,38
1716;2,56;0;414;false;true;true;6,38;0;6,38
1717;2,56;0;414;false;true;true;6,38;0;6,38
1718;2,56;0;414;false;true;true;6,38;0;6,38
1719;2,56;0;414;false;true;true;6,38;0;6,38
1720;2,56;0;414;false;true;true;6,38;0;6,38
1721;2,56;0;414;false;true;true;6,38;0;6,38
1722;2,56;0;414;false;true;true;6,38;0;6,38
1723;2,56;0;414;false;true;true;6,38;0;6,38
1724;2,56;0;414;false;true;true;6,38;0;6,38
1725;2,57;0;414;false;true;true;6,38;0;6,38
1726;2,57;0;414;false;true;true;6,38;0;6,38
1727;2,57;0;414;false;true;true;6,38;0;6,38
1728;2,57;0;414;false;true;true;6,38;0;6,38
1729;2,57;0;414;false;true;true;6,38;0;6,38
1730;2,57;0;414;false;true;true;6,38;0;6,38
1731;2,57;0;414;false;true;true;6,38;0;6,38
1732;2,57;0;414;false;true;true;6,38;0;6,38
1733;2,57;0;414;false;true;true;6,38;0;6,38
1734;2,57;0;414;false;true;true;6,38;0;6,38
1735;2,58;0;414;false;true;true;6,38;0;6,38
1736;2,58;0;414;false;true;true;6,38;0;6,38
1737;2,58;0;414;false;true;true;6,38;0;6,38
1738;2,58;0;414;false;true;true;6,38;0;6,38
1739;2,58;0;414;false;true;true;6,38;0;6,38
1740;2,58;0;414;false;true;true;6,38;0;6,38
1741;2,58;0;414;false;true;true;6,38;0;6,38
1742;2,58;0;414;false;true;true;6,38;0;6,38
1743;2,58;0;414;false;true;true;6,38;0;6,38
1744;2,58;0;414;false;true;true;6,38;0;6,38
1745;2,59;0;414;false;true;true;6,38;0;6,38
1746;2,59;0;414;false;true;true;6,38;0;6,38
1747;2,59;0;414;false;true;true;6,38;0;6,38
1748;2,59;0;414;false;true;true;6,38;0;6,38
1749;2,59;0;414;false;true;true;6,38;0;6,38
1750;2,59;0;414;false;true;true;6,38;0;6,38
1751;2,59;0;414;false;true;true;6,38;0;6,38
1752;2,59;0;414;false;true;true;6,38;0;6,38
1753;2,59;0;414;false;true;true;6,38;0;6,38
1754;2,59;0;414;false;true;true;6,38;0;6,38
1755;2,6;0;414;false;true;true;6,38;0;6,38
1756;2,6;0;414;false;true;true;6,38;0;6,38
1757;2,6;0;414;false;true;true;6,38;0;6,38
1758;2,6;0;414;false;true;true;6,38;0;6,38
1759;2,6;0;414;false;true;true;6,38;0;6,38
1760;2,6;0;414;false;true;true;6,38;0;6,38
1761;2,6;0;414;false;true;true;6,38;0;6,38
1762;2,6;0;414;false;true;true;6,38;0;6,38
1763;2,6;0;414;false;true;true;6,38;0;6,38
1764;2,6;0;414;false;true;true;6,38;0;6,38
1765;2,61;0;414;false;true;true;6,38;0;6,38
1766;2,61;0;414;false;true;true;6,38;0;6,38
1767;2,61;0;414;false;true;true;6,38;0;6,38
1768;2,61;0;414;false;true;true;6,38;0;6,38
1769;2,61;0;414;false;true;true;6,38;0;6,38
1770;2,61;0;414;false;true;true;6,38;0;6,38
1771;2,61;0;414;false;true;true;6,38;0;6,38
1772;2,61;0;414;false;true;true;6,38;0;6,38
1773;2,61;0;414;false;true;true;6,38;0;6,38
1774;2,61;0;414;false;true;true;6,38;0;6,38
1775;2,62;0;414;false;true;true;6,38;0;6,38
1776;2,62;0;414;false;true;true;6,38;0;6,38
1777;2,62;0;414;false;true;true;6,38;0;6,38
1778;2,62;0;414;false;true;true;6,38;0;6,38
1779;2,62;0;414;false;true;true;6,38;0;6,38
1780;2,62;0;414;false;true;true;6,38;0;6,38
1781;2,62;0;414;false;true;true;6,38;0;6,38
1782;2,62;0;414;false;true;true;6,38;0;6,38
1783;2,62;0;414;false;true;true;6,38;0;6,38
1784;2,62;0;414;false;true;true;6,38;0;6,38
1785;2,62;0;414;false;true;true;6,38;0;6,38
1786;2,63;0;414;false;true;true;6,38;0;6,38
1787;2,63;0;414;false;true;true;6,38;0;6,38
1788;2,63;0;414;false;true;true;6,38;0;6,38
1789;2,63;0;414;false;true;true;6,38;0;6,38
1790;2,63;0;414;false;true;true;6,38;0;6,38
1791;2,63;0;414;false;true;true;6,38;0;6,38
1792;2,63;0;414;false;true;true;6,38;0;6,38
1793;2,63;0;414;false;true;true;6,38;0;6,38
1794;2,63;0;414;false;true;true;6,38;0;6,38
1795;2,63;0;414;false;true;true;6,38;0;6,38
1796;2,64;0;414;false;true;true;6,38;0;6,38
1797;2,64;0;414;false;true;true;6,38;0;6,38
1798;2,64;0;414;false;true;true;6,38;0;6,38
1799;2,64;0;414;false;true;true;6,38;0;6,38
1800;2,64;0;414;false;true;true;6,38;0;6,38
1801;2,64;0;414;false;true;true;6,38;0;6,38
1802;2,64;0;414;false;true;true;6,38;0;6,38
1803;2,64;0;414;false;true;true;6,38;0;6,38
1804;2,64;0;414;false;true;true;6,38;0;6,38
1805;2,64;0;414;false;true;true;6,38;0;6,38
1806;2,65;0;414;false;true;true;6,38;0;6,38
1807;2,65;0;414;false;true;true;6,38;0;6,38
1808;2,65;0;414;false;true;true;6,38;0;6,38
1809;2,65;0;414;false;true;true;6,38;0;6,38
1810;2,65;0;414;false;true;true;6,38;0;6,38
1811;2,65;0;414;false;true;true;6,38;0;6,38
1812;2,65;0;414;false;true;true;6,38;0;6,38
1813;2,65;0;414;false;true;true;6,38;0;6,38
1814;2,65;0;414;false;true;true;6,38;0;6,38
1815;2,65;0;414;false;true;true;6,38;0;6,38
1816;2,66;0;414;false;true;true;6,38;0;6,38
1817;2,66;0;414;false;true;true;6,38;0;6,38
1818;2,66;0;414;false;true;true;6,38;0;6,38
1819;2,66;0;414;false;true;true;6,38;0;6,38
1820;2,66;0;414;false;true;true;6,38;0;6,38
1821;2,66;0;414;false;true;true;6,38;0;6,38
1822;2,66;0;414;false;true;true;6,38;0;6,38
1823;2,66;0;414;false;true;true;6,38;0;6,38
1824;2,66;0;414;false;true;true;6,38;0;6,38
1825;2,66;0;414;false;true;true;6,38;0;6,38
1826;2,67;0;414;false;true;true;6,38;0;6,38
1827;2,67;0;414;false;true;true;6,38;0;6,38
1828;2,67;0;414;false;true;true;6,38;0;6,38
1829;2,67;0;414;false;true;true;6,38;0;6,38
1830;2,67;0;414;false;true;true;6,38;0;6,38
1831;2,67;0;414;false;true;true;6,38;0;6,38
1832;2,67;0;414;false;true;true;6,38;0;6,38
1833;2,67;0;414;false;true;true;6,38;0;6,38
1834;2,67;0;414;false;true;true;6,38;0;6,38
1835;2,67;0;414;false;true;true;6,38;0;6,38
1836;2,68;0;414;false;true;true;6,38;0;6,38
1837;2,68;0;414;false;true;true;6,38;0;6,38
1838;2,68;0;414;false;true;true;6,38;0;6,38
1839;2,68;0;414;false;true;true;6,38;0;6,38
1840;2,68;0;414;false;true;true;6,38;0;6,38
1841;2,68;0;414;false;true;true;6,38;0;6,38
1842;2,68;0;414;false;true;true;6,38;0;6,38
1843;2,68;0;414;false;true;true;6,38;0;6,38
1844;2,68;0;414;false;true;true;6,38;0;6,38
1845;2,68;0;414;false;true;true;6,38;0;6,38
1846;2,69;0;414;false;true;true;6,38;0;6,38
1847;2,69;0;414;false;true;true;6,38;0;6,38
1848;2,69;0;414;false;true;true;6,38;0;6,38
1849;2,69;0;414;false;true;true;6,38;0;6,38
1850;2,69;0;414;false;true;true;6,38;0;6,38
1851;2,69;0;414;false;true;true;6,38;0;6,38
1852;2,69;0;414;false;true;true;6,38;0;6,38
1853;2,69;0;414;false;true;true;6,38;0;6,38
1854;2,69;0;414;false;true;true;6,38;0;6,38
1855;2,69;0;414;false;true;true;6,38;0;6,38
1856;2,7;0;414;false;true;true;6,38;0;6,38
1857;2,7;0;414;false;true;true;6,38;0;6,38
1858;2,7;0;414;false;true;true;6,38;0;6,38
1859;2,7;0;414;false;true;true;6,38;0;6,38
1860;2,7;0;414;false;true;true;6,38;0;6,38
1861;2,7;0;414;false;true;true;6,38;0;6,38
1862;2,7;0;414;false;true;true;6,38;0;6,38
1863;2,7;0;414;false;true;true;6,38;0;6,38
1864;2,7;0;414;false;true;true;6,38;0;6,38
1865;2,7;0;414;false;true;true;6,38;0;6,38
1866;2,71;0;414;false;true;true;6,38;0;6,38
1867;2,71;0;414;false;true;true;6,38;0;6,38
1868;2,71;0;414;false;true;true;6,38;0;6,38
1869;2,71;0;414;false;true;true;6,38;0;6,38
1870;2,71;0;414;false;true;true;6,38;0;6,38
1871;2,71;0;414;false;true;true;6,38;0;6,38
1872;2,71;0;414;false;true;true;6,38;0;6,38
1873;2,71;0;414;false;true;true;6,38;0;6,38
1874;2,71;0;414;false;true;true;6,38;0;6,38
1875;2,71;0;414;false;true;true;6,38;0;6,38
1876;2,72;0;414;false;true;true;6,38;0;6,38
1877;2,72;0;414;false;true;true;6,38;0;6,38
1878;2,72;0;414;false;true;true;6,38;0;6,38
1879;2,72;0;414;false;true;true;6,38;0;6,38
1880;2,72;0;414;false;true;true;6,38;0;6,38
1881;2,72;0;414;false;true;true;6,38;0;6,38
1882;2,72;0;414;false;true;true;6,38;0;6,38
1883;2,72;0;414;false;true;true;6,38;0;6,38
1884;2,72;0;414;false;true;true;6,38;0;6,38
1885;2,72;0;414;false;true;true;6,38;0;6,38
1886;2,73;0;414;false;true;true;6,38;0;6,38
1887;2,73;0;414;false;true;true;6,38;0;6,38
1888;2,73;0;414;false;true;true;6,38;0;6,38
1889;2,73;0;414;false;true;true;6,38;0;6,38
1890;2,73;0;414;false;true;true;6,38;0;6,38
1891;2,73;0;414;false;true;true;6,38;0;6,38
1892;2,73;0;414;false;true;true;6,38;0;6,38
1893;2,73;0;414;false;true;true;6,38;0;6,38
1894;2,73;0;414;false;true;true;6,38;0;6,38
1895;2,73;0;414;false;true;true;6,38;0;6,38
1896;2,74;0;414;false;true;true;6,38;0;6,38
1897;2,74;0;414;false;true;true;6,38;0;6,38
1898;2,74;0;414;false;true;true;6,38;0;6,38
1899;2,74;0;414;false;true;true;6,38;0;6,38
1900;2,74;0;414;false;true;true;6,38;0;6,38
1901;2,74;0;414;false;true;true;6,38;0;6,38
1902;2,74;0;414;false;true;true;6,38;0;6,38
1903;2,74;0;414;false;true;true;6,38;0;6,38
1904;2,74;0;414;false;true;true;6,38;0;6,38
1905;2,74;0;414;false;true;true;6,38;0;6,38
1906;2,75;0;414;false;true;true;6,38;0;6,38
1907;2,75;0;414;false;true;true;6,38;0;6,38
1908;2,75;0;414;false;true;true;6,38;0;6,38
1909;2,75;0;414;false;true;true;6,38;0;6,38
1910;2,75;0;414;false;true;true;6,38;0;6,38
1911;2,75;0;414;false;true;true;6,38;0;6,38
1912;2,75;0;414;false;true;true;6,38;0;6,38
1913;2,75;0;414;false;true;true;6,38;0;6,38
1914;2,75;0;414;false;true;true;6,38;0;6,38
1915;2,76;0;414;false;true;true;6,38;0;6,38
1916;2,76;0;414;false;true;true;6,38;0;6,38
1917;2,76;0;414;false;true;true;6,38;0;6,38
1918;2,76;0;414;false;true;true;6,38;0;6,38
1919;2,76;0;414;false;true;true;6,38;0;6,38
1920;2,76;0;414;false;true;true;6,38;0;6,38
1921;2,76;0;414;false;true;true;6,38;0;6,38
1922;2,76;0;414;false;true;true;6,38;0;6,38
1923;2,76;0;414;false;true;true;6,38;0;6,38
1924;2,76;0;414;false;true;true;6,38;0;6,38
1925;2,77;0;414;false;true;true;6,38;0;6,38
1926;2,77;0;414;false;true;true;6,38;0;6,38
1927;2,77;0;414;false;true;true;6,38;0;6,38
1928;2,77;0;414;false;true;true;6,38;0;6,38
1929;2,77;0;414;false;true;true;6,38;0;6,38
1930;2,77;0;414;false;true;true;6,38;0;6,38
1931;2,77;0;414;false;true;true;6,38;0;6,38
1932;2,77;0;414;false;true;true;6,38;0;6,38
1933;2,77;0;414;false;true;true;6,38;0;6,38
1934;2,78;0;414;false;true;true;6,38;0;6,38
1935;2,78;0;414;false;true;true;6,38;0;6,38
1936;2,78;0;414;false;true;true;6,38;0;6,38
1937;2,78;0;414;false;true;true;6,38;0;6,38
1938;2,78;0;414;false;true;true;6,38;0;6,38
1939;2,78;0;414;false;true;true;6,38;0;6,38
1940;2,78;0;414;false;true;true;6,38;0;6,38
1941;2,78;0;414;false;true;true;6,38;0;6,38
1942;2,78;0;414;false;true;true;6,38;0;6,38
1943;2,79;0;414;false;true;true;6,38;0;6,38
1944;2,79;0;414;false;true;true;6,38;0;6,38
1945;2,79;0;414;false;true;true;6,38;0;6,38
1946;2,79;0;414;false;true;true;6,38;0;6,38
1947;2,79;0;414;false;true;true;6,38;0;6,38
1948;2,79;0;414;false;true;true;6,38;0;6,38
1949;2,79;0;414;false;true;true;6,38;0;6,38
1950;2,79;0;414;false;true;true;6,38;0;6,38
1951;2,79;0;414;false;true;true;6,38;0;6,38
1952;2,8;0;414;false;true;true;6,38;0;6,38
1953;2,8;0;414;false;true;true;6,38;0;6,38
1954;2,8;0;414;false;true;true;6,38;0;6,38
1955;2,8;0;414;false;true;true;6,38;0;6,38
1956;2,8;0;414;false;true;true;6,38;0;6,38
1957;2,8;0;414;false;true;true;6,38;0;6,38
1958;2,8;0;414;false;true;true;6,38;0;6,38
1959;2,8;0;414;false;true;true;6,38;0;6,38
1960;2,8;0;414;false;true;true;6,38;0;6,38
1961;2,8;0;414;false;true;true;6,38;0;6,38
1962;2,81;0;414;false;true;true;6,38;0;6,38
1963;2,81;0;414;false;true;true;6,38;0;6,38
1964;2,81;0;414;false;true;true;6,38;0;6,38
1965;2,81;0;414;false;true;true;6,38;0;6,38
1966;2,81;0;414;false;true;true;6,38;0;6,38
1967;2,81;0;414;false;true;true;6,38;0;6,38
1968;2,81;0;414;false;true;true;6,38;0;6,38
1969;2,81;0;414;false;true;true;6,38;0;6,38
1970;2,81;0;414;false;true;true;6,38;0;6,38
1971;2,81;0;414;false;true;true;6,38;0;6,38
1972;2,82;0;414;false;true;true;6,38;0;6,38
1973;2,82;0;414;false;true;true;6,38;0;6,38
1974;2,82;0;414;false;true;true;6,38;0;6,38
1975;2,82;0;414;false;true;true;6,38;0;6,38
1976;2,82;0;414;false;true;true;6,38;0;6,38
1977;2,82;0;414;false;true;true;6,38;0;6,38
1978;2,82;0;414;false;true;true;6,38;0;6,38
1979;2,82;0;414;false;true;true;6,38;0;6,38
1980;2,82;0;414;false;true;true;6,38;0;6,38
1981;2,82;0;414;false;true;true;6,38;0;6,38
1982;2,83;0;414;false;true;true;6,38;0;6,38
1983;2,83;0;414;false;true;true;6,38;0;6,38
1984;2,83;0;414;false;true;true;6,38;0;6,38
1985;2,83;0;414;false;true;true;6,38;0;6,38
1986;2,83;0;414;false;true;true;6,38;0;6,38
1987;2,83;0;414;false;true;true;6,38;0;6,38
1988;2,83;0;414;false;true;true;6,38;0;6,38
1989;2,83;0;414;false;true;true;6,38;0;6,38
1990;2,83;554,25;414;true;true;true;0;264,33;0
1991;2,84;93,92;414;true;true;true;0;57,74;0
1992;2,85;92,67;414;true;true;true;0;60,2;0
1993;2,86;85,61;414;true;true;true;0;58,23;0
1994;2,87;74,17;414;true;true;true;0;52,6;0
1995;2,88;69,44;414;true;true;true;0;48,79;0
1996;2,89;66,07;414;true;true;true;0;48,07;0
1997;2,9;64,58;414;true;true;true;0;47,6;0
1998;2,91;62,68;414;true;true;true;0;45,05;0
1999;2,92;61,51;414;true;true;true;0;45,44;0
2000;2,93;60,15;414;true;true;true;0;41,54;0
2001;2,94;59,26;414;true;true;true;0;40,15;0
2002;2,95;58,44;414;true;true;true;0;38,6;0
2003;2,96;58,29;414;true;true;true;0;39,45;0
2004;2,97;57,65;414;true;true;true;0;37,95;0
2005;2,98;58,51;414;true;true;true;0;39,95;0
2006;2,99;56,94;414;true;true;true;0;38,83;0
2007;2,99;56,9;414;true;true;true;0;38,21;0
2008;3;55,38;414;true;true;true;0;37,06;0
2009;3,01;55,32;414;true;true;true;0;37,48;0
2010;3,02;55,05;414;true;true;true;0;36,65;0
2011;3,03;54,84;414;true;true;true;0;38,43;0
2012;3,04;54,51;414;true;true;true;0;36,59;0
2013;3,05;54,61;414;true;true;true;0;39,56;0
2014;3,06;53,86;414;true;true;true;0;37,2;0
2015;3,07;55,11;414;true;true;true;0;39,41;0
2016;3,07;53,58;414;true;true;true;0;36,47;0
2017;3,08;55,58;414;true;true;true;0;39,73;0
2018;3,09;53,84;414;true;true;true;0;39,16;0
2019;3,1;55,91;414;true;true;true;0;39,43;0
2020;3,11;53,97;414;true;true;true;0;39,03;0
2021;3,12;55,66;414;true;true;true;0;39,13;0
2022;3,12;53,81;414;true;true;true;0;40,1;0
2023;3,13;55,65;414;true;true;true;0;38,94;0
2024;3,14;53,89;414;true;true;true;0;39,89;0
2025;3,15;55,65;414;true;true;true;0;38,75;0
2026;3,16;53,85;414;true;true;true;0;39,68;0
2027;3,17;55,49;414;true;true;true;0;38,48;0
2028;3,17;53,73;414;true;true;true;0;40,09;0
2029;3,18;55,29;414;true;true;true;0;38,82;0
2030;3,19;53,65;414;true;true;true;0;40;0
2031;3,2;55,16;414;true;true;true;0;38,64;0
2032;3,21;53,67;414;true;true;true;0;37,11;0
2033;3,21;55,16;414;true;true;true;0;38,53;0
2034;3,22;53,8;414;true;true;true;0;37,11;0
2035;3,23;55,27;414;true;true;true;0;38,45;0
2036;3,24;54;414;true;true;true;0;36,95;0
2037;3,25;55,41;414;true;true;true;0;38,21;0
2038;3,26;54,21;414;true;true;true;0;36,99;0
2039;3,27;55,54;414;true;true;true;0;38,15;0
2040;3,28;54,39;414;true;true;true;0;38,13;0
2041;3,28;55,61;414;true;true;true;0;38,38;0
2042;3,29;54,52;414;true;true;true;0;38,15;0
2043;3,3;55,6;414;true;true;true;0;38,27;0
2044;3,31;54,57;414;true;true;true;0;38,13;0
2045;3,32;55,51;414;true;true;true;0;38,14;0
2046;3,32;54,5;414;true;true;true;0;38,03;0
2047;3,33;55,27;414;true;true;true;0;37,96;0
2048;3,34;54,2;414;true;true;true;0;37,8;0
2049;3,35;54,8;414;true;true;true;0;37,07;0
2050;3,36;53,55;414;true;true;true;0;36,45;0
2051;3,37;54,07;414;true;true;true;0;36,75;0
2052;3,38;52,66;414;true;true;true;0;38,89;0
2053;3,38;53,28;414;true;true;true;0;36,44;0
2054;3,39;52,16;414;true;true;true;0;36,14;0
2055;3,4;53,15;414;true;true;true;0;36,85;0
2056;3,41;52,01;414;true;true;true;0;36,47;0
2057;3,42;53,01;414;true;true;true;0;37,04;0
2058;3,43;51,82;414;true;true;true;0;36,5;0
2059;3,44;52,87;414;true;true;true;0;36,95;0
2060;3,45;51,62;414;true;true;true;0;36,53;0
2061;3,46;52,76;414;true;true;true;0;36,88;0
2062;3,47;51,45;414;true;true;true;0;36,56;0
2063;3,48;52,68;414;true;true;true;0;36,82;0
2064;3,49;51,31;414;true;true;true;0;36,59;0
2065;3,49;52,62;414;true;true;true;0;36,77;0
2066;3,5;51,19;414;true;true;true;0;36,61;0
2067;3,51;52,57;414;true;true;true;0;36,72;0
2068;3,52;51,09;414;true;true;true;0;36,62;0
2069;3,53;52,51;414;true;true;true;0;36,68;0
2070;3,54;51;414;true;true;true;0;36,62;0
2071;3,55;52,47;414;true;true;true;0;36,64;0
2072;3,56;50,92;414;true;true;true;0;36,62;0
2073;3,56;52,44;414;true;true;true;0;36,6;0
2074;3,57;50,86;414;true;true;true;0;36,63;0
2075;3,58;52,42;414;true;true;true;0;36,58;0
2076;3,59;50,81;414;true;true;true;0;36,63;0
2077;3,6;52,39;414;true;true;true;0;36,55;0
2078;3,61;50,76;414;true;true;true;0;36,62;0
2079;3,62;52,37;414;true;true;true;0;36,52;0
2080;3,62;50,72;414;true;true;true;0;36,62;0
2081;3,63;52,35;414;true;true;true;0;36,5;0
2082;3,64;50,69;414;true;true;true;0;36,62;0
2083;3,65;52,34;414;true;true;true;0;36,48;0
2084;3,66;50,66;414;true;true;true;0;36,61;0
2085;3,67;52,32;414;true;true;true;0;36,46;0
2086;3,68;50,63;414;true;true;true;0;36,61;0
2087;3,69;52,31;414;true;true;true;0;36,45;0
2088;3,69;50,61;414;true;true;true;0;36,61;0
2089;3,7;52,31;414;true;true;true;0;36,44;0
2090;3,71;50,59;414;true;true;true;0;36,61;0
2091;3,72;52,3;414;true;true;true;0;36,43;0
2092;3,73;50,57;414;true;true;true;0;36,61;0
2093;3,74;52,29;414;true;true;true;0;36,42;0
2094;3,75;50,56;414;true;true;true;0;36,61;0
2095;3,76;52,28;414;true;true;true;0;36,41;0
2096;3,76;50,54;414;true;true;true;0;36,6;0
2097;3,77;52,27;414;true;true;true;0;36,4;0
2098;3,78;50,53;414;true;true;true;0;36,6;0