lengthMiddleSegment: 85597.07
step_energy: 0.05
electrostatic_force_factor: 1.0
spring_force_factor: 0.1
reject_force_factor: 2.0
distanceRejectRadius: 21399.2675
distanceSamePosition: 21399.2675
Iteration;time;energy;num nodes;reject force is enabled;spring force is enabled;electrostatic force is enabled;str_force;rep_force;elec_force
1;0;50,36;1498;false;true;true;18,36;0;32,13
2;0,03;59,92;1444;false;true;true;21,33;0;39,43
3;0,09;56,56;1384;false;true;true;20,87;0;37,6
4;0,1;55,36;1325;false;true;true;19,09;0;37,95
5;0,11;52,92;1278;false;true;true;20,05;0;34,61
6;0,12;50,53;1228;false;true;true;17,97;0;34,52
7;0,13;50,57;1176;false;true;true;18,65;0;33,96
8;0,14;49,8;1131;false;true;true;18,03;0;34,12
9;0,15;48,79;1087;false;true;true;18,65;0;32,01
10;0,15;47,19;1048;false;true;true;18,03;0;30,53
11;0,16;46,92;1009;false;true;true;17,48;0;31,15
12;0,16;45,54;970;false;true;true;18,54;0;28,34
13;0,17;46,44;938;false;true;true;17,5;0;31,76
14;0,17;44,92;901;false;true;true;18,5;0;29,29
15;0,18;43,88;869;false;true;true;17,44;0;29,11
16;0,18;41,66;840;false;true;true;17,35;0;26,83
17;0,19;40,11;814;false;true;true;16,93;0;25,89
18;0,19;39,77;791;false;true;true;17,3;0;26,13
19;0,19;38,63;769;false;true;true;17,46;0;25,97
20;0,2;37,24;748;false;true;true;17,57;0;24,27
21;0,2;35,56;725;false;true;true;16,83;0;22,28
22;0,21;34,93;709;false;true;true;16,43;0;22,55
23;0,21;32,66;690;false;true;true;16,67;0;20,66
24;0,21;31,28;673;false;true;true;15,72;0;18,38
25;0,22;30,08;660;false;true;true;14,83;0;18,49
26;0,22;30,79;647;false;true;true;14,97;0;19,22
27;0,22;28,49;631;false;true;true;14,4;0;16,66
28;0,23;25,84;618;false;true;true;13,91;0;13,66
29;0,23;26,66;613;false;true;true;13,42;0;16,45
30;0,23;25,18;601;false;true;true;14,33;0;14,82
31;0,24;25,24;596;false;true;true;14,02;0;16,44
32;0,24;24,29;586;false;true;true;14,31;0;15,1
33;0,24;22,95;575;false;true;true;14,07;0;12,06
34;0,25;21,04;569;false;true;true;13,06;0;11,58
35;0,25;21,56;566;false;true;true;12,76;0;13,41
36;0,25;22,22;560;false;true;true;13,18;0;13,77
37;0,26;21,01;552;false;true;true;13,34;0;11,78
38;0,26;20,76;548;false;true;true;12,69;0;12,12
39;0,26;20,35;540;false;true;true;12,6;0;10,34
40;0,26;19,6;537;false;true;true;11,72;0;10,8
41;0,27;19,1;534;false;true;true;11,59;0;11,32
42;0,27;19,16;528;false;true;true;12,71;0;11,02
43;0,27;18,77;525;false;true;true;12,57;0;11,36
44;0,28;18,8;520;false;true;true;12,24;0;10,89
45;0,28;19,42;517;false;true;true;12,43;0;11,94
46;0,28;19,09;513;false;true;true;12,49;0;11,81
47;0,28;18,86;508;false;true;true;12,42;0;11,29
48;0,28;18,59;503;false;true;true;12,21;0;10,68
49;0,29;18,43;500;false;true;true;11,91;0;11,14
50;0,29;17,86;496;false;true;true;11,88;0;10,64
51;0,29;17,35;492;false;true;true;12,26;0;10,33
52;0,29;17,12;488;false;true;true;12,18;0;9,72
53;0,3;17,38;485;false;true;true;12,06;0;10,01
54;0,3;17,42;481;false;true;true;12,25;0;9,92
55;0,3;16,93;477;false;true;true;12,17;0;9,42
56;0,3;16,75;474;false;true;true;11,52;0;9,26
57;0,31;16,31;471;false;true;true;11,4;0;9,19
58;0,31;16,37;468;false;true;true;11,98;0;9,6
59;0,31;16,7;466;false;true;true;11,79;0;10,28
60;0,31;16,96;461;false;true;true;12,04;0;9,39
61;0,31;16,99;459;false;true;true;11,95;0;10,1
62;0,32;16,08;454;false;true;true;11,69;0;8,64
63;0,32;16,06;452;false;true;true;11,38;0;9,18
64;0,32;16,15;451;false;true;true;11,47;0;10,38
65;0,32;16,53;447;false;true;true;11,41;0;9,52
66;0,32;16,33;444;false;true;true;11,26;0;9,33
67;0,33;16,51;441;false;true;true;11,35;0;9,49
68;0,33;15,57;437;false;true;true;10,83;0;8,6
69;0,33;16,14;436;false;true;true;10,99;0;10,12
70;0,33;15,43;430;false;true;true;11,14;0;8,15
71;0,34;15,44;429;false;true;true;11,12;0;9,42
72;0,34;15,26;426;false;true;true;11,36;0;9,62
73;0,34;15,05;423;false;true;true;10,94;0;9,13
74;0,34;14,73;420;false;true;true;11,37;0;9,1
75;0,34;15,56;419;false;true;true;11,43;0;10,5
76;0,35;14,93;415;false;true;true;11,68;0;9,84
77;0,35;15,04;411;false;true;true;11,33;0;8,99
78;0,35;14,89;408;false;true;true;11,31;0;9,07
79;0,36;13,83;405;false;true;true;10,25;0;7,76
80;0,36;13,74;403;false;true;true;10,49;0;8,31
81;0,4;13,79;401;false;true;true;10,6;0;8,53
82;0,4;13,83;398;false;true;true;10,54;0;7,96
83;0,4;13,15;396;false;true;true;10,52;0;7,76
84;0,41;13,4;395;false;true;true;10,67;0;8,73
85;0,41;13,47;393;false;true;true;10,44;0;8,64
86;0,41;13,48;390;false;true;true;10,8;0;8,14
87;0,41;13,41;387;false;true;true;10,96;0;7,79
88;0,41;13,3;385;false;true;true;10,4;0;7,58
89;0,41;12,89;382;false;true;true;10,24;0;6,86
90;0,42;13,07;382;false;true;true;10,21;0;8,15
91;0,42;13,27;379;false;true;true;10;0;7,37
92;0,42;13,14;377;false;true;true;10,32;0;7,45
93;0,42;13,17;375;false;true;true;10,44;0;7,66
94;0,43;12,93;372;false;true;true;10,23;0;6,97
95;0,43;12,92;371;false;true;true;10,06;0;7,47
96;0,43;12,87;369;false;true;true;10,12;0;7,49
97;0,43;12,96;367;false;true;true;10,11;0;7,58
98;0,43;12,78;364;false;true;true;10,3;0;7,13
99;0,44;12,65;362;false;true;true;9,79;0;6,94
100;0,44;11,53;360;false;true;true;9,43;0;6,34
101;0,44;11,69;360;false;true;true;9,59;0;7,47
102;0,44;11,43;358;false;true;true;9,8;0;7,03
103;0,44;11,87;357;false;true;true;10,2;0;7,71
104;0,45;11,59;355;false;true;true;10,33;0;7,4
105;0,45;11,73;353;false;true;true;10,12;0;7,07
106;0,45;11,75;352;false;true;true;10;0;7,48
107;0,45;11,43;349;false;true;true;9,62;0;6,22
108;0,46;11,1;348;false;true;true;9,26;0;6,35
109;0,46;10,75;346;false;true;true;9,22;0;5,89
110;0,46;10,3;345;false;true;true;9,08;0;5,74
111;0,46;10,27;345;false;true;true;9,26;0;6,45
112;0,46;10,42;344;false;true;true;9,71;0;6,76
113;0,47;10,44;342;false;true;true;9,86;0;6,27
114;0,47;10,58;342;false;true;true;10,01;0;7,23
115;0,47;10,39;340;false;true;true;9,93;0;6,65
116;0,47;10,31;339;false;true;true;9,91;0;6,83
117;0,48;10,17;338;false;true;true;9,93;0;6,89
118;0,48;9,88;337;false;true;true;9,98;0;6,85
119;0,48;9,97;337;false;true;true;10,25;0;7,65
120;0,48;10,46;337;false;true;true;10,81;0;8,8
121;0,48;11,16;335;false;true;true;11,19;0;8,85
122;0,49;11,51;330;false;true;true;10,35;0;6,56
123;0,49;11,54;329;false;true;true;9,97;0;7,07
124;0,49;11,42;326;false;true;true;9,28;0;5,82
125;0,49;10,81;324;false;true;true;9,03;0;5,47
126;0,49;10,41;323;false;true;true;8,58;0;5,46
127;0,5;10,23;323;false;true;true;8,5;0;6,23
128;0,5;9,6;322;false;true;true;9,05;0;6,09
129;0,5;9,43;320;false;true;true;8,71;0;5,61
130;0,5;9,26;319;false;true;true;8,86;0;5,58
131;0,5;9,08;319;false;true;true;8,91;0;6,17
132;0,5;9,12;318;false;true;true;8,92;0;6,19
133;0,51;9,25;318;false;true;true;9,3;0;7,04
134;0,51;9,32;316;false;true;true;9,46;0;6,54
135;0,51;8,74;315;false;true;true;9,29;0;6,29
136;0,51;9,1;314;false;true;true;9,11;0;6,43
137;0,51;8,84;312;false;true;true;8,8;0;5,58
138;0,51;8,85;311;false;true;true;8,62;0;5,52
139;0,51;8,85;310;false;true;true;8,35;0;5,45
140;0,51;8,41;309;false;true;true;8,09;0;5,06
141;0,51;8,32;309;false;true;true;8,21;0;5,58
142;0,51;8,57;309;false;true;true;8,55;0;6,37
143;0,52;8,34;307;false;true;true;8,41;0;5,34
144;0,52;8,43;306;false;true;true;8,1;0;4,99
145;0,52;8,42;306;false;true;true;8,19;0;5,63
146;0,52;8,3;305;false;true;true;8,11;0;5,41
147;0,52;8,22;304;false;true;true;8,06;0;5,17
148;0,52;7,92;303;false;true;true;7,95;0;4,8
149;0,52;7,83;303;false;true;true;8,02;0;5,26
150;0,53;8,02;303;false;true;true;8,27;0;5,95
151;0,53;7,93;301;false;true;true;7,93;0;4,87
152;0,53;7,5;300;false;true;true;7,74;0;4,47
153;0,53;7,24;300;false;true;true;7,69;0;4,75
154;0,54;7,1;300;false;true;true;7,74;0;5,07
155;0,54;7,07;300;false;true;true;8,03;0;5,43
156;0,54;7,15;300;false;true;true;8,41;0;5,9
157;0,54;7,41;299;false;true;true;8,61;0;5,77
158;0,54;7,45;298;false;true;true;8,67;0;5,6
159;0,55;7,41;297;false;true;true;8,62;0;5,4
160;0,55;7,35;297;false;true;true;8,63;0;5,87
161;0,55;7,52;297;false;true;true;8,82;0;6,52
162;0,55;8,04;296;false;true;true;8,8;0;6,66
163;0,55;7,54;293;false;true;true;8,2;0;4,74
164;0,56;7,27;292;false;true;true;7,65;0;4,22
165;0,56;7,05;292;false;true;true;7,51;0;4,54
166;0,56;7;291;false;true;true;7,25;0;4,09
167;0,56;6,75;291;false;true;true;7,28;0;4,34
168;0,56;6,6;291;false;true;true;7,44;0;4,62
169;0,56;6,57;291;false;true;true;7,66;0;4,99
170;0,56;6,49;290;false;true;true;7,35;0;4,4
171;0,57;6,61;290;false;true;true;7,58;0;4,92
172;0,57;6,42;288;false;true;true;7,22;0;3,72
173;0,57;6,19;288;false;true;true;7,11;0;3,95
174;0,57;6,1;288;false;true;true;7,09;0;4,23
175;0,57;6,18;288;false;true;true;7,19;0;4,66
176;0,57;5,97;287;false;true;true;7,05;0;4,09
177;0,57;5,9;287;false;true;true;7,16;0;4,37
178;0,57;5,95;287;false;true;true;7,31;0;4,75
179;0,57;6,14;286;false;true;true;7,22;0;4,37
180;0,58;6,09;285;false;true;true;6,97;0;3,95
181;0,58;5,96;284;false;true;true;6,7;0;3,48
182;0,58;5,7;284;false;true;true;6,54;0;3,66
183;0,58;5,54;284;false;true;true;6,53;0;3,85
184;0,58;5,48;284;false;true;true;6,63;0;4,1
185;0,58;5,49;283;false;true;true;6,59;0;3,67
186;0,58;5,32;283;false;true;true;6,6;0;3,84
187;0,58;5,24;283;false;true;true;6,67;0;4,05
188;0,58;5,28;283;false;true;true;6,8;0;4,36
189;0,59;5,17;282;false;true;true;6,57;0;3,76
190;0,59;5,04;282;false;true;true;6,59;0;3,93
191;0,59;4,98;282;false;true;true;6,64;0;4,13
192;0,59;5,03;282;false;true;true;6,79;0;4,42
193;0,59;4,93;281;false;true;true;6,56;0;3,77
194;0,59;4,75;281;false;true;true;6,52;0;3,9
195;0,59;4,63;281;false;true;true;6,54;0;4,03
196;0,6;4,56;281;false;true;true;6,68;0;4,18
197;0,6;4,53;281;false;true;true;6,83;0;4,36
198;0,6;4,55;281;false;true;true;6,99;0;4,57
199;0,6;4,66;281;false;true;true;7,18;0;4,87
200;0,6;4,82;280;false;true;true;7,22;0;4,55
201;0,6;4,78;279;false;true;true;6,94;0;4
202;0,6;4,59;279;false;true;true;6,79;0;4,14
203;0,6;4,49;279;false;true;true;6,73;0;4,29
204;0,6;4,45;279;false;true;true;6,78;0;4,47
205;0,61;4,48;279;false;true;true;6,92;0;4,7
206;0,61;4,73;278;false;true;true;6,76;0;4,21
207;0,61;4,63;278;false;true;true;6,77;0;4,4
208;0,61;4,64;278;false;true;true;6,84;0;4,65
209;0,61;4,75;277;false;true;true;6,68;0;4,13
210;0,61;4,63;277;false;true;true;6,7;0;4,31
211;0,61;4,61;277;false;true;true;6,78;0;4,54
212;0,61;4,69;277;false;true;true;6,93;0;4,84
213;0,61;5,01;276;false;true;true;6,73;0;4,52
214;0,62;4,81;275;false;true;true;6,47;0;3,92
215;0,62;4,65;275;false;true;true;6,39;0;4,07
216;0,62;4,56;275;false;true;true;6,45;0;4,23
217;0,62;4,52;275;false;true;true;6,56;0;4,41
218;0,62;4,53;275;false;true;true;6,74;0;4,62
219;0,62;4,59;275;false;true;true;6,96;0;4,88
220;0,62;4,74;275;false;true;true;7,21;0;5,23
221;0,62;5,08;275;false;true;true;7,52;0;5,78
222;0,63;5,4;274;false;true;true;7,51;0;5,58
223;0,63;5,35;272;false;true;true;7,06;0;4,41
224;0,63;5,19;271;false;true;true;6,46;0;3,77
225;0,63;4,95;271;false;true;true;6,2;0;3,96
226;0,63;4,85;271;false;true;true;6,16;0;4,19
227;0,63;4,97;270;false;true;true;5,9;0;3,59
228;0,63;4,78;270;false;true;true;5,94;0;3,76
229;0,63;4,71;270;false;true;true;6,05;0;3,96
230;0,63;4,78;270;false;true;true;6,23;0;4,27
231;0,63;4,64;269;false;true;true;6,06;0;3,61
232;0,64;4,52;269;false;true;true;6,08;0;3,75
233;0,64;4,48;269;false;true;true;6,14;0;3,93
234;0,64;4,55;269;false;true;true;6,29;0;4,21
235;0,64;4,42;268;false;true;true;6,18;0;3,59
236;0,64;4,26;268;false;true;true;6,15;0;3,7
237;0,64;4,17;268;false;true;true;6,15;0;3,8
238;0,64;4,1;268;false;true;true;6,18;0;3,92
239;0,64;4,07;268;false;true;true;6,3;0;4,06
240;0,65;4,09;268;false;true;true;6,43;0;4,23
241;0,65;4,17;268;false;true;true;6,59;0;4,48
242;0,65;4,24;267;false;true;true;6,45;0;3,9
243;0,65;4,13;267;false;true;true;6,42;0;4,03
244;0,65;4,08;267;false;true;true;6,43;0;4,18
245;0,65;4,11;267;false;true;true;6,48;0;4,39
246;0,65;4,24;267;false;true;true;6,65;0;4,7
247;0,65;4,43;266;false;true;true;6,52;0;4,26
248;0,65;4,19;265;false;true;true;6,22;0;3,59
249;0,66;4;265;false;true;true;6,07;0;3,67
250;0,66;3,86;265;false;true;true;5,98;0;3,74
251;0,66;3,76;265;false;true;true;5,96;0;3,82
252;0,66;3,68;265;false;true;true;6,02;0;3,89
253;0,66;3,62;265;false;true;true;6,11;0;3,97
254;0,66;3,57;265;false;true;true;6,2;0;4,05
255;0,67;3,53;265;false;true;true;6,28;0;4,13
256;0,67;3,51;265;false;true;true;6,37;0;4,23
257;0,67;3,49;265;false;true;true;6,45;0;4,33
258;0,67;3,48;265;false;true;true;6,53;0;4,44
259;0,67;3,5;265;false;true;true;6,64;0;4,57
260;0,67;3,54;265;false;true;true;6,75;0;4,72
261;0,67;3,6;265;false;true;true;6,87;0;4,91
262;0,68;3,73;265;false;true;true;7,03;0;5,16
263;0,68;3,96;265;false;true;true;7,23;0;5,54
264;0,68;4,44;264;false;true;true;7,25;0;5,36
265;0,68;4,38;262;false;true;true;6,48;0;3,98
266;0,68;4,17;262;false;true;true;6,24;0;4,13
267;0,68;4,07;262;false;true;true;6,11;0;4,32
268;0,68;4,12;262;false;true;true;6,22;0;4,58
269;0,69;4,11;261;false;true;true;5,89;0;3,85
270;0,69;3,98;261;false;true;true;5,92;0;3,97
271;0,69;3,92;261;false;true;true;5,99;0;4,12
272;0,69;3,93;261;false;true;true;6,13;0;4,31
273;0,69;4,05;261;false;true;true;6,32;0;4,6
274;0,69;3,98;260;false;true;true;6,09;0;3,9
275;0,69;3,88;260;false;true;true;6,09;0;4,02
276;0,69;3,83;260;false;true;true;6,13;0;4,16
277;0,69;3,84;260;false;true;true;6,22;0;4,34
278;0,69;3,94;260;false;true;true;6,37;0;4,6
279;0,7;4,04;259;false;true;true;6,31;0;4,12
280;0,7;4,02;259;false;true;true;6,31;0;4,34
281;0,7;4;258;false;true;true;6,11;0;3,79
282;0,7;3,84;258;false;true;true;6;0;3,89
283;0,7;3,74;258;false;true;true;5,99;0;4
284;0,7;3,69;258;false;true;true;6,03;0;4,13
285;0,71;3,68;258;false;true;true;6,14;0;4,27
286;0,71;3,7;258;false;true;true;6,28;0;4,46
287;0,71;3,81;258;false;true;true;6,44;0;4,72
288;0,71;4,25;257;false;true;true;6,31;0;4,31
289;0,71;4,04;256;false;true;true;5,89;0;3,56
290;0,71;3,85;256;false;true;true;5,76;0;3,65
291;0,71;3,72;256;false;true;true;5,7;0;3,74
292;0,71;3,64;256;false;true;true;5,75;0;3,84
293;0,71;3,59;256;false;true;true;5,87;0;3,95
294;0,71;3,57;256;false;true;true;5,99;0;4,08
295;0,72;3,59;256;false;true;true;6,12;0;4,23
296;0,72;3,67;256;false;true;true;6,26;0;4,45
297;0,72;3,85;255;false;true;true;6,23;0;4,02
298;0,72;3,8;255;false;true;true;6,2;0;4,21
299;0,72;3,87;254;false;true;true;5,96;0;3,68
300;0,72;3,69;254;false;true;true;5,8;0;3,78
301;0,72;3,58;254;false;true;true;5,75;0;3,9
302;0,72;3,55;254;false;true;true;5,79;0;4,05
303;0,73;3,61;254;false;true;true;5,93;0;4,27
304;0,73;3,61;253;false;true;true;5,69;0;3,59
305;0,73;3,46;253;false;true;true;5,64;0;3,67
306;0,73;3,37;253;false;true;true;5,63;0;3,75
307;0,73;3,31;253;false;true;true;5,66;0;3,84
308;0,73;3,28;253;false;true;true;5,73;0;3,93
309;0,73;3,27;253;false;true;true;5,83;0;4,05
310;0,73;3,29;253;false;true;true;5,94;0;4,2
311;0,73;3,39;253;false;true;true;6,07;0;4,43
312;0,74;3,4;252;false;true;true;5,95;0;3,84
313;0,74;3,29;252;false;true;true;5,88;0;3,93
314;0,74;3,24;252;false;true;true;5,86;0;4,05
315;0,74;3,23;252;false;true;true;5,88;0;4,2
316;0,74;3,32;252;false;true;true;5,96;0;4,43
317;0,74;3,32;251;false;true;true;5,69;0;3,72
318;0,74;3,2;251;false;true;true;5,63;0;3,8
319;0,74;3,11;251;false;true;true;5,61;0;3,88
320;0,74;3,06;251;false;true;true;5,64;0;3,98
321;0,75;3,04;251;false;true;true;5,73;0;4,09
322;0,75;3,06;251;false;true;true;5,83;0;4,24
323;0,75;3,18;250;false;true;true;5,43;0;3,59
324;0,75;3,08;250;false;true;true;5,41;0;3,67
325;0,75;3,03;250;false;true;true;5,42;0;3,75
326;0,75;3;250;false;true;true;5,47;0;3,85
327;0,75;3;250;false;true;true;5,59;0;3,97
328;0,75;3,05;250;false;true;true;5,7;0;4,13
329;0,76;3,23;249;false;true;true;5,5;0;3,54
330;0,76;3,11;249;false;true;true;5,42;0;3,63
331;0,76;3,05;249;false;true;true;5,4;0;3,72
332;0,76;3,03;249;false;true;true;5,45;0;3,85
333;0,76;3,09;249;false;true;true;5,55;0;4,04
334;0,76;3,13;248;false;true;true;5,39;0;3,44
335;0,76;3,01;248;false;true;true;5,32;0;3,5
336;0,77;2,93;248;false;true;true;5,28;0;3,58
337;0,77;2,88;248;false;true;true;5,27;0;3,66
338;0,77;2,86;248;false;true;true;5,33;0;3,77
339;0,77;2,91;248;false;true;true;5,43;0;3,94
340;0,77;2,98;247;false;true;true;5,16;0;3,26
341;0,77;2,84;247;false;true;true;5,05;0;3,3
342;0,77;2,74;247;false;true;true;5;0;3,34
343;0,77;2,68;247;false;true;true;5;0;3,38
344;0,77;2,62;247;false;true;true;5,03;0;3,42
345;0,78;2,57;247;false;true;true;5,08;0;3,46
346;0,78;2,52;247;false;true;true;5,13;0;3,5
347;0,78;2,48;247;false;true;true;5,17;0;3,54
348;0,78;2,45;247;false;true;true;5,21;0;3,59
349;0,78;2,43;247;false;true;true;5,25;0;3,64
350;0,78;2,41;247;false;true;true;5,29;0;3,7
351;0,79;2,41;247;false;true;true;5,34;0;3,76
352;0,79;2,41;247;false;true;true;5,38;0;3,83
353;0,79;2,43;247;false;true;true;5,44;0;3,93
354;0,79;2,48;247;false;true;true;5,51;0;4,05
355;0,79;2,59;247;false;true;true;5,6;0;4,24
356;0,79;2,77;246;false;true;true;5,46;0;3,7
357;0,79;2,75;246;false;true;true;5,38;0;3,85
358;0,79;2,85;245;false;true;true;4,99;0;3,17
359;0,79;2,68;245;false;true;true;4,81;0;3,2
360;0,8;2,56;245;false;true;true;4,72;0;3,23
361;0,8;2,46;245;false;true;true;4,72;0;3,26
362;0,8;2,39;245;false;true;true;4,77;0;3,29
363;0,8;2,33;245;false;true;true;4,82;0;3,32
364;0,8;2,27;245;false;true;true;4,85;0;3,34
365;0,8;2,23;245;false;true;true;4,88;0;3,37
366;0,8;2,19;245;false;true;true;4,9;0;3,39
367;0,8;2,15;245;false;true;true;4,92;0;3,42
368;0,81;2,12;245;false;true;true;4,94;0;3,45
369;0,81;2,09;245;false;true;true;4,97;0;3,48
370;0,81;2,07;245;false;true;true;4,98;0;3,51
371;0,81;2,04;245;false;true;true;5;0;3,54
372;0,81;2,03;245;false;true;true;5,02;0;3,57
373;0,81;2,02;245;false;true;true;5,04;0;3,61
374;0,81;2,01;245;false;true;true;5,06;0;3,65
375;0,81;2;245;false;true;true;5,09;0;3,7
376;0,81;2,01;245;false;true;true;5,13;0;3,76
377;0,81;2,02;245;false;true;true;5,16;0;3,82
378;0,81;2,06;245;false;true;true;5,21;0;3,91
379;0,82;2,12;245;false;true;true;5,27;0;4,03
380;0,82;2,24;245;false;true;true;5,35;0;4,22
381;0,82;2,64;244;false;true;true;5,16;0;3,37
382;0,82;2,66;244;false;true;true;5,01;0;3,58
383;0,82;2,95;244;false;true;true;4,91;0;4,04
384;0,82;2,67;242;false;true;true;4,76;0;4,06
385;0,82;3,07;241;false;true;true;4,46;0;3,38
386;0,82;3,24;241;false;true;true;4,5;0;3,84
387;0,82;2,93;240;false;true;true;4,35;0;3,41
388;0,82;3,15;240;false;true;true;4,3;0;3,85
389;0,83;3,16;239;false;true;true;4,46;0;3,87
390;0,83;3,17;238;false;true;true;4,46;0;3,79
391;0,83;2,71;237;false;true;true;4,42;0;3,41
392;0,83;2,72;237;false;true;true;4,34;0;3,61
393;0,83;2,93;237;false;true;true;4,44;0;4,01
394;0,83;2,54;236;false;true;true;4,43;0;3,46
395;0,83;2,53;236;false;true;true;4,37;0;3,62
396;0,83;2,59;236;false;true;true;4,38;0;3,84
397;0,83;2,54;235;false;true;true;4,69;0;3,56
398;0,83;2,4;235;false;true;true;4,54;0;3,72
399;0,84;2,38;235;false;true;true;4,46;0;3,94
400;0,84;2,3;234;false;true;true;4,34;0;3,49
401;0,84;2,22;234;false;true;true;4,33;0;3,64
402;0,84;2,25;234;false;true;true;4,36;0;3,86
403;0,84;1,83;233;false;true;true;4,19;0;3,12
404;0,84;1,75;233;false;true;true;4,17;0;3,16
405;0,84;1,69;233;false;true;true;4,17;0;3,2
406;0,84;1,66;233;false;true;true;4,19;0;3,24
407;0,84;1,64;233;false;true;true;4,23;0;3,29
408;0,85;1,63;233;false;true;true;4,27;0;3,35
409;0,85;1,65;233;false;true;true;4,31;0;3,43
410;0,85;1,7;233;false;true;true;4,38;0;3,55
411;0,85;1,85;233;false;true;true;4,46;0;3,78
412;0,85;1,71;232;false;true;true;4,21;0;3,08
413;0,85;1,64;232;false;true;true;4,12;0;3,11
414;0,85;1,59;232;false;true;true;4,06;0;3,14
415;0,85;1,55;232;false;true;true;4,03;0;3,17
416;0,86;1,52;232;false;true;true;4,05;0;3,2
417;0,86;1,49;232;false;true;true;4,09;0;3,24
418;0,86;1,48;232;false;true;true;4,13;0;3,27
419;0,86;1,47;232;false;true;true;4,17;0;3,31
420;0,86;1,46;232;false;true;true;4,21;0;3,36
421;0,86;1,46;232;false;true;true;4,25;0;3,41
422;0,86;1,48;232;false;true;true;4,29;0;3,48
423;0,87;1,53;232;false;true;true;4,35;0;3,58
424;0,87;1,64;232;false;true;true;4,43;0;3,75
425;0,87;1,6;231;false;true;true;4,21;0;3,14
426;0,87;1,52;231;false;true;true;4,11;0;3,16
427;0,87;1,47;231;false;true;true;4,04;0;3,19
428;0,87;1,43;231;false;true;true;4,01;0;3,22
429;0,88;1,4;231;false;true;true;4,02;0;3,25
430;0,88;1,38;231;false;true;true;4,06;0;3,27
431;0,88;1,36;231;false;true;true;4,09;0;3,3
432;0,88;1,34;231;false;true;true;4,13;0;3,33
433;0,88;1,33;231;false;true;true;4,16;0;3,37
434;0,88;1,33;231;false;true;true;4,2;0;3,41
435;0,88;1,33;231;false;true;true;4,23;0;3,45
436;0,88;1,34;231;false;true;true;4,27;0;3,51
437;0,88;1,37;231;false;true;true;4,32;0;3,59
438;0,88;1,44;231;false;true;true;4,38;0;3,7
439;0,89;1,59;231;false;true;true;4,46;0;3,91
440;0,89;1,48;230;false;true;true;4,17;0;3,2
441;0,89;1,4;230;false;true;true;4,08;0;3,23
442;0,89;1,36;230;false;true;true;4,02;0;3,25
443;0,89;1,32;230;false;true;true;3,98;0;3,28
444;0,89;1,29;230;false;true;true;4,01;0;3,3
445;0,89;1,26;230;false;true;true;4,04;0;3,32
446;0,89;1,25;230;false;true;true;4,08;0;3,35
447;0,89;1,23;230;false;true;true;4,11;0;3,38
448;0,9;1,22;230;false;true;true;4,14;0;3,4
449;0,9;1,21;230;false;true;true;4,17;0;3,44
450;0,9;1,2;230;false;true;true;4,2;0;3,47
451;0,9;1,21;230;false;true;true;4,23;0;3,51
452;0,9;1,22;230;false;true;true;4,27;0;3,56
453;0,9;1,24;230;false;true;true;4,31;0;3,62
454;0,9;1,27;230;false;true;true;4,36;0;3,7
455;0,9;1,35;230;false;true;true;4,42;0;3,82
456;0,9;1,53;230;false;true;true;4,51;0;4,06
457;0,91;1,38;229;false;true;true;4,17;0;3,28
458;0,91;1,31;229;false;true;true;4,08;0;3,3
459;0,91;1,26;229;false;true;true;4,02;0;3,32
460;0,91;1,22;229;false;true;true;3,99;0;3,35
461;0,91;1,19;229;false;true;true;4,02;0;3,37
462;0,91;1,17;229;false;true;true;4,06;0;3,39
463;0,91;1,15;229;false;true;true;4,1;0;3,41
464;0,92;1,14;229;false;true;true;4,13;0;3,44
465;0,92;1,12;229;false;true;true;4,15;0;3,46
466;0,92;1,11;229;false;true;true;4,18;0;3,48
467;0,92;1,1;229;false;true;true;4,21;0;3,51
468;0,92;1,09;229;false;true;true;4,23;0;3,54
469;0,92;1,09;229;false;true;true;4,25;0;3,57
470;0,92;1,09;229;false;true;true;4,28;0;3,6
471;0,92;1,1;229;false;true;true;4,31;0;3,64
472;0,92;1,1;229;false;true;true;4,34;0;3,68
473;0,92;1,12;229;false;true;true;4,38;0;3,74
474;0,93;1,15;229;false;true;true;4,42;0;3,8
475;0,93;1,19;229;false;true;true;4,48;0;3,89
476;0,93;1,26;229;false;true;true;4,54;0;4,01
477;0,93;1,42;229;false;true;true;4,64;0;4,21
478;0,93;1,4;228;false;true;true;4,31;0;3,52
479;0,93;1,36;228;false;true;true;4,24;0;3,58
480;0,93;1,35;228;false;true;true;4,21;0;3,66
481;0,93;1,38;228;false;true;true;4,21;0;3,77
482;0,93;1,6;227;false;true;true;3,84;0;3,11
483;0,93;1,49;227;false;true;true;3,78;0;3,15
484;0,94;1,42;227;false;true;true;3,75;0;3,18
485;0,94;1,36;227;false;true;true;3,81;0;3,21
486;0,94;1,32;227;false;true;true;3,87;0;3,24
487;0,94;1,29;227;false;true;true;3,93;0;3,27
488;0,94;1,26;227;false;true;true;3,98;0;3,3
489;0,94;1,24;227;false;true;true;4,02;0;3,33
490;0,94;1,22;227;false;true;true;4,06;0;3,36
491;0,94;1,22;227;false;true;true;4,1;0;3,4
492;0,94;1,21;227;false;true;true;4,13;0;3,44
493;0,95;1,22;227;false;true;true;4,17;0;3,49
494;0,95;1,24;227;false;true;true;4,21;0;3,56
495;0,95;1,28;227;false;true;true;4,27;0;3,65
496;0,95;1,38;227;false;true;true;4,34;0;3,81
497;0,95;1,38;226;false;true;true;4,05;0;3,16
498;0,95;1,3;226;false;true;true;3,96;0;3,18
499;0,95;1,24;226;false;true;true;3,89;0;3,21
500;0,96;1,19;226;false;true;true;3,85;0;3,22
501;0,96;1,16;226;false;true;true;3,86;0;3,24
502;0,96;1,12;226;false;true;true;3,89;0;3,26
503;0,96;1,1;226;false;true;true;3,92;0;3,28
504;0,96;1,08;226;false;true;true;3,95;0;3,3
505;0,96;1,06;226;false;true;true;3,97;0;3,31
506;0,96;1,04;226;false;true;true;3,99;0;3,33
507;0,96;1,02;226;false;true;true;4,01;0;3,35
508;0,96;1,01;226;false;true;true;4,02;0;3,37
509;0,97;0,99;226;false;true;true;4,04;0;3,39
510;0,97;0,98;226;false;true;true;4,05;0;3,41
511;0,97;0,98;226;false;true;true;4,07;0;3,43
512;0,97;0,97;226;false;true;true;4,09;0;3,46
513;0,97;0,97;226;false;true;true;4,11;0;3,49
514;0,97;0,97;226;false;true;true;4,13;0;3,52
515;0,97;0,97;226;false;true;true;4,15;0;3,56
516;0,98;0,98;226;false;true;true;4,17;0;3,6
517;0,98;1,01;226;false;true;true;4,21;0;3,66
518;0,98;1,06;226;false;true;true;4,26;0;3,74
519;0,98;1,15;226;false;true;true;4,32;0;3,87
520;0,98;1,19;225;false;true;true;4,01;0;3,24
521;0,98;1,11;225;false;true;true;3,91;0;3,26
522;0,98;1,05;225;false;true;true;3,85;0;3,27
523;0,98;1,01;225;false;true;true;3,8;0;3,29
524;0,98;0,98;225;false;true;true;3,82;0;3,3
525;0,99;0,95;225;false;true;true;3,86;0;3,32
526;0,99;0,93;225;false;true;true;3,88;0;3,33
527;0,99;0,91;225;false;true;true;3,9;0;3,34
528;0,99;0,88;225;false;true;true;3,92;0;3,36
529;0,99;0,87;225;false;true;true;3,93;0;3,37
530;0,99;0,85;225;false;true;true;3,94;0;3,38
531;0,99;0,84;225;false;true;true;3,95;0;3,39
532;0,99;0,83;225;false;true;true;3,97;0;3,41
533;0,99;0,82;225;false;true;true;3,98;0;3,42
534;0,99;0,81;225;false;true;true;3,99;0;3,43
535;1;0,79;225;false;true;true;3,99;0;3,45
536;1;0,78;225;false;true;true;4;0;3,46
537;1;0,77;225;false;true;true;4,01;0;3,47
538;1;0,77;225;false;true;true;4,02;0;3,49
539;1;0,75;225;false;true;true;4,02;0;3,5
540;1;0,75;225;false;true;true;4,03;0;3,52
541;1;0,74;225;false;true;true;4,04;0;3,54
542;1;0,74;225;false;true;true;4,05;0;3,55
543;1;0,74;225;false;true;true;4,06;0;3,57
544;1;0,74;225;false;true;true;4,08;0;3,6
545;1,01;0,74;225;false;true;true;4,09;0;3,62
546;1,01;0,74;225;false;true;true;4,11;0;3,65
547;1,01;0,75;225;false;true;true;4,14;0;3,68
548;1,01;0,77;225;false;true;true;4,16;0;3,72
549;1,01;0,79;225;false;true;true;4,19;0;3,77
550;1,01;0,83;225;false;true;true;4,23;0;3,84
551;1,01;0,89;225;false;true;true;4,28;0;3,94
552;1,01;1,04;225;false;true;true;4,36;0;4,13
553;1,01;1,01;224;false;true;true;3,92;0;3,35
554;1,01;0,94;224;false;true;true;3,83;0;3,37
555;1,02;0,9;224;false;true;true;3,78;0;3,39
556;1,02;0,87;224;false;true;true;3,78;0;3,41
557;1,02;0,84;224;false;true;true;3,82;0;3,42
558;1,02;0,82;224;false;true;true;3,86;0;3,44
559;1,02;0,8;224;false;true;true;3,89;0;3,46
560;1,02;0,79;224;false;true;true;3,91;0;3,47
561;1,02;0,77;224;false;true;true;3,93;0;3,49
562;1,03;0,76;224;false;true;true;3,95;0;3,5
563;1,03;0,74;224;false;true;true;3,97;0;3,52
564;1,03;0,74;224;false;true;true;3,98;0;3,54
565;1,03;0,73;224;false;true;true;4;0;3,55
566;1,03;0,72;224;false;true;true;4,01;0;3,57
567;1,03;0,71;224;false;true;true;4,03;0;3,59
568;1,03;0,71;224;false;true;true;4,05;0;3,61
569;1,03;0,71;224;false;true;true;4,06;0;3,63
570;1,03;0,7;224;false;true;true;4,08;0;3,65
571;1,04;0,7;224;false;true;true;4,1;0;3,68
572;1,04;0,7;224;false;true;true;4,12;0;3,7
573;1,04;0,71;224;false;true;true;4,14;0;3,73
574;1,04;0,71;224;false;true;true;4,16;0;3,77
575;1,04;0,72;224;false;true;true;4,19;0;3,8
576;1,04;0,74;224;false;true;true;4,22;0;3,85
577;1,04;0,77;224;false;true;true;4,26;0;3,9
578;1,04;0,81;224;false;true;true;4,31;0;3,97
579;1,04;0,86;224;false;true;true;4,36;0;4,07
580;1,04;0,97;224;false;true;true;4,44;0;4,22
581;1,05;1,06;223;false;true;true;4,1;0;3,57
582;1,05;1,01;223;false;true;true;4,05;0;3,63
583;1,05;0,99;223;false;true;true;4,01;0;3,69
584;1,05;1,02;223;false;true;true;4,02;0;3,79
585;1,05;1,3;222;false;true;true;3,67;0;3,12
586;1,05;1,18;222;false;true;true;3,58;0;3,14
587;1,05;1,1;222;false;true;true;3,54;0;3,16
588;1,05;1,03;222;false;true;true;3,59;0;3,18
589;1,06;0,98;222;false;true;true;3,63;0;3,2
590;1,06;0,94;222;false;true;true;3,67;0;3,22
591;1,06;0,9;222;false;true;true;3,7;0;3,23
592;1,06;0,88;222;false;true;true;3,73;0;3,25
593;1,06;0,86;222;false;true;true;3,75;0;3,26
594;1,06;0,83;222;false;true;true;3,77;0;3,27
595;1,06;0,81;222;false;true;true;3,77;0;3,29
596;1,06;0,79;222;false;true;true;3,79;0;3,3
597;1,06;0,78;222;false;true;true;3,8;0;3,31
598;1,07;0,76;222;false;true;true;3,81;0;3,32
599;1,07;0,74;222;false;true;true;3,81;0;3,33
600;1,07;0,73;222;false;true;true;3,82;0;3,35
601;1,07;0,72;222;false;true;true;3,83;0;3,36
602;1,07;0,71;222;false;true;true;3,84;0;3,37
603;1,07;0,7;222;false;true;true;3,85;0;3,38
604;1,07;0,69;222;false;true;true;3,85;0;3,39
605;1,07;0,67;222;false;true;true;3,86;0;3,4
606;1,07;0,67;222;false;true;true;3,86;0;3,42
607;1,07;0,65;222;false;true;true;3,87;0;3,43
608;1,08;0,64;222;false;true;true;3,87;0;3,44
609;1,08;0,63;222;false;true;true;3,88;0;3,45
610;1,08;0,63;222;false;true;true;3,89;0;3,47
611;1,08;0,63;222;false;true;true;3,9;0;3,48
612;1,08;0,62;222;false;true;true;3,91;0;3,49
613;1,08;0,61;222;false;true;true;3,91;0;3,51
614;1,08;0,6;222;false;true;true;3,92;0;3,52
615;1,08;0,6;222;false;true;true;3,93;0;3,54
616;1,08;0,6;222;false;true;true;3,94;0;3,55
617;1,08;0,59;222;false;true;true;3,95;0;3,57
618;1,09;0,59;222;false;true;true;3,96;0;3,59
619;1,09;0,59;222;false;true;true;3,97;0;3,61
620;1,09;0,59;222;false;true;true;3,99;0;3,63
621;1,09;0,59;222;false;true;true;4;0;3,66
622;1,09;0,6;222;false;true;true;4,02;0;3,68
623;1,09;0,61;222;false;true;true;4,05;0;3,72
624;1,09;0,63;222;false;true;true;4,07;0;3,76
625;1,09;0,66;222;false;true;true;4,11;0;3,81
626;1,09;0,7;222;false;true;true;4,15;0;3,89
627;1,09;0,78;222;false;true;true;4,2;0;4,01
628;1,1;1,01;221;false;true;true;3,91;0;3,33
629;1,1;0,9;221;false;true;true;3,79;0;3,35
630;1,1;0,82;221;false;true;true;3,7;0;3,37
631;1,1;0,77;221;false;true;true;3,7;0;3,38
632;1,1;0,73;221;false;true;true;3,73;0;3,4
633;1,1;0,71;221;false;true;true;3,76;0;3,41
634;1,1;0,69;221;false;true;true;3,79;0;3,43
635;1,1;0,67;221;false;true;true;3,81;0;3,44
636;1,1;0,65;221;false;true;true;3,83;0;3,45
637;1,1;0,63;221;false;true;true;3,84;0;3,46
638;1,11;0,62;221;false;true;true;3,85;0;3,48
639;1,11;0,6;221;false;true;true;3,86;0;3,49
640;1,11;0,59;221;false;true;true;3,87;0;3,5
641;1,11;0,58;221;false;true;true;3,87;0;3,51
642;1,11;0,57;221;false;true;true;3,88;0;3,52
643;1,11;0,56;221;false;true;true;3,89;0;3,54
644;1,11;0,55;221;false;true;true;3,9;0;3,55
645;1,11;0,54;221;false;true;true;3,91;0;3,56
646;1,12;0,53;221;false;true;true;3,91;0;3,57
647;1,12;0,52;221;false;true;true;3,92;0;3,59
648;1,12;0,52;221;false;true;true;3,93;0;3,6
649;1,12;0,51;221;false;true;true;3,94;0;3,61
650;1,12;0,5;221;false;true;true;3,94;0;3,63
651;1,12;0,5;221;false;true;true;3,96;0;3,64
652;1,12;0,49;221;false;true;true;3,96;0;3,65
653;1,12;0,48;221;false;true;true;3,97;0;3,67
654;1,12;0,48;221;false;true;true;3,98;0;3,69
655;1,12;0,47;221;false;true;true;3,99;0;3,7
656;1,12;0,47;221;false;true;true;4;0;3,72
657;1,13;0,47;221;false;true;true;4,02;0;3,74
658;1,13;0,47;221;false;true;true;4,03;0;3,76
659;1,13;0,46;221;false;true;true;4,04;0;3,78
660;1,13;0,47;221;false;true;true;4,06;0;3,8
661;1,13;0,47;221;false;true;true;4,08;0;3,82
662;1,13;0,47;221;false;true;true;4,09;0;3,85
663;1,13;0,48;221;false;true;true;4,12;0;3,88
664;1,13;0,48;221;false;true;true;4,14;0;3,91
665;1,13;0,49;221;false;true;true;4,16;0;3,96
666;1,14;0,51;221;false;true;true;4,19;0;4,01
667;1,14;0,54;221;false;true;true;4,23;0;4,07
668;1,14;0,59;221;false;true;true;4,28;0;4,16
669;1,14;0,68;221;false;true;true;4,34;0;4,3
670;1,14;0,57;220;false;true;true;3,75;0;3,35
671;1,14;0,52;220;false;true;true;3,7;0;3,37
672;1,14;0,49;220;false;true;true;3,69;0;3,39
673;1,14;0,5;220;false;true;true;3,7;0;3,42
674;1,14;0,5;220;false;true;true;3,72;0;3,45
675;1,14;0,53;220;false;true;true;3,76;0;3,49
676;1,15;0,54;220;false;true;true;3,78;0;3,54
677;1,15;0,58;220;false;true;true;3,82;0;3,61
678;1,15;0,65;220;false;true;true;3,87;0;3,71
679;1,15;0,87;219;false;true;true;3,42;0;3,08
680;1,15;0,81;219;false;true;true;3,35;0;3,11
681;1,15;0,77;219;false;true;true;3,31;0;3,15
682;1,15;0,75;219;false;true;true;3,37;0;3,18
683;1,15;0,74;219;false;true;true;3,44;0;3,22
684;1,15;0,73;219;false;true;true;3,5;0;3,26
685;1,15;0,73;219;false;true;true;3,56;0;3,3
686;1,16;0,75;219;false;true;true;3,61;0;3,36
687;1,16;0,77;219;false;true;true;3,67;0;3,43
688;1,16;0,82;219;false;true;true;3,73;0;3,53
689;1,16;0,94;219;false;true;true;3,82;0;3,69
690;1,16;1,06;218;false;true;true;3,43;0;2,9
691;1,16;0,96;218;false;true;true;3,34;0;2,93
692;1,16;0,9;218;false;true;true;3,29;0;2,96
693;1,16;0,85;218;false;true;true;3,29;0;2,98
694;1,16;0,82;218;false;true;true;3,33;0;3,01
695;1,17;0,8;218;false;true;true;3,38;0;3,04
696;1,17;0,78;218;false;true;true;3,41;0;3,07
697;1,17;0,78;218;false;true;true;3,45;0;3,11
698;1,17;0,78;218;false;true;true;3,49;0;3,15
699;1,17;0,79;218;false;true;true;3,53;0;3,21
700;1,17;0,83;218;false;true;true;3,58;0;3,29
701;1,17;0,91;218;false;true;true;3,64;0;3,42
702;1,17;1;217;false;true;true;3,26;0;2,79
703;1,17;0,93;217;false;true;true;3,18;0;2,82
704;1,18;0,89;217;false;true;true;3,12;0;2,84
705;1,18;0,85;217;false;true;true;3,13;0;2,87
706;1,18;0,83;217;false;true;true;3,19;0;2,89
707;1,18;0,8;217;false;true;true;3,23;0;2,92
708;1,18;0,78;217;false;true;true;3,27;0;2,94
709;1,18;0,77;217;false;true;true;3,3;0;2,97
710;1,18;0,76;217;false;true;true;3,34;0;3
711;1,18;0,76;217;false;true;true;3,37;0;3,04
712;1,18;0,76;217;false;true;true;3,4;0;3,08
713;1,18;0,77;217;false;true;true;3,43;0;3,13
714;1,19;0,8;217;false;true;true;3,48;0;3,2
715;1,19;0,85;217;false;true;true;3,53;0;3,3
716;1,19;0,98;217;false;true;true;3,61;0;3,47
717;1,19;0,93;216;false;true;true;3,3;0;2,79
718;1,19;0,85;216;false;true;true;3,21;0;2,81
719;1,19;0,8;216;false;true;true;3,14;0;2,82
720;1,19;0,75;216;false;true;true;3,09;0;2,84
721;1,19;0,72;216;false;true;true;3,11;0;2,86
722;1,2;0,69;216;false;true;true;3,15;0;2,87
723;1,2;0,66;216;false;true;true;3,17;0;2,89
724;1,2;0,64;216;false;true;true;3,19;0;2,91
725;1,2;0,62;216;false;true;true;3,21;0;2,92
726;1,2;0,6;216;false;true;true;3,23;0;2,94
727;1,2;0,59;216;false;true;true;3,24;0;2,96
728;1,2;0,58;216;false;true;true;3,26;0;2,97
729;1,2;0,57;216;false;true;true;3,27;0;2,99
730;1,2;0,55;216;false;true;true;3,28;0;3,01
731;1,21;0,55;216;false;true;true;3,3;0;3,04
732;1,21;0,55;216;false;true;true;3,32;0;3,06
733;1,21;0,55;216;false;true;true;3,33;0;3,09
734;1,21;0,55;216;false;true;true;3,36;0;3,13
735;1,21;0,56;216;false;true;true;3,38;0;3,18
736;1,21;0,59;216;false;true;true;3,42;0;3,24
737;1,21;0,64;216;false;true;true;3,46;0;3,32
738;1,22;0,75;216;false;true;true;3,53;0;3,47
739;1,22;0,76;215;false;true;true;3,18;0;2,79
740;1,22;0,68;215;false;true;true;3,09;0;2,8
741;1,22;0,62;215;false;true;true;3,02;0;2,82
742;1,22;0,58;215;false;true;true;2,99;0;2,83
743;1,22;0,54;215;false;true;true;3,01;0;2,84
744;1,22;0,51;215;false;true;true;3,03;0;2,85
745;1,22;0,48;215;false;true;true;3,05;0;2,86
746;1,22;0,46;215;false;true;true;3,06;0;2,87
747;1,22;0,43;215;false;true;true;3,07;0;2,88
748;1,23;0,42;215;false;true;true;3,09;0;2,89
749;1,23;0,4;215;false;true;true;3,1;0;2,9
750;1,23;0,38;215;false;true;true;3,1;0;2,9
751;1,23;0,37;215;false;true;true;3,11;0;2,91
752;1,23;0,36;215;false;true;true;3,12;0;2,92
753;1,23;0,34;215;false;true;true;3,12;0;2,93
754;1,23;0,33;215;false;true;true;3,12;0;2,93
755;1,23;0,32;215;false;true;true;3,13;0;2,94
756;1,23;0,31;215;false;true;true;3,13;0;2,95
757;1,23;0,31;215;false;true;true;3,14;0;2,95
758;1,24;0,3;215;false;true;true;3,14;0;2,96
759;1,24;0,29;215;false;true;true;3,15;0;2,97
760;1,24;0,29;215;false;true;true;3,15;0;2,97
761;1,24;0,28;215;false;true;true;3,15;0;2,98
762;1,24;0,28;215;false;true;true;3,16;0;2,98
763;1,24;0,27;215;false;true;true;3,16;0;2,99
764;1,24;0,27;215;false;true;true;3,17;0;3
765;1,24;0,26;215;false;true;true;3,17;0;3
766;1,24;0,26;215;false;true;true;3,17;0;3,01
767;1,25;0,25;215;false;true;true;3,18;0;3,02
768;1,25;0,25;215;false;true;true;3,18;0;3,02
769;1,25;0,24;215;false;true;true;3,18;0;3,03
770;1,25;0,24;215;false;true;true;3,18;0;3,04
771;1,25;0,23;215;false;true;true;3,19;0;3,04
772;1,25;0,23;215;false;true;true;3,19;0;3,05
773;1,25;0,23;215;false;true;true;3,2;0;3,06
774;1,25;0,23;215;false;true;true;3,21;0;3,07
775;1,25;0,22;215;false;true;true;3,21;0;3,08
776;1,25;0,23;215;false;true;true;3,22;0;3,09
777;1,25;0,23;215;false;true;true;3,22;0;3,1
778;1,26;0,22;215;false;true;true;3,23;0;3,11
779;1,26;0,23;215;false;true;true;3,24;0;3,12
780;1,26;0,22;215;false;true;true;3,24;0;3,13
781;1,26;0,23;215;false;true;true;3,26;0;3,14
782;1,26;0,23;215;false;true;true;3,27;0;3,16
783;1,26;0,23;215;false;true;true;3,28;0;3,17
784;1,26;0,24;215;false;true;true;3,29;0;3,19
785;1,26;0,25;215;false;true;true;3,31;0;3,22
786;1,26;0,26;215;false;true;true;3,32;0;3,25
787;1,27;0,28;215;false;true;true;3,35;0;3,28
788;1,27;0,31;215;false;true;true;3,38;0;3,33
789;1,27;0,35;215;false;true;true;3,41;0;3,4
790;1,27;0,44;215;false;true;true;3,47;0;3,52
791;1,27;0,53;214;false;true;true;3;0;2,78
792;1,27;0,43;214;false;true;true;2,89;0;2,79
793;1,27;0,37;214;false;true;true;2,83;0;2,8
794;1,27;0,33;214;false;true;true;2,84;0;2,8
795;1,27;0,3;214;false;true;true;2,88;0;2,81
796;1,27;0,28;214;false;true;true;2,91;0;2,81
797;1,28;0,27;214;false;true;true;2,93;0;2,82
798;1,28;0,25;214;false;true;true;2,95;0;2,82
799;1,28;0,24;214;false;true;true;2,96;0;2,82
800;1,28;0,23;214;false;true;true;2,96;0;2,82
801;1,28;0,22;214;false;true;true;2,97;0;2,83
802;1,28;0,21;214;false;true;true;2,97;0;2,83
803;1,28;0,21;214;false;true;true;2,97;0;2,83
804;1,28;0,2;214;false;true;true;2,97;0;2,83
805;1,28;0,19;214;false;true;true;2,96;0;2,83
806;1,29;0,19;214;false;true;true;2,96;0;2,83
807;1,29;0,19;214;false;true;true;2,97;0;2,83
808;1,29;0,18;214;false;true;true;2,97;0;2,84
809;1,29;0,18;214;false;true;true;2,97;0;2,84
810;1,29;0,17;214;false;true;true;2,96;0;2,84
811;1,29;0,17;214;false;true;true;2,96;0;2,84
812;1,29;0,17;214;false;true;true;2,96;0;2,84
813;1,29;0,17;214;false;true;true;2,97;0;2,84
814;1,29;0,16;214;false;true;true;2,96;0;2,84
815;1,29;0,16;214;false;true;true;2,96;0;2,84
816;1,3;0,16;214;false;true;true;2,96;0;2,84
817;1,3;0,15;214;false;true;true;2,96;0;2,84
818;1,3;0,15;214;false;true;true;2,96;0;2,84
819;1,3;0,15;214;false;true;true;2,96;0;2,84
820;1,3;0,14;214;false;true;true;2,95;0;2,84
821;1,3;0,14;214;false;true;true;2,95;0;2,84
822;1,3;0,14;214;false;true;true;2,95;0;2,84
823;1,3;0,14;214;false;true;true;2,95;0;2,84
824;1,3;0,13;214;false;true;true;2,95;0;2,85
825;1,3;0,13;214;false;true;true;2,95;0;2,85
826;1,31;0,12;214;false;true;true;2,94;0;2,85
827;1,31;0,12;214;false;true;true;2,95;0;2,85
828;1,31;0,12;214;false;true;true;2,94;0;2,85
829;1,31;0,11;214;false;true;true;2,94;0;2,85
830;1,31;0,11;214;false;true;true;2,94;0;2,85
831;1,31;0,11;214;false;true;true;2,93;0;2,85
832;1,31;0,11;214;false;true;true;2,93;0;2,85
833;1,31;0,11;214;false;true;true;2,93;0;2,85
834;1,32;0,1;214;false;true;true;2,93;0;2,85
835;1,32;0,1;214;false;true;true;2,93;0;2,85
836;1,32;0,1;214;false;true;true;2,93;0;2,85
837;1,32;0,1;214;false;true;true;2,93;0;2,85
838;1,32;0,09;214;false;true;true;2,93;0;2,85
839;1,32;0,09;214;false;true;true;2,93;0;2,85
840;1,32;0,09;214;false;true;true;2,93;0;2,85
841;1,32;0,09;214;false;true;true;2,93;0;2,85
842;1,32;0,09;214;false;true;true;2,92;0;2,85
843;1,32;0,09;214;false;true;true;2,93;0;2,85
844;1,33;0,08;214;false;true;true;2,92;0;2,85
845;1,33;0,09;214;false;true;true;2,92;0;2,85
846;1,33;0,09;214;false;true;true;2,92;0;2,85
847;1,33;0,09;214;false;true;true;2,92;0;2,85
848;1,33;0,08;214;false;true;true;2,92;0;2,85
849;1,33;0,08;214;false;true;true;2,92;0;2,85
850;1,33;0,08;214;false;true;true;2,92;0;2,85
851;1,33;0,08;214;false;true;true;2,92;0;2,85
852;1,33;0,08;214;false;true;true;2,92;0;2,85
853;1,34;0,08;214;false;true;true;2,92;0;2,85
854;1,34;0,07;214;false;true;true;2,92;0;2,85
855;1,34;0,07;214;false;true;true;2,92;0;2,85
856;1,34;0,07;214;false;true;true;2,92;0;2,85
857;1,34;0,07;214;false;true;true;2,92;0;2,85
858;1,34;0,07;214;false;true;true;2,92;0;2,85
859;1,34;0,07;214;false;true;true;2,91;0;2,86
860;1,34;0,07;214;false;true;true;2,91;0;2,86
861;1,34;0,06;214;false;true;true;2,91;0;2,86
862;1,34;0,07;214;false;true;true;2,91;0;2,86
863;1,35;0,06;214;false;true;true;2,91;0;2,86
864;1,35;0,06;214;false;true;true;2,91;0;2,86
865;1,35;0,06;214;false;true;true;2,91;0;2,86
866;1,35;0,06;214;false;true;true;2,9;0;2,86
867;1,35;0,06;214;false;true;true;2,9;0;2,86
868;1,35;0,05;214;false;true;true;2,9;0;2,86
869;1,35;0,05;214;false;true;true;2,9;0;2,86
870;1,35;0,05;214;false;true;true;2,9;0;2,86
871;1,36;0,05;214;false;true;true;2,9;0;2,86
872;1,36;0,05;214;false;true;true;2,9;0;2,86
873;1,36;0,05;214;false;true;true;2,9;0;2,86
874;1,36;0,05;214;false;true;true;2,9;0;2,86
875;1,36;0,05;214;false;true;true;2,9;0;2,86
876;1,36;0,05;214;false;true;true;2,9;0;2,86
877;1,36;0,05;214;false;true;true;2,9;0;2,86
878;1,36;0,05;214;false;true;true;2,9;0;2,86
879;1,36;0,05;214;false;true;true;2,9;0;2,86
880;1,36;0,05;214;false;true;true;2,9;0;2,86
881;1,37;0,05;214;false;true;true;2,9;0;2,86
882;1,37;0,05;214;false;true;true;2,9;0;2,86
883;1,37;0,05;214;false;true;true;2,9;0;2,86
884;1,37;0,05;214;false;true;true;2,9;0;2,86
885;1,37;0,04;214;false;true;true;2,9;0;2,86
886;1,37;0,04;214;false;true;true;2,9;0;2,86
887;1,37;0,04;214;false;true;true;2,9;0;2,86
888;1,38;0,04;214;false;true;true;2,9;0;2,86
889;1,38;0,04;214;false;true;true;2,9;0;2,86
890;1,38;0,04;214;false;true;true;2,9;0;2,86
891;1,38;0,04;214;false;true;true;2,9;0;2,86
892;1,38;0,04;214;false;true;true;2,89;0;2,86
893;1,38;0,04;214;false;true;true;2,89;0;2,86
894;1,38;0,04;214;false;true;true;2,89;0;2,86
895;1,38;0,04;214;false;true;true;2,89;0;2,86
896;1,38;0,04;214;false;true;true;2,89;0;2,86
897;1,38;0,04;214;false;true;true;2,89;0;2,86
898;1,38;0,04;214;false;true;true;2,89;0;2,86
899;1,39;0,04;214;false;true;true;2,89;0;2,86
900;1,39;0,04;214;false;true;true;2,89;0;2,86
901;1,39;0,04;214;false;true;true;2,89;0;2,86
902;1,39;0,04;214;false;true;true;2,9;0;2,86
903;1,39;0,04;214;false;true;true;2,89;0;2,86
904;1,39;0,03;214;false;true;true;2,89;0;2,86
905;1,39;0,03;214;false;true;true;2,89;0;2,86
906;1,39;0,03;214;false;true;true;2,89;0;2,86
907;1,39;0,03;214;false;true;true;2,89;0;2,86
908;1,39;0,03;214;false;true;true;2,89;0;2,86
909;1,4;0,03;214;false;true;true;2,89;0;2,86
910;1,4;0,03;214;false;true;true;2,89;0;2,86
911;1,4;0,03;214;false;true;true;2,89;0;2,86
912;1,4;0,03;214;false;true;true;2,89;0;2,86
913;1,4;0,03;214;false;true;true;2,89;0;2,86
914;1,4;0,03;214;false;true;true;2,89;0;2,86
915;1,4;0,03;214;false;true;true;2,88;0;2,86
916;1,4;0,03;214;false;true;true;2,88;0;2,86
917;1,4;0,03;214;false;true;true;2,89;0;2,86
918;1,41;0,03;214;false;true;true;2,89;0;2,86
919;1,41;0,03;214;false;true;true;2,89;0;2,86
920;1,41;0,03;214;false;true;true;2,88;0;2,86
921;1,41;0,03;214;false;true;true;2,88;0;2,86
922;1,41;0,02;214;false;true;true;2,88;0;2,86
923;1,41;0,02;214;false;true;true;2,88;0;2,86
924;1,41;0,02;214;false;true;true;2,88;0;2,86
925;1,41;0,03;214;false;true;true;2,88;0;2,86
926;1,41;0,02;214;false;true;true;2,88;0;2,86
927;1,41;0,02;214;false;true;true;2,88;0;2,86
928;1,42;0,02;214;false;true;true;2,88;0;2,86
929;1,42;0,02;214;false;true;true;2,88;0;2,86
930;1,42;0,02;214;false;true;true;2,88;0;2,86
931;1,42;0,02;214;false;true;true;2,88;0;2,86
932;1,42;0,02;214;false;true;true;2,87;0;2,86
933;1,42;0,02;214;false;true;true;2,87;0;2,86
934;1,42;0,02;214;false;true;true;2,88;0;2,86
935;1,42;0,02;214;false;true;true;2,87;0;2,86
936;1,42;0,02;214;false;true;true;2,88;0;2,86
937;1,42;0,01;214;false;true;true;2,87;0;2,86
938;1,43;0,01;214;false;true;true;2,87;0;2,86
939;1,43;0,01;214;false;true;true;2,87;0;2,86
940;1,43;0,01;214;false;true;true;2,87;0;2,86
941;1,43;0,01;214;false;true;true;2,87;0;2,86
942;1,43;0,01;214;false;true;true;2,87;0;2,86
943;1,43;0,01;214;false;true;true;2,87;0;2,86
944;1,43;0,01;214;false;true;true;2,87;0;2,86
945;1,43;0,01;214;false;true;true;2,87;0;2,86
946;1,43;0,01;214;false;true;true;2,87;0;2,86
947;1,43;0,01;214;false;true;true;2,87;0;2,86
948;1,44;0,01;214;false;true;true;2,87;0;2,86
949;1,44;0,01;214;false;true;true;2,87;0;2,86
950;1,44;0,01;214;false;true;true;2,87;0;2,86
951;1,44;0,01;214;false;true;true;2,87;0;2,86
952;1,44;0,01;214;false;true;true;2,87;0;2,86
953;1,44;0,01;214;false;true;true;2,87;0;2,86
954;1,44;0,01;214;false;true;true;2,87;0;2,86
955;1,44;0,01;214;false;true;true;2,87;0;2,86
956;1,45;0,01;214;false;true;true;2,87;0;2,86
957;1,45;0,01;214;false;true;true;2,87;0;2,86
958;1,45;0,01;214;false;true;true;2,87;0;2,86
959;1,45;0,01;214;false;true;true;2,87;0;2,86
960;1,45;0,01;214;false;true;true;2,87;0;2,86
961;1,45;0,01;214;false;true;true;2,87;0;2,86
962;1,45;0,01;214;false;true;true;2,87;0;2,86
963;1,45;0,01;214;false;true;true;2,87;0;2,86
964;1,46;0,01;214;false;true;true;2,87;0;2,86
965;1,46;0,01;214;false;true;true;2,87;0;2,86
966;1,46;0,01;214;false;true;true;2,87;0;2,86
967;1,46;0,01;214;false;true;true;2,87;0;2,86
968;1,46;0;214;false;true;true;2,87;0;2,86
969;1,46;0;214;false;true;true;2,87;0;2,86
970;1,46;0;214;false;true;true;2,86;0;2,86
971;1,46;0;214;false;true;true;2,86;0;2,86
972;1,46;0;214;false;true;true;2,86;0;2,86
973;1,46;0;214;false;true;true;2,86;0;2,86
974;1,47;0;214;false;true;true;2,86;0;2,86
975;1,47;0;214;false;true;true;2,86;0;2,86
976;1,47;0;214;false;true;true;2,86;0;2,86
977;1,47;0;214;false;true;true;2,86;0;2,86
978;1,47;0;214;false;true;true;2,86;0;2,86
979;1,47;0;214;false;true;true;2,86;0;2,86
980;1,47;0;214;false;true;true;2,86;0;2,86
981;1,48;0;214;false;true;true;2,86;0;2,86
982;1,48;0;214;false;true;true;2,86;0;2,86
983;1,48;0;214;false;true;true;2,86;0;2,86
984;1,48;0;214;false;true;true;2,86;0;2,86
985;1,48;0;214;false;true;true;2,86;0;2,86
986;1,48;0;214;false;true;true;2,86;0;2,86
987;1,48;0;214;false;true;true;2,86;0;2,86
988;1,48;0;214;false;true;true;2,86;0;2,86
989;1,49;0;214;false;true;true;2,86;0;2,86
990;1,49;0;214;false;true;true;2,86;0;2,86
991;1,49;0;214;false;true;true;2,86;0;2,86
992;1,49;0;214;false;true;true;2,86;0;2,86
993;1,49;0;214;false;true;true;2,86;0;2,86
994;1,49;0;214;false;true;true;2,86;0;2,86
995;1,49;0;214;false;true;true;2,86;0;2,86
996;1,49;0;214;false;true;true;2,86;0;2,86
997;1,49;0;214;false;true;true;2,86;0;2,86
998;1,49;0;214;false;true;true;2,86;0;2,86
999;1,5;0;214;false;true;true;2,86;0;2,86
1000;1,5;0;214;false;true;true;2,86;0;2,86
1001;1,5;0;214;false;true;true;2,86;0;2,86
1002;1,5;0;214;false;true;true;2,86;0;2,86
1003;1,5;0;214;false;true;true;2,86;0;2,86
1004;1,5;0;214;false;true;true;2,86;0;2,86
1005;1,5;0;214;false;true;true;2,86;0;2,86
1006;1,5;0;214;false;true;true;2,86;0;2,86
1007;1,5;0;214;false;true;true;2,86;0;2,86
1008;1,5;0;214;false;true;true;2,86;0;2,86
1009;1,5;0;214;false;true;true;2,86;0;2,86
1010;1,51;0;214;false;true;true;2,86;0;2,86
1011;1,51;0;214;false;true;true;2,86;0;2,86
1012;1,51;0;214;false;true;true;2,86;0;2,86
1013;1,51;0;214;false;true;true;2,86;0;2,86
1014;1,51;0;214;false;true;true;2,86;0;2,86
1015;1,51;0;214;false;true;true;2,86;0;2,86
1016;1,51;0;214;false;true;true;2,86;0;2,86
1017;1,51;0;214;false;true;true;2,86;0;2,86
1018;1,51;0;214;false;true;true;2,86;0;2,86
1019;1,51;0;214;false;true;true;2,86;0;2,86
1020;1,52;0;214;false;true;true;2,86;0;2,86
1021;1,52;0;214;false;true;true;2,86;0;2,86
1022;1,52;0;214;false;true;true;2,86;0;2,86
1023;1,52;0;214;false;true;true;2,86;0;2,86
1024;1,52;0;214;false;true;true;2,86;0;2,86
1025;1,52;0;214;false;true;true;2,86;0;2,86
1026;1,52;0;214;false;true;true;2,86;0;2,86
1027;1,52;0;214;false;true;true;2,86;0;2,86
1028;1,52;0;214;false;true;true;2,86;0;2,86
1029;1,52;0;214;false;true;true;2,86;0;2,86
1030;1,53;0;214;false;true;true;2,86;0;2,86
1031;1,53;0;214;false;true;true;2,86;0;2,86
1032;1,53;0;214;false;true;true;2,86;0;2,86
1033;1,53;0;214;false;true;true;2,86;0;2,86
1034;1,53;0;214;false;true;true;2,86;0;2,86
1035;1,53;0;214;false;true;true;2,86;0;2,86
1036;1,53;0;214;false;true;true;2,86;0;2,86
1037;1,53;0;214;false;true;true;2,86;0;2,86
1038;1,54;0;214;false;true;true;2,86;0;2,86
1039;1,54;0;214;false;true;true;2,86;0;2,86
1040;1,54;0;214;false;true;true;2,86;0;2,86
1041;1,54;0;214;false;true;true;2,86;0;2,86
1042;1,54;0;214;false;true;true;2,86;0;2,86
1043;1,54;0;214;false;true;true;2,86;0;2,86
1044;1,54;0;214;false;true;true;2,86;0;2,86
1045;1,54;0;214;false;true;true;2,86;0;2,86
1046;1,54;0;214;false;true;true;2,86;0;2,86
1047;1,54;0;214;false;true;true;2,86;0;2,86
1048;1,55;0;214;false;true;true;2,86;0;2,86
1049;1,55;0;214;false;true;true;2,86;0;2,86
1050;1,55;0;214;false;true;true;2,86;0;2,86
1051;1,55;0;214;false;true;true;2,86;0;2,86
1052;1,55;0;214;false;true;true;2,86;0;2,86
1053;1,55;0;214;false;true;true;2,86;0;2,86
1054;1,55;0;214;false;true;true;2,86;0;2,86
1055;1,55;0;214;false;true;true;2,86;0;2,86
1056;1,55;0;214;false;true;true;2,86;0;2,86
1057;1,55;0;214;false;true;true;2,86;0;2,86
1058;1,56;0;214;false;true;true;2,86;0;2,86
1059;1,56;0;214;false;true;true;2,86;0;2,86
1060;1,56;0;214;false;true;true;2,86;0;2,86
1061;1,56;0;214;false;true;true;2,86;0;2,86
1062;1,56;0;214;false;true;true;2,86;0;2,86
1063;1,56;0;214;false;true;true;2,86;0;2,86
1064;1,56;0;214;false;true;true;2,86;0;2,86
1065;1,56;0;214;false;true;true;2,86;0;2,86
1066;1,56;0;214;false;true;true;2,86;0;2,86
1067;1,57;0;214;false;true;true;2,86;0;2,86
1068;1,57;0;214;false;true;true;2,86;0;2,86
1069;1,57;0;214;false;true;true;2,86;0;2,86
1070;1,57;0;214;false;true;true;2,86;0;2,86
1071;1,57;0;214;false;true;true;2,86;0;2,86
1072;1,57;0;214;false;true;true;2,86;0;2,86
1073;1,57;0;214;false;true;true;2,86;0;2,86
1074;1,57;0;214;false;true;true;2,86;0;2,86
1075;1,57;0;214;false;true;true;2,86;0;2,86
1076;1,57;0;214;false;true;true;2,86;0;2,86
1077;1,58;0;214;false;true;true;2,86;0;2,86
1078;1,58;0;214;false;true;true;2,86;0;2,86
1079;1,58;0;214;false;true;true;2,86;0;2,86
1080;1,58;0;214;false;true;true;2,86;0;2,86
1081;1,58;0;214;false;true;true;2,86;0;2,86
1082;1,58;0;214;false;true;true;2,86;0;2,86
1083;1,58;0;214;false;true;true;2,86;0;2,86
1084;1,59;0;214;false;true;true;2,86;0;2,86
1085;1,59;0;214;false;true;true;2,86;0;2,86
1086;1,59;0;214;false;true;true;2,86;0;2,86
1087;1,59;0;214;false;true;true;2,86;0;2,86
1088;1,59;0;214;false;true;true;2,86;0;2,86
1089;1,59;0;214;false;true;true;2,86;0;2,86
1090;1,59;0;214;false;true;true;2,86;0;2,86
1091;1,59;0;214;false;true;true;2,86;0;2,86
1092;1,59;0;214;false;true;true;2,86;0;2,86
1093;1,6;0;214;false;true;true;2,86;0;2,86
1094;1,6;0;214;false;true;true;2,86;0;2,86
1095;1,6;0;214;false;true;true;2,86;0;2,86
1096;1,6;0;214;false;true;true;2,86;0;2,86
1097;1,6;0;214;false;true;true;2,86;0;2,86
1098;1,6;0;214;false;true;true;2,86;0;2,86
1099;1,6;0;214;false;true;true;2,86;0;2,86
1100;1,6;0;214;false;true;true;2,86;0;2,86
1101;1,6;0;214;false;true;true;2,86;0;2,86
1102;1,6;0;214;false;true;true;2,86;0;2,86
1103;1,61;0;214;false;true;true;2,86;0;2,86
1104;1,61;0;214;false;true;true;2,86;0;2,86
1105;1,61;0;214;false;true;true;2,86;0;2,86
1106;1,61;0;214;false;true;true;2,86;0;2,86
1107;1,61;0;214;false;true;true;2,86;0;2,86
1108;1,61;0;214;false;true;true;2,86;0;2,86
1109;1,61;0;214;false;true;true;2,86;0;2,86
1110;1,61;0;214;false;true;true;2,86;0;2,86
1111;1,61;0;214;false;true;true;2,86;0;2,86
1112;1,61;0;214;false;true;true;2,86;0;2,86
1113;1,62;0;214;false;true;true;2,86;0;2,86
1114;1,62;0;214;false;true;true;2,86;0;2,86
1115;1,62;0;214;false;true;true;2,86;0;2,86
1116;1,62;0;214;false;true;true;2,86;0;2,86
1117;1,62;0;214;false;true;true;2,86;0;2,86
1118;1,62;0;214;false;true;true;2,86;0;2,86
1119;1,62;0;214;false;true;true;2,86;0;2,86
1120;1,62;0;214;false;true;true;2,86;0;2,86
1121;1,62;0;214;false;true;true;2,86;0;2,86
1122;1,62;0;214;false;true;true;2,86;0;2,86
1123;1,62;0;214;false;true;true;2,86;0;2,86
1124;1,63;0;214;false;true;true;2,86;0;2,86
1125;1,63;0;214;false;true;true;2,86;0;2,86
1126;1,63;0;214;false;true;true;2,86;0;2,86
1127;1,63;0;214;false;true;true;2,86;0;2,86
1128;1,63;0;214;false;true;true;2,86;0;2,86
1129;1,63;0;214;false;true;true;2,86;0;2,86
1130;1,63;0;214;false;true;true;2,86;0;2,86
1131;1,63;0;214;false;true;true;2,86;0;2,86
1132;1,63;0;214;false;true;true;2,86;0;2,86
1133;1,63;0;214;false;true;true;2,86;0;2,86
1134;1,64;0;214;false;true;true;2,86;0;2,86
1135;1,64;0;214;false;true;true;2,86;0;2,86
1136;1,64;0;214;false;true;true;2,86;0;2,86
1137;1,64;0;214;false;true;true;2,86;0;2,86
1138;1,64;0;214;false;true;true;2,86;0;2,86
1139;1,64;0;214;false;true;true;2,86;0;2,86
1140;1,64;0;214;false;true;true;2,86;0;2,86
1141;1,64;0;214;false;true;true;2,86;0;2,86
1142;1,64;0;214;false;true;true;2,86;0;2,86
1143;1,64;0;214;false;true;true;2,86;0;2,86
1144;1,65;0;214;false;true;true;2,86;0;2,86
1145;1,65;0;214;false;true;true;2,86;0;2,86
1146;1,65;0;214;false;true;true;2,86;0;2,86
1147;1,65;0;214;false;true;true;2,86;0;2,86
1148;1,65;0;214;false;true;true;2,86;0;2,86
1149;1,65;0;214;false;true;true;2,86;0;2,86
1150;1,65;0;214;false;true;true;2,86;0;2,86
1151;1,65;0;214;false;true;true;2,86;0;2,86
1152;1,65;0;214;false;true;true;2,86;0;2,86
1153;1,65;0;214;false;true;true;2,86;0;2,86
1154;1,66;0;214;false;true;true;2,86;0;2,86
1155;1,66;0;214;false;true;true;2,86;0;2,86
1156;1,66;0;214;false;true;true;2,86;0;2,86
1157;1,66;0;214;false;true;true;2,86;0;2,86
1158;1,66;0;214;false;true;true;2,86;0;2,86
1159;1,66;0;214;false;true;true;2,86;0;2,86
1160;1,69;0;214;false;true;true;2,86;0;2,86
1161;1,69;0;214;false;true;true;2,86;0;2,86
1162;1,69;0;214;false;true;true;2,86;0;2,86
1163;1,69;0;214;false;true;true;2,86;0;2,86
1164;1,7;0;214;false;true;true;2,86;0;2,86
1165;1,7;0;214;false;true;true;2,86;0;2,86
1166;1,7;0;214;false;true;true;2,86;0;2,86
1167;1,7;0;214;false;true;true;2,86;0;2,86
1168;1,7;0;214;false;true;true;2,86;0;2,86
1169;1,7;0;214;false;true;true;2,86;0;2,86
1170;1,7;0;214;false;true;true;2,86;0;2,86
1171;1,7;0;214;false;true;true;2,86;0;2,86
1172;1,7;0;214;false;true;true;2,86;0;2,86
1173;1,71;0;214;false;true;true;2,86;0;2,86
1174;1,71;0;214;false;true;true;2,86;0;2,86
1175;1,71;0;214;false;true;true;2,86;0;2,86
1176;1,71;0;214;false;true;true;2,86;0;2,86
1177;1,71;0;214;false;true;true;2,86;0;2,86
1178;1,71;0;214;false;true;true;2,86;0;2,86
1179;1,71;0;214;false;true;true;2,86;0;2,86
1180;1,71;0;214;false;true;true;2,86;0;2,86
1181;1,71;0;214;false;true;true;2,86;0;2,86
1182;1,71;0;214;false;true;true;2,86;0;2,86
1183;1,72;0;214;false;true;true;2,86;0;2,86
1184;1,72;0;214;false;true;true;2,86;0;2,86
1185;1,72;0;214;false;true;true;2,86;0;2,86
1186;1,72;0;214;false;true;true;2,86;0;2,86
1187;1,72;0;214;false;true;true;2,86;0;2,86
1188;1,72;0;214;false;true;true;2,86;0;2,86
1189;1,72;0;214;false;true;true;2,86;0;2,86
1190;1,72;0;214;false;true;true;2,86;0;2,86
1191;1,72;0;214;false;true;true;2,86;0;2,86
1192;1,72;0;214;false;true;true;2,86;0;2,86
1193;1,73;0;214;false;true;true;2,86;0;2,86
1194;1,73;0;214;false;true;true;2,86;0;2,86
1195;1,73;0;214;false;true;true;2,86;0;2,86
1196;1,73;0;214;false;true;true;2,86;0;2,86
1197;1,73;0;214;false;true;true;2,86;0;2,86
1198;1,73;0;214;false;true;true;2,86;0;2,86
1199;1,73;0;214;false;true;true;2,86;0;2,86
1200;1,73;0;214;false;true;true;2,86;0;2,86
1201;1,73;0;214;false;true;true;2,86;0;2,86
1202;1,73;0;214;false;true;true;2,86;0;2,86
1203;1,74;0;214;false;true;true;2,86;0;2,86
1204;1,74;0;214;false;true;true;2,86;0;2,86
1205;1,74;0;214;false;true;true;2,86;0;2,86
1206;1,74;0;214;false;true;true;2,86;0;2,86
1207;1,74;0;214;false;true;true;2,86;0;2,86
1208;1,74;0;214;false;true;true;2,86;0;2,86
1209;1,74;0;214;false;true;true;2,86;0;2,86
1210;1,74;0;214;false;true;true;2,86;0;2,86
1211;1,74;0;214;false;true;true;2,86;0;2,86
1212;1,74;0;214;false;true;true;2,86;0;2,86
1213;1,75;0;214;false;true;true;2,86;0;2,86
1214;1,75;0;214;false;true;true;2,86;0;2,86
1215;1,75;0;214;false;true;true;2,86;0;2,86
1216;1,75;0;214;false;true;true;2,86;0;2,86
1217;1,75;0;214;false;true;true;2,86;0;2,86
1218;1,75;0;214;false;true;true;2,86;0;2,86
1219;1,75;0;214;false;true;true;2,86;0;2,86
1220;1,75;0;214;false;true;true;2,86;0;2,86
1221;1,75;0;214;false;true;true;2,86;0;2,86
1222;1,75;0;214;false;true;true;2,86;0;2,86
1223;1,76;0;214;false;true;true;2,86;0;2,86
1224;1,76;0;214;false;true;true;2,86;0;2,86
1225;1,76;0;214;false;true;true;2,86;0;2,86
1226;1,76;0;214;false;true;true;2,86;0;2,86
1227;1,76;0;214;false;true;true;2,86;0;2,86
1228;1,76;0;214;false;true;true;2,86;0;2,86
1229;1,76;0;214;false;true;true;2,86;0;2,86
1230;1,76;0;214;false;true;true;2,86;0;2,86
1231;1,76;0;214;false;true;true;2,86;0;2,86
1232;1,76;0;214;false;true;true;2,86;0;2,86
1233;1,77;0;214;false;true;true;2,86;0;2,86
1234;1,77;0;214;false;true;true;2,86;0;2,86
1235;1,77;0;214;false;true;true;2,86;0;2,86
1236;1,77;0;214;false;true;true;2,86;0;2,86
1237;1,77;0;214;false;true;true;2,86;0;2,86
1238;1,77;0;214;false;true;true;2,86;0;2,86
1239;1,77;0;214;false;true;true;2,86;0;2,86
1240;1,77;0;214;false;true;true;2,86;0;2,86
1241;1,77;0;214;false;true;true;2,86;0;2,86
1242;1,78;0;214;false;true;true;2,86;0;2,86
1243;1,78;0;214;false;true;true;2,86;0;2,86
1244;1,78;0;214;false;true;true;2,86;0;2,86
1245;1,78;0;214;false;true;true;2,86;0;2,86
1246;1,78;0;214;false;true;true;2,86;0;2,86
1247;1,78;0;214;false;true;true;2,86;0;2,86
1248;1,78;0;214;false;true;true;2,86;0;2,86
1249;1,78;0;214;false;true;true;2,86;0;2,86
1250;1,78;0;214;false;true;true;2,86;0;2,86
1251;1,78;0;214;false;true;true;2,86;0;2,86
1252;1,79;0;214;false;true;true;2,86;0;2,86
1253;1,79;0;214;false;true;true;2,86;0;2,86
1254;1,79;0;214;false;true;true;2,86;0;2,86
1255;1,79;0;214;false;true;true;2,86;0;2,86
1256;1,79;0;214;false;true;true;2,86;0;2,86
1257;1,79;0;214;false;true;true;2,86;0;2,86
1258;1,79;0;214;false;true;true;2,86;0;2,86
1259;1,79;0;214;false;true;true;2,86;0;2,86
1260;1,79;0;214;false;true;true;2,86;0;2,86
1261;1,8;0;214;false;true;true;2,86;0;2,86
1262;1,8;0;214;false;true;true;2,86;0;2,86
1263;1,8;0;214;false;true;true;2,86;0;2,86
1264;1,8;0;214;false;true;true;2,86;0;2,86
1265;1,8;0;214;false;true;true;2,86;0;2,86
1266;1,8;0;214;false;true;true;2,86;0;2,86
1267;1,8;0;214;false;true;true;2,86;0;2,86
1268;1,8;0;214;false;true;true;2,86;0;2,86
1269;1,8;0;214;false;true;true;2,86;0;2,86
1270;1,81;0;214;false;true;true;2,86;0;2,86
1271;1,81;0;214;false;true;true;2,86;0;2,86
1272;1,81;0;214;false;true;true;2,86;0;2,86
1273;1,81;0;214;false;true;true;2,86;0;2,86
1274;1,81;0;214;false;true;true;2,86;0;2,86
1275;1,81;0;214;false;true;true;2,86;0;2,86
1276;1,81;0;214;false;true;true;2,86;0;2,86
1277;1,81;0;214;false;true;true;2,86;0;2,86
1278;1,81;0;214;false;true;true;2,86;0;2,86
1279;1,82;0;214;false;true;true;2,86;0;2,86
1280;1,82;0;214;false;true;true;2,86;0;2,86
1281;1,82;0;214;false;true;true;2,86;0;2,86
1282;1,82;0;214;false;true;true;2,86;0;2,86
1283;1,82;0;214;false;true;true;2,86;0;2,86
1284;1,82;0;214;false;true;true;2,86;0;2,86
1285;1,82;0;214;false;true;true;2,86;0;2,86
1286;1,82;0;214;false;true;true;2,86;0;2,86
1287;1,82;0;214;false;true;true;2,86;0;2,86
1288;1,82;0;214;false;true;true;2,86;0;2,86
1289;1,83;0;214;false;true;true;2,86;0;2,86
1290;1,83;0;214;false;true;true;2,86;0;2,86
1291;1,83;0;214;false;true;true;2,86;0;2,86
1292;1,83;0;214;false;true;true;2,86;0;2,86
1293;1,83;0;214;false;true;true;2,86;0;2,86
1294;1,83;0;214;false;true;true;2,86;0;2,86
1295;1,83;0;214;false;true;true;2,86;0;2,86
1296;1,83;0;214;false;true;true;2,86;0;2,86
1297;1,83;0;214;false;true;true;2,86;0;2,86
1298;1,83;0;214;false;true;true;2,86;0;2,86
1299;1,84;0;214;false;true;true;2,86;0;2,86
1300;1,84;0;214;false;true;true;2,86;0;2,86
1301;1,84;0;214;false;true;true;2,86;0;2,86
1302;1,84;0;214;false;true;true;2,86;0;2,86
1303;1,84;0;214;false;true;true;2,86;0;2,86
1304;1,84;0;214;false;true;true;2,86;0;2,86
1305;1,84;0;214;false;true;true;2,86;0;2,86
1306;1,84;0;214;false;true;true;2,86;0;2,86
1307;1,84;0;214;false;true;true;2,86;0;2,86
1308;1,84;0;214;false;true;true;2,86;0;2,86
1309;1,85;0;214;false;true;true;2,86;0;2,86
1310;1,85;0;214;false;true;true;2,86;0;2,86
1311;1,85;0;214;false;true;true;2,86;0;2,86
1312;1,85;0;214;false;true;true;2,86;0;2,86
1313;1,85;0;214;false;true;true;2,86;0;2,86
1314;1,85;0;214;false;true;true;2,86;0;2,86
1315;1,85;0;214;false;true;true;2,86;0;2,86
1316;1,85;0;214;false;true;true;2,86;0;2,86
1317;1,85;0;214;false;true;true;2,86;0;2,86
1318;1,85;0;214;false;true;true;2,86;0;2,86
1319;1,86;0;214;false;true;true;2,86;0;2,86
1320;1,86;79,08;214;true;true;true;0;76,08;0
1321;1,86;19,9;214;true;true;true;0;18,8;0
1322;1,87;15,76;214;true;true;true;0;15,93;0
1323;1,87;14,25;214;true;true;true;0;14,3;0
1324;1,88;12,88;214;true;true;true;0;12,87;0
1325;1,88;11,9;214;true;true;true;0;11,9;0
1326;1,88;11,16;214;true;true;true;0;11,16;0
1327;1,89;10,58;214;true;true;true;0;10,59;0
1328;1,89;10,11;214;true;true;true;0;10,13;0
1329;1,9;9,73;214;true;true;true;0;9,75;0
1330;1,9;9,43;214;true;true;true;0;9,45;0
1331;1,9;9,19;214;true;true;true;0;9,21;0
1332;1,91;8,97;214;true;true;true;0;8,99;0
1333;1,91;8,82;214;true;true;true;0;8,83;0
1334;1,92;8,65;214;true;true;true;0;8,67;0
1335;1,92;8,51;214;true;true;true;0;8,52;0
1336;1,93;8,38;214;true;true;true;0;8,39;0
1337;1,93;8,26;214;true;true;true;0;8,28;0
1338;1,93;8,16;214;true;true;true;0;8,17;0
1339;1,94;8,06;214;true;true;true;0;8,08;0
1340;1,94;7,98;214;true;true;true;0;8;0
1341;1,95;7,9;214;true;true;true;0;7,92;0
1342;1,95;7,83;214;true;true;true;0;7,85;0
1343;1,96;7,77;214;true;true;true;0;7,78;0
1344;1,96;7,71;214;true;true;true;0;7,73;0
1345;1,97;7,66;214;true;true;true;0;7,67;0
1346;1,97;7,61;214;true;true;true;0;7,62;0
1347;1,98;7,56;214;true;true;true;0;7,58;0
1348;1,98;7,52;214;true;true;true;0;7,53;0
1349;1,98;7,48;214;true;true;true;0;7,49;0
1350;1,99;7,44;214;true;true;true;0;7,46;0
1351;1,99;7,41;214;true;true;true;0;7,42;0
1352;2;7,38;214;true;true;true;0;7,39;0
1353;2;7,35;214;true;true;true;0;7,37;0
1354;2;7,35;214;true;true;true;0;7,36;0
1355;2,01;7,33;214;true;true;true;0;7,35;0
1356;2,01;7,31;214;true;true;true;0;7,33;0
1357;2,02;7,29;214;true;true;true;0;7,31;0
1358;2,02;7,28;214;true;true;true;0;7,3;0
1359;2,03;7,27;214;true;true;true;0;7,29;0
1360;2,03;7,26;214;true;true;true;0;7,28;0
1361;2,03;7,26;214;true;true;true;0;7,28;0
1362;2,04;7,25;214;true;true;true;0;7,27;0
1363;2,04;7,25;214;true;true;true;0;7,26;0
1364;2,05;7,24;214;true;true;true;0;7,25;0
1365;2,05;7,23;214;true;true;true;0;7,25;0
1366;2,06;7,22;214;true;true;true;0;7,24;0
1367;2,06;7,21;214;true;true;true;0;7,23;0
1368;2,07;7,21;214;true;true;true;0;7,22;0
1369;2,07;7,2;214;true;true;true;0;7,21;0
1370;2,07;7,19;214;true;true;true;0;7,21;0
1371;2,08;7,18;214;true;true;true;0;7,2;0
1372;2,08;7,18;214;true;true;true;0;7,2;0
1373;2,09;7,17;214;true;true;true;0;7,19;0
1374;2,09;7,17;214;true;true;true;0;7,18;0
1375;2,1;7,16;214;true;true;true;0;7,18;0
1376;2,1;7,16;214;true;true;true;0;7,17;0
1377;2,1;7,15;214;true;true;true;0;7,17;0
1378;2,11;7,15;214;true;true;true;0;7,16;0
1379;2,11;7,14;214;true;true;true;0;7,16;0
1380;2,12;7,14;214;true;true;true;0;7,15;0
1381;2,12;7,13;214;true;true;true;0;7,15;0
1382;2,13;7,13;214;true;true;true;0;7,14;0
1383;2,13;7,12;214;true;true;true;0;7,14;0
1384;2,13;7,12;214;true;true;true;0;7,14;0
1385;2,14;7,12;214;true;true;true;0;7,13;0
1386;2,14;7,11;214;true;true;true;0;7,13;0
1387;2,15;7,11;214;true;true;true;0;7,13;0
1388;2,15;7,1;214;true;true;true;0;7,12;0
1389;2,16;7,1;214;true;true;true;0;7,12;0
1390;2,16;7,1;214;true;true;true;0;7,12;0
1391;2,16;7,1;214;true;true;true;0;7,11;0
1392;2,17;7,09;214;true;true;true;0;7,11;0
1393;2,17;7,09;214;true;true;true;0;7,11;0
1394;2,18;7,09;214;true;true;true;0;7,1;0
1395;2,18;7,08;214;true;true;true;0;7,1;0
1396;2,18;7,08;214;true;true;true;0;7,1;0
1397;2,19;7,08;214;true;true;true;0;7,1;0
1398;2,19;7,08;214;true;true;true;0;7,09;0
1399;2,2;7,07;214;true;true;true;0;7,09;0
1400;2,2;7,07;214;true;true;true;0;7,09;0
1401;2,2;7,07;214;true;true;true;0;7,09;0
1402;2,21;7,07;214;true;true;true;0;7,08;0
1403;2,21;7,06;214;true;true;true;0;7,08;0
1404;2,22;7,06;214;true;true;true;0;7,08;0
1405;2,22;7,06;214;true;true;true;0;7,08;0
1406;2,22;7,06;214;true;true;true;0;7,07;0
1407;2,23;7,05;214;true;true;true;0;7,07;0
1408;2,23;7,05;214;true;true;true;0;7,07;0
1409;2,24;7,05;214;true;true;true;0;7,07;0
1410;2,24;7,05;214;true;true;true;0;7,07;0
1411;2,25;7,05;214;true;true;true;0;7,06;0
1412;2,25;7,04;214;true;true;true;0;7,06;0
1413;2,25;7,04;214;true;true;true;0;7,06;0
1414;2,26;7,04;214;true;true;true;0;7,06;0
1415;2,26;7,04;214;true;true;true;0;7,06;0
1416;2,27;7,04;214;true;true;true;0;7,05;0
1417;2,27;7,03;214;true;true;true;0;7,05;0
1418;2,28;7,03;214;true;true;true;0;7,05;0
1419;2,28;7,03;214;true;true;true;0;7,05;0
1420;2,29;7,03;214;true;true;true;0;7,05;0
1421;2,29;7,03;214;true;true;true;0;7,04;0
1422;2,3;7,03;214;true;true;true;0;7,04;0
1423;2,3;7,03;214;true;true;true;0;7,04;0
1424;2,31;7,03;214;true;true;true;0;7,05;0
1425;2,31;7,03;214;true;true;true;0;7,05;0
1426;2,32;7,03;214;true;true;true;0;7,05;0
1427;2,32;7,03;214;true;true;true;0;7,05;0
1428;2,32;7,03;214;true;true;true;0;7,05;0
1429;2,33;7,03;214;true;true;true;0;7,05;0
1430;2,33;7,03;214;true;true;true;0;7,05;0
1431;2,34;7,03;214;true;true;true;0;7,05;0
1432;2,34;7,03;214;true;true;true;0;7,05;0
1433;2,34;7,03;214;true;true;true;0;7,05;0
1434;2,35;7,03;214;true;true;true;0;7,05;0
1435;2,35;7,03;214;true;true;true;0;7,05;0
1436;2,36;7,03;214;true;true;true;0;7,04;0
1437;2,36;7,03;214;true;true;true;0;7,04;0
1438;2,36;7,03;214;true;true;true;0;7,04;0
1439;2,37;7,03;214;true;true;true;0;7,04;0
1440;2,37;7,02;214;true;true;true;0;7,04;0
1441;2,38;7,02;214;true;true;true;0;7,04;0
1442;2,38;7,02;214;true;true;true;0;7,04;0
1443;2,38;7,02;214;true;true;true;0;7,04;0
1444;2,39;7,02;214;true;true;true;0;7,04;0
1445;2,39;7,02;214;true;true;true;0;7,04;0
1446;2,4;7,02;214;true;true;true;0;7,04;0
1447;2,4;7,02;214;true;true;true;0;7,04;0
1448;2,4;7,02;214;true;true;true;0;7,04;0
1449;2,41;7,02;214;true;true;true;0;7,03;0
1450;2,41;7,02;214;true;true;true;0;7,03;0
1451;2,42;7,02;214;true;true;true;0;7,03;0
1452;2,42;7,01;214;true;true;true;0;7,03;0
1453;2,42;7,01;214;true;true;true;0;7,03;0
1454;2,43;7,01;214;true;true;true;0;7,03;0
1455;2,43;7,01;214;true;true;true;0;7,03;0
1456;2,44;7,01;214;true;true;true;0;7,03;0
1457;2,44;7,01;214;true;true;true;0;7,03;0
1458;2,44;7,01;214;true;true;true;0;7,03;0
1459;2,45;7,01;214;true;true;true;0;7,03;0
1460;2,45;7,01;214;true;true;true;0;7,03;0
1461;2,46;7,01;214;true;true;true;0;7,02;0
1462;2,46;7,01;214;true;true;true;0;7,02;0
1463;2,47;7,01;214;true;true;true;0;7,02;0
1464;2,47;7;214;true;true;true;0;7,02;0
1465;2,47;7;214;true;true;true;0;7,02;0
1466;2,48;7;214;true;true;true;0;7,02;0
1467;2,48;7;214;true;true;true;0;7,02;0
1468;2,49;7;214;true;true;true;0;7,02;0
1469;2,49;7;214;true;true;true;0;7,02;0
1470;2,5;7;214;true;true;true;0;7,02;0
1471;2,5;7;214;true;true;true;0;7,02;0
1472;2,5;7;214;true;true;true;0;7,02;0
1473;2,51;7;214;true;true;true;0;7,02;0
1474;2,51;7;214;true;true;true;0;7,01;0
1475;2,52;7;214;true;true;true;0;7,01;0
1476;2,52;7;214;true;true;true;0;7,01;0
1477;2,53;7;214;true;true;true;0;7,01;0
1478;2,53;6,99;214;true;true;true;0;7,01;0
1479;2,53;6,99;214;true;true;true;0;7,01;0
1480;2,54;6,99;214;true;true;true;0;7,01;0
1481;2,54;6,99;214;true;true;true;0;7,01;0
1482;2,55;6,99;214;true;true;true;0;7,01;0
1483;2,55;6,99;214;true;true;true;0;7,01;0
1484;2,56;6,99;214;true;true;true;0;7,01;0
1485;2,56;6,99;214;true;true;true;0;7,01;0
1486;2,56;6,99;214;true;true;true;0;7,01;0
1487;2,57;6,99;214;true;true;true;0;7,01;0
1488;2,57;6,99;214;true;true;true;0;7;0
1489;2,58;6,99;214;true;true;true;0;7;0
1490;2,58;6,99;214;true;true;true;0;7;0
1491;2,58;6,99;214;true;true;true;0;7;0
1492;2,59;6,98;214;true;true;true;0;7;0
1493;2,59;6,98;214;true;true;true;0;7;0
1494;2,6;6,98;214;true;true;true;0;7;0
1495;2,6;6,98;214;true;true;true;0;7;0
1496;2,61;6,98;214;true;true;true;0;7;0
1497;2,61;6,98;214;true;true;true;0;7;0
1498;2,62;6,98;214;true;true;true;0;7;0
1499;2,62;6,98;214;true;true;true;0;7;0
1500;2,63;6,98;214;true;true;true;0;7;0
1501;2,63;6,98;214;true;true;true;0;7;0
1502;2,64;6,98;214;true;true;true;0;7;0
1503;2,64;6,98;214;true;true;true;0;7;0
1504;2,65;6,98;214;true;true;true;0;6,99;0
1505;2,65;6,98;214;true;true;true;0;6,99;0
1506;2,66;6,98;214;true;true;true;0;6,99;0
1507;2,66;6,98;214;true;true;true;0;6,99;0
1508;2,66;6,97;214;true;true;true;0;6,99;0
1509;2,67;6,97;214;true;true;true;0;6,99;0
1510;2,67;6,97;214;true;true;true;0;6,99;0
1511;2,68;6,97;214;true;true;true;0;6,99;0
1512;2,68;6,97;214;true;true;true;0;6,99;0
1513;2,68;6,97;214;true;true;true;0;6,99;0
1514;2,69;6,97;214;true;true;true;0;6,99;0
1515;2,69;6,97;214;true;true;true;0;6,99;0
1516;2,7;6,97;214;true;true;true;0;6,99;0
1517;2,7;6,97;214;true;true;true;0;6,99;0
1518;2,7;6,97;214;true;true;true;0;6,99;0
1519;2,71;6,97;214;true;true;true;0;6,99;0
1520;2,71;6,97;214;true;true;true;0;6,99;0
1521;2,72;6,97;214;true;true;true;0;6,98;0
1522;2,72;6,97;214;true;true;true;0;6,98;0
1523;2,73;6,97;214;true;true;true;0;6,98;0
1524;2,73;6,97;214;true;true;true;0;6,98;0
1525;2,74;6,97;214;true;true;true;0;6,98;0
1526;2,74;6,96;214;true;true;true;0;6,98;0
1527;2,74;6,96;214;true;true;true;0;6,98;0
1528;2,75;6,96;214;true;true;true;0;6,98;0
1529;2,75;6,96;214;true;true;true;0;6,98;0
1530;2,76;6,96;214;true;true;true;0;6,98;0
1531;2,76;6,96;214;true;true;true;0;6,98;0
1532;2,77;6,96;214;true;true;true;0;6,98;0
1533;2,77;6,96;214;true;true;true;0;6,98;0
1534;2,77;6,96;214;true;true;true;0;6,98;0
1535;2,78;6,96;214;true;true;true;0;6,98;0
1536;2,78;6,96;214;true;true;true;0;6,98;0
1537;2,79;6,96;214;true;true;true;0;6,98;0
1538;2,79;6,96;214;true;true;true;0;6,98;0
1539;2,8;6,96;214;true;true;true;0;6,98;0
1540;2,8;6,96;214;true;true;true;0;6,98;0
1541;2,8;6,96;214;true;true;true;0;6,97;0
1542;2,81;6,96;214;true;true;true;0;6,97;0
1543;2,81;6,96;214;true;true;true;0;6,97;0
1544;2,82;6,96;214;true;true;true;0;6,97;0
1545;2,82;6,96;214;true;true;true;0;6,97;0
1546;2,83;6,96;214;true;true;true;0;6,97;0
1547;2,83;6,95;214;true;true;true;0;6,97;0
1548;2,83;6,95;214;true;true;true;0;6,97;0
1549;2,84;6,95;214;true;true;true;0;6,97;0
1550;2,84;6,95;214;true;true;true;0;6,97;0
1551;2,85;6,95;214;true;true;true;0;6,97;0
1552;2,85;6,95;214;true;true;true;0;6,97;0
1553;2,85;6,95;214;true;true;true;0;6,97;0
1554;2,86;6,95;214;true;true;true;0;6,97;0
1555;2,86;6,95;214;true;true;true;0;6,97;0
1556;2,87;6,95;214;true;true;true;0;6,97;0
1557;2,87;6,95;214;true;true;true;0;6,97;0
1558;2,87;6,95;214;true;true;true;0;6,97;0
1559;2,88;6,95;214;true;true;true;0;6,97;0
1560;2,88;6,95;214;true;true;true;0;6,97;0
1561;2,89;6,95;214;true;true;true;0;6,97;0
1562;2,89;6,95;214;true;true;true;0;6,97;0
1563;2,89;6,95;214;true;true;true;0;6,97;0
1564;2,9;6,95;214;true;true;true;0;6,96;0
1565;2,9;6,95;214;true;true;true;0;6,96;0
1566;2,91;6,95;214;true;true;true;0;6,96;0
1567;2,91;6,95;214;true;true;true;0;6,96;0
1568;2,94;6,95;214;true;true;true;0;6,96;0
1569;2,95;6,95;214;true;true;true;0;6,96;0
1570;2,95;6,95;214;true;true;true;0;6,96;0
1571;2,96;6,94;214;true;true;true;0;6,96;0
1572;2,96;6,94;214;true;true;true;0;6,96;0
1573;2,97;6,94;214;true;true;true;0;6,96;0
1574;2,97;6,94;214;true;true;true;0;6,96;0
1575;2,97;6,94;214;true;true;true;0;6,96;0
1576;2,98;6,94;214;true;true;true;0;6,96;0
1577;2,98;6,94;214;true;true;true;0;6,96;0
1578;2,99;6,94;214;true;true;true;0;6,96;0
1579;2,99;6,94;214;true;true;true;0;6,96;0
1580;3;6,94;214;true;true;true;0;6,96;0
1581;3;6,94;214;true;true;true;0;6,96;0
1582;3,01;6,94;214;true;true;true;0;6,96;0
1583;3,01;6,94;214;true;true;true;0;6,96;0
1584;3,01;6,94;214;true;true;true;0;6,96;0
1585;3,02;6,94;214;true;true;true;0;6,96;0
1586;3,02;6,94;214;true;true;true;0;6,96;0
1587;3,03;6,94;214;true;true;true;0;6,96;0
1588;3,03;6,94;214;true;true;true;0;6,96;0
1589;3,04;6,94;214;true;true;true;0;6,96;0
1590;3,04;6,94;214;true;true;true;0;6,96;0
1591;3,04;6,94;214;true;true;true;0;6,95;0
1592;3,05;6,94;214;true;true;true;0;6,95;0
1593;3,05;6,94;214;true;true;true;0;6,95;0
1594;3,06;6,94;214;true;true;true;0;6,95;0
1595;3,06;6,94;214;true;true;true;0;6,95;0
1596;3,06;6,94;214;true;true;true;0;6,95;0
1597;3,07;6,94;214;true;true;true;0;6,95;0
1598;3,07;6,94;214;true;true;true;0;6,95;0
1599;3,08;6,93;214;true;true;true;0;6,95;0
1600;3,08;6,93;214;true;true;true;0;6,95;0
1601;3,09;6,93;214;true;true;true;0;6,95;0
1602;3,09;6,93;214;true;true;true;0;6,95;0
1603;3,09;6,93;214;true;true;true;0;6,95;0
1604;3,1;6,93;214;true;true;true;0;6,95;0
1605;3,1;6,93;214;true;true;true;0;6,95;0
1606;3,11;6,93;214;true;true;true;0;6,95;0
1607;3,11;6,93;214;true;true;true;0;6,95;0
1608;3,12;6,93;214;true;true;true;0;6,95;0
1609;3,12;6,93;214;true;true;true;0;6,95;0
1610;3,12;6,93;214;true;true;true;0;6,95;0
1611;3,13;6,93;214;true;true;true;0;6,95;0
1612;3,13;6,93;214;true;true;true;0;6,95;0
1613;3,14;6,93;214;true;true;true;0;6,95;0
1614;3,14;6,93;214;true;true;true;0;6,95;0
1615;3,15;6,93;214;true;true;true;0;6,95;0
1616;3,15;6,93;214;true;true;true;0;6,95;0
1617;3,15;6,93;214;true;true;true;0;6,95;0
1618;3,16;6,93;214;true;true;true;0;6,95;0
1619;3,16;6,93;214;true;true;true;0;6,95;0
1620;3,17;6,93;214;true;true;true;0;6,95;0
1621;3,17;6,93;214;true;true;true;0;6,95;0
1622;3,18;6,93;214;true;true;true;0;6,95;0
1623;3,18;6,93;214;true;true;true;0;6,95;0
1624;3,19;6,93;214;true;true;true;0;6,94;0
1625;3,19;6,93;214;true;true;true;0;6,94;0
1626;3,19;6,93;214;true;true;true;0;6,94;0
1627;3,2;6,93;214;true;true;true;0;6,94;0
1628;3,2;6,93;214;true;true;true;0;6,94;0
1629;3,21;6,93;214;true;true;true;0;6,94;0
1630;3,21;6,93;214;true;true;true;0;6,94;0
1631;3,21;6,93;214;true;true;true;0;6,94;0
1632;3,22;6,93;214;true;true;true;0;6,94;0
1633;3,22;6,93;214;true;true;true;0;6,94;0
1634;3,23;6,93;214;true;true;true;0;6,94;0
1635;3,23;6,93;214;true;true;true;0;6,94;0
1636;3,24;6,93;214;true;true;true;0;6,94;0
1637;3,24;6,92;214;true;true;true;0;6,94;0
1638;3,25;6,92;214;true;true;true;0;6,94;0
1639;3,25;6,92;214;true;true;true;0;6,94;0
1640;3,26;6,92;214;true;true;true;0;6,94;0
1641;3,26;6,92;214;true;true;true;0;6,94;0
1642;3,27;6,92;214;true;true;true;0;6,94;0
1643;3,27;6,92;214;true;true;true;0;6,94;0
1644;3,27;6,92;214;true;true;true;0;6,94;0
1645;3,28;6,92;214;true;true;true;0;6,94;0
1646;3,28;6,92;214;true;true;true;0;6,94;0
1647;3,29;6,92;214;true;true;true;0;6,94;0
1648;3,29;6,92;214;true;true;true;0;6,94;0
1649;3,29;6,92;214;true;true;true;0;6,94;0
1650;3,3;6,92;214;true;true;true;0;6,94;0
1651;3,3;6,92;214;true;true;true;0;6,94;0
1652;3,31;6,92;214;true;true;true;0;6,94;0
1653;3,31;6,92;214;true;true;true;0;6,94;0
1654;3,32;6,92;214;true;true;true;0;6,94;0
1655;3,32;6,92;214;true;true;true;0;6,94;0
1656;3,32;6,92;214;true;true;true;0;6,94;0
1657;3,33;6,92;214;true;true;true;0;6,94;0
1658;3,33;6,92;214;true;true;true;0;6,94;0
1659;3,34;6,92;214;true;true;true;0;6,94;0
1660;3,34;6,92;214;true;true;true;0;6,94;0
1661;3,35;6,92;214;true;true;true;0;6,94;0
1662;3,35;6,92;214;true;true;true;0;6,94;0
1663;3,35;6,92;214;true;true;true;0;6,94;0
1664;3,36;6,92;214;true;true;true;0;6,94;0
1665;3,36;6,92;214;true;true;true;0;6,94;0
1666;3,37;6,92;214;true;true;true;0;6,94;0
1667;3,37;6,92;214;true;true;true;0;6,94;0
1668;3,38;6,92;214;true;true;true;0;6,94;0
1669;3,38;6,92;214;true;true;true;0;6,94;0
1670;3,38;6,92;214;true;true;true;0;6,94;0
1671;3,39;6,92;214;true;true;true;0;6,94;0
1672;3,39;6,92;214;true;true;true;0;6,94;0
1673;3,4;6,92;214;true;true;true;0;6,94;0
1674;3,4;6,92;214;true;true;true;0;6,94;0
1675;3,4;6,92;214;true;true;true;0;6,94;0
1676;3,41;6,92;214;true;true;true;0;6,94;0
1677;3,41;6,92;214;true;true;true;0;6,94;0
1678;3,42;6,92;214;true;true;true;0;6,94;0
1679;3,42;6,92;214;true;true;true;0;6,94;0
1680;3,43;6,92;214;true;true;true;0;6,94;0
1681;3,43;6,92;214;true;true;true;0;6,94;0
1682;3,44;6,92;214;true;true;true;0;6,94;0
1683;3,44;6,92;214;true;true;true;0;6,94;0
1684;3,45;6,92;214;true;true;true;0;6,94;0
1685;3,45;6,92;214;true;true;true;0;6,93;0
1686;3,45;6,92;214;true;true;true;0;6,93;0
1687;3,46;6,92;214;true;true;true;0;6,93;0
1688;3,46;6,92;214;true;true;true;0;6,93;0
1689;3,47;6,92;214;true;true;true;0;6,93;0
1690;3,47;6,92;214;true;true;true;0;6,93;0
1691;3,48;6,92;214;true;true;true;0;6,93;0
1692;3,48;6,92;214;true;true;true;0;6,93;0
1693;3,48;6,92;214;true;true;true;0;6,93;0
1694;3,49;6,92;214;true;true;true;0;6,93;0
1695;3,49;6,92;214;true;true;true;0;6,93;0
1696;3,5;6,92;214;true;true;true;0;6,93;0
1697;3,51;6,92;214;true;true;true;0;6,93;0
1698;3,51;6,92;214;true;true;true;0;6,93;0
1699;3,51;6,92;214;true;true;true;0;6,93;0
1700;3,52;6,92;214;true;true;true;0;6,93;0
1701;3,52;6,92;214;true;true;true;0;6,93;0
1702;3,53;6,92;214;true;true;true;0;6,93;0
1703;3,53;6,92;214;true;true;true;0;6,93;0
1704;3,54;6,92;214;true;true;true;0;6,93;0
1705;3,54;6,92;214;true;true;true;0;6,93;0
1706;3,54;6,92;214;true;true;true;0;6,93;0
1707;3,55;6,92;214;true;true;true;0;6,93;0
1708;3,55;6,92;214;true;true;true;0;6,93;0
1709;3,56;6,92;214;true;true;true;0;6,93;0
1710;3,56;6,92;214;true;true;true;0;6,93;0
1711;3,57;6,92;214;true;true;true;0;6,93;0
1712;3,57;6,92;214;true;true;true;0;6,93;0
1713;3,57;6,92;214;true;true;true;0;6,93;0
1714;3,58;6,92;214;true;true;true;0;6,93;0
1715;3,58;6,92;214;true;true;true;0;6,93;0
1716;3,59;6,92;214;true;true;true;0;6,93;0
1717;3,59;6,92;214;true;true;true;0;6,93;0
1718;3,59;6,91;214;true;true;true;0;6,93;0
1719;3,6;6,92;214;true;true;true;0;6,93;0
1720;3,6;6,91;214;true;true;true;0;6,93;0
1721;3,61;6,91;214;true;true;true;0;6,93;0
1722;3,61;6,91;214;true;true;true;0;6,93;0
1723;3,61;6,91;214;true;true;true;0;6,93;0
1724;3,62;6,91;214;true;true;true;0;6,93;0
1725;3,62;6,91;214;true;true;true;0;6,93;0
1726;3,63;6,91;214;true;true;true;0;6,93;0
1727;3,63;6,91;214;true;true;true;0;6,93;0
1728;3,64;6,91;214;true;true;true;0;6,93;0
1729;3,64;6,91;214;true;true;true;0;6,93;0
1730;3,64;6,91;214;true;true;true;0;6,93;0
1731;3,65;6,91;214;true;true;true;0;6,93;0
1732;3,65;6,91;214;true;true;true;0;6,93;0
1733;3,66;6,91;214;true;true;true;0;6,93;0
1734;3,66;6,91;214;true;true;true;0;6,93;0
1735;3,67;6,91;214;true;true;true;0;6,93;0
1736;3,67;6,91;214;true;true;true;0;6,93;0
1737;3,67;6,91;214;true;true;true;0;6,93;0
1738;3,68;6,91;214;true;true;true;0;6,93;0
1739;3,68;6,91;214;true;true;true;0;6,93;0
1740;3,69;6,91;214;true;true;true;0;6,93;0
1741;3,69;6,91;214;true;true;true;0;6,93;0
1742;3,7;6,91;214;true;true;true;0;6,93;0
1743;3,7;6,91;214;true;true;true;0;6,93;0
1744;3,71;6,91;214;true;true;true;0;6,93;0
1745;3,71;6,91;214;true;true;true;0;6,93;0
1746;3,71;6,91;214;true;true;true;0;6,93;0
1747;3,72;6,91;214;true;true;true;0;6,93;0
1748;3,72;6,91;214;true;true;true;0;6,93;0
1749;3,73;6,91;214;true;true;true;0;6,93;0
1750;3,73;6,91;214;true;true;true;0;6,93;0
1751;3,74;6,91;214;true;true;true;0;6,93;0
1752;3,74;6,91;214;true;true;true;0;6,93;0
1753;3,74;6,91;214;true;true;true;0;6,93;0
1754;3,75;6,91;214;true;true;true;0;6,93;0
1755;3,75;6,91;214;true;true;true;0;6,93;0
1756;3,76;6,91;214;true;true;true;0;6,93;0
1757;3,76;6,91;214;true;true;true;0;6,93;0
1758;3,77;6,91;214;true;true;true;0;6,93;0
1759;3,77;6,91;214;true;true;true;0;6,93;0
1760;3,78;6,91;214;true;true;true;0;6,93;0
1761;3,78;6,91;214;true;true;true;0;6,93;0
1762;3,78;6,91;214;true;true;true;0;6,93;0
1763;3,79;6,91;214;true;true;true;0;6,93;0
1764;3,79;6,91;214;true;true;true;0;6,93;0
1765;3,8;6,91;214;true;true;true;0;6,93;0
1766;3,8;6,91;214;true;true;true;0;6,93;0
1767;3,81;6,91;214;true;true;true;0;6,93;0
1768;3,81;6,91;214;true;true;true;0;6,93;0
1769;3,82;6,91;214;true;true;true;0;6,93;0
1770;3,82;6,91;214;true;true;true;0;6,93;0
1771;3,83;6,91;214;true;true;true;0;6,93;0
1772;3,83;6,91;214;true;true;true;0;6,93;0
1773;3,83;6,91;214;true;true;true;0;6,93;0
1774;3,84;6,91;214;true;true;true;0;6,93;0
1775;3,84;6,91;214;true;true;true;0;6,93;0
1776;3,85;6,91;214;true;true;true;0;6,93;0
1777;3,85;6,91;214;true;true;true;0;6,93;0
1778;3,86;6,91;214;true;true;true;0;6,93;0
1779;3,86;6,91;214;true;true;true;0;6,93;0
1780;3,86;6,91;214;true;true;true;0;6,93;0
1781;3,87;6,91;214;true;true;true;0;6,93;0
1782;3,87;6,91;214;true;true;true;0;6,93;0
1783;3,88;6,91;214;true;true;true;0;6,93;0
1784;3,88;6,91;214;true;true;true;0;6,93;0
1785;3,88;6,91;214;true;true;true;0;6,93;0
1786;3,89;6,91;214;true;true;true;0;6,93;0
1787;3,89;6,91;214;true;true;true;0;6,93;0
1788;3,9;6,91;214;true;true;true;0;6,93;0
1789;3,9;6,91;214;true;true;true;0;6,93;0
1790;3,91;6,91;214;true;true;true;0;6,93;0
1791;3,91;6,91;214;tru