lengthMiddleSegment: 4787.8025
step_energy: 0.05
electrostatic_force_factor: 1.0
spring_force_factor: 0.1
reject_force_factor: 2.0
distanceRejectRadius: 2393.90125
distanceSamePosition: 2393.90125
Iteration;time;energy;num nodes;reject force is enabled;spring force is enabled;electrostatic force is enabled;str_force;rep_force;elec_force
1;0;11,38;494;false;true;true;5,29;0;6,47
2;0,03;12,15;483;false;true;true;6,15;0;7,94
3;0,08;12,12;471;false;true;true;5,93;0;7,5
4;0,09;10,13;458;false;true;true;5,28;0;7,35
5;0,09;9,41;450;false;true;true;4,85;0;7,37
6;0,09;9,98;443;false;true;true;4,95;0;7,35
7;0,09;9,58;435;false;true;true;5,26;0;6,88
8;0,1;8,96;428;false;true;true;5,47;0;6,57
9;0,1;8,78;421;false;true;true;5,52;0;6,75
10;0,1;8,79;416;false;true;true;5,52;0;7,33
11;0,1;9,15;407;false;true;true;5,36;0;6,44
12;0,11;9,12;398;false;true;true;5,39;0;7,1
13;0,11;9,28;389;false;true;true;5,59;0;6,59
14;0,11;9,12;380;false;true;true;4,91;0;5,76
15;0,11;8,66;375;false;true;true;4,89;0;5,81
16;0,12;8,94;368;false;true;true;5,2;0;5,32
17;0,12;8,64;361;false;true;true;4,92;0;5,37
18;0,12;8,58;354;false;true;true;4,93;0;5,71
19;0,12;7,68;345;false;true;true;5,24;0;4,92
20;0,12;7,45;339;false;true;true;5,13;0;4,35
21;0,13;7,07;334;false;true;true;4,82;0;4,41
22;0,13;6,95;330;false;true;true;4,52;0;4,97
23;0,13;6,8;323;false;true;true;4,87;0;4,71
24;0,13;7,17;317;false;true;true;5,35;0;4,09
25;0,14;6,74;312;false;true;true;4,62;0;4,56
26;0,14;5,85;307;false;true;true;4,63;0;3,77
27;0,14;5,78;305;false;true;true;4,51;0;4,25
28;0,14;5,79;302;false;true;true;4,58;0;3,66
29;0,14;5,71;298;false;true;true;4,5;0;4,09
30;0,15;5,38;296;false;true;true;4,08;0;4
31;0,15;5,16;292;false;true;true;4,18;0;4,01
32;0,15;5,45;290;false;true;true;4,43;0;4,98
33;0,15;5,11;283;false;true;true;4,56;0;3,09
34;0,15;4,87;281;false;true;true;4,04;0;3,58
35;0,15;4,68;277;false;true;true;4,12;0;3,34
36;0,15;4,7;275;false;true;true;4,32;0;3,46
37;0,16;4,67;272;false;true;true;4,47;0;3,54
38;0,16;4,67;270;false;true;true;4,17;0;3,19
39;0,16;4,43;269;false;true;true;3,91;0;3,57
40;0,16;4,44;266;false;true;true;4,08;0;3,23
41;0,16;4,15;263;false;true;true;3,85;0;3,52
42;0,16;4,24;261;false;true;true;4,12;0;3,95
43;0,16;4,42;257;false;true;true;4,49;0;2,7
44;0,16;3,9;256;false;true;true;3,92;0;2,8
45;0,16;3,68;255;false;true;true;3,75;0;2,9
46;0,17;3,66;253;false;true;true;3,88;0;3,01
47;0,17;3,6;252;false;true;true;3,93;0;3,17
48;0,17;3,74;250;false;true;true;4,1;0;3,42
49;0,17;3,89;248;false;true;true;4,03;0;2,82
50;0,17;3,6;247;false;true;true;3,72;0;2,92
51;0,17;3,47;246;false;true;true;3,7;0;3,01
52;0,17;3,42;245;false;true;true;3,84;0;3,11
53;0,17;3,43;244;false;true;true;4,01;0;3,25
54;0,17;4,16;242;false;true;true;3,72;0;2,68
55;0,17;4,09;240;false;true;true;3,57;0;2,08
56;0,17;3,67;239;false;true;true;3,36;0;2,13
57;0,18;2,48;238;false;true;true;3,06;0;1,5
58;0,18;2,17;238;false;true;true;2,95;0;1,6
59;0,18;2,06;238;false;true;true;2,98;0;1,72
60;0,18;2,07;238;false;true;true;3,06;0;1,9
61;0,18;2,45;237;false;true;true;3,2;0;1,38
62;0,18;2,09;237;false;true;true;2,82;0;1,46
63;0,18;1,93;237;false;true;true;2,7;0;1,54
64;0,18;1,86;237;false;true;true;2,78;0;1,62
65;0,18;1,83;237;false;true;true;2,85;0;1,72
66;0,19;1,85;237;false;true;true;2,95;0;1,85
67;0,19;1,97;237;false;true;true;3,07;0;2,09
68;0,19;2,19;236;false;true;true;3;0;1,43
69;0,19;1,91;236;false;true;true;2,7;0;1,51
70;0,19;1,79;236;false;true;true;2,64;0;1,58
71;0,19;1,73;236;false;true;true;2,72;0;1,65
72;0,19;1,72;236;false;true;true;2,81;0;1,75
73;0,19;1,74;236;false;true;true;2,9;0;1,87
74;0,19;1,86;236;false;true;true;3,03;0;2,09
75;0,19;2,12;235;false;true;true;2,98;0;1,45
76;0,19;1,85;235;false;true;true;2,68;0;1,53
77;0,2;1,71;235;false;true;true;2,6;0;1,6
78;0,2;1,66;235;false;true;true;2,69;0;1,67
79;0,2;1,63;235;false;true;true;2,76;0;1,75
80;0,2;1,65;235;false;true;true;2,85;0;1,86
81;0,2;1,74;235;false;true;true;2,96;0;2,04
82;0,2;2,12;234;false;true;true;3,03;0;1,47
83;0,21;1,82;234;false;true;true;2,69;0;1,54
84;0,21;1,66;234;false;true;true;2,58;0;1,6
85;0,21;1,6;234;false;true;true;2,66;0;1,67
86;0,21;1,58;234;false;true;true;2,73;0;1,74
87;0,21;1,58;234;false;true;true;2,81;0;1,83
88;0,21;1,63;234;false;true;true;2,9;0;1,97
89;0,22;2,16;233;false;true;true;3,1;0;1,48
90;0,22;1,81;233;false;true;true;2,72;0;1,55
91;0,22;1,64;233;false;true;true;2,57;0;1,61
92;0,22;1,57;233;false;true;true;2,64;0;1,66
93;0,22;1,54;233;false;true;true;2,71;0;1,73
94;0,23;1,54;233;false;true;true;2,78;0;1,81
95;0,23;1,55;233;false;true;true;2,85;0;1,92
96;0,23;1,64;233;false;true;true;2,96;0;2,09
97;0,23;2,05;232;false;true;true;3,01;0;1,5
98;0,23;1,73;232;false;true;true;2,67;0;1,57
99;0,23;1,58;232;false;true;true;2,56;0;1,63
100;0,23;1,52;232;false;true;true;2,62;0;1,68
101;0,24;1,49;232;false;true;true;2,69;0;1,75
102;0,24;1,48;232;false;true;true;2,76;0;1,82
103;0,24;1,51;232;false;true;true;2,84;0;1,92
104;0,24;1,58;232;false;true;true;2,94;0;2,08
105;0,24;2,04;231;false;true;true;3,03;0;1,52
106;0,24;1,72;231;false;true;true;2,68;0;1,58
107;0,24;1,55;231;false;true;true;2,55;0;1,64
108;0,24;1,49;231;false;true;true;2,61;0;1,69
109;0,24;1,45;231;false;true;true;2,68;0;1,75
110;0,25;1,44;231;false;true;true;2,74;0;1,82
111;0,25;1,44;231;false;true;true;2,8;0;1,9
112;0,25;1,49;231;false;true;true;2,89;0;2,02
113;0,25;1,62;231;false;true;true;3;0;2,24
114;0,25;1,89;230;false;true;true;2,9;0;1,55
115;0,25;1,63;230;false;true;true;2,61;0;1,61
116;0,25;1,49;230;false;true;true;2,54;0;1,66
117;0,25;1,43;230;false;true;true;2,61;0;1,71
118;0,25;1,4;230;false;true;true;2,67;0;1,77
119;0,26;1,38;230;false;true;true;2,73;0;1,83
120;0,26;1,39;230;false;true;true;2,79;0;1,91
121;0,26;1,43;230;false;true;true;2,86;0;2,02
122;0,26;1,53;230;false;true;true;2,97;0;2,2
123;0,26;1,9;229;false;true;true;2,93;0;1,56
124;0,27;1,6;229;false;true;true;2,62;0;1,62
125;0,27;1,45;229;false;true;true;2,53;0;1,67
126;0,27;1,39;229;false;true;true;2,59;0;1,72
127;0,27;1,35;229;false;true;true;2,65;0;1,76
128;0,27;1,33;229;false;true;true;2,7;0;1,82
129;0,27;1,33;229;false;true;true;2,75;0;1,88
130;0,27;1,34;229;false;true;true;2,81;0;1,96
131;0,27;1,39;229;false;true;true;2,89;0;2,08
132;0,28;1,51;229;false;true;true;3;0;2,28
133;0,28;1,58;228;false;true;true;2,89;0;1,33
134;0,28;1,58;228;false;true;true;2,63;0;1,61
135;0,28;1,42;228;false;true;true;2,49;0;1,65
136;0,28;1,35;228;false;true;true;2,54;0;1,69
137;0,28;1,3;228;false;true;true;2,59;0;1,73
138;0,28;1,27;228;false;true;true;2,64;0;1,77
139;0,28;1,25;228;false;true;true;2,68;0;1,81
140;0,28;1,23;228;false;true;true;2,71;0;1,85
141;0,28;1,22;228;false;true;true;2,75;0;1,91
142;0,28;1,24;228;false;true;true;2,8;0;1,97
143;0,29;1,27;228;false;true;true;2,87;0;2,06
144;0,29;1,34;228;false;true;true;2,94;0;2,2
145;0,29;1,62;227;false;true;true;2,96;0;1,36
146;0,29;1,57;227;false;true;true;2,67;0;1,63
147;0,29;1,39;227;false;true;true;2,52;0;1,67
148;0,29;1,31;227;false;true;true;2,54;0;1,7
149;0,29;1,26;227;false;true;true;2,6;0;1,74
150;0,29;1,23;227;false;true;true;2,63;0;1,77
151;0,29;1,2;227;false;true;true;2,66;0;1,8
152;0,29;1,18;227;false;true;true;2,69;0;1,83
153;0,3;1,16;227;false;true;true;2,72;0;1,87
154;0,3;1,16;227;false;true;true;2,75;0;1,91
155;0,3;1,16;227;false;true;true;2,79;0;1,96
156;0,3;1,17;227;false;true;true;2,83;0;2,02
157;0,3;1,21;227;false;true;true;2,9;0;2,1
158;0,3;1,28;227;false;true;true;2,98;0;2,23
159;0,3;1,63;226;false;true;true;3;0;1,39
160;0,3;1,58;226;false;true;true;2,71;0;1,66
161;0,3;1,39;226;false;true;true;2,58;0;1,71
162;0,31;1,31;226;false;true;true;2,59;0;1,74
163;0,31;1,26;226;false;true;true;2,64;0;1,78
164;0,31;1,22;226;false;true;true;2,67;0;1,81
165;0,31;1,19;226;false;true;true;2,71;0;1,84
166;0,31;1,18;226;false;true;true;2,74;0;1,87
167;0,31;1,16;226;false;true;true;2,77;0;1,91
168;0,31;1,16;226;false;true;true;2,8;0;1,95
169;0,31;1,16;226;false;true;true;2,84;0;2
170;0,31;1,17;226;false;true;true;2,88;0;2,05
171;0,31;1,19;226;false;true;true;2,94;0;2,13
172;0,32;1,25;226;false;true;true;3,01;0;2,23
173;0,32;1,37;226;false;true;true;3,12;0;2,42
174;0,32;1,49;225;false;true;true;2,9;0;1,43
175;0,32;1,49;225;false;true;true;2,66;0;1,7
176;0,32;1,35;225;false;true;true;2,6;0;1,74
177;0,32;1,28;225;false;true;true;2,65;0;1,77
178;0,32;1,24;225;false;true;true;2,69;0;1,8
179;0,33;1,21;225;false;true;true;2,72;0;1,82
180;0,33;1,18;225;false;true;true;2,74;0;1,85
181;0,33;1,16;225;false;true;true;2,76;0;1,87
182;0,33;1,14;225;false;true;true;2,78;0;1,9
183;0,33;1,13;225;false;true;true;2,8;0;1,92
184;0,33;1,12;225;false;true;true;2,82;0;1,95
185;0,33;1,11;225;false;true;true;2,84;0;1,98
186;0,33;1,1;225;false;true;true;2,87;0;2,01
187;0,33;1,1;225;false;true;true;2,89;0;2,05
188;0,34;1,1;225;false;true;true;2,92;0;2,1
189;0,34;1,11;225;false;true;true;2,96;0;2,15
190;0,34;1,14;225;false;true;true;3,01;0;2,22
191;0,34;1,19;225;false;true;true;3,09;0;2,31
192;0,34;1,28;225;false;true;true;3,18;0;2,46
193;0,34;1,81;224;false;true;true;2,99;0;1,83
194;0,34;1,57;224;false;true;true;2,81;0;1,92
195;0,34;1,49;224;false;true;true;2,81;0;2,01
196;0,34;1,47;224;false;true;true;2,91;0;2,11
197;0,34;1,5;224;false;true;true;3,03;0;2,23
198;0,34;1,59;224;false;true;true;3,17;0;2,43
199;0,35;1,79;223;false;true;true;3,05;0;1,86
200;0,35;1,63;223;false;true;true;2,87;0;1,95
201;0,35;1,55;223;false;true;true;2,86;0;2,02
202;0,35;1,52;223;false;true;true;2,95;0;2,11
203;0,35;1,52;223;false;true;true;3,06;0;2,21
204;0,35;1,55;223;false;true;true;3,17;0;2,34
205;0,35;1,63;223;false;true;true;3,31;0;2,52
206;0,35;2,16;222;false;true;true;3,06;0;1,73
207;0,35;2,07;221;false;true;true;2,68;0;1,13
208;0,35;1,83;221;false;true;true;2,4;0;1,19
209;0,36;1,67;221;false;true;true;2,31;0;1,24
210;0,36;1,6;221;false;true;true;2,35;0;1,29
211;0,36;1,55;221;false;true;true;2,39;0;1,35
212;0,36;1,53;221;false;true;true;2,44;0;1,41
213;0,36;1,53;221;false;true;true;2,5;0;1,5
214;0,36;1,57;221;false;true;true;2,57;0;1,62
215;0,36;1,69;221;false;true;true;2,68;0;1,84
216;0,36;1,82;220;false;true;true;2,43;0;1,14
217;0,37;1,64;220;false;true;true;2,22;0;1,2
218;0,37;1,53;220;false;true;true;2,19;0;1,25
219;0,37;1,73;220;false;true;true;2,25;0;1,55
220;0,37;1,64;220;false;true;true;2,54;0;1,62
221;0,37;1,59;220;false;true;true;2,64;0;1,69
222;0,37;1,58;220;false;true;true;2,73;0;1,78
223;0,37;1,61;220;false;true;true;2,82;0;1,9
224;0,37;1,72;220;false;true;true;2,94;0;2,1
225;0,37;1,88;219;false;true;true;2,73;0;1,43
226;0,37;1,7;219;false;true;true;2,52;0;1,5
227;0,38;1,58;219;false;true;true;2,5;0;1,55
228;0,38;1,53;219;false;true;true;2,56;0;1,6
229;0,38;1,49;219;false;true;true;2,62;0;1,65
230;0,38;1,48;219;false;true;true;2,68;0;1,72
231;0,38;1,47;219;false;true;true;2,74;0;1,79
232;0,38;1,5;219;false;true;true;2,81;0;1,89
233;0,38;1,59;219;false;true;true;2,91;0;2,06
234;0,38;1,84;218;false;true;true;2,75;0;1,46
235;0,38;1,64;218;false;true;true;2,53;0;1,52
236;0,38;1,53;218;false;true;true;2,49;0;1,57
237;0,38;1,48;218;false;true;true;2,55;0;1,61
238;0,39;1,44;218;false;true;true;2,61;0;1,66
239;0,39;1,43;218;false;true;true;2,66;0;1,72
240;0,39;1,42;218;false;true;true;2,72;0;1,79
241;0,39;1,44;218;false;true;true;2,79;0;1,88
242;0,39;1,5;218;false;true;true;2,87;0;2,01
243;0,39;1,58;217;false;true;true;2,78;0;1,22
244;0,39;1,65;217;false;true;true;2,57;0;1,51
245;0,39;1,52;217;false;true;true;2,46;0;1,56
246;0,39;1,45;217;false;true;true;2,51;0;1,61
247;0,4;1,42;217;false;true;true;2,57;0;1,65
248;0,4;1,39;217;false;true;true;2,62;0;1,71
249;0,4;1,38;217;false;true;true;2,68;0;1,76
250;0,4;1,39;217;false;true;true;2,74;0;1,84
251;0,4;1,42;217;false;true;true;2,81;0;1,94
252;0,4;1,51;217;false;true;true;2,91;0;2,11
253;0,4;1,76;216;false;true;true;2,73;0;1,49
254;0,4;1,56;216;false;true;true;2,5;0;1,55
255;0,4;1,46;216;false;true;true;2,48;0;1,59
256;0,4;1,4;216;false;true;true;2,53;0;1,64
257;0,41;1,37;216;false;true;true;2,59;0;1,68
258;0,41;1,35;216;false;true;true;2,63;0;1,74
259;0,41;1,34;216;false;true;true;2,69;0;1,8
260;0,41;1,36;216;false;true;true;2,75;0;1,88
261;0,41;1,4;216;false;true;true;2,83;0;1,99
262;0,41;1,52;216;false;true;true;2,93;0;2,18
263;0,41;1,72;215;false;true;true;2,7;0;1,5
264;0,41;1,53;215;false;true;true;2,48;0;1,56
265;0,41;1,42;215;false;true;true;2,47;0;1,61
266;0,41;1,37;215;false;true;true;2,52;0;1,65
267;0,41;1,34;215;false;true;true;2,58;0;1,7
268;0,42;1,32;215;false;true;true;2,63;0;1,75
269;0,42;1,32;215;false;true;true;2,68;0;1,81
270;0,42;1,33;215;false;true;true;2,74;0;1,88
271;0,42;1,37;215;false;true;true;2,82;0;1,99
272;0,42;1,48;215;false;true;true;2,92;0;2,18
273;0,42;1,7;214;false;true;true;2,69;0;1,51
274;0,42;1,5;214;false;true;true;2,47;0;1,57
275;0,42;1,4;214;false;true;true;2,46;0;1,62
276;0,42;1,35;214;false;true;true;2,52;0;1,66
277;0,43;1,32;214;false;true;true;2,57;0;1,7
278;0,43;1,3;214;false;true;true;2,62;0;1,75
279;0,43;1,29;214;false;true;true;2,67;0;1,81
280;0,43;1,3;214;false;true;true;2,73;0;1,88
281;0,43;1,34;214;false;true;true;2,8;0;1,98
282;0,43;1,42;214;false;true;true;2,89;0;2,14
283;0,43;1,7;213;false;true;true;2,71;0;1,52
284;0,43;1,49;213;false;true;true;2,48;0;1,58
285;0,43;1,39;213;false;true;true;2,45;0;1,62
286;0,43;1,33;213;false;true;true;2,5;0;1,66
287;0,44;1,3;213;false;true;true;2,56;0;1,7
288;0,44;1,28;213;false;true;true;2,61;0;1,75
289;0,44;1,27;213;false;true;true;2,66;0;1,8
290;0,44;1,27;213;false;true;true;2,71;0;1,87
291;0,44;1,3;213;false;true;true;2,77;0;1,95
292;0,44;1,37;213;false;true;true;2,86;0;2,09
293;0,44;1,46;212;false;true;true;2,72;0;1,28
294;0,44;1,53;212;false;true;true;2,52;0;1,56
295;0,44;1,39;212;false;true;true;2,42;0;1,61
296;0,44;1,33;212;false;true;true;2,47;0;1,65
297;0,44;1,29;212;false;true;true;2,52;0;1,69
298;0,45;1,26;212;false;true;true;2,57;0;1,73
299;0,45;1,24;212;false;true;true;2,62;0;1,78
300;0,45;1,24;212;false;true;true;2,67;0;1,84
301;0,45;1,26;212;false;true;true;2,72;0;1,91
302;0,45;1,29;212;false;true;true;2,79;0;2,01
303;0,45;1,38;212;false;true;true;2,89;0;2,17
304;0,45;1,65;211;false;true;true;2,68;0;1,54
305;0,45;1,44;211;false;true;true;2,45;0;1,59
306;0,45;1,34;211;false;true;true;2,43;0;1,63
307;0,46;1,28;211;false;true;true;2,48;0;1,67
308;0,46;1,24;211;false;true;true;2,53;0;1,71
309;0,46;1,22;211;false;true;true;2,57;0;1,76
310;0,46;1,21;211;false;true;true;2,61;0;1,8
311;0,46;1,2;211;false;true;true;2,66;0;1,86
312;0,46;1,22;211;false;true;true;2,71;0;1,93
313;0,46;1,26;211;false;true;true;2,78;0;2,04
314;0,46;1,36;211;false;true;true;2,88;0;2,21
315;0,46;1,6;210;false;true;true;2,64;0;1,54
316;0,46;1,4;210;false;true;true;2,42;0;1,6
317;0,47;1,29;210;false;true;true;2,4;0;1,64
318;0,47;1,24;210;false;true;true;2,46;0;1,68
319;0,47;1,2;210;false;true;true;2,51;0;1,72
320;0,47;1,18;210;false;true;true;2,54;0;1,76
321;0,47;1,16;210;false;true;true;2,58;0;1,8
322;0,47;1,15;210;false;true;true;2,62;0;1,86
323;0,47;1,16;210;false;true;true;2,67;0;1,92
324;0,47;1,19;210;false;true;true;2,73;0;2,01
325;0,47;1,26;210;false;true;true;2,81;0;2,16
326;0,47;1,33;209;false;true;true;2,62;0;1,3
327;0,47;1,4;209;false;true;true;2,43;0;1,58
328;0,48;1,27;209;false;true;true;2,34;0;1,63
329;0,48;1,2;209;false;true;true;2,38;0;1,67
330;0,48;1,16;209;false;true;true;2,44;0;1,7
331;0,48;1,12;209;false;true;true;2,48;0;1,74
332;0,48;1,1;209;false;true;true;2,51;0;1,78
333;0,48;1,08;209;false;true;true;2,55;0;1,82
334;0,48;1,08;209;false;true;true;2,58;0;1,88
335;0,48;1,08;209;false;true;true;2,63;0;1,94
336;0,48;1,11;209;false;true;true;2,69;0;2,03
337;0,49;1,18;209;false;true;true;2,77;0;2,17
338;0,49;1,26;208;false;true;true;2,57;0;1,31
339;0,49;1,33;208;false;true;true;2,37;0;1,59
340;0,49;1,19;208;false;true;true;2,28;0;1,63
341;0,49;1,12;208;false;true;true;2,32;0;1,67
342;0,49;1,07;208;false;true;true;2,37;0;1,7
343;0,49;1,03;208;false;true;true;2,4;0;1,73
344;0,49;1;208;false;true;true;2,43;0;1,77
345;0,49;0,97;208;false;true;true;2,45;0;1,8
346;0,49;0,96;208;false;true;true;2,48;0;1,84
347;0,5;0,95;208;false;true;true;2,51;0;1,89
348;0,5;0,96;208;false;true;true;2,55;0;1,95
349;0,5;0,97;208;false;true;true;2,6;0;2,03
350;0,5;1,03;208;false;true;true;2,67;0;2,14
351;0,5;1,18;207;false;true;true;2,49;0;1,32
352;0,5;1,23;207;false;true;true;2,29;0;1,59
353;0,5;1,1;207;false;true;true;2,21;0;1,63
354;0,5;1,02;207;false;true;true;2,25;0;1,66
355;0,5;0,96;207;false;true;true;2,28;0;1,68
356;0,5;0,91;207;false;true;true;2,31;0;1,71
357;0,5;0,87;207;false;true;true;2,32;0;1,73
358;0,51;0,84;207;false;true;true;2,34;0;1,76
359;0,51;0,82;207;false;true;true;2,35;0;1,78
360;0,51;0,8;207;false;true;true;2,37;0;1,81
361;0,51;0,78;207;false;true;true;2,38;0;1,84
362;0,51;0,77;207;false;true;true;2,4;0;1,87
363;0,51;0,76;207;false;true;true;2,43;0;1,91
364;0,51;0,76;207;false;true;true;2,46;0;1,95
365;0,51;0,77;207;false;true;true;2,49;0;2
366;0,51;0,79;207;false;true;true;2,54;0;2,07
367;0,51;0,83;207;false;true;true;2,6;0;2,16
368;0,52;0,94;207;false;true;true;2,7;0;2,32
369;0,52;0,98;206;false;true;true;2,31;0;1,33
370;0,52;1,07;206;false;true;true;2,15;0;1,59
371;0,52;0,94;206;false;true;true;2,11;0;1,62
372;0,52;0,85;206;false;true;true;2,14;0;1,64
373;0,52;0,8;206;false;true;true;2,18;0;1,66
374;0,52;0,75;206;false;true;true;2,19;0;1,67
375;0,52;0,71;206;false;true;true;2,2;0;1,69
376;0,52;0,68;206;false;true;true;2,21;0;1,7
377;0,52;0,66;206;false;true;true;2,22;0;1,71
378;0,53;0,64;206;false;true;true;2,23;0;1,72
379;0,53;0,63;206;false;true;true;2,23;0;1,73
380;0,53;0,61;206;false;true;true;2,24;0;1,74
381;0,53;0,6;206;false;true;true;2,24;0;1,75
382;0,53;0,59;206;false;true;true;2,25;0;1,76
383;0,53;0,58;206;false;true;true;2,25;0;1,77
384;0,53;0,57;206;false;true;true;2,26;0;1,78
385;0,53;0,56;206;false;true;true;2,26;0;1,79
386;0,53;0,56;206;false;true;true;2,26;0;1,8
387;0,54;0,55;206;false;true;true;2,27;0;1,81
388;0,54;0,55;206;false;true;true;2,27;0;1,82
389;0,54;0,54;206;false;true;true;2,28;0;1,82
390;0,54;0,53;206;false;true;true;2,28;0;1,83
391;0,54;0,53;206;false;true;true;2,29;0;1,84
392;0,54;0,52;206;false;true;true;2,29;0;1,85
393;0,54;0,52;206;false;true;true;2,3;0;1,86
394;0,54;0,51;206;false;true;true;2,3;0;1,87
395;0,54;0,51;206;false;true;true;2,31;0;1,88
396;0,54;0,5;206;false;true;true;2,31;0;1,9
397;0,55;0,5;206;false;true;true;2,32;0;1,91
398;0,55;0,49;206;false;true;true;2,33;0;1,92
399;0,55;0,49;206;false;true;true;2,34;0;1,94
400;0,55;0,49;206;false;true;true;2,34;0;1,95
401;0,55;0,49;206;false;true;true;2,36;0;1,97
402;0,55;0,49;206;false;true;true;2,37;0;1,99
403;0,55;0,49;206;false;true;true;2,38;0;2,01
404;0,55;0,5;206;false;true;true;2,4;0;2,04
405;0,55;0,51;206;false;true;true;2,43;0;2,06
406;0,55;0,52;206;false;true;true;2,45;0;2,1
407;0,56;0,54;206;false;true;true;2,49;0;2,15
408;0,56;0,57;206;false;true;true;2,53;0;2,21
409;0,56;0,63;206;false;true;true;2,59;0;2,31
410;0,56;0,82;205;false;true;true;2,18;0;1,37
411;0,56;0,63;205;false;true;true;1,99;0;1,37
412;0,56;0,55;205;false;true;true;1,91;0;1,37
413;0,56;0,52;205;false;true;true;1,88;0;1,37
414;0,56;0,5;205;false;true;true;1,86;0;1,37
415;0,56;0,49;205;false;true;true;1,85;0;1,37
416;0,56;0,71;205;false;true;true;1,84;0;1,62
417;0,56;0,6;205;false;true;true;1,99;0;1,64
418;0,57;0,55;205;false;true;true;2,03;0;1,65
419;0,57;0,53;205;false;true;true;2,06;0;1,66
420;0,57;0,51;205;false;true;true;2,07;0;1,67
421;0,57;0,5;205;false;true;true;2,08;0;1,67
422;0,57;0,5;205;false;true;true;2,08;0;1,68
423;0,57;0,49;205;false;true;true;2,08;0;1,68
424;0,57;0,48;205;false;true;true;2,08;0;1,68
425;0,57;0,47;205;false;true;true;2,08;0;1,69
426;0,57;0,47;205;false;true;true;2,08;0;1,69
427;0,57;0,46;205;false;true;true;2,08;0;1,7
428;0,58;0,46;205;false;true;true;2,09;0;1,7
429;0,58;0,45;205;false;true;true;2,08;0;1,7
430;0,58;0,44;205;false;true;true;2,08;0;1,71
431;0,58;0,44;205;false;true;true;2,08;0;1,71
432;0,58;0,43;205;false;true;true;2,08;0;1,71
433;0,58;0,43;205;false;true;true;2,08;0;1,72
434;0,58;0,42;205;false;true;true;2,08;0;1,72
435;0,58;0,41;205;false;true;true;2,08;0;1,72
436;0,58;0,41;205;false;true;true;2,08;0;1,72
437;0,58;0,4;205;false;true;true;2,07;0;1,73
438;0,59;0,39;205;false;true;true;2,07;0;1,73
439;0,59;0,39;205;false;true;true;2,07;0;1,73
440;0,59;0,38;205;false;true;true;2,07;0;1,74
441;0,59;0,38;205;false;true;true;2,07;0;1,74
442;0,59;0,37;205;false;true;true;2,07;0;1,74
443;0,59;0,37;205;false;true;true;2,07;0;1,75
444;0,59;0,36;205;false;true;true;2,06;0;1,75
445;0,59;0,35;205;false;true;true;2,06;0;1,75
446;0,6;0,35;205;false;true;true;2,06;0;1,76
447;0,6;0,35;205;false;true;true;2,06;0;1,76
448;0,6;0,34;205;false;true;true;2,06;0;1,76
449;0,6;0,34;205;false;true;true;2,06;0;1,77
450;0,6;0,34;205;false;true;true;2,07;0;1,77
451;0,6;0,34;205;false;true;true;2,07;0;1,77
452;0,6;0,33;205;false;true;true;2,07;0;1,77
453;0,6;0,33;205;false;true;true;2,07;0;1,78
454;0,6;0,33;205;false;true;true;2,07;0;1,78
455;0,6;0,32;205;false;true;true;2,07;0;1,78
456;0,61;0,32;205;false;true;true;2,07;0;1,79
457;0,61;0,31;205;false;true;true;2,06;0;1,79
458;0,61;0,31;205;false;true;true;2,07;0;1,79
459;0,61;0,31;205;false;true;true;2,07;0;1,8
460;0,61;0,3;205;false;true;true;2,07;0;1,8
461;0,61;0,3;205;false;true;true;2,07;0;1,8
462;0,61;0,3;205;false;true;true;2,07;0;1,81
463;0,61;0,29;205;false;true;true;2,07;0;1,81
464;0,61;0,29;205;false;true;true;2,07;0;1,81
465;0,61;0,29;205;false;true;true;2,07;0;1,82
466;0,62;0,28;205;false;true;true;2,07;0;1,82
467;0,62;0,28;205;false;true;true;2,07;0;1,83
468;0,62;0,28;205;false;true;true;2,07;0;1,83
469;0,62;0,28;205;false;true;true;2,07;0;1,83
470;0,62;0,27;205;false;true;true;2,08;0;1,84
471;0,62;0,27;205;false;true;true;2,08;0;1,84
472;0,62;0,27;205;false;true;true;2,08;0;1,84
473;0,62;0,27;205;false;true;true;2,09;0;1,85
474;0,62;0,27;205;false;true;true;2,09;0;1,85
475;0,62;0,27;205;false;true;true;2,09;0;1,86
476;0,63;0,27;205;false;true;true;2,1;0;1,86
477;0,63;0,27;205;false;true;true;2,1;0;1,87
478;0,63;0,27;205;false;true;true;2,1;0;1,87
479;0,63;0,26;205;false;true;true;2,11;0;1,88
480;0,63;0,26;205;false;true;true;2,11;0;1,88
481;0,63;0,26;205;false;true;true;2,12;0;1,89
482;0,63;0,26;205;false;true;true;2,12;0;1,9
483;0,64;0,26;205;false;true;true;2,12;0;1,9
484;0,64;0,26;205;false;true;true;2,13;0;1,91
485;0,64;0,26;205;false;true;true;2,14;0;1,92
486;0,64;0,26;205;false;true;true;2,14;0;1,93
487;0,64;0,26;205;false;true;true;2,15;0;1,94
488;0,65;0,26;205;false;true;true;2,16;0;1,95
489;0,65;0,26;205;false;true;true;2,17;0;1,96
490;0,65;0,26;205;false;true;true;2,18;0;1,97
491;0,65;0,27;205;false;true;true;2,19;0;1,99
492;0,65;0,28;205;false;true;true;2,21;0;2,01
493;0,66;0,28;205;false;true;true;2,23;0;2,03
494;0,66;0,3;205;false;true;true;2,26;0;2,06
495;0,66;0,32;205;false;true;true;2,29;0;2,11
496;0,66;1,04;204;false;true;true;1,9;0;1,37
497;0,66;0,76;204;false;true;true;1,73;0;1,41
498;0,66;0,65;204;false;true;true;1,74;0;1,43
499;0,66;0,59;204;false;true;true;1,79;0;1,45
500;0,66;0,55;204;false;true;true;1,82;0;1,47
501;0,66;0,52;204;false;true;true;1,84;0;1,48
502;0,67;0,5;204;false;true;true;1,86;0;1,49
503;0,67;0,48;204;false;true;true;1,87;0;1,5
504;0,67;0,47;204;false;true;true;1,87;0;1,51
505;0,67;0,46;204;false;true;true;1,88;0;1,52
506;0,67;0,44;204;false;true;true;1,88;0;1,53
507;0,67;0,43;204;false;true;true;1,89;0;1,53
508;0,67;0,42;204;false;true;true;1,89;0;1,54
509;0,68;0,42;204;false;true;true;1,89;0;1,54
510;0,68;0,41;204;false;true;true;1,9;0;1,55
511;0,68;0,4;204;false;true;true;1,9;0;1,56
512;0,68;0,39;204;false;true;true;1,9;0;1,56
513;0,68;0,38;204;false;true;true;1,9;0;1,57
514;0,68;0,38;204;false;true;true;1,9;0;1,57
515;0,68;0,37;204;false;true;true;1,9;0;1,58
516;0,68;0,37;204;false;true;true;1,91;0;1,58
517;0,68;0,37;204;false;true;true;1,91;0;1,58
518;0,68;0,36;204;false;true;true;1,91;0;1,59
519;0,69;0,36;204;false;true;true;1,91;0;1,59
520;0,69;0,36;204;false;true;true;1,91;0;1,6
521;0,69;0,35;204;false;true;true;1,92;0;1,6
522;0,69;0,35;204;false;true;true;1,92;0;1,6
523;0,69;0,35;204;false;true;true;1,92;0;1,61
524;0,69;0,35;204;false;true;true;1,92;0;1,61
525;0,69;0,34;204;false;true;true;1,92;0;1,61
526;0,69;0,34;204;false;true;true;1,92;0;1,62
527;0,7;0,34;204;false;true;true;1,92;0;1,62
528;0,7;0,33;204;false;true;true;1,93;0;1,62
529;0,7;0,33;204;false;true;true;1,93;0;1,63
530;0,7;0,33;204;false;true;true;1,93;0;1,63
531;0,7;0,33;204;false;true;true;1,93;0;1,63
532;0,7;0,32;204;false;true;true;1,93;0;1,64
533;0,7;0,32;204;false;true;true;1,93;0;1,64
534;0,7;0,31;204;false;true;true;1,93;0;1,64
535;0,7;0,31;204;false;true;true;1,93;0;1,65
536;0,7;0,31;204;false;true;true;1,93;0;1,65
537;0,71;0,3;204;false;true;true;1,93;0;1,65
538;0,71;0,3;204;false;true;true;1,93;0;1,65
539;0,71;0,3;204;false;true;true;1,93;0;1,66
540;0,71;0,3;204;false;true;true;1,93;0;1,66
541;0,71;0,3;204;false;true;true;1,94;0;1,66
542;0,71;0,29;204;false;true;true;1,94;0;1,66
543;0,71;0,29;204;false;true;true;1,94;0;1,67
544;0,71;0,29;204;false;true;true;1,94;0;1,67
545;0,71;0,29;204;false;true;true;1,94;0;1,67
546;0,72;0,29;204;false;true;true;1,95;0;1,67
547;0,72;0,29;204;false;true;true;1,95;0;1,68
548;0,72;0,29;204;false;true;true;1,95;0;1,68
549;0,72;0,29;204;false;true;true;1,95;0;1,68
550;0,73;0,29;204;false;true;true;1,95;0;1,68
551;0,73;0,28;204;false;true;true;1,95;0;1,69
552;0,73;0,28;204;false;true;true;1,95;0;1,69
553;0,73;0,28;204;false;true;true;1,96;0;1,69
554;0,73;0,28;204;false;true;true;1,96;0;1,69
555;0,73;0,28;204;false;true;true;1,96;0;1,7
556;0,73;0,28;204;false;true;true;1,96;0;1,7
557;0,73;0,28;204;false;true;true;1,96;0;1,7
558;0,73;0,28;204;false;true;true;1,96;0;1,7
559;0,74;0,27;204;false;true;true;1,96;0;1,71
560;0,74;0,27;204;false;true;true;1,96;0;1,71
561;0,74;0,27;204;false;true;true;1,96;0;1,71
562;0,74;0,27;204;false;true;true;1,96;0;1,71
563;0,74;0,26;204;false;true;true;1,96;0;1,72
564;0,74;0,26;204;false;true;true;1,96;0;1,72
565;0,74;0,26;204;false;true;true;1,96;0;1,72
566;0,74;0,26;204;false;true;true;1,96;0;1,72
567;0,74;0,26;204;false;true;true;1,97;0;1,72
568;0,74;0,26;204;false;true;true;1,97;0;1,73
569;0,75;0,26;204;false;true;true;1,97;0;1,73
570;0,75;0,26;204;false;true;true;1,97;0;1,73
571;0,75;0,25;204;false;true;true;1,97;0;1,73
572;0,75;0,25;204;false;true;true;1,97;0;1,74
573;0,75;0,26;204;false;true;true;1,98;0;1,74
574;0,75;0,25;204;false;true;true;1,98;0;1,74
575;0,75;0,26;204;false;true;true;1,98;0;1,74
576;0,75;0,26;204;false;true;true;1,99;0;1,75
577;0,75;0,26;204;false;true;true;1,99;0;1,75
578;0,75;0,25;204;false;true;true;1,99;0;1,75
579;0,75;0,25;204;false;true;true;1,99;0;1,75
580;0,76;0,26;204;false;true;true;2;0;1,75
581;0,76;0,26;204;false;true;true;2;0;1,76
582;0,76;0,26;204;false;true;true;2;0;1,76
583;0,76;0,25;204;false;true;true;2;0;1,76
584;0,76;0,25;204;false;true;true;2;0;1,76
585;0,76;0,25;204;false;true;true;2;0;1,77
586;0,76;0,25;204;false;true;true;2;0;1,77
587;0,76;0,24;204;false;true;true;2;0;1,77
588;0,76;0,24;204;false;true;true;2;0;1,77
589;0,76;0,24;204;false;true;true;2;0;1,78
590;0,77;0,24;204;false;true;true;2;0;1,78
591;0,77;0,24;204;false;true;true;2,01;0;1,78
592;0,77;0,24;204;false;true;true;2,01;0;1,78
593;0,77;0,24;204;false;true;true;2,01;0;1,79
594;0,77;0,24;204;false;true;true;2,01;0;1,79
595;0,77;0,23;204;false;true;true;2,01;0;1,79
596;0,77;0,23;204;false;true;true;2,01;0;1,79
597;0,77;0,24;204;false;true;true;2,02;0;1,8
598;0,77;0,23;204;false;true;true;2,02;0;1,8
599;0,77;0,24;204;false;true;true;2,02;0;1,8
600;0,78;0,24;204;false;true;true;2,02;0;1,8
601;0,78;0,24;204;false;true;true;2,03;0;1,81
602;0,78;0,23;204;false;true;true;2,03;0;1,81
603;0,78;0,24;204;false;true;true;2,03;0;1,81
604;0,78;0,24;204;false;true;true;2,04;0;1,82
605;0,78;0,24;204;false;true;true;2,04;0;1,82
606;0,78;0,24;204;false;true;true;2,04;0;1,82
607;0,78;0,24;204;false;true;true;2,04;0;1,83
608;0,78;0,24;204;false;true;true;2,05;0;1,83
609;0,79;0,24;204;false;true;true;2,05;0;1,83
610;0,79;0,24;204;false;true;true;2,06;0;1,83
611;0,79;0,24;204;false;true;true;2,06;0;1,84
612;0,79;0,24;204;false;true;true;2,06;0;1,84
613;0,79;0,24;204;false;true;true;2,06;0;1,85
614;0,79;0,24;204;false;true;true;2,06;0;1,85
615;0,79;0,23;204;false;true;true;2,07;0;1,85
616;0,79;0,23;204;false;true;true;2,07;0;1,86
617;0,79;0,24;204;false;true;true;2,08;0;1,86
618;0,79;0,24;204;false;true;true;2,08;0;1,87
619;0,8;0,23;204;false;true;true;2,08;0;1,87
620;0,8;0,23;204;false;true;true;2,08;0;1,87
621;0,8;0,23;204;false;true;true;2,09;0;1,88
622;0,8;0,23;204;false;true;true;2,09;0;1,88
623;0,8;0,23;204;false;true;true;2,1;0;1,89
624;0,8;0,23;204;false;true;true;2,1;0;1,9
625;0,8;0,23;204;false;true;true;2,11;0;1,9
626;0,8;0,23;204;false;true;true;2,11;0;1,91
627;0,81;0,23;204;false;true;true;2,12;0;1,92
628;0,81;0,24;204;false;true;true;2,13;0;1,92
629;0,81;0,24;204;false;true;true;2,14;0;1,93
630;0,81;0,25;204;false;true;true;2,15;0;1,94
631;0,81;0,25;204;false;true;true;2,16;0;1,95
632;0,81;0,25;204;false;true;true;2,17;0;1,96
633;0,81;0,26;204;false;true;true;2,18;0;1,97
634;0,81;0,27;204;false;true;true;2,2;0;1,99
635;0,81;0,27;204;false;true;true;2,22;0;2,01
636;0,81;0,28;204;false;true;true;2,24;0;2,03
637;0,81;0,3;204;false;true;true;2,26;0;2,05
638;0,82;0,31;204;false;true;true;2,29;0;2,09
639;0,82;0,34;204;false;true;true;2,33;0;2,13
640;0,82;0,91;203;false;true;true;2,09;0;1,18
641;0,82;0,83;203;false;true;true;1,77;0;1,44
642;0,82;0,7;203;false;true;true;1,78;0;1,47
643;0,82;0,63;203;false;true;true;1,82;0;1,48
644;0,82;0,58;203;false;true;true;1,87;0;1,5
645;0,82;0,55;203;false;true;true;1,88;0;1,51
646;0,82;0,52;203;false;true;true;1,9;0;1,52
647;0,83;0,5;203;false;true;true;1,91;0;1,53
648;0,83;0,48;203;false;true;true;1,91;0;1,53
649;0,83;0,47;203;false;true;true;1,92;0;1,54
650;0,83;0,45;203;false;true;true;1,92;0;1,55
651;0,83;0,44;203;false;true;true;1,92;0;1,55
652;0,83;0,43;203;false;true;true;1,92;0;1,56
653;0,83;0,42;203;false;true;true;1,92;0;1,56
654;0,83;0,41;203;false;true;true;1,92;0;1,57
655;0,83;0,41;203;false;true;true;1,92;0;1,57
656;0,83;0,4;203;false;true;true;1,92;0;1,57
657;0,84;0,39;203;false;true;true;1,92;0;1,58
658;0,84;0,38;203;false;true;true;1,92;0;1,58
659;0,84;0,38;203;false;true;true;1,92;0;1,58
660;0,84;0,37;203;false;true;true;1,93;0;1,59
661;0,84;0,37;203;false;true;true;1,92;0;1,59
662;0,84;0,37;203;false;true;true;1,93;0;1,59
663;0,84;0,37;203;false;true;true;1,93;0;1,6
664;0,84;0,37;203;false;true;true;1,93;0;1,6
665;0,84;0,36;203;false;true;true;1,93;0;1,6
666;0,85;0,36;203;false;true;true;1,93;0;1,6
667;0,85;0,35;203;false;true;true;1,93;0;1,61
668;0,85;0,35;203;false;true;true;1,93;0;1,61
669;0,85;0,34;203;false;true;true;1,93;0;1,61
670;0,85;0,34;203;false;true;true;1,93;0;1,61
671;0,85;0,34;203;false;true;true;1,94;0;1,62
672;0,85;0,34;203;false;true;true;1,94;0;1,62
673;0,85;0,34;203;false;true;true;1,94;0;1,62
674;0,85;0,34;203;false;true;true;1,94;0;1,62
675;0,85;0,33;203;false;true;true;1,93;0;1,63
676;0,86;0,33;203;false;true;true;1,93;0;1,63
677;0,86;0,32;203;false;true;true;1,93;0;1,63
678;0,86;0,32;203;false;true;true;1,93;0;1,63
679;0,86;0,31;203;false;true;true;1,93;0;1,63
680;0,86;0,31;203;false;true;true;1,93;0;1,64
681;0,86;0,31;203;false;true;true;1,93;0;1,64
682;0,86;0,31;203;false;true;true;1,93;0;1,64
683;0,86;0,31;203;false;true;true;1,93;0;1,64
684;0,86;0,3;203;false;true;true;1,93;0;1,64
685;0,86;0,3;203;false;true;true;1,92;0;1,64
686;0,87;0,29;203;false;true;true;1,92;0;1,65
687;0,87;0,29;203;false;true;true;1,92;0;1,65
688;0,87;0,29;203;false;true;true;1,93;0;1,65
689;0,87;0,29;203;false;true;true;1,93;0;1,65
690;0,87;0,29;203;false;true;true;1,93;0;1,65
691;0,87;0,29;203;false;true;true;1,93;0;1,65
692;0,87;0,29;203;false;true;true;1,93;0;1,66
693;0,87;0,29;203;false;true;true;1,93;0;1,66
694;0,87;0,29;203;false;true;true;1,94;0;1,66
695;0,87;0,29;203;false;true;true;1,93;0;1,66
696;0,88;0,29;203;false;true;true;1,94;0;1,66
697;0,88;0,29;203;false;true;true;1,93;0;1,66
698;0,88;0,29;203;false;true;true;1,94;0;1,66
699;0,88;0,29;203;false;true;true;1,94;0;1,67
700;0,88;0,29;203;false;true;true;1,94;0;1,67
701;0,88;0,29;203;false;true;true;1,94;0;1,67
702;0,88;0,29;203;false;true;true;1,95;0;1,67
703;0,88;0,29;203;false;true;true;1,94;0;1,67
704;0,88;0,28;203;false;true;true;1,95;0;1,67
705;0,88;0,28;203;false;true;true;1,94;0;1,67
706;0,88;0,28;203;false;true;true;1,94;0;1,68
707;0,89;0,28;203;false;true;true;1,94;0;1,68
708;0,89;0,27;203;false;true;true;1,94;0;1,68
709;0,89;0,27;203;false;true;true;1,94;0;1,68
710;0,89;0,26;203;false;true;true;1,93;0;1,68
711;0,89;0,26;203;false;true;true;1,94;0;1,68
712;0,89;0,26;203;false;true;true;1,94;0;1,68
713;0,89;0,26;203;false;true;true;1,94;0;1,68
714;0,89;0,26;203;false;true;true;1,94;0;1,69
715;0,89;0,26;203;false;true;true;1,94;0;1,69
716;0,89;0,26;203;false;true;true;1,94;0;1,69
717;0,9;0,26;203;false;true;true;1,94;0;1,69
718;0,9;0,26;203;false;true;true;1,94;0;1,69
719;0,9;0,26;203;false;true;true;1,94;0;1,69
720;0,9;0,26;203;false;true;true;1,94;0;1,69
721;0,9;0,26;203;false;true;true;1,94;0;1,69
722;0,9;0,25;203;false;true;true;1,94;0;1,7
723;0,9;0,25;203;false;true;true;1,94;0;1,7
724;0,9;0,25;203;false;true;true;1,94;0;1,7
725;0,9;0,25;203;false;true;true;1,94;0;1,7
726;0,9;0,25;203;false;true;true;1,94;0;1,7
727;0,91;0,26;203;false;true;true;1,95;0;1,7
728;0,91;0,26;203;false;true;true;1,95;0;1,7
729;0,91;0,26;203;false;true;true;1,95;0;1,7
730;0,91;0,26;203;false;true;true;1,95;0;1,7
731;0,91;0,26;203;false;true;true;1,95;0;1,71
732;0,91;0,26;203;false;true;true;1,96;0;1,71
733;0,91;0,26;203;false;true;true;1,95;0;1,71
734;0,91;0,25;203;false;true;true;1,95;0;1,71
735;0,91;0,25;203;false;true;true;1,95;0;1,71
736;0,92;0,25;203;false;true;true;1,95;0;1,71
737;0,92;0,25;203;false;true;true;1,95;0;1,71
738;0,92;0,25;203;false;true;true;1,95;0;1,71
739;0,92;0,25;203;false;true;true;1,95;0;1,71
740;0,92;0,24;203;false;true;true;1,95;0;1,72
741;0,92;0,24;203;false;true;true;1,95;0;1,72
742;0,92;0,24;203;false;true;true;1,95;0;1,72
743;0,92;0,24;203;false;true;true;1,95;0;1,72
744;0,92;0,24;203;false;true;true;1,95;0;1,72
745;0,92;0,24;203;false;true;true;1,95;0;1,72
746;0,93;0,23;203;false;true;true;1,95;0;1,72
747;0,93;0,24;203;false;true;true;1,95;0;1,72
748;0,93;0,24;203;false;true;true;1,95;0;1,72
749;0,93;0,24;203;false;true;true;1,95;0;1,73
750;0,93;0,24;203;false;true;true;1,96;0;1,73
751;0,93;0,24;203;false;true;true;1,96;0;1,73
752;0,93;0,24;203;false;true;true;1,96;0;1,73
753;0,93;0,24;203;false;true;true;1,96;0;1,73
754;0,93;0,23;203;false;true;true;1,96;0;1,73
755;0,93;0,23;203;false;true;true;1,96;0;1,73
756;0,94;0,23;203;false;true;true;1,96;0;1,73
757;0,94;0,23;203;false;true;true;1,96;0;1,73
758;0,94;0,23;203;false;true;true;1,96;0;1,73
759;0,94;0,24;203;false;true;true;1,96;0;1,74
760;0,94;0,23;203;false;true;true;1,96;0;1,74
761;0,94;0,23;203;false;true;true;1,96;0;1,74
762;0,94;0,23;203;false;true;true;1,97;0;1,74
763;0,94;0,23;203;false;true;true;1,96;0;1,74
764;0,94;0,23;203;false;true;true;1,96;0;1,74
765;0,94;0,22;203;false;true;true;1,96;0;1,74
766;0,94;0,22;203;false;true;true;1,96;0;1,74
767;0,95;0,22;203;false;true;true;1,96;0;1,74
768;0,95;0,22;203;false;true;true;1,96;0;1,75
769;0,95;0,22;203;false;true;true;1,96;0;1,75
770;0,95;0,22;203;false;true;true;1,96;0;1,75
771;0,95;0,22;203;false;true;true;1,96;0;1,75
772;0,95;0,21;203;false;true;true;1,96;0;1,75
773;0,95;0,21;203;false;true;true;1,95;0;1,75
774;0,95;0,21;203;false;true;true;1,95;0;1,75
775;0,95;0,21;203;false;true;true;1,95;0;1,75
776;0,95;0,21;203;false;true;true;1,96;0;1,75
777;0,96;0,21;203;false;true;true;1,96;0;1,75
778;0,96;0,21;203;false;true;true;1,96;0;1,76
779;0,96;0,21;203;false;true;true;1,96;0;1,76
780;0,96;0,21;203;false;true;true;1,96;0;1,76
781;0,96;0,21;203;false;true;true;1,96;0;1,76
782;0,96;0,21;203;false;true;true;1,96;0;1,76
783;0,96;0,21;203;false;true;true;1,97;0;1,76
784;0,96;0,21;203;false;true;true;1,97;0;1,76
785;0,96;0,21;203;false;true;true;1,97;0;1,76
786;0,96;0,21;203;false;true;true;1,97;0;1,76
787;0,97;0,21;203;false;true;true;1,97;0;1,76
788;0,97;0,21;203;false;true;true;1,97;0;1,76
789;0,97;0,22;203;false;true;true;1,97;0;1,77
790;0,97;0,21;203;false;true;true;1,97;0;1,77
791;0,97;0,21;203;false;true;true;1,98;0;1,77
792;0,97;0,21;203;false;true;true;1,98;0;1,77
793;0,97;0,21;203;false;true;true;1,98;0;1,77
794;0,97;0,21;203;false;true;true;1,97;0;1,77
795;0,97;0,21;203;false;true;true;1,97;0;1,77
796;0,98;0,21;203;false;true;true;1,97;0;1,77
797;0,98;0,21;203;false;true;true;1,97;0;1,77
798;0,98;0,2;203;false;true;true;1,97;0;1,77
799;0,98;0,2;203;false;true;true;1,97;0;1,78
800;0,98;0,2;203;false;true;true;1,97;0;1,78
801;0,98;0,2;203;false;true;true;1,97;0;1,78
802;0,98;0,2;203;false;true;true;1,97;0;1,78
803;0,98;0,2;203;false;true;true;1,97;0;1,78
804;0,98;0,2;203;false;true;true;1,97;0;1,78
805;0,98;0,2;203;false;true;true;1,97;0;1,78
806;0,99;0,2;203;false;true;true;1,97;0;1,78
807;0,99;0,2;203;false;true;true;1,97;0;1,78
808;0,99;0,2;203;false;true;true;1,98;0;1,78
809;0,99;0,2;203;false;true;true;1,98;0;1,78
810;0,99;0,2;203;false;true;true;1,98;0;1,79
811;0,99;0,2;203;false;true;true;1,98;0;1,79
812;0,99;0,2;203;false;true;true;1,98;0;1,79
813;0,99;0,2;203;false;true;true;1,98;0;1,79
814;0,99;0,2;203;false;true;true;1,98;0;1,79
815;0,99;0,2;203;false;true;true;1,98;0;1,79
816;1;0,2;203;false;true;true;1,99;0;1,79
817;1;0,2;203;false;true;true;1,99;0;1,79
818;1;0,2;203;false;true;true;1,99;0;1,79
819;1;0,2;203;false;true;true;1,99;0;1,8
820;1;0,2;203;false;true;true;1,99;0;1,8
821;1;0,2;203;false;true;true;1,99;0;1,8
822;1;0,2;203;false;true;true;1,99;0;1,8
823;1;0,2;203;false;true;true;1,99;0;1,8
824;1;0,2;203;false;true;true;2;0;1,8
825;1;0,2;203;false;true;true;1,99;0;1,8
826;1;0,2;203;false;true;true;2;0;1,8
827;1,01;0,2;203;false;true;true;1,99;0;1,8
828;1,01;0,2;203;false;true;true;2;0;1,81
829;1,01;0,19;203;false;true;true;1,99;0;1,81
830;1,01;0,19;203;false;true;true;1,99;0;1,81
831;1,01;0,19;203;false;true;true;1,99;0;1,81
832;1,01;0,19;203;false;true;true;1,99;0;1,81
833;1,01;0,19;203;false;true;true;2;0;1,81
834;1,01;0,19;203;false;true;true;2;0;1,81
835;1,01;0,19;203;false;true;true;2;0;1,81
836;1,01;0,19;203;false;true;true;2;0;1,81
837;1,02;0,19;203;false;true;true;2;0;1,82
838;1,02;0,19;203;false;true;true;2;0;1,82
839;1,02;0,19;203;false;true;true;2;0;1,82
840;1,02;0,19;203;false;true;true;2;0;1,82
841;1,02;0,19;203;false;true;true;2,01;0;1,82
842;1,02;0,19;203;false;true;true;2,01;0;1,82
843;1,02;0,19;203;false;true;true;2,01;0;1,82
844;1,02;0,19;203;false;true;true;2,01;0;1,82
845;1,02;0,19;203;false;true;true;2,01;0;1,83
846;1,02;0,2;203;false;true;true;2,02;0;1,83
847;1,03;0,2;203;false;true;true;2,02;0;1,83
848;1,03;0,2;203;false;true;true;2,02;0;1,83
849;1,03;0,2;203;false;true;true;2,02;0;1,83
850;1,03;0,2;203;false;true;true;2,02;0;1,83
851;1,03;0,2;203;false;true;true;2,03;0;1,83
852;1,03;0,2;203;false;true;true;2,02;0;1,84
853;1,03;0,19;203;false;true;true;2,02;0;1,84
854;1,03;0,19;203;false;true;true;2,02;0;1,84
855;1,03;0,19;203;false;true;true;2,02;0;1,84
856;1,03;0,19;203;false;true;true;2,02;0;1,84
857;1,04;0,19;203;false;true;true;2,02;0;1,84
858;1,04;0,19;203;false;true;true;2,03;0;1,84
859;1,04;0,19;203;false;true;true;2,03;0;1,85
860;1,04;0,19;203;false;true;true;2,03;0;1,85
861;1,04;0,19;203;false;true;true;2,03;0;1,85
862;1,04;0,19;203;false;true;true;2,03;0;1,85
863;1,04;0,18;203;false;true;true;2,03;0;1,85
864;1,04;0,18;203;false;true;true;2,03;0;1,85
865;1,04;0,19;203;false;true;true;2,03;0;1,86
866;1,04;0,19;203;false;true;true;2,04;0;1,86
867;1,05;0,19;203;false;true;true;2,04;0;1,86
868;1,05;0,19;203;false;true;true;2,04;0;1,86
869;1,05;0,19;203;false;true;true;2,04;0;1,86
870;1,05;0,19;203;false;true;true;2,05;0;1,87
871;1,05;0,19;203;false;true;true;2,05;0;1,87
872;1,05;0,19;203;false;true;true;2,05;0;1,87
873;1,05;0,2;203;false;true;true;2,06;0;1,87
874;1,05;0,2;203;false;true;true;2,06;0;1,87
875;1,05;0,2;203;false;true;true;2,06;0;1,88
876;1,06;0,2;203;false;true;true;2,07;0;1,88
877;1,06;0,2;203;false;true;true;2,07;0;1,88
878;1,06;0,2;203;false;true;true;2,07;0;1,88
879;1,06;0,2;203;false;true;true;2,07;0;1,89
880;1,06;0,2;203;false;true;true;2,07;0;1,89
881;1,06;0,2;203;false;true;true;2,08;0;1,89
882;1,06;0,2;203;false;true;true;2,08;0;1,9
883;1,06;0,2;203;false;true;true;2,08;0;1,9
884;1,06;0,2;203;false;true;true;2,09;0;1,9
885;1,07;0,2;203;false;true;true;2,09;0;1,91
886;1,07;0,2;203;false;true;true;2,09;0;1,91
887;1,07;0,2;203;false;true;true;2,09;0;1,91
888;1,07;0,2;203;false;true;true;2,1;0;1,92
889;1,07;0,19;203;false;true;true;2,1;0;1,92
890;1,07;0,19;203;false;true;true;2,1;0;1,92
891;1,07;0,19;203;false;true;true;2,1;0;1,93
892;1,07;0,19;203;false;true;true;2,11;0;1,93
893;1,07;0,19;203;false;true;true;2,11;0;1,94
894;1,07;0,2;203;false;true;true;2,12;0;1,95
895;1,08;0,2;203;false;true;true;2,13;0;1,95
896;1,08;0,21;203;false;true;true;2,14;0;1,96
897;1,08;0,21;203;false;true;true;2,15;0;1,97
898;1,08;0,21;203;false;true;true;2,16;0;1,97
899;1,08;0,22;203;false;true;true;2,17;0;1,98
900;1,08;0,22;203;false;true;true;2,18;0;1,99
901;1,08;0,22;203;false;true;true;2,19;0;2
902;1,08;0,23;203;false;true;true;2,2;0;2,02
903;1,08;0,24;203;false;true;true;2,22;0;2,03
904;1,08;0,25;203;false;true;true;2,23;0;2,05
905;1,09;0,26;203;false;true;true;2,26;0;2,08
906;1,09;0,28;203;false;true;true;2,29;0;2,11
907;1,09;0,3;203;false;true;true;2,32;0;2,15
908;1,09;0,89;202;false;true;true;2,09;0;1,2
909;1,09;0,8;202;false;true;true;1,75;0;1,46
910;1,09;0,67;202;false;true;true;1,78;0;1,48
911;1,09;0,6;202;false;true;true;1,83;0;1,5
912;1,09;0,55;202;false;true;true;1,86;0;1,51
913;1,09;0,52;202;false;true;true;1,88;0;1,52
914;1,09;0,49;202;false;true;true;1,89;0;1,53
915;1,1;0,47;202;false;true;true;1,9;0;1,54
916;1,1;0,45;202;false;true;true;1,9;0;1,55
917;1,1;0,43;202;false;true;true;1,9;0;1,55
918;1,1;0,42;202;false;true;true;1,9;0;1,56
919;1,1;0,41;202;false;true;true;1,9;0;1,56
920;1,1;0,4;202;false;true;true;1,9;0;1,57
921;1,1;0,39;202;false;true;true;1,9;0;1,57
922;1,1;0,39;202;false;true;true;1,91;0;1,58
923;1,1;0,38;202;false;true;true;1,91;0;1,58
924;1,11;0,38;202;false;true;true;1,91;0;1,58
925;1,11;0,37;202;false;true;true;1,92;0;1,59
926;1,11;0,37;202;false;true;true;1,92;0;1,59
927;1,11;0,36;202;false;true;true;1,92;0;1,59
928;1,11;0,36;202;false;true;true;1,92;0;1,59
929;1,11;0,35;202;false;true;true;1,92;0;1,6
930;1,11;0,35;202;false;true;true;1,92;0;1,6
931;1,11;0,34;202;false;true;true;1,92;0;1,6
932;1,11;0,34;202;false;true;true;1,92;0;1,61
933;1,12;0,34;202;false;true;true;1,92;0;1,61
934;1,12;0,34;202;false;true;true;1,92;0;1,61
935;1,12;0,33;202;false;true;true;1,92;0;1,61
936;1,12;0,33;202;false;true;true;1,92;0;1,61
937;1,12;0,33;202;false;true;true;1,92;0;1,62
938;1,12;0,33;202;false;true;true;1,92;0;1,62
939;1,12;0,32;202;false;true;true;1,92;0;1,62
940;1,12;0,32;202;false;true;true;1,92;0;1,62
941;1,13;0,32;202;false;true;true;1,92;0;1,62
942;1,13;0,31;202;false;true;true;1,92;0;1,63
943;1,13;0,31;202;false;true;true;1,92;0;1,63
944;1,13;0,31;202;false;true;true;1,92;0;1,63
945;1,13;0,3;202;false;true;true;1,92;0;1,63
946;1,13;0,3;202;false;true;true;1,92;0;1,63
947;1,13;0,3;202;false;true;true;1,92;0;1,63
948;1,13;0,3;202;false;true;true;1,91;0;1,63
949;1,13;0,29;202;false;true;true;1,91;0;1,64
950;1,14;0,29;202;false;true;true;1,91;0;1,64
951;1,14;0,29;202;false;true;true;1,91;0;1,64
952;1,14;0,29;202;false;true;true;1,91;0;1,64
953;1,14;0,29;202;false;true;true;1,92;0;1,64
954;1,14;0,29;202;false;true;true;1,92;0;1,64
955;1,14;0,29;202;false;true;true;1,92;0;1,64
956;1,14;0,29;202;false;true;true;1,92;0;1,65
957;1,14;0,29;202;false;true;true;1,92;0;1,65
958;1,14;0,28;202;false;true;true;1,92;0;1,65
959;1,14;0,28;202;false;true;true;1,92;0;1,65
960;1,15;0,28;202;false;true;true;1,92;0;1,65
961;1,15;0,28;202;false;true;true;1,92;0;1,65
962;1,15;0,28;202;false;true;true;1,92;0;1,65
963;1,15;0,28;202;false;true;true;1,92;0;1,65
964;1,15;0,28;202;false;true;true;1,92;0;1,66
965;1,15;0,28;202;false;true;true;1,92;0;1,66
966;1,15;0,28;202;false;true;true;1,92;0;1,66
967;1,15;0,27;202;false;true;true;1,92;0;1,66
968;1,15;0,27;202;false;true;true;1,92;0;1,66
969;1,15;0,27;202;false;true;true;1,93;0;1,66
970;1,16;0,27;202;false;true;true;1,93;0;1,66
971;1,16;0,27;202;false;true;true;1,93;0;1,66
972;1,16;0,27;202;false;true;true;1,92;0;1,66
973;1,16;0,27;202;false;true;true;1,92;0;1,67
974;1,16;0,26;202;false;true;true;1,92;0;1,67
975;1,16;0,26;202;false;true;true;1,92;0;1,67
976;1,16;0,26;202;false;true;true;1,92;0;1,67
977;1,16;0,26;202;false;true;true;1,92;0;1,67
978;1,16;0,26;202;false;true;true;1,92;0;1,67
979;1,16;0,25;202;false;true;true;1,92;0;1,67
980;1,17;0,25;202;false;true;true;1,92;0;1,67
981;1,17;0,25;202;false;true;true;1,92;0;1,67
982;1,17;0,26;202;false;true;true;1,92;0;1,67
983;1,17;0,25;202;false;true;true;1,92;0;1,68
984;1,17;0,25;202;false;true;true;1,92;0;1,68
985;1,17;0,25;202;false;true;true;1,92;0;1,68
986;1,17;0,25;202;false;true;true;1,92;0;1,68
987;1,17;0,25;202;false;true;true;1,92;0;1,68
988;1,17;0,25;202;false;true;true;1,93;0;1,68
989;1,17;0,25;202;false;true;true;1,92;0;1,68
990;1,18;0,25;202;false;true;true;1,93;0;1,68
991;1,18;0,25;202;false;true;true;1,93;0;1,68
992;1,18;0,25;202;false;true;true;1,93;0;1,68
993;1,18;0,25;202;false;true;true;1,93;0;1,68
994;1,18;0,25;202;false;true;true;1,93;0;1,69
995;1,18;0,25;202;false;true;true;1,93;0;1,69
996;1,18;0,25;202;false;true;true;1,93;0;1,69
997;1,18;0,25;202;false;true;true;1,93;0;1,69
998;1,18;0,25;202;false;true;true;1,93;0;1,69
999;1,18;0,25;202;false;true;true;1,93;0;1,69
1000;1,19;0,25;202;false;true;true;1,93;0;1,69
1001;1,19;0,24;202;false;true;true;1,93;0;1,69
1002;1,19;0,24;202;false;true;true;1,93;0;1,69
1003;1,19;0,24;202;false;true;true;1,93;0;1,69
1004;1,19;0,24;202;false;true;true;1,92;0;1,69
1005;1,19;0,24;202;false;true;true;1,92;0;1,69
1006;1,19;0,23;202;false;true;true;1,92;0;1,69
1007;1,19;0,23;202;false;true;true;1,92;0;1,7
1008;1,19;0,23;202;false;true;true;1,92;0;1,7
1009;1,2;0,23;202;false;true;true;1,92;0;1,7
1010;1,2;0,23;202;false;true;true;1,93;0;1,7
1011;1,2;0,24;202;false;true;true;1,93;0;1,7
1012;1,2;0,24;202;false;true;true;1,93;0;1,7
1013;1,2;0,24;202;false;true;true;1,93;0;1,7
1014;1,2;0,24;202;false;true;true;1,93;0;1,7
1015;1,2;0,23;202;false;true;true;1,93;0;1,7
1016;1,2;0,23;202;false;true;true;1,93;0;1,7
1017;1,2;0,23;202;false;true;true;1,93;0;1,7
1018;1,2;0,23;202;false;true;true;1,93;0;1,7
1019;1,21;0,23;202;false;true;true;1,93;0;1,7
1020;1,21;0,23;202;false;true;true;1,93;0;1,71
1021;1,21;0,23;202;false;true;true;1,94;0;1,71
1022;1,21;0,23;202;false;true;true;1,93;0;1,71
1023;1,21;0,23;202;false;true;true;1,93;0;1,71
1024;1,21;0,23;202;false;true;true;1,93;0;1,71
1025;1,21;0,23;202;false;true;true;1,94;0;1,71
1026;1,21;0,23;202;false;true;true;1,93;0;1,71
1027;1,21;0,23;202;false;true;true;1,93;0;1,71
1028;1,21;0,23;202;false;true;true;1,93;0;1,71
1029;1,22;0,23;202;false;true;true;1,93;0;1,71
1030;1,22;0,22;202;false;true;true;1,93;0;1,71
1031;1,22;0,22;202;false;true;true;1,93;0;1,71
1032;1,22;0,22;202;false;true;true;1,93;0;1,71
1033;1,22;0,22;202;false;true;true;1,93;0;1,71
1034;1,22;0,22;202;false;true;true;1,93;0;1,71
1035;1,22;0,22;202;false;true;true;1,93;0;1,72
1036;1,22;0,22;202;false;true;true;1,93;0;1,72
1037;1,22;0,22;202;false;true;true;1,93;0;1,72
1038;1,22;0,22;202;false;true;true;1,93;0;1,72
1039;1,23;0,22;202;false;true;true;1,93;0;1,72
1040;1,23;0,22;202;false;true;true;1,93;0;1,72
1041;1,23;0,22;202;false;true;true;1,94;0;1,72
1042;1,23;0,22;202;false;true;true;1,94;0;1,72
1043;1,23;0,22;202;false;true;true;1,94;0;1,72
1044;1,23;0,22;202;false;true;true;1,94;0;1,72
1045;1,23;0,22;202;false;true;true;1,94;0;1,72
1046;1,23;0,22;202;false;true;true;1,94;0;1,72
1047;1,23;0,22;202;false;true;true;1,94;0;1,72
1048;1,24;0,22;202;false;true;true;1,94;0;1,72
1049;1,24;0,22;202;false;true;true;1,94;0;1,72
1050;1,24;0,22;202;false;true;true;1,94;0;1,73
1051;1,24;0,22;202;false;true;true;1,94;0;1,73
1052;1,24;0,22;202;false;true;true;1,94;0;1,73
1053;1,24;0,22;202;false;true;true;1,94;0;1,73
1054;1,24;0,22;202;false;true;true;1,95;0;1,73
1055;1,24;0,22;202;false;true;true;1,95;0;1,73
1056;1,24;0,22;202;false;true;true;1,94;0;1,73
1057;1,24;0,22;202;false;true;true;1,94;0;1,73
1058;1,25;0,21;202;false;true;true;1,94;0;1,73
1059;1,25;0,21;202;false;true;true;1,94;0;1,73
1060;1,25;0,21;202;false;true;true;1,94;0;1,73
1061;1,25;0,21;202;false;true;true;1,94;0;1,73
1062;1,25;0,21;202;false;true;true;1,94;0;1,73
1063;1,25;0,21;202;false;true;true;1,94;0;1,73
1064;1,25;0,2;202;false;true;true;1,93;0;1,73
1065;1,25;0,21;202;false;true;true;1,94;0;1,74
1066;1,25;0,2;202;false;true;true;1,94;0;1,74
1067;1,25;0,2;202;false;true;true;1,94;0;1,74
1068;1,26;0,2;202;false;true;true;1,94;0;1,74
1069;1,26;0,21;202;false;true;true;1,94;0;1,74
1070;1,26;0,21;202;false;true;true;1,94;0;1,74
1071;1,26;0,21;202;false;true;true;1,94;0;1,74
1072;1,26;0,21;202;false;true;true;1,94;0;1,74
1073;1,26;0,21;202;false;true;true;1,94;0;1,74
1074;1,26;0,2;202;false;true;true;1,94;0;1,74
1075;1,26;0,2;202;false;true;true;1,94;0;1,74
1076;1,26;0,2;202;false;true;true;1,94;0;1,74
1077;1,26;0,2;202;false;true;true;1,94;0;1,74
1078;1,27;0,2;202;false;true;true;1,94;0;1,74
1079;1,27;0,2;202;false;true;true;1,94;0;1,74
1080;1,27;0,2;202;false;true;true;1,94;0;1,74
1081;1,27;0,2;202;false;true;true;1,95;0;1,75
1082;1,27;0,21;202;false;true;true;1,95;0;1,75
1083;1,27;0,21;202;false;true;true;1,95;0;1,75
1084;1,27;0,21;202;false;true;true;1,95;0;1,75
1085;1,27;0,21;202;false;true;true;1,95;0;1,75
1086;1,27;0,21;202;false;true;true;1,95;0;1,75
1087;1,27;0,21;202;false;true;true;1,95;0;1,75
1088;1,28;0,2;202;false;true;true;1,95;0;1,75
1089;1,28;0,2;202;false;true;true;1,95;0;1,75
1090;1,28;0,2;202;false;true;true;1,95;0;1,75
1091;1,28;0,2;202;false;true;true;1,94;0;1,75
1092;1,28;0,2;202;false;true;true;1,94;0;1,75
1093;1,28;0,19;202;false;true;true;1,94;0;1,75
1094;1,28;0,19;202;false;true;true;1,94;0;1,75
1095;1,28;0,19;202;false;true;true;1,94;0;1,75
1096;1,28;0,19;202;false;true;true;1,94;0;1,75
1097;1,28;0,19;202;false;true;true;1,94;0;1,76
1098;1,29;0,19;202;false;true;true;1,94;0;1,76
1099;1,29;0,19;202;false;true;true;1,94;0;1,76
1100;1,29;0,19;202;false;true;true;1,94;0;1,76
1101;1,29;0,19;202;false;true;true;1,95;0;1,76
1102;1,29;0,19;202;false;true;true;1,95;0;1,76
1103;1,29;0,19;202;false;true;true;1,95;0;1,76
1104;1,29;0,19;202;false;true;true;1,95;0;1,76
1105;1,29;0,19;202;false;true;true;1,95;0;1,76
1106;1,29;0,19;202;false;true;true;1,95;0;1,76
1107;1,29;0,19;202;false;true;true;1,95;0;1,76
1108;1,3;0,19;202;false;true;true;1,95;0;1,76
1109;1,3;0,19;202;false;true;true;1,95;0;1,76
1110;1,3;0,81;202;true;true;true;0;0,76;0
1111;1,3;0,65;202;true;true;true;0;0,65;0
1112;1,3;0,62;202;true;true;true;0;0,62;0
1113;1,31;0,59;202;true;true;true;0;0,59;0
1114;1,31;0,58;202;true;true;true;0;0,58;0
1115;1,31;0,57;202;true;true;true;0;0,57;0
1116;1,32;0,56;202;true;true;true;0;0,56;0
1117;1,32;0,56;202;true;true;true;0;0,56;0
1118;1,32;0,55;202;true;true;true;0;0,55;0
1119;1,33;0,55;202;true;true;true;0;0,55;0
1120;1,33;0,54;202;true;true;true;0;0,54;0
1121;1,33;0,54;202;true;true;true;0;0,54;0
1122;1,33;0,53;202;true;true;true;0;0,53;0
1123;1,34;0,53;202;true;true;true;0;0,53;0
1124;1,34;0,53;202;true;true;true;0;0,53;0
1125;1,34;0,52;202;true;true;true;0;0,52;0
1126;1,35;0,52;202;true;true;true;0;0,52;0
1127;1,35;0,52;202;true;true;true;0;0,52;0
1128;1,35;0,51;202;true;true;true;0;0,51;0
1129;1,36;0,51;202;true;true;true;0;0,51;0
1130;1,36;0,51;202;true;true;true;0;0,51;0
1131;1,36;0,5;202;true;true;true;0;0,5;0
1132;1,37;0,5;202;true;true;true;0;0,5;0
1133;1,37;0,5;202;true;true;true;0;0,5;0
1134;1,37;0,5;202;true;true;true;0;0,5;0
1135;1,37;0,5;202;true;true;true;0;0,5;0
1136;1,38;0,5;202;true;true;true;0;0,5;0
1137;1,38;0,5;202;true;true;true;0;0,5;0
1138;1,38;0,5;202;true;true;true;0;0,5;0
1139;1,39;0,5;202;true;true;true;0;0,5;0
1140;1,39;0,5;202;true;true;true;0;0,5;0
1141;1,39;0,5;202;true;true;true;0;0,5;0
1142;1,4;0,49;202;true;true;true;0;0,49;0
1143;1,4;0,49;202;true;true;true;0;0,49;0
1144;1,4;0,49;202;true;true;true;0;0,49;0
1145;1,41;0,49;202;true;true;true;0;0,49;0
1146;1,41;0,49;202;true;true;true;0;0,49;0
1147;1,41;0,49;202;true;true;true;0;0,49;0
1148;1,42;0,49;202;true;true;true;0;0,49;0
1149;1,42;0,49;202;true;true;true;0;0,49;0
1150;1,42;0,49;202;true;true;true;0;0,49;0
1151;1,42;0,49;202;true;true;true;0;0,49;0
1152;1,43;0,49;202;true;true;true;0;0,49;0
1153;1,43;0,49;202;true;true;true;0;0,49;0
1154;1,43;0,48;202;true;true;true;0;0,48;0
1155;1,44;0,48;202;true;true;true;0;0,48;0
1156;1,44;0,48;202;true;true;true;0;0,48;0
1157;1,44;0,48;202;true;true;true;0;0,48;0
1158;1,45;0,48;202;true;true;true;0;0,48;0
1159;1,45;0,48;202;true;true;true;0;0,48;0
1160;1,45;0,48;202;true;true;true;0;0,48;0
1161;1,46;0,48;202;true;true;true;0;0,48;0
1162;1,46;0,48;202;true;true;true;0;0,48;0
1163;1,46;0,48;202;true;true;true;0;0,48;0
1164;1,46;0,48;202;true;true;true;0;0,48;0
1165;1,47;0,48;202;true;true;true;0;0,48;0
1166;1,47;0,48;202;true;true;true;0;0,48;0
1167;1,47;0,48;202;true;true;true;0;0,48;0
1168;1,48;0,48;202;true;true;true;0;0,48;0
1169;1,48;0,48;202;true;true;true;0;0,48;0
1170;1,48;0,48;202;true;true;true;0;0,48;0
1171;1,49;0,48;202;true;true;true;0;0,48;0
1172;1,49;0,47;202;true;true;true;0;0,47;0
1173;1,49;0,47;202;true;true;true;0;0,47;0
1174;1,5;0,47;202;true;true;true;0;0,47;0
1175;1,5;0,47;202;true;true;true;0;0,47;0
1176;1,5;0,47;202;true;true;true;0;0,47;0
1177;1,5;0,47;202;true;true;true;0;0,47;0
1178;1,51;0,47;202;true;true;true;0;0,47;0
1179;1,51;0,47;202;true;true;true;0;0,47;0
1180;1,51;0,47;202;true;true;true;0;0,47;0
1181;1,52;0,47;202;true;true;true;0;0,47;0
1182;1,52;0,47;202;true;true;true;0;0,47;0
1183;1,52;0,47;202;true;true;true;0;0,47;0
1184;1,55;0,47;202;true;true;true;0;0,47;0
1185;1,55;0,47;202;true;true;true;0;0,47;0
1186;1,56;0,47;202;true;true;true;0;0,47;0
1187;1,56;0,47;202;true;true;true;0;0,47;0
1188;1,56;0,47;202;true;true;true;0;0,47;0
1189;1,57;0,47;202;true;true;true;0;0,47;0
1190;1,57;0,47;202;true;true;true;0;0,47;0
1191;1,57;0,47;202;true;true;true;0;0,47;0
1192;1,58;0,47;202;true;true;true;0;0,47;0
1193;1,58;0,47;202;true;true;true;0;0,47;0
1194;1,58;0,47;202;true;true;true;0;0,47;0
1195;1,59;0,47;202;true;true;true;0;0,47;0
1196;1,59;0,47;202;true;true;true;0;0,47;0
1197;1,59;0,47;202;true;true;true;0;0,47;0
1198;1,59;0,47;202;true;true;true;0;0,47;0
1199;1,6;0,47;202;true;true;true;0;0,47;0
1200;1,6;0,47;202;true;true;true;0;0,47;0
1201;1,6;0,47;202;true;true;true;0;0,47;0
1202;1,61;0,47;202;true;true;true;0;0,47;0
1203;1,61;0,47;202;true;true;true;0;0,47;0
1204;1,61;0,47;202;true;true;true;0;0,47;0
1205;1,62;0,47;202;true;true;true;0;0,47;0
1206;1,62;0,47;202;true;true;true;0;0,47;0
1207;1,62;0,47;202;true;true;true;0;0,47;0
1208;1,62;0,47;202;true;true;true;0;0,47;0
1209;1,63;0,47;202;true;true;true;0;0,47;0
1210;1,63;0,47;202;true;true;true;0;0,47;0
1211;1,63;0,47;202;true;true;true;0;0,47;0
1212;1,64;0,47;202;true;true;true;0;0,47;0
1213;1,64;0,47;202;true;true;true;0;0,47;0
1214;1,64;0,47;202;true;true;true;0;0,47;0
1215;1,65;0,46;202;true;true;true;0;0,46;0
1216;1,65;0,46;202;true;true;true;0;0,46;0
1217;1,65;0,46;202;true;true;true;0;0,46;0
1218;1,65;0,46;202;true;true;true;0;0,46;0
1219;1,66;0,46;202;true;true;true;0;0,46;0
1220;1,66;0,46;202;true;true;true;0;0,46;0
1221;1,66;0,46;202;true;true;true;0;0,46;0
1222;1,67;0,46;202;true;true;true;0;0,46;0
1223;1,67;0,46;202;true;true;true;0;0,46;0
1224;1,67;0,46;202;true;true;true;0;0,46;0
1225;1,68;0,46;202;true;true;true;0;0,46;0
1226;1,68;0,46;202;true;true;true;0;0,46;0
1227;1,68;0,46;202;true;true;true;0;0,46;0
1228;1,68;0,46;202;true;true;true;0;0,46;0
1229;1,69;0,46;202;true;true;true;0;0,46;0
1230;1,69;0,46;202;true;true;true;0;0,46;0
1231;1,7;0,46;202;true;true;true;0;0,46;0
1232;1,7;0,46;202;true;true;true;0;0,46;0
1233;1,7;0,46;202;true;true;true;0;0,46;0
1234;1,7;0,46;202;true;true;true;0;0,46;0
1235;1,71;0,46;202;true;true;true;0;0,46;0
1236;1,71;0,46;202;true;true;true;0;0,46;0
1237;1,71;0,46;202;true;true;true;0;0,46;0
1238;1,72;0,46;202;true;true;true;0;0,46;0
1239;1,72;0,46;202;true;true;true;0;0,46;0
1240;1,72;0,46;202;true;true;true;0;0,46;0
1241;1,73;0,46;202;true;true;true;0;0,46;0
1242;1,73;0,46;202;true;true;true;0;0,46;0
1243;1,73;0,46;202;true;true;true;0;0,46;0
1244;1,73;0,46;202;true;true;true;0;0,46;0
1245;1,74;0,46;202;true;true;true;0;0,46;0
1246;1,74;0,46;202;true;true;true;0;0,46;0
1247;1,74;0,46;202;true;true;true;0;0,46;0
1248;1,75;0,46;202;true;true;true;0;0,46;0
1249;1,75;0,46;202;true;true;true;0;0,46;0
1250;1,75;0,46;202;true;true;true;0;0,46;0
1251;1,76;0,46;202;true;true;true;0;0,46;0
1252;1,76;0,46;202;true;true;true;0;0,46;0
1253;1,76;0,46;202;true;true;true;0;0,46;0
1254;1,76;0,46;202;true;true;true;0;0,46;0
1255;1,77;0,46;202;true;true;true;0;0,46;0
1256;1,77;0,46;202;true;true;true;0;0,46;0
1257;1,77;0,46;202;true;true;true;0;0,46;0
1258;1,78;0,46;202;true;true;true;0;0,46;0
1259;1,78;0,46;202;true;true;true;0;0,46;0
1260;1,78;0,46;202;true;true;true;0;0,46;0
1261;1,79;0,46;202;true;true;true;0;0,46;0
1262;1,79;0,46;202;true;true;true;0;0,46;0
1263;1,79;0,46;202;true;true;true;0;0,46;0
1264;1,8;0,46;202;true;true;true;0;0,46;0
1265;1,8;0,46;202;true;true;true;0;0,46;0
1266;1,8;0,46;202;true;true;true;0;0,46;0
1267;1,81;0,46;202;true;true;true;0;0,46;0
1268;1,81;0,46;202;true;true;true;0;0,46;0
1269;1,81;0,46;202;true;true;true;0;0,46;0
1270;1,82;0,46;202;true;true;true;0;0,46;0
1271;1,82;0,46;202;true;true;true;0;0,46;0
1272;1,82;0,46;202;true;true;true;0;0,46;0
1273;1,83;0,46;202;true;true;true;0;0,46;0
1274;1,83;0,46;202;true;true;true;0;0,46;0
1275;1,83;0,46;202;true;true;true;0;0,46;0
1276;1,83;0,46;202;true;true;true;0;0,46;0
1277;1,84;0,46;202;true;true;true;0;0,46;0
1278;1,84;0,46;202;true;true;true;0;0,46;0
1279;1,84;0,46;202;true;true;true;0;0,46;0
1280;1,85;0,46;202;true;true;true;0;0,46;0
1281;1,85;0,46;202;true;true;true;0;0,46;0
1282;1,85;0,46;202;true;true;true;0;0,46;0
1283;1,86;0,46;202;true;true;true;0;0,46;0
1284;1,86;0,46;202;true;true;true;0;0,46;0
1285;1,86;0,46;202;true;true;true;0;0,46;0
1286;1,87;0,46;202;true;true;true;0;0,46;0
1287;1,87;0,46;202;true;true;true;0;0,46;0
1288;1,87;0,46;202;true;true;true;0;0,46;0
1289;1,87;0,46;202;true;true;true;0;0,46;0
1290;1,88;0,46;202;true;true;true;0;0,46;0
1291;1,88;0,46;202;true;true;true;0;0,46;0
1292;1,88;0,46;202;true;true;true;0;0,46;0
1293;1,89;0,46;202;true;true;true;0;0,46;0
1294;1,89;0,46;202;true;true;true;0;0,46;0
1295;1,89;0,46;202;true;true;true;0;0,46;0
1296;1,89;0,46;202;true;true;true;0;0,46;0
1297;1,9;0,46;202;true;true;true;0;0,46;0
1298;1,9;0,46;202;true;true;true;0;0,46;0
1299;1,9;0,46;202;true;true;true;0;0,46;0
1300;1,91;0,46;202;true;true;true;0;0,46;0
1301;1,91;0,46;202;true;true;true;0;0,46;0
1302;1,91;0,46;202;true;true;true;0;0,46;0
1303;1,92;0,46;202;true;true;true;0;0,46;0
1304;1,92;0,46;202;true;true;true;0;0,46;0
1305;1,92;0,46;202;true;true;true;0;0,46;0
1306;1,93;0,46;202;true;true;true;0;0,46;0
1307;1,93;0,46;202;true;true;true;0;0,46;0
1308;1,93;0,46;202;true;true;true;0;0,46;0
1309;1,94;0,46;202;true;true;true;0;0,46;0
1310;1,94;0,46;202;true;true;true;0;0,46;0
1311;1,94;0,46;202;true;true;true;0;0,46;0
1312;1,95;0,46;202;true;true;true;0;0,46;0
1313;1,95;0,46;202;true;true;true;0;0,46;0
1314;1,95;0,46;202;true;true;true;0;0,46;0
1315;1,96;0,46;202;true;true;true;0;0,46;0
1316;1,96;0,46;202;true;true;true;0;0,46;0
1317;1,96;0,46;202;true;true;true;0;0,46;0
1318;1,97;0,46;202;true;true;true;0;0,46;0
1319;1,97;0,46;202;true;true;true;0;0,46;0
1320;1,97;0,46;202;true;true;true;0;0,46;0
1321;1,97;0,46;202;true;true;true;0;0,46;0
1322;1,98;0,46;202;true;true;true;0;0,46;0
1323;1,98;0,46;202;true;true;true;0;0,46;0
1324;1,98;0,46;202;true;true;true;0;0,46;0
1325;1,99;0,46;202;true;true;true;0;0,46;0
1326;1,99;0,46;202;true;true;true;0;0,46;0
1327;1,99;0,46;202;true;true;true;0;0,46;0
1328;2;0,46;202;true;true;true;0;0,46;0
1329;2;0,46;202;true;true;true;0;0,46;0
1330;2;0,46;202;true;true;true;0;0,46;0
1331;2;0,46;202;true;true;true;0;0,46;0
1332;2,01;0,46;202;true;true;true;0;0,46;0
1333;2,01;0,46;202;true;true;true;0;0,46;0
1334;2,01;0,46;202;true;true;true;0;0,46;0
1335;2,02;0,46;202;true;true;true;0;0,46;0
1336;2,02;0,46;202;true;true;true;0;0,46;0
1337;2,02;0,46;202;true;true;true;0;0,46;0
1338;2,03;0,46;202;true;true;true;0;0,46;0
1339;2,03;0,46;202;true;true;true;0;0,46;0
1340;2,03;0,46;202;true;true;true;0;0,46;0
1341;2,03;0,46;202;true;true;true;0;0,46;0
1342;2,04;0,46;202;true;true;true;0;0,46;0
1343;2,04;0,46;202;true;true;true;0;0,46;0
1344;2,04;0,46;202;true;true;true;0;0,46;0
1345;2,05;0,46;202;true;true;true;0;0,46;0
1346;2,05;0,46;202;true;true;true;0;0,46;0
1347;2,05;0,46;202;true;true;true;0;0,46;0
1348;2,06;0,46;202;true;true;true;0;0,46;0
1349;2,06;0,46;202;true;true;true;0;0,46;0
1350;2,06;0,46;202;true;true;true;0;0,46;0
1351;2,06;0,46;202;true;true;true;0;0,46;0
1352;2,07;0,46;202;true;true;true;0;0,46;0
1353;2,07;0,46;202;true;true;true;0;0,46;0
1354;2,07;0,46;202;true;true;true;0;0,46;0
1355;2,08;0,46;202;true;true;true;0;0,46;0
1356;2,08;0,46;202;true;true;true;0;0,46;0
1357;2,08;0,46;202;true;true;true;0;0,46;0
1358;2,09;0,46;202;true;true;true;0;0,46;0
1359;2,09;0,46;202;true;true;true;0;0,46;0
1360;2,09;0,46;202;true;true;true;0;0,46;0
1361;2,09;0,46;202;true;true;true;0;0,46;0
1362;2,1;0,46;202;true;true;true;0;0,46;0
1363;2,1;0,46;202;true;true;true;0;0,46;0
1364;2,1;0,46;202;true;true;true;0;0,46;0
1365;2,11;0,46;202;true;true;true;0;0,46;0
1366;2,11;0,46;202;true;true;true;0;0,46;0
1367;2,11;0,46;202;true;true;true;0;0,46;0
1368;2,12;0,46;202;true;true;true;0;0,46;0
1369;2,12;0,46;202;true;true;true;0;0,46;0
1370;2,12;0,46;202;true;true;true;0;0,46;0
1371;2,12;0,46;202;true;true;true;0;0,46;0
1372;2,13;0,46;202;true;true;true;0;0,46;0
1373;2,13;0,46;202;true;true;true;0;0,46;0
1374;2,13;0,46;202;true;true;true;0;0,46;0
1375;2,14;0,46;202;true;true;true;0;0,46;0
1376;2,14;0,46;202;true;true;true;0;0,46;0
1377;2,14;0,46;202;true;true;true;0;0,46;0
1378;2,15;0,46;202;true;true;true;0;0,46;0
1379;2,15;0,46;202;true;true;true;0;0,46;0
1380;2,15;0,46;202;true;true;true;0;0,46;0
1381;2,16;0,46;202;true;true;true;0;0,46;0
1382;2,16;0,46;202;true;true;true;0;0,46;0
1383;2,16;0,46;202;true;true;true;0;0,46;0
1384;2,16;0,46;202;true;true;true;0;0,46;0
1385;2,17;0,46;202;true;true;true;0;0,46;0
1386;2,17;0,46;202;true;true;true;0;0,46;0
1387;2,17;0,46;202;true;true;true;0;0,46;0
1388;2,18;0,46;202;true;true;true;0;0,46;0
1389;2,18;0,46;202;true;true;true;0;0,46;0
1390;2,18;0,46;202;true;true;true;0;0,46;0
1391;2,19;0,46;202;true;true;true;0;0,46;0
1392;2,19;0,46;202;true;true;true;0;0,46;0
1393;2,19;0,46;202;true;true;true;0;0,46;0
1394;2,19;0,46;202;true;true;true;0;0,46;0
1395;2,2;0,46;202;true;true;true;0;0,46;0
1396;2,2;0,46;202;true;true;true;0;0,46;0
1397;2,2;0,46;202;true;true;true;0;0,46;0
1398;2,21;0,46;202;true;true;true;0;0,46;0
1399;2,21;0,46;202;true;true;true;0;0,46;0
1400;2,21;0,46;202;true;true;true;0;0,46;0
1401;2,22;0,46;202;true;true;true;0;0,46;0
1402;2,22;0,46;202;true;true;true;0;0,46;0
1403;2,22;0,46;202;true;true;true;0;0,46;0
1404;2,22;0,46;202;true;true;true;0;0,46;0
1405;2,23;0,46;202;true;true;true;0;0,46;0
1406;2,23;0,46;202;true;true;true;0;0,46;0
1407;2,23;0,46;202;true;true;true;0;0,46;0
1408;2,24;0,46;202;true;true;true;0;0,46;0
1409;2,24;0,46;202;true;true;true;0;0,46;0
1410;2,24;0,46;202;true;true;true;0;0,46;0
1411;2,25;0,46;202;true;true;true;0;0,46;0
1412;2,25;0,46;202;true;true;true;0;0,46;0
1413;2,25;0,46;202;true;true;true;0;0,46;0
1414;2,26;0,46;202;true;true;true;0;0,46;0
1415;2,26;0,46;202;true;true;true;0;0,46;0
1416;2,26;0,46;202;true;true;true;0;0,46;0
1417;2,26;0,46;202;true;true;true;0;0,46;0
1418;2,27;0,46;202;true;true;true;0;0,46;0
1419;2,27;0,46;202;true;true;true;0;0,46;0
1420;2,27;0,46;202;true;true;true;0;0,46;0
1421;2,28;0,46;202;true;true;true;0;0,46;0
1422;2,28;0,46;202;true;true;true;0;0,46;0
1423;2,28;0,46;202;true;true;true;0;0,46;0
1424;2,29;0,46;202;true;true;true;0;0,46;0
1425;2,29;0,46;202;true;true;true;0;0,46;0
1426;2,29;0,46;202;true;true;true;0;0,46;0
1427;2,29;0,46;202;true;true;true;0;0,46;0
1428;2,3;0,46;202;true;true;true;0;0,46;0
1429;2,3;0,46;202;true;true;true;0;0,46;0
1430;2,3;0,46;202;true;true;true;0;0,46;0
1431;2,31;0,46;202;true;true;true;0;0,46;0
1432;2,31;0,46;202;true;true;true;0;0,46;0
1433;2,31;0,46;202;true;true;true;0;0,46;0
1434;2,32;0,46;202;true;true;true;0;0,46;0
1435;2,32;0,46;202;true;true;true;0;0,46;0
1436;2,32;0,46;202;true;true;true;0;0,46;0
1437;2,32;0,46;202;true;true;true;0;0,46;0
1438;2,33;0,46;202;true;true;true;0;0,46;0
1439;2,33;0,46;202;true;true;true;0;0,46;0
1440;2,33;0,46;202;true;true;true;0;0,46;0
1441;2,34;0,46;202;true;true;true;0;0,46;0
1442;2,34;0,46;202;true;true;true;0;0,46;0
1443;2,34;0,46;202;true;true;true;0;0,46;0
1444;2,35;0,46;202;true;true;true;0;0,46;0
1445;2,35;0,46;202;true;true;true;0;0,46;0
1446;2,35;0,46;202;true;true;true;0;0,46;0
1447;2,35;0,46;202;true;true;true;0;0,46;0
1448;2,36;0,46;202;true;true;true;0;0,46;0
1449;2,36;0,46;202;true;true;true;0;0,46;0
1450;2,36;0,46;202;true;true;true;0;0,46;0
1451;2,37;0,46;202;true;true;true;0;0,46;0
1452;2,37;0,46;202;true;true;true;0;0,46;0
1453;2,37;0,46;202;true;true;true;0;0,46;0
1454;2,38;0,46;202;true;true;true;0;0,46;0
1455;2,38;0,46;202;true;true;true;0;0,46;0
1456;2,38;0,46;202;true;true;true;0;0,46;0
1457;2,38;0,46;202;true;true;true;0;0,46;0
1458;2,39;0,46;202;true;true;true;0;0,46;0
1459;2,39;0,46;202;true;true;true;0;0,46;0
1460;2,39;0,46;202;true;true;true;0;0,46;0
1461;2,4;0,46;202;true;true;true;0;0,46;0
1462;2,4;0,46;202;true;true;true;0;0,46;0
1463;2,4;0,46;202;true;true;true;0;0,46;0
1464;2,4;0,46;202;true;true;true;0;0,46;0
1465;2,41;0,46;202;true;true;true;0;0,46;0
1466;2,41;0,46;202;true;true;true;0;0,46;0
1467;2,41;0,46;202;true;true;true;0;0,46;0
1468;2,42;0,46;202;true;true;true;0;0,46;0
1469;2,42;0,46;202;true;true;true;0;0,46;0
1470;2,42;0,46;202;true;true;true;0;0,46;0
1471;2,43;0,46;202;true;true;true;0;0,46;0
1472;2,43;0,46;202;true;true;true;0;0,46;0
1473;2,43;0,46;202;true;true;true;0;0,46;0
1474;2,43;0,46;202;true;true;true;0;0,46;0
1475;2,44;0,46;202;true;true;true;0;0,46;0
1476;2,44;0,46;202;true;true;true;0;0,46;0
1477;2,44;0,46;202;true;true;true;0;0,46;0
1478;2,45;0,46;202;true;true;true;0;0,46;0
1479;2,45;0,46;202;true;true;true;0;0,46;0
1480;2,45;0,46;202;true;true;true;0;0,46;0
1481;2,46;0,46;202;true;true;true;0;0,46;0
1482;2,46;0,46;202;true;true;true;0;0,46;0
1483;2,46;0,46;202;true;true;true;0;0,46;0
1484;2,46;0,46;202;true;true;true;0;0,46;0
1485;2,47;0,46;202;true;true;true;0;0,46;0
1486;2,47;0,46;202;true;true;true;0;0,46;0
1487;2,47;0,46;202;true;true;true;0;0,46;0
1488;2,48;0,46;202;true;true;true;0;0,46;0
1489;2,48;0,46;202;true;true;true;0;0,46;0
1490;2,48;0,46;202;true;true;true;0;0,46;0
1491;2,49;0,46;202;true;true;true;0;0,46;0
1492;2,49;0,46;202;true;true;true;0;0,46;0
