lengthMiddleSegment: 60080.82
step_energy: 0.05
electrostatic_force_factor: 1.0
spring_force_factor: 0.1
reject_force_factor: 2.0
distanceRejectRadius: 15020.205
distanceSamePosition: 15020.205
Iteration;time;energy;num nodes;reject force is enabled;spring force is enabled;electrostatic force is enabled;str_force;rep_force;elec_force
1;0;49,91;1321;false;true;true;18,63;0;31,47
2;0,03;55,86;1278;false;true;true;21,7;0;36,57
3;0,09;54,23;1231;false;true;true;22,74;0;34,66
4;0,1;50,57;1184;false;true;true;20,39;0;32,52
5;0,11;50,27;1135;false;true;true;20,73;0;31,65
6;0,12;47,19;1093;false;true;true;19,78;0;29,47
7;0,13;44,54;1058;false;true;true;20,52;0;27,28
8;0,14;43,57;1031;false;true;true;18,9;0;28,71
9;0,14;41,87;1001;false;true;true;19,78;0;26,54
10;0,15;40,96;977;false;true;true;19,2;0;25,41
11;0,16;41,56;954;false;true;true;20,05;0;26,44
12;0,16;40,19;932;false;true;true;18,96;0;24,27
13;0,17;38,01;911;false;true;true;19,18;0;22,41
14;0,17;37,28;891;false;true;true;19,13;0;21,3
15;0,18;36,59;878;false;true;true;18,17;0;22,28
16;0,18;35,9;861;false;true;true;18,68;0;21,25
17;0,19;35,94;846;false;true;true;19,29;0;21,4
18;0,19;34,98;831;false;true;true;19,52;0;21,13
19;0,19;34,66;817;false;true;true;18,31;0;21,58
20;0,2;34,49;803;false;true;true;19,19;0;21,01
21;0,2;32,93;787;false;true;true;19,1;0;19,43
22;0,21;31,77;774;false;true;true;18,84;0;18,13
23;0,21;29,38;764;false;true;true;17,5;0;16,46
24;0,22;29,24;757;false;true;true;17,38;0;17,07
25;0,22;28,75;750;false;true;true;17,3;0;17,25
26;0,22;28,66;743;false;true;true;18,22;0;17,65
27;0,23;28,27;732;false;true;true;18,6;0;15,32
28;0,23;27,52;727;false;true;true;17,46;0;16,17
29;0,24;27,85;722;false;true;true;17,47;0;17,66
30;0,24;27,95;713;false;true;true;18,96;0;16,82
31;0,25;27,86;705;false;true;true;19,04;0;16,72
32;0,25;28,32;700;false;true;true;18,55;0;18,39
33;0,25;28,35;690;false;true;true;18,45;0;17,21
34;0,26;26,58;683;false;true;true;17,78;0;16,33
35;0,26;25,97;676;false;true;true;16,81;0;15,52
36;0,26;24,92;668;false;true;true;16,7;0;13,66
37;0,27;24,37;664;false;true;true;16,76;0;14,59
38;0,27;24,38;660;false;true;true;16,87;0;15,42
39;0,27;23,77;654;false;true;true;17,42;0;14,84
40;0,28;24,09;649;false;true;true;17,49;0;15,19
41;0,28;23,17;645;false;true;true;17,29;0;14,97
42;0,28;22,44;640;false;true;true;17,35;0;14
43;0,29;22,55;635;false;true;true;16,98;0;13,48
44;0,29;22,11;631;false;true;true;16,71;0;13,37
45;0,29;21,65;626;false;true;true;16,63;0;12,64
46;0,3;20,91;620;false;true;true;15,82;0;10,64
47;0,3;20,63;618;false;true;true;15,75;0;11,48
48;0,31;20,11;614;false;true;true;16,01;0;10,87
49;0,31;20,28;613;false;true;true;16,05;0;12,37
50;0,31;20,53;609;false;true;true;16,27;0;12,19
51;0,32;20,36;604;false;true;true;16,71;0;11,33
52;0,32;20,53;601;false;true;true;16,07;0;11,48
53;0,32;19,86;597;false;true;true;15,18;0;10,97
54;0,33;20,55;596;false;true;true;15,93;0;13,16
55;0,33;19,22;588;false;true;true;15,03;0;9,07
56;0,34;18,78;588;false;true;true;14,39;0;10,6
57;0,34;18,86;586;false;true;true;14,65;0;11,35
58;0,34;18,92;584;false;true;true;15,46;0;12,18
59;0,35;18,6;581;false;true;true;15,96;0;12,23
60;0,35;18,78;577;false;true;true;15,5;0;11,38
61;0,35;18,44;573;false;true;true;15,37;0;10,45
62;0,36;17,86;571;false;true;true;15,13;0;10,58
63;0,36;17,02;568;false;true;true;15,05;0;9,71
64;0,37;17,01;567;false;true;true;15,43;0;10,7
65;0,37;17,53;566;false;true;true;16,1;0;12,11
66;0,37;17,75;562;false;true;true;16,21;0;11,19
67;0,38;17,77;559;false;true;true;15,89;0;10,87
68;0,38;17,35;554;false;true;true;14,7;0;9,01
69;0,38;16,91;551;false;true;true;13,71;0;8,19
70;0,39;16,74;550;false;true;true;13,14;0;8,82
71;0,39;16,79;548;false;true;true;13,39;0;9
72;0,39;16;546;false;true;true;13,42;0;8,64
73;0,4;15,28;543;false;true;true;13,41;0;7,66
74;0,4;14,98;543;false;true;true;13,52;0;8,58
75;0,4;15,24;543;false;true;true;14,05;0;9,9
76;0,41;15,3;541;false;true;true;14,4;0;9,91
77;0,41;15,23;539;false;true;true;14,68;0;9,88
78;0,41;15,31;537;false;true;true;14,69;0;9,75
79;0,42;15,25;535;false;true;true;14,81;0;9,79
80;0,42;14,7;532;false;true;true;14,31;0;8,6
81;0,43;14,56;531;false;true;true;13,97;0;8,79
82;0,43;14,62;529;false;true;true;13,81;0;8,37
83;0,43;14,46;528;false;true;true;13,79;0;8,72
84;0,44;14,19;527;false;true;true;13,88;0;8,99
85;0,44;14,08;525;false;true;true;13,87;0;8,59
86;0,44;13,92;524;false;true;true;13,87;0;8,88
87;0,44;13,74;523;false;true;true;13,98;0;9,13
88;0,45;13,62;522;false;true;true;14,11;0;9,29
89;0,45;13,85;521;false;true;true;14,17;0;9,63
90;0,45;14,18;519;false;true;true;14,17;0;9,37
91;0,46;13,85;516;false;true;true;13,95;0;8,26
92;0,46;13,68;516;false;true;true;13,91;0;9,18
93;0,46;13,89;515;false;true;true;13,77;0;9,51
94;0,46;13,75;513;false;true;true;13,8;0;9,01
95;0,47;13,66;512;false;true;true;13,95;0;9,17
96;0,47;13,71;511;false;true;true;14,13;0;9,57
97;0,47;14,34;510;false;true;true;14,36;0;10,24
98;0,48;13,93;506;false;true;true;14;0;8,55
99;0,48;13,86;503;false;true;true;12,92;0;7,16
100;0,48;13,34;503;false;true;true;12,59;0;7,85
101;0,49;13,01;502;false;true;true;12,61;0;7,98
102;0,49;12,85;501;false;true;true;12,8;0;7,9
103;0,49;12,66;501;false;true;true;13,18;0;8,58
104;0,49;12,77;501;false;true;true;13,76;0;9,47
105;0,5;13,1;500;false;true;true;14,44;0;10,06
106;0,5;13,61;498;false;true;true;14,7;0;9,89
107;0,5;13,53;496;false;true;true;14,36;0;9,39
108;0,5;13,94;494;false;true;true;13,82;0;9,2
109;0,51;13,45;492;false;true;true;13,46;0;8,66
110;0,51;13,2;490;false;true;true;13,02;0;7,89
111;0,51;13;489;false;true;true;12,64;0;7,97
112;0,52;13,08;489;false;true;true;12,87;0;8,97
113;0,52;12,94;486;false;true;true;12,68;0;7,76
114;0,52;12,66;485;false;true;true;12,65;0;7,71
115;0,52;12,42;485;false;true;true;12,76;0;8,39
116;0,53;12,52;485;false;true;true;13,28;0;9,28
117;0,53;12,71;484;false;true;true;13,81;0;9,68
118;0,54;12,68;482;false;true;true;13,81;0;9,08
119;0,54;12,57;481;false;true;true;13,92;0;9,39
120;0,54;12,6;478;false;true;true;13,5;0;8,02
121;0,55;12,27;478;false;true;true;13,31;0;8,76
122;0,55;12,16;477;false;true;true;13,38;0;8,93
123;0,55;12,13;476;false;true;true;13,4;0;8,99
124;0,55;12,43;475;false;true;true;13,53;0;9,28
125;0,56;12,27;472;false;true;true;13,21;0;7,94
126;0,56;11,83;472;false;true;true;13,09;0;8,56
127;0,56;11,78;472;false;true;true;13,28;0;9,38
128;0,56;11,47;471;false;true;true;13,37;0;9,2
129;0,57;11,39;469;false;true;true;13,21;0;8,36
130;0,57;11,37;469;false;true;true;13,55;0;9,1
131;0,57;11,39;468;false;true;true;13,86;0;9,26
132;0,57;11,36;467;false;true;true;13,91;0;9,3
133;0,57;11,59;467;false;true;true;14,27;0;10,28
134;0,58;11,93;464;false;true;true;13,61;0;8,87
135;0,58;11,98;463;false;true;true;13,3;0;8,86
136;0,58;12,14;463;false;true;true;13,68;0;9,97
137;0,59;12,36;459;false;true;true;13,27;0;7,99
138;0,59;12,19;458;false;true;true;12,66;0;8
139;0,59;12,29;456;false;true;true;12,23;0;7,36
140;0,59;12,08;456;false;true;true;12,17;0;8,21
141;0,6;11,8;454;false;true;true;12,11;0;7,34
142;0,6;11,71;453;false;true;true;11,81;0;7,17
143;0,6;11,61;452;false;true;true;12;0;7,27
144;0,6;11,47;451;false;true;true;11,95;0;7,38
145;0,61;11,08;450;false;true;true;11,78;0;7,06
146;0,61;11,01;449;false;true;true;11,73;0;6,83
147;0,61;10,74;449;false;true;true;11,83;0;7,3
148;0,62;10,71;449;false;true;true;12,15;0;7,91
149;0,62;10,8;448;false;true;true;12,34;0;7,8
150;0,62;10,5;447;false;true;true;12,43;0;7,61
151;0,62;10,4;447;false;true;true;12,56;0;8,16
152;0,63;10,54;447;false;true;true;12,82;0;8,88
153;0,63;10,99;446;false;true;true;13,18;0;9,26
154;0,63;10,98;443;false;true;true;12,63;0;8,15
155;0,63;11,1;442;false;true;true;12,35;0;8,05
156;0,64;11,07;442;false;true;true;12,47;0;8,89
157;0,64;11,35;440;false;true;true;12,32;0;8,28
158;0,64;11,23;437;false;true;true;11,83;0;6,75
159;0,64;10,61;436;false;true;true;11,58;0;6,67
160;0,65;10,32;436;false;true;true;11,53;0;7,17
161;0,65;10,31;436;false;true;true;11,68;0;7,82
162;0,65;10,47;434;false;true;true;11,8;0;7,11
163;0,65;10,31;434;false;true;true;11,87;0;7,75
164;0,66;10,34;433;false;true;true;11,75;0;7,68
165;0,66;10,27;432;false;true;true;11,58;0;7,66
166;0,67;9,93;431;false;true;true;11,66;0;7,44
167;0,67;9,98;431;false;true;true;11,9;0;8,12
168;0,67;9,96;429;false;true;true;11,34;0;7,15
169;0,67;9,89;429;false;true;true;11,58;0;7,71
170;0,67;10,07;429;false;true;true;11,97;0;8,47
171;0,68;10,69;427;false;true;true;11,9;0;7,76
172;0,68;10,66;426;false;true;true;11,89;0;7,92
173;0,68;10,38;424;false;true;true;11,57;0;7,18
174;0,68;10,12;423;false;true;true;11;0;6,82
175;0,69;10,08;423;false;true;true;11,1;0;7,48
176;0,69;10,16;421;false;true;true;10,95;0;6,58
177;0,69;9,8;420;false;true;true;10,76;0;6,39
178;0,69;9,54;420;false;true;true;10,83;0;6,82
179;0,69;9,5;420;false;true;true;11,04;0;7,38
180;0,7;9,78;420;false;true;true;11,49;0;8,21
181;0,7;10,06;416;false;true;true;11,02;0;6,21
182;0,7;9,69;416;false;true;true;10,67;0;6,72
183;0,7;9,44;415;false;true;true;10,48;0;6,44
184;0,71;9,04;414;false;true;true;10,54;0;6,37
185;0,71;8,83;414;false;true;true;10,56;0;6,74
186;0,71;8,79;414;false;true;true;10,77;0;7,23
187;0,71;8,51;413;false;true;true;11,13;0;7,11
188;0,72;8,48;413;false;true;true;11,32;0;7,55
189;0,72;8,7;412;false;true;true;11,48;0;7,37
190;0,72;8,61;412;false;true;true;11,63;0;7,88
191;0,72;8,79;411;false;true;true;11,68;0;7,85
192;0,72;8,67;410;false;true;true;11,44;0;7,63
193;0,73;8,76;410;false;true;true;11,59;0;8,27
194;0,73;8,91;408;false;true;true;11,41;0;7,58
195;0,73;8,74;406;false;true;true;10,56;0;6,64
196;0,74;8,45;405;false;true;true;10,13;0;6,26
197;0,74;8,06;405;false;true;true;10,07;0;6,54
198;0,74;7,81;405;false;true;true;10,17;0;6,84
199;0,74;7,68;405;false;true;true;10,44;0;7,18
200;0,74;7,64;405;false;true;true;10,78;0;7,59
201;0,75;7,76;405;false;true;true;11,19;0;8,13
202;0,75;8,29;404;false;true;true;11,39;0;8,15
203;0,75;8,33;402;false;true;true;10,94;0;7,11
204;0,75;7,94;401;false;true;true;10,42;0;6,59
205;0,76;7,68;401;false;true;true;10,28;0;6,93
206;0,76;7,59;401;false;true;true;10,37;0;7,34
207;0,76;7,59;400;false;true;true;10,39;0;6,94
208;0,76;7,29;399;false;true;true;10,19;0;6,48
209;0,77;7,12;399;false;true;true;10,27;0;6,78
210;0,77;7,11;399;false;true;true;10,43;0;7,16
211;0,77;7,32;399;false;true;true;10,69;0;7,76
212;0,77;7,21;397;false;true;true;10,22;0;6,49
213;0,77;7,08;397;false;true;true;10,23;0;6,85
214;0,78;6,97;396;false;true;true;9,73;0;6,25
215;0,78;6,85;396;false;true;true;9,77;0;6,52
216;0,78;6,83;396;false;true;true;9,95;0;6,85
217;0,78;6,93;396;false;true;true;10,25;0;7,29
218;0,79;7,31;394;false;true;true;10,18;0;6,34
219;0,79;7,16;393;false;true;true;9,7;0;5,92
220;0,79;6,9;393;false;true;true;9,55;0;6,15
221;0,79;6,78;393;false;true;true;9,54;0;6,43
222;0,79;6,86;392;false;true;true;9,54;0;5,99
223;0,8;6,61;392;false;true;true;9,57;0;6,2
224;0,8;6,48;392;false;true;true;9,67;0;6,45
225;0,8;6,48;392;false;true;true;9,81;0;6,79
226;0,8;6,3;391;false;true;true;9,63;0;6,2
227;0,8;6,17;391;false;true;true;9,72;0;6,39
228;0,81;6,1;391;false;true;true;9,82;0;6,61
229;0,81;6,09;391;false;true;true;9,98;0;6,87
230;0,81;6,19;391;false;true;true;10,21;0;7,23
231;0,81;6,23;390;false;true;true;10,1;0;6,84
232;0,81;6,14;389;false;true;true;9,74;0;6,23
233;0,82;6;389;false;true;true;9,73;0;6,4
234;0,82;5,92;389;false;true;true;9,77;0;6,59
235;0,82;5,87;389;false;true;true;9,91;0;6,8
236;0,82;5,9;389;false;true;true;10,12;0;7,07
237;0,82;6,03;389;false;true;true;10,37;0;7,45
238;0,83;6,03;388;false;true;true;10,24;0;6,87
239;0,83;5,98;388;false;true;true;10,32;0;7,14
240;0,83;6,04;388;false;true;true;10,45;0;7,48
241;0,83;6,27;388;false;true;true;10,67;0;7,99
242;0,83;6,51;387;false;true;true;10,66;0;7,66
243;0,84;6,79;385;false;true;true;9,92;0;6,44
244;0,84;6,51;384;false;true;true;9,44;0;5,83
245;0,84;6,16;384;false;true;true;9,23;0;5,98
246;0,84;5,97;384;false;true;true;9,24;0;6,14
247;0,84;5,88;384;false;true;true;9,38;0;6,33
248;0,85;5,85;384;false;true;true;9,57;0;6,55
249;0,85;5,95;384;false;true;true;9,8;0;6,89
250;0,85;5,8;383;false;true;true;9,53;0;6,22
251;0,85;5,71;383;false;true;true;9,59;0;6,38
252;0,86;5,66;383;false;true;true;9,69;0;6,56
253;0,86;5,65;383;false;true;true;9,85;0;6,78
254;0,86;5,72;383;false;true;true;10,03;0;7,07
255;0,86;5,74;382;false;true;true;9,84;0;6,57
256;0,86;5,69;382;false;true;true;9,92;0;6,78
257;0,87;5,7;382;false;true;true;10,04;0;7,04
258;0,87;5,8;382;false;true;true;10,22;0;7,38
259;0,87;6;381;false;true;true;10,18;0;6,98
260;0,87;6,04;381;false;true;true;10,28;0;7,35
261;0,87;6,33;380;false;true;true;9,9;0;6,97
262;0,88;6,41;378;false;true;true;9,41;0;5,84
263;0,88;6,01;378;false;true;true;9,16;0;6
264;0,88;5,78;378;false;true;true;9,12;0;6,17
265;0,88;5,65;378;false;true;true;9,19;0;6,37
266;0,88;5,62;378;false;true;true;9,39;0;6,6
267;0,89;5,84;377;false;true;true;9,14;0;6,06
268;0,89;5,77;377;false;true;true;9,22;0;6,3
269;0,89;5,68;376;false;true;true;9;0;5,78
270;0,89;5,52;376;false;true;true;9,02;0;5,91
271;0,89;5,42;376;false;true;true;9,1;0;6,04
272;0,9;5,35;376;false;true;true;9,19;0;6,19
273;0,9;5,31;376;false;true;true;9,33;0;6,35
274;0,9;5,3;376;false;true;true;9,48;0;6,53
275;0,9;5,33;376;false;true;true;9,66;0;6,75
276;0,9;5,42;376;false;true;true;9,86;0;7,03
277;0,91;5,59;375;false;true;true;9,66;0;6,58
278;0,91;5,62;375;false;true;true;9,75;0;6,88
279;0,91;5,87;374;false;true;true;9,63;0;6,46
280;0,91;5,83;374;false;true;true;9,6;0;6,79
281;0,92;5,91;373;false;true;true;9,49;0;6,41
282;0,92;5,97;372;false;true;true;9,23;0;5,96
283;0,92;5,88;372;false;true;true;9,15;0;6,25
284;0,92;5,74;371;false;true;true;8,77;0;5,56
285;0,92;5,49;371;false;true;true;8,61;0;5,68
286;0,93;5,33;371;false;true;true;8,64;0;5,8
287;0,93;5,22;371;false;true;true;8,73;0;5,93
288;0,93;5,17;371;false;true;true;8,9;0;6,08
289;0,93;5,15;371;false;true;true;9,06;0;6,26
290;0,93;5,22;371;false;true;true;9,23;0;6,53
291;0,94;5,13;370;false;true;true;8,98;0;5,91
292;0,94;5,04;370;false;true;true;9;0;6,04
293;0,94;4,98;370;false;true;true;9,03;0;6,19
294;0,94;4,99;370;false;true;true;9,11;0;6,38
295;0,94;5,02;369;false;true;true;8,79;0;5,8
296;0,95;4,91;369;false;true;true;8,79;0;5,9
297;0,95;4,82;369;false;true;true;8,83;0;6,01
298;0,95;4,76;369;false;true;true;8,9;0;6,13
299;0,95;4,73;369;false;true;true;9,03;0;6,27
300;0,96;4,73;369;false;true;true;9,16;0;6,44
301;0,96;4,8;369;false;true;true;9,31;0;6,68
302;0,96;4,86;368;false;true;true;9,2;0;6,12
303;0,96;4,71;368;false;true;true;9,14;0;6,25
304;0,96;4,65;368;false;true;true;9,15;0;6,39
305;0,97;4,64;368;false;true;true;9,22;0;6,57
306;0,97;4,68;368;false;true;true;9,34;0;6,79
307;0,97;4,83;368;false;true;true;9,52;0;7,12
308;0,97;5,16;366;false;true;true;9,11;0;5,86
309;0,98;4,86;366;false;true;true;8,86;0;5,97
310;0,98;4,67;366;false;true;true;8,73;0;6,08
311;0,98;4,58;366;false;true;true;8,7;0;6,21
312;0,98;4,55;366;false;true;true;8,84;0;6,36
313;0,99;4,56;366;false;true;true;8,99;0;6,56
314;0,99;4,59;365;false;true;true;8,8;0;6,03
315;0,99;4,47;365;false;true;true;8,79;0;6,14
316;0,99;4,41;365;false;true;true;8,82;0;6,26
317;1;4,37;365;false;true;true;8,87;0;6,39
318;1;4,37;365;false;true;true;8,98;0;6,56
319;1,01;4,44;365;false;true;true;9,11;0;6,8
320;1,01;4,53;364;false;true;true;8,89;0;6,14
321;1,02;4,37;364;false;true;true;8,82;0;6,26
322;1,02;4,3;364;false;true;true;8,83;0;6,4
323;1,02;4,29;364;false;true;true;8,91;0;6,56
324;1,03;4,34;364;false;true;true;9,03;0;6,78
325;1,03;4,5;364;false;true;true;9,21;0;7,11
326;1,03;4,63;362;false;true;true;8,64;0;5,76
327;1,03;4,38;362;false;true;true;8,45;0;5,84
328;1,04;4,22;362;false;true;true;8,35;0;5,92
329;1,04;4,11;362;false;true;true;8,32;0;6
330;1,04;4,03;362;false;true;true;8,4;0;6,09
331;1,04;3,96;362;false;true;true;8,5;0;6,17
332;1,05;3,91;362;false;true;true;8,59;0;6,26
333;1,05;3,86;362;false;true;true;8,68;0;6,36
334;1,06;3,84;362;false;true;true;8,77;0;6,47
335;1,06;3,83;362;false;true;true;8,87;0;6,6
336;1,07;3,85;362;false;true;true;8,98;0;6,76
337;1,07;3,92;362;false;true;true;9,11;0;6,96
338;1,07;4,07;362;false;true;true;9,27;0;7,26
339;1,07;4,27;361;false;true;true;9,06;0;6,73
340;1,08;4,52;360;false;true;true;8,72;0;6,25
341;1,08;4,31;360;false;true;true;8,55;0;6,45
342;1,08;4,22;359;false;true;true;8,11;0;5,89
343;1,08;4,07;359;false;true;true;8,14;0;5,99
344;1,08;3,98;359;false;true;true;8,22;0;6,09
345;1,09;3,91;359;false;true;true;8,3;0;6,21
346;1,09;3,87;359;false;true;true;8,42;0;6,33
347;1,09;3,86;359;false;true;true;8,55;0;6,49
348;1,09;3,94;359;false;true;true;8,7;0;6,74
349;1,09;3,97;358;false;true;true;8,39;0;6,22
350;1,1;3,8;358;false;true;true;8,32;0;6,36
351;1,1;3,72;358;false;true;true;8,32;0;6,5
352;1,1;3,7;358;false;true;true;8,48;0;6,66
353;1,1;3,73;358;false;true;true;8,66;0;6,87
354;1,1;3,84;358;false;true;true;8,87;0;7,17
355;1,11;3,93;357;false;true;true;9,03;0;6,78
356;1,11;3,83;357;false;true;true;8,9;0;7,03
357;1,11;3,7;356;false;true;true;8,29;0;6,29
358;1,11;3,69;356;false;true;true;8,3;0;6,49
359;1,11;3,81;356;false;true;true;8,49;0;6,79
360;1,12;3,92;355;false;true;true;8,3;0;6,21
361;1,12;3,99;355;false;true;true;8,34;0;6,55
362;1,12;3,77;354;false;true;true;8,15;0;5,93
363;1,12;3,61;354;false;true;true;8;0;6,06
364;1,12;3,54;354;false;true;true;7,97;0;6,2
365;1,12;3,52;354;false;true;true;8,07;0;6,36
366;1,13;3,56;354;false;true;true;8,26;0;6,58
367;1,13;3,72;354;false;true;true;8,47;0;6,91
368;1,13;3,9;353;false;true;true;8,63;0;6,61
369;1,13;3,86;352;false;true;true;8,12;0;5,99
370;1,13;3,71;352;false;true;true;7,9;0;6,17
371;1,14;3,71;352;false;true;true;7,93;0;6,4
372;1,14;4,02;351;false;true;true;7,6;0;5,8
373;1,14;3,96;351;false;true;true;7,67;0;6,07
374;1,16;3,73;350;false;true;true;7,66;0;5,48
375;1,16;3,5;350;false;true;true;7,56;0;5,56
376;1,16;3,38;350;false;true;true;7,56;0;5,64
377;1,17;3,29;350;false;true;true;7,57;0;5,72
378;1,17;3,24;350;false;true;true;7,61;0;5,81
379;1,17;3,22;350;false;true;true;7,72;0;5,91
380;1,17;3,21;350;false;true;true;7,83;0;6,03
381;1,18;3,25;350;false;true;true;7,94;0;6,19
382;1,18;3,38;349;false;true;true;7,64;0;5,59
383;1,18;3,27;349;false;true;true;7,6;0;5,67
384;1,18;3,21;349;false;true;true;7,6;0;5,76
385;1,19;3,18;349;false;true;true;7,64;0;5,86
386;1,19;3,17;349;false;true;true;7,75;0;5,98
387;1,19;3,21;349;false;true;true;7,88;0;6,13
388;1,2;3,29;349;false;true;true;8,01;0;6,34
389;1,2;3,47;348;false;true;true;7,7;0;5,68
390;1,2;3,39;348;false;true;true;7,67;0;5,82
391;1,21;3,42;348;false;true;true;7,7;0;6,02
392;1,21;3,42;347;false;true;true;7,3;0;5,35
393;1,21;3,32;347;false;true;true;7,27;0;5,46
394;1,22;3,29;347;false;true;true;7,31;0;5,61
395;1,22;3,4;346;false;true;true;7,16;0;5,03
396;1,22;3,19;346;false;true;true;7,03;0;5,07
397;1,22;3,05;346;false;true;true;6,96;0;5,11
398;1,23;2,95;346;false;true;true;6,96;0;5,15
399;1,23;2,87;346;false;true;true;7,01;0;5,19
400;1,23;2,81;346;false;true;true;7,06;0;5,23
401;1,23;2,75;346;false;true;true;7,11;0;5,26
402;1,23;2,71;346;false;true;true;7,15;0;5,29
403;1,24;2,66;346;false;true;true;7,18;0;5,33
404;1,24;2,63;346;false;true;true;7,21;0;5,36
405;1,24;2,59;346;false;true;true;7,23;0;5,4
406;1,24;2,56;346;false;true;true;7,26;0;5,43
407;1,24;2,54;346;false;true;true;7,29;0;5,47
408;1,25;2,52;346;false;true;true;7,31;0;5,51
409;1,25;2,5;346;false;true;true;7,34;0;5,55
410;1,25;2,48;346;false;true;true;7,37;0;5,59
411;1,25;2,46;346;false;true;true;7,39;0;5,64
412;1,25;2,46;346;false;true;true;7,44;0;5,69
413;1,25;2,46;346;false;true;true;7,47;0;5,75
414;1,26;2,46;346;false;true;true;7,52;0;5,83
415;1,26;2,49;346;false;true;true;7,57;0;5,92
416;1,26;2,54;346;false;true;true;7,64;0;6,04
417;1,26;2,67;346;false;true;true;7,73;0;6,25
418;1,26;2,73;345;false;true;true;7,46;0;5,53
419;1,27;2,6;345;false;true;true;7,34;0;5,58
420;1,27;2,52;345;false;true;true;7,27;0;5,63
421;1,27;2,48;345;false;true;true;7,27;0;5,69
422;1,27;2,45;345;false;true;true;7,33;0;5,74
423;1,27;2,44;345;false;true;true;7,39;0;5,8
424;1,28;2,43;345;false;true;true;7,46;0;5,87
425;1,28;2,44;345;false;true;true;7,52;0;5,95
426;1,28;2,47;345;false;true;true;7,6;0;6,04
427;1,28;2,52;345;false;true;true;7,67;0;6,16
428;1,29;2,62;345;false;true;true;7,77;0;6,34
429;1,29;2,77;344;false;true;true;7,45;0;5,76
430;1,29;2,76;344;false;true;true;7,42;0;5,9
431;1,3;3,16;343;false;true;true;7,02;0;5,08
432;1,3;3;343;false;true;true;6,89;0;5,15
433;1,3;2,94;343;false;true;true;6,85;0;5,27
434;1,3;2,97;343;false;true;true;6,87;0;5,44
435;1,3;3,17;343;false;true;true;6,96;0;5,76
436;1,31;3,03;342;false;true;true;7,05;0;5,56
437;1,31;3,05;342;false;true;true;6,99;0;5,75
438;1,31;3,24;342;false;true;true;7,03;0;6,1
439;1,31;2,98;341;false;true;true;7,14;0;5,73
440;1,32;3,04;341;false;true;true;7,05;0;5,99
441;1,32;2,44;340;false;true;true;7,1;0;5,47
442;1,32;2,51;340;false;true;true;7,16;0;5,62
443;1,33;2,66;339;false;true;true;6,92;0;4,96
444;1,33;2,5;339;false;true;true;6,76;0;4,99
445;1,33;2,39;339;false;true;true;6,67;0;5,01
446;1,33;2,32;339;false;true;true;6,63;0;5,04
447;1,33;2,27;339;false;true;true;6,66;0;5,06
448;1,34;2,23;339;false;true;true;6,69;0;5,08
449;1,34;2,2;339;false;true;true;6,72;0;5,1
450;1,34;2,16;339;false;true;true;6,73;0;5,13
451;1,34;2,13;339;false;true;true;6,75;0;5,15
452;1,34;2,1;339;false;true;true;6,75;0;5,17
453;1,35;2,07;339;false;true;true;6,76;0;5,19
454;1,35;2,04;339;false;true;true;6,77;0;5,21
455;1,35;2,02;339;false;true;true;6,78;0;5,23
456;1,35;2;339;false;true;true;6,79;0;5,26
457;1,36;1,98;339;false;true;true;6,8;0;5,28
458;1,36;1,96;339;false;true;true;6,81;0;5,3
459;1,36;1,94;339;false;true;true;6,82;0;5,33
460;1,36;1,93;339;false;true;true;6,83;0;5,35
461;1,36;1,92;339;false;true;true;6,85;0;5,38
462;1,37;1,9;339;false;true;true;6,86;0;5,41
463;1,37;1,89;339;false;true;true;6,88;0;5,44
464;1,37;1,89;339;false;true;true;6,9;0;5,48
465;1,37;1,88;339;false;true;true;6,92;0;5,51
466;1,37;1,89;339;false;true;true;6,95;0;5,56
467;1,38;1,89;339;false;true;true;6,98;0;5,61
468;1,38;1,91;339;false;true;true;7,02;0;5,67
469;1,38;1,95;339;false;true;true;7,06;0;5,76
470;1,38;2,02;339;false;true;true;7,13;0;5,89
471;1,38;2,34;338;false;true;true;6,95;0;5,34
472;1,39;2,2;338;false;true;true;6,78;0;5,4
473;1,39;2,12;338;false;true;true;6,69;0;5,46
474;1,39;2,07;338;false;true;true;6,74;0;5,52
475;1,4;2,05;338;false;true;true;6,83;0;5,58
476;1,4;2,05;338;false;true;true;6,9;0;5,65
477;1,4;2,06;338;false;true;true;6,98;0;5,74
478;1,4;2,09;338;false;true;true;7,06;0;5,85
479;1,41;2,17;338;false;true;true;7,16;0;6,01
480;1,41;2,37;338;false;true;true;7,3;0;6,29
481;1,41;2,35;337;false;true;true;7,09;0;5,64
482;1,41;2,31;337;false;true;true;7,01;0;5,77
483;1,41;2,39;337;false;true;true;7;0;5,99
484;1,42;2,33;336;false;true;true;6,53;0;5,2
485;1,42;2,22;336;false;true;true;6,5;0;5,25
486;1,42;2,15;336;false;true;true;6,49;0;5,3
487;1,42;2,11;336;false;true;true;6,52;0;5,36
488;1,42;2,08;336;false;true;true;6,6;0;5,42
489;1,43;2,07;336;false;true;true;6,68;0;5,49
490;1,43;2,08;336;false;true;true;6,76;0;5,58
491;1,43;2,15;336;false;true;true;6,86;0;5,72
492;1,43;2,35;335;false;true;true;6,82;0;5,2
493;1,43;2,17;335;false;true;true;6,64;0;5,24
494;1,44;2,06;335;false;true;true;6,53;0;5,28
495;1,44;2;335;false;true;true;6,51;0;5,32
496;1,44;1,95;335;false;true;true;6,55;0;5,36
497;1,44;1,92;335;false;true;true;6,61;0;5,4
498;1,44;1,89;335;false;true;true;6,65;0;5,45
499;1,45;1,87;335;false;true;true;6,7;0;5,5
500;1,45;1,87;335;false;true;true;6,75;0;5,56
501;1,45;1,88;335;false;true;true;6,8;0;5,64
502;1,45;1,91;335;false;true;true;6,86;0;5,75
503;1,45;2,01;335;false;true;true;6,94;0;5,92
504;1,46;2,1;334;false;true;true;6,78;0;5,32
505;1,46;1,96;334;false;true;true;6,63;0;5,36
506;1,46;1,87;334;false;true;true;6,53;0;5,39
507;1,46;1,81;334;false;true;true;6,52;0;5,43
508;1,46;1,77;334;false;true;true;6,56;0;5,47
509;1,47;1,74;334;false;true;true;6,61;0;5,51
510;1,47;1,71;334;false;true;true;6,65;0;5,55
511;1,47;1,7;334;false;true;true;6,7;0;5,6
512;1,47;1,68;334;false;true;true;6,73;0;5,65
513;1,47;1,69;334;false;true;true;6,78;0;5,71
514;1,48;1,71;334;false;true;true;6,84;0;5,79
515;1,48;1,75;334;false;true;true;6,9;0;5,9
516;1,48;1,85;334;false;true;true;6,98;0;6,08
517;1,49;2,25;333;false;true;true;6,81;0;5,72
518;1,49;2,31;333;false;true;true;6,62;0;6,08
519;1,49;1,55;332;false;true;true;6,63;0;5,25
520;1,49;1,5;332;false;true;true;6,59;0;5,27
521;1,5;1,46;332;false;true;true;6,55;0;5,28
522;1,5;1,42;332;false;true;true;6,52;0;5,29
523;1,5;1,38;332;false;true;true;6,5;0;5,31
524;1,5;1,35;332;false;true;true;6,48;0;5,32
525;1,51;1,32;332;false;true;true;6,46;0;5,33
526;1,51;1,3;332;false;true;true;6,45;0;5,35
527;1,51;1,27;332;false;true;true;6,43;0;5,36
528;1,51;1,25;332;false;true;true;6,43;0;5,38
529;1,51;1,22;332;false;true;true;6,42;0;5,4
530;1,52;1,21;332;false;true;true;6,41;0;5,41
531;1,52;1,18;332;false;true;true;6,4;0;5,43
532;1,52;1,17;332;false;true;true;6,4;0;5,45
533;1,52;1,15;332;false;true;true;6,4;0;5,48
534;1,52;1,14;332;false;true;true;6,4;0;5,5
535;1,53;1,13;332;false;true;true;6,4;0;5,52
536;1,53;1,12;332;false;true;true;6,41;0;5,55
537;1,53;1,11;332;false;true;true;6,42;0;5,58
538;1,53;1,12;332;false;true;true;6,44;0;5,62
539;1,53;1,12;332;false;true;true;6,45;0;5,66
540;1,54;1,13;332;false;true;true;6,48;0;5,71
541;1,54;1,15;332;false;true;true;6,51;0;5,77
542;1,54;1,18;332;false;true;true;6,56;0;5,84
543;1,54;1,23;332;false;true;true;6,61;0;5,95
544;1,54;1,36;332;false;true;true;6,69;0;6,12
545;1,55;1,56;331;false;true;true;6,15;0;5,49
546;1,55;1,56;331;false;true;true;6,11;0;5,59
547;1,55;1,59;331;false;true;true;6,18;0;5,72
548;1,55;1,68;331;false;true;true;6,35;0;5,9
549;1,55;1,86;330;false;true;true;6,07;0;5,32
550;1,56;1,86;330;false;true;true;6,1;0;5,48
551;1,56;2,01;330;false;true;true;6,16;0;5,77
552;1,56;1,78;329;false;true;true;5,92;0;5,05
553;1,56;1,67;329;false;true;true;5,85;0;5,1
554;1,56;1,62;329;false;true;true;5,83;0;5,15
555;1,57;1,58;329;false;true;true;5,84;0;5,21
556;1,57;1,57;329;false;true;true;5,95;0;5,27
557;1,57;1,55;329;false;true;true;6,03;0;5,33
558;1,58;1,55;329;false;true;true;6,11;0;5,41
559;1,58;1,57;329;false;true;true;6,19;0;5,51
560;1,58;1,62;329;false;true;true;6,28;0;5,65
561;1,59;1,73;329;false;true;true;6,39;0;5,86
562;1,63;1,6;328;false;true;true;5,83;0;4,98
563;1,63;1,68;328;false;true;true;5,9;0;5,14
564;1,63;1,69;327;false;true;true;5,7;0;4,53
565;1,63;1,57;327;false;true;true;5,57;0;4,55
566;1,64;1,49;327;false;true;true;5,47;0;4,57
567;1,64;1,44;327;false;true;true;5,42;0;4,6
568;1,64;1,4;327;false;true;true;5,44;0;4,62
569;1,64;1,36;327;false;true;true;5,49;0;4,64
570;1,64;1,33;327;false;true;true;5,51;0;4,66
571;1,64;1,3;327;false;true;true;5,54;0;4,68
572;1,65;1,27;327;false;true;true;5,56;0;4,71
573;1,65;1,25;327;false;true;true;5,58;0;4,73
574;1,65;1,23;327;false;true;true;5,6;0;4,75
575;1,65;1,22;327;false;true;true;5,62;0;4,78
576;1,65;1,21;327;false;true;true;5,64;0;4,81
577;1,65;1,19;327;false;true;true;5,66;0;4,84
578;1,65;1,18;327;false;true;true;5,68;0;4,87
579;1,66;1,18;327;false;true;true;5,7;0;4,91
580;1,66;1,18;327;false;true;true;5,73;0;4,96
581;1,66;1,19;327;false;true;true;5,76;0;5,01
582;1,66;1,22;327;false;true;true;5,8;0;5,09
583;1,66;1,29;327;false;true;true;5,85;0;5,21
584;1,67;1,43;326;false;true;true;5,59;0;4,59
585;1,67;1,31;326;false;true;true;5,46;0;4,61
586;1,67;1,23;326;false;true;true;5,37;0;4,63
587;1,67;1,17;326;false;true;true;5,33;0;4,64
588;1,67;1,13;326;false;true;true;5,37;0;4,65
589;1,68;1,09;326;false;true;true;5,41;0;4,67
590;1,68;1,06;326;false;true;true;5,43;0;4,68
591;1,68;1,03;326;false;true;true;5,45;0;4,69
592;1,68;1;326;false;true;true;5,45;0;4,7
593;1,68;0,98;326;false;true;true;5,46;0;4,71
594;1,68;0,96;326;false;true;true;5,47;0;4,72
595;1,69;0,94;326;false;true;true;5,47;0;4,73
596;1,69;0,92;326;false;true;true;5,47;0;4,74
597;1,69;0,9;326;false;true;true;5,47;0;4,75
598;1,69;0,88;326;false;true;true;5,47;0;4,75
599;1,7;0,87;326;false;true;true;5,47;0;4,76
600;1,7;0,85;326;false;true;true;5,47;0;4,77
601;1,7;0,84;326;false;true;true;5,47;0;4,78
602;1,7;0,82;326;false;true;true;5,47;0;4,79
603;1,7;0,81;326;false;true;true;5,47;0;4,79
604;1,71;0,8;326;false;true;true;5,47;0;4,8
605;1,71;0,79;326;false;true;true;5,47;0;4,81
606;1,71;0,78;326;false;true;true;5,47;0;4,82
607;1,71;0,77;326;false;true;true;5,47;0;4,83
608;1,71;0,76;326;false;true;true;5,46;0;4,83
609;1,72;0,74;326;false;true;true;5,46;0;4,84
610;1,72;0,74;326;false;true;true;5,46;0;4,85
611;1,72;0,73;326;false;true;true;5,47;0;4,86
612;1,72;0,73;326;false;true;true;5,47;0;4,87
613;1,72;0,72;326;false;true;true;5,47;0;4,88
614;1,72;0,71;326;false;true;true;5,47;0;4,89
615;1,73;0,7;326;false;true;true;5,47;0;4,9
616;1,73;0,7;326;false;true;true;5,48;0;4,91
617;1,73;0,7;326;false;true;true;5,49;0;4,92
618;1,73;0,69;326;false;true;true;5,48;0;4,93
619;1,73;0,68;326;false;true;true;5,49;0;4,95
620;1,73;0,68;326;false;true;true;5,5;0;4,96
621;1,73;0,68;326;false;true;true;5,51;0;4,98
622;1,74;0,68;326;false;true;true;5,52;0;4,99
623;1,74;0,68;326;false;true;true;5,53;0;5,01
624;1,74;0,69;326;false;true;true;5,54;0;5,03
625;1,74;0,69;326;false;true;true;5,55;0;5,05
626;1,74;0,69;326;false;true;true;5,57;0;5,07
627;1,75;0,71;326;false;true;true;5,59;0;5,1
628;1,75;0,71;326;false;true;true;5,6;0;5,13
629;1,75;0,73;326;false;true;true;5,63;0;5,17
630;1,75;0,76;326;false;true;true;5,66;0;5,22
631;1,75;0,8;326;false;true;true;5,7;0;5,29
632;1,75;0,88;326;false;true;true;5,76;0;5,39
633;1,76;1,04;325;false;true;true;5,3;0;4,69
634;1,76;0,98;325;false;true;true;5,23;0;4,71
635;1,76;0,94;325;false;true;true;5,19;0;4,74
636;1,76;0,91;325;false;true;true;5,2;0;4,77
637;1,76;0,9;325;false;true;true;5,25;0;4,8
638;1,76;0,9;325;false;true;true;5,3;0;4,84
639;1,76;0,91;325;false;true;true;5,35;0;4,89
640;1,77;0,94;325;false;true;true;5,4;0;4,96
641;1,77;1,01;325;false;true;true;5,46;0;5,08
642;1,77;1,15;324;false;true;true;5,04;0;4,38
643;1,77;1,06;324;false;true;true;4,95;0;4,4
644;1,77;1,01;324;false;true;true;4,91;0;4,41
645;1,78;0,97;324;false;true;true;4,9;0;4,42
646;1,78;0,93;324;false;true;true;4,94;0;4,43
647;1,78;0,9;324;false;true;true;4,97;0;4,44
648;1,78;0,88;324;false;true;true;5;0;4,45
649;1,78;0,86;324;false;true;true;5,02;0;4,46
650;1,79;0,84;324;false;true;true;5,04;0;4,47
651;1,79;0,83;324;false;true;true;5,05;0;4,48
652;1,79;0,81;324;false;true;true;5,06;0;4,49
653;1,79;0,8;324;false;true;true;5,07;0;4,49
654;1,79;0,78;324;false;true;true;5,07;0;4,5
655;1,79;0,76;324;false;true;true;5,07;0;4,51
656;1,79;0,76;324;false;true;true;5,08;0;4,51
657;1,8;0,74;324;false;true;true;5,08;0;4,52
658;1,8;0,73;324;false;true;true;5,08;0;4,53
659;1,8;0,72;324;false;true;true;5,08;0;4,53
660;1,8;0,71;324;false;true;true;5,09;0;4,54
661;1,8;0,7;324;false;true;true;5,09;0;4,55
662;1,8;0,69;324;false;true;true;5,09;0;4,55
663;1,8;0,68;324;false;true;true;5,09;0;4,56
664;1,81;0,67;324;false;true;true;5,09;0;4,56
665;1,81;0,67;324;false;true;true;5,1;0;4,57
666;1,81;0,66;324;false;true;true;5,11;0;4,58
667;1,81;0,65;324;false;true;true;5,1;0;4,58
668;1,81;0,64;324;false;true;true;5,1;0;4,59
669;1,82;0,64;324;false;true;true;5,1;0;4,6
670;1,82;0,63;324;false;true;true;5,1;0;4,6
671;1,82;0,62;324;false;true;true;5,1;0;4,61
672;1,82;0,62;324;false;true;true;5,11;0;4,61
673;1,82;0,61;324;false;true;true;5,11;0;4,62
674;1,82;0,61;324;false;true;true;5,12;0;4,63
675;1,82;0,61;324;false;true;true;5,12;0;4,63
676;1,83;0,6;324;false;true;true;5,13;0;4,64
677;1,83;0,6;324;false;true;true;5,13;0;4,65
678;1,83;0,59;324;false;true;true;5,13;0;4,66
679;1,83;0,58;324;false;true;true;5,13;0;4,66
680;1,83;0,58;324;false;true;true;5,13;0;4,67
681;1,83;0,57;324;false;true;true;5,13;0;4,68
682;1,84;0,57;324;false;true;true;5,14;0;4,69
683;1,84;0,57;324;false;true;true;5,14;0;4,7
684;1,84;0,57;324;false;true;true;5,15;0;4,71
685;1,84;0,57;324;false;true;true;5,16;0;4,72
686;1,84;0,57;324;false;true;true;5,17;0;4,73
687;1,85;0,57;324;false;true;true;5,18;0;4,74
688;1,85;0,57;324;false;true;true;5,19;0;4,76
689;1,85;0,57;324;false;true;true;5,2;0;4,77
690;1,85;0,58;324;false;true;true;5,21;0;4,79
691;1,85;0,58;324;false;true;true;5,22;0;4,81
692;1,86;0,59;324;false;true;true;5,23;0;4,83
693;1,86;0,6;324;false;true;true;5,25;0;4,85
694;1,86;0,61;324;false;true;true;5,27;0;4,88
695;1,86;0,63;324;false;true;true;5,29;0;4,92
696;1,86;0,66;324;false;true;true;5,32;0;4,98
697;1,86;0,71;324;false;true;true;5,37;0;5,05
698;1,87;0,8;324;false;true;true;5,43;0;5,18
699;1,87;0,87;323;false;true;true;4,98;0;4,45
700;1,87;0,81;323;false;true;true;4,9;0;4,46
701;1,87;0,77;323;false;true;true;4,86;0;4,47
702;1,88;0,73;323;false;true;true;4,83;0;4,48
703;1,88;0,71;323;false;true;true;4,87;0;4,49
704;1,88;0,69;323;false;true;true;4,9;0;4,49
705;1,88;0,67;323;false;true;true;4,92;0;4,5
706;1,88;0,66;323;false;true;true;4,94;0;4,5
707;1,88;0,64;323;false;true;true;4,95;0;4,51
708;1,89;0,62;323;false;true;true;4,95;0;4,51
709;1,89;0,61;323;false;true;true;4,96;0;4,52
710;1,89;0,6;323;false;true;true;4,96;0;4,52
711;1,89;0,59;323;false;true;true;4,97;0;4,53
712;1,89;0,58;323;false;true;true;4,97;0;4,53
713;1,9;0,57;323;false;true;true;4,97;0;4,54
714;1,9;0,56;323;false;true;true;4,97;0;4,54
715;1,9;0,55;323;false;true;true;4,97;0;4,55
716;1,9;0,55;323;false;true;true;4,98;0;4,55
717;1,9;0,54;323;false;true;true;4,98;0;4,55
718;1,9;0,53;323;false;true;true;4,98;0;4,56
719;1,91;0,53;323;false;true;true;4,99;0;4,56
720;1,91;0,52;323;false;true;true;4,98;0;4,57
721;1,91;0,52;323;false;true;true;4,99;0;4,57
722;1,91;0,51;323;false;true;true;4,99;0;4,57
723;1,91;0,5;323;false;true;true;4,98;0;4,58
724;1,92;0,5;323;false;true;true;4,98;0;4,58
725;1,92;0,49;323;false;true;true;4,99;0;4,58
726;1,92;0,48;323;false;true;true;4,98;0;4,59
727;1,92;0,47;323;false;true;true;4,98;0;4,59
728;1,92;0,47;323;false;true;true;4,98;0;4,59
729;1,92;0,46;323;false;true;true;4,98;0;4,6
730;1,93;0,46;323;false;true;true;4,98;0;4,6
731;1,93;0,45;323;false;true;true;4,98;0;4,61
732;1,93;0,45;323;false;true;true;4,98;0;4,61
733;1,93;0,45;323;false;true;true;4,98;0;4,61
734;1,93;0,44;323;false;true;true;4,98;0;4,62
735;1,94;0,43;323;false;true;true;4,98;0;4,62
736;1,94;0,43;323;false;true;true;4,98;0;4,62
737;1,94;0,43;323;false;true;true;4,98;0;4,63
738;1,94;0,42;323;false;true;true;4,98;0;4,63
739;1,95;0,41;323;false;true;true;4,98;0;4,63
740;1,95;0,42;323;false;true;true;4,98;0;4,64
741;1,95;0,42;323;false;true;true;4,99;0;4,64
742;1,95;0,42;323;false;true;true;4,99;0;4,64
743;1,95;0,41;323;false;true;true;4,99;0;4,65
744;1,96;0,41;323;false;true;true;4,99;0;4,65
745;1,96;0,4;323;false;true;true;4,99;0;4,66
746;1,96;0,4;323;false;true;true;4,99;0;4,66
747;1,96;0,39;323;false;true;true;4,99;0;4,66
748;1,96;0,39;323;false;true;true;4,99;0;4,67
749;1,97;0,38;323;false;true;true;4,99;0;4,67
750;1,97;0,38;323;false;true;true;4,98;0;4,67
751;1,97;0,37;323;false;true;true;4,99;0;4,68
752;1,97;0,37;323;false;true;true;4,99;0;4,68
753;1,97;0,37;323;false;true;true;5;0;4,69
754;1,97;0,37;323;false;true;true;5;0;4,69
755;1,98;0,36;323;false;true;true;4,99;0;4,7
756;1,98;0,36;323;false;true;true;5;0;4,7
757;1,98;0,36;323;false;true;true;5;0;4,7
758;1,98;0,36;323;false;true;true;5;0;4,71
759;1,99;0,35;323;false;true;true;5;0;4,71
760;1,99;0,35;323;false;true;true;5;0;4,72
761;1,99;0,35;323;false;true;true;5,01;0;4,72
762;1,99;0,35;323;false;true;true;5,01;0;4,73
763;1,99;0,34;323;false;true;true;5,01;0;4,73
764;1,99;0,34;323;false;true;true;5,01;0;4,74
765;2;0,34;323;false;true;true;5,02;0;4,74
766;2;0,34;323;false;true;true;5,02;0;4,75
767;2;0,34;323;false;true;true;5,02;0;4,76
768;2;0,34;323;false;true;true;5,03;0;4,76
769;2;0,34;323;false;true;true;5,03;0;4,77
770;2;0,34;323;false;true;true;5,03;0;4,77
771;2,01;0,34;323;false;true;true;5,04;0;4,78
772;2,01;0,34;323;false;true;true;5,05;0;4,79
773;2,01;0,34;323;false;true;true;5,06;0;4,8
774;2,01;0,34;323;false;true;true;5,06;0;4,8
775;2,01;0,34;323;false;true;true;5,07;0;4,81
776;2,02;0,34;323;false;true;true;5,07;0;4,82
777;2,02;0,35;323;false;true;true;5,08;0;4,83
778;2,02;0,34;323;false;true;true;5,09;0;4,84
779;2,02;0,34;323;false;true;true;5,09;0;4,85
780;2,02;0,35;323;false;true;true;5,1;0;4,87
781;2,03;0,35;323;false;true;true;5,11;0;4,88
782;2,03;0,36;323;false;true;true;5,13;0;4,9
783;2,03;0,37;323;false;true;true;5,14;0;4,92
784;2,03;0,38;323;false;true;true;5,16;0;4,94
785;2,03;0,4;323;false;true;true;5,19;0;4,96
786;2,04;0,41;323;false;true;true;5,2;0;5
787;2,04;0,43;323;false;true;true;5,23;0;5,04
788;2,04;0,47;323;false;true;true;5,26;0;5,1
789;2,04;0,53;323;false;true;true;5,31;0;5,18
790;2,04;0,66;323;false;true;true;5,38;0;5,34
791;2,04;0,68;322;false;true;true;4,87;0;4,52
792;2,05;0,62;322;false;true;true;4,8;0;4,53
793;2,05;0,58;322;false;true;true;4,76;0;4,54
794;2,05;0,55;322;false;true;true;4,75;0;4,55
795;2,05;0,53;322;false;true;true;4,79;0;4,56
796;2,05;0,51;322;false;true;true;4,82;0;4,57
797;2,06;0,5;322;false;true;true;4,84;0;4,57
798;2,06;0,48;322;false;true;true;4,86;0;4,58
799;2,06;0,47;322;false;true;true;4,87;0;4,58
800;2,06;0,46;322;false;true;true;4,88;0;4,59
801;2,06;0,45;322;false;true;true;4,88;0;4,59
802;2,07;0,44;322;false;true;true;4,89;0;4,6
803;2,07;0,43;322;false;true;true;4,9;0;4,6
804;2,07;0,43;322;false;true;true;4,91;0;4,61
805;2,07;0,42;322;false;true;true;4,91;0;4,62
806;2,07;0,41;322;false;true;true;4,91;0;4,62
807;2,08;0,41;322;false;true;true;4,92;0;4,63
808;2,08;0,4;322;false;true;true;4,92;0;4,63
809;2,08;0,4;322;false;true;true;4,93;0;4,64
810;2,08;0,4;322;false;true;true;4,94;0;4,64
811;2,08;0,4;322;false;true;true;4,94;0;4,65
812;2,09;0,39;322;false;true;true;4,94;0;4,65
813;2,09;0,38;322;false;true;true;4,94;0;4,66
814;2,09;0,38;322;false;true;true;4,95;0;4,67
815;2,09;0,38;322;false;true;true;4,95;0;4,67
816;2,09;0,38;322;false;true;true;4,95;0;4,68
817;2,1;0,37;322;false;true;true;4,96;0;4,69
818;2,1;0,37;322;false;true;true;4,96;0;4,7
819;2,1;0,37;322;false;true;true;4,97;0;4,71
820;2,1;0,37;322;false;true;true;4,98;0;4,72
821;2,1;0,37;322;false;true;true;4,98;0;4,73
822;2,11;0,37;322;false;true;true;4,99;0;4,74
823;2,11;0,38;322;false;true;true;5;0;4,75
824;2,11;0,38;322;false;true;true;5,01;0;4,77
825;2,11;0,39;322;false;true;true;5,03;0;4,79
826;2,11;0,4;322;false;true;true;5,05;0;4,81
827;2,11;0,42;322;false;true;true;5,07;0;4,84
828;2,12;0,44;322;false;true;true;5,09;0;4,88
829;2,12;0,47;322;false;true;true;5,12;0;4,94
830;2,12;0,54;322;false;true;true;5,17;0;5,03
831;2,12;0,73;321;false;true;true;4,68;0;4,3
832;2,12;0,66;321;false;true;true;4,6;0;4,31
833;2,12;0,61;321;false;true;true;4,55;0;4,32
834;2,12;0,58;321;false;true;true;4,55;0;4,32
835;2,12;0,56;321;false;true;true;4,59;0;4,33
836;2,13;0,54;321;false;true;true;4,61;0;4,33
837;2,13;0,52;321;false;true;true;4,63;0;4,34
838;2,13;0,52;321;false;true;true;4,64;0;4,34
839;2,13;0,5;321;false;true;true;4,65;0;4,35
840;2,13;0,49;321;false;true;true;4,66;0;4,35
841;2,14;0,49;321;false;true;true;4,67;0;4,36
842;2,14;0,48;321;false;true;true;4,67;0;4,36
843;2,14;0,47;321;false;true;true;4,67;0;4,36
844;2,14;0,46;321;false;true;true;4,68;0;4,37
845;2,14;0,46;321;false;true;true;4,68;0;4,37
846;2,15;0,45;321;false;true;true;4,68;0;4,37
847;2,15;0,45;321;false;true;true;4,69;0;4,37
848;2,15;0,43;321;false;true;true;4,68;0;4,38
849;2,15;0,43;321;false;true;true;4,68;0;4,38
850;2,15;0,42;321;false;true;true;4,69;0;4,38
851;2,16;0,42;321;false;true;true;4,69;0;4,38
852;2,16;0,42;321;false;true;true;4,7;0;4,39
853;2,16;0,41;321;false;true;true;4,69;0;4,39
854;2,16;0,4;321;false;true;true;4,69;0;4,39
855;2,16;0,4;321;false;true;true;4,69;0;4,39
856;2,17;0,39;321;false;true;true;4,69;0;4,39
857;2,17;0,39;321;false;true;true;4,69;0;4,4
858;2,17;0,39;321;false;true;true;4,69;0;4,4
859;2,17;0,38;321;false;true;true;4,69;0;4,4
860;2,17;0,38;321;false;true;true;4,69;0;4,4
861;2,18;0,37;321;false;true;true;4,69;0;4,4
862;2,18;0,37;321;false;true;true;4,69;0;4,4
863;2,18;0,36;321;false;true;true;4,69;0;4,41
864;2,18;0,36;321;false;true;true;4,69;0;4,41
865;2,18;0,36;321;false;true;true;4,69;0;4,41
866;2,18;0,35;321;false;true;true;4,69;0;4,41
867;2,19;0,35;321;false;true;true;4,69;0;4,41
868;2,19;0,35;321;false;true;true;4,69;0;4,41
869;2,19;0,34;321;false;true;true;4,68;0;4,42
870;2,19;0,34;321;false;true;true;4,69;0;4,42
871;2,19;0,33;321;false;true;true;4,68;0;4,42
872;2,2;0,33;321;false;true;true;4,68;0;4,42
873;2,2;0,32;321;false;true;true;4,68;0;4,42
874;2,2;0,32;321;false;true;true;4,68;0;4,42
875;2,2;0,32;321;false;true;true;4,68;0;4,42
876;2,2;0,31;321;false;true;true;4,68;0;4,42
877;2,21;0,31;321;false;true;true;4,68;0;4,43
878;2,21;0,31;321;false;true;true;4,68;0;4,43
879;2,21;0,3;321;false;true;true;4,68;0;4,43
880;2,21;0,3;321;false;true;true;4,68;0;4,43
881;2,21;0,3;321;false;true;true;4,67;0;4,43
882;2,21;0,3;321;false;true;true;4,68;0;4,43
883;2,22;0,3;321;false;true;true;4,68;0;4,43
884;2,22;0,29;321;false;true;true;4,67;0;4,43
885;2,22;0,28;321;false;true;true;4,67;0;4,43
886;2,22;0,28;321;false;true;true;4,66;0;4,43
887;2,22;0,27;321;false;true;true;4,66;0;4,44
888;2,23;0,27;321;false;true;true;4,66;0;4,44
889;2,23;0,27;321;false;true;true;4,66;0;4,44
890;2,23;0,27;321;false;true;true;4,66;0;4,44
891;2,23;0,27;321;false;true;true;4,66;0;4,44
892;2,23;0,26;321;false;true;true;4,66;0;4,44
893;2,24;0,26;321;false;true;true;4,66;0;4,44
894;2,24;0,26;321;false;true;true;4,66;0;4,44
895;2,24;0,26;321;false;true;true;4,66;0;4,44
896;2,24;0,26;321;false;true;true;4,66;0;4,44
897;2,24;0,25;321;false;true;true;4,65;0;4,44
898;2,25;0,25;321;false;true;true;4,65;0;4,44
899;2,25;0,25;321;false;true;true;4,65;0;4,44
900;2,25;0,24;321;false;true;true;4,65;0;4,45
901;2,25;0,24;321;false;true;true;4,65;0;4,45
902;2,25;0,24;321;false;true;true;4,65;0;4,45
903;2,25;0,24;321;false;true;true;4,65;0;4,45
904;2,26;0,24;321;false;true;true;4,65;0;4,45
905;2,26;0,23;321;false;true;true;4,65;0;4,45
906;2,26;0,23;321;false;true;true;4,65;0;4,45
907;2,26;0,22;321;false;true;true;4,64;0;4,45
908;2,26;0,23;321;false;true;true;4,64;0;4,45
909;2,27;0,22;321;false;true;true;4,64;0;4,45
910;2,27;0,22;321;false;true;true;4,64;0;4,45
911;2,27;0,21;321;false;true;true;4,63;0;4,45
912;2,27;0,21;321;false;true;true;4,64;0;4,45
913;2,27;0,21;321;false;true;true;4,64;0;4,45
914;2,27;0,21;321;false;true;true;4,64;0;4,46
915;2,28;0,21;321;false;true;true;4,63;0;4,46
916;2,28;0,21;321;false;true;true;4,64;0;4,46
917;2,28;0,21;321;false;true;true;4,64;0;4,46
918;2,28;0,21;321;false;true;true;4,63;0;4,46
919;2,28;0,21;321;false;true;true;4,64;0;4,46
920;2,28;0,21;321;false;true;true;4,64;0;4,46
921;2,29;0,2;321;false;true;true;4,63;0;4,46
922;2,29;0,2;321;false;true;true;4,63;0;4,46
923;2,29;0,19;321;false;true;true;4,63;0;4,46
924;2,29;0,19;321;false;true;true;4,63;0;4,46
925;2,29;0,2;321;false;true;true;4,63;0;4,46
926;2,3;0,19;321;false;true;true;4,63;0;4,46
927;2,3;0,19;321;false;true;true;4,63;0;4,46
928;2,3;0,19;321;false;true;true;4,63;0;4,46
929;2,3;0,19;321;false;true;true;4,63;0;4,46
930;2,3;0,19;321;false;true;true;4,62;0;4,47
931;2,31;0,19;321;false;true;true;4,62;0;4,47
932;2,31;0,19;321;false;true;true;4,63;0;4,47
933;2,31;0,18;321;false;true;true;4,63;0;4,47
934;2,31;0,18;321;false;true;true;4,62;0;4,47
935;2,31;0,18;321;false;true;true;4,62;0;4,47
936;2,32;0,17;321;false;true;true;4,62;0;4,47
937;2,32;0,17;321;false;true;true;4,62;0;4,47
938;2,32;0,17;321;false;true;true;4,62;0;4,47
939;2,32;0,17;321;false;true;true;4,62;0;4,47
940;2,32;0,17;321;false;true;true;4,61;0;4,47
941;2,33;0,16;321;false;true;true;4,61;0;4,47
942;2,33;0,16;321;false;true;true;4,61;0;4,47
943;2,33;0,16;321;false;true;true;4,61;0;4,47
944;2,33;0,16;321;false;true;true;4,61;0;4,47
945;2,33;0,16;321;false;true;true;4,61;0;4,47
946;2,34;0,16;321;false;true;true;4,61;0;4,47
947;2,34;0,16;321;false;true;true;4,61;0;4,48
948;2,34;0,16;321;false;true;true;4,61;0;4,48
949;2,34;0,16;321;false;true;true;4,61;0;4,48
950;2,34;0,15;321;false;true;true;4,61;0;4,48
951;2,35;0,15;321;false;true;true;4,61;0;4,48
952;2,35;0,15;321;false;true;true;4,61;0;4,48
953;2,35;0,15;321;false;true;true;4,6;0;4,48
954;2,35;0,15;321;false;true;true;4,61;0;4,48
955;2,35;0,15;321;false;true;true;4,61;0;4,48
956;2,36;0,15;321;false;true;true;4,61;0;4,48
957;2,36;0,15;321;false;true;true;4,61;0;4,48
958;2,36;0,15;321;false;true;true;4,61;0;4,48
959;2,36;0,14;321;false;true;true;4,6;0;4,48
960;2,36;0,14;321;false;true;true;4,61;0;4,48
961;2,36;0,14;321;false;true;true;4,61;0;4,48
962;2,37;0,14;321;false;true;true;4,61;0;4,48
963;2,37;0,14;321;false;true;true;4,61;0;4,48
964;2,37;0,14;321;false;true;true;4,61;0;4,49
965;2,37;0,14;321;false;true;true;4,61;0;4,49
966;2,37;0,14;321;false;true;true;4,6;0;4,49
967;2,38;0,13;321;false;true;true;4,6;0;4,49
968;2,38;0,13;321;false;true;true;4,6;0;4,49
969;2,38;0,12;321;false;true;true;4,59;0;4,49
970;2,38;0,12;321;false;true;true;4,59;0;4,49
971;2,38;0,12;321;false;true;true;4,59;0;4,49
972;2,38;0,12;321;false;true;true;4,59;0;4,49
973;2,39;0,13;321;false;true;true;4,6;0;4,49
974;2,39;0,13;321;false;true;true;4,6;0;4,49
975;2,39;0,13;321;false;true;true;4,6;0;4,49
976;2,39;0,13;321;false;true;true;4,6;0;4,49
977;2,39;0,12;321;false;true;true;4,6;0;4,49
978;2,4;0,12;321;false;true;true;4,6;0;4,49
979;2,4;0,12;321;false;true;true;4,6;0;4,49
980;2,4;0,12;321;false;true;true;4,59;0;4,49
981;2,4;0,12;321;false;true;true;4,6;0;4,5
982;2,4;0,12;321;false;true;true;4,6;0;4,5
983;2,41;0,12;321;false;true;true;4,6;0;4,5
984;2,41;0,12;321;false;true;true;4,6;0;4,5
985;2,41;0,12;321;false;true;true;4,6;0;4,5
986;2,41;0,12;321;false;true;true;4,6;0;4,5
987;2,41;0,12;321;false;true;true;4,6;0;4,5
988;2,42;0,11;321;false;true;true;4,6;0;4,5
989;2,42;0,11;321;false;true;true;4,6;0;4,5
990;2,42;0,11;321;false;true;true;4,6;0;4,5
991;2,42;0,11;321;false;true;true;4,6;0;4,5
992;2,42;0,11;321;false;true;true;4,6;0;4,5
993;2,42;0,11;321;false;true;true;4,59;0;4,5
994;2,43;0,1;321;false;true;true;4,59;0;4,5
995;2,43;0,1;321;false;true;true;4,59;0;4,5
996;2,43;0,1;321;false;true;true;4,59;0;4,51
997;2,43;0,1;321;false;true;true;4,59;0;4,51
998;2,43;0,1;321;false;true;true;4,59;0;4,51
999;2,43;0,1;321;false;true;true;4,59;0;4,51
1000;2,43;0,1;321;false;true;true;4,59;0;4,51
1001;2,43;0,1;321;false;true;true;4,59;0;4,51
1002;2,44;0,1;321;false;true;true;4,59;0;4,51
1003;2,44;0,09;321;false;true;true;4,59;0;4,51
1004;2,44;0,1;321;false;true;true;4,59;0;4,51
1005;2,44;0,1;321;false;true;true;4,6;0;4,51
1006;2,44;0,1;321;false;true;true;4,59;0;4,51
1007;2,45;0,1;321;false;true;true;4,59;0;4,51
1008;2,45;0,1;321;false;true;true;4,59;0;4,51
1009;2,45;0,1;321;false;true;true;4,59;0;4,51
1010;2,45;0,1;321;false;true;true;4,6;0;4,51
1011;2,45;0,1;321;false;true;true;4,6;0;4,52
1012;2,46;0,09;321;false;true;true;4,6;0;4,52
1013;2,46;0,09;321;false;true;true;4,6;0;4,52
1014;2,46;0,09;321;false;true;true;4,59;0;4,52
1015;2,46;0,09;321;false;true;true;4,59;0;4,52
1016;2,46;0,09;321;false;true;true;4,59;0;4,52
1017;2,47;0,08;321;false;true;true;4,59;0;4,52
1018;2,47;0,08;321;false;true;true;4,59;0;4,52
1019;2,47;0,08;321;false;true;true;4,59;0;4,52
1020;2,47;0,08;321;false;true;true;4,59;0;4,52
1021;2,47;0,08;321;false;true;true;4,59;0;4,52
1022;2,48;0,08;321;false;true;true;4,59;0;4,52
1023;2,48;0,08;321;false;true;true;4,59;0;4,52
1024;2,48;0,08;321;false;true;true;4,59;0;4,52
1025;2,48;0,08;321;false;true;true;4,59;0;4,53
1026;2,48;0,08;321;false;true;true;4,59;0;4,53
1027;2,48;0,08;321;false;true;true;4,59;0;4,53
1028;2,49;0,07;321;false;true;true;4,59;0;4,53
1029;2,49;0,08;321;false;true;true;4,59;0;4,53
1030;2,49;0,08;321;false;true;true;4,59;0;4,53
1031;2,49;0,08;321;false;true;true;4,6;0;4,53
1032;2,49;0,07;321;false;true;true;4,59;0;4,53
1033;2,5;0,07;321;false;true;true;4,59;0;4,53
1034;2,5;0,07;321;false;true;true;4,59;0;4,53
1035;2,5;0,07;321;false;true;true;4,59;0;4,53
1036;2,5;0,08;321;false;true;true;4,6;0;4,53
1037;2,5;0,07;321;false;true;true;4,59;0;4,53
1038;2,51;0,08;321;false;true;true;4,6;0;4,54
1039;2,51;0,07;321;false;true;true;4,59;0;4,54
1040;2,51;0,07;321;false;true;true;4,59;0;4,54
1041;2,51;0,07;321;false;true;true;4,59;0;4,54
1042;2,51;0,07;321;false;true;true;4,59;0;4,54
1043;2,52;0,07;321;false;true;true;4,59;0;4,54
1044;2,52;0,07;321;false;true;true;4,59;0;4,54
1045;2,52;0,07;321;false;true;true;4,59;0;4,54
1046;2,52;0,07;321;false;true;true;4,6;0;4,54
1047;2,52;0,07;321;false;true;true;4,6;0;4,54
1048;2,53;0,07;321;false;true;true;4,6;0;4,54
1049;2,53;0,07;321;false;true;true;4,6;0;4,55
1050;2,53;0,07;321;false;true;true;4,6;0;4,55
1051;2,53;0,07;321;false;true;true;4,6;0;4,55
1052;2,53;0,07;321;false;true;true;4,6;0;4,55
1053;2,53;0,06;321;false;true;true;4,6;0;4,55
1054;2,54;0,06;321;false;true;true;4,6;0;4,55
1055;2,54;0,07;321;false;true;true;4,6;0;4,55
1056;2,54;0,07;321;false;true;true;4,61;0;4,55
1057;2,54;0,07;321;false;true;true;4,6;0;4,55
1058;2,54;0,07;321;false;true;true;4,61;0;4,56
1059;2,55;0,07;321;false;true;true;4,61;0;4,56
1060;2,55;0,07;321;false;true;true;4,61;0;4,56
1061;2,55;0,06;321;false;true;true;4,61;0;4,56
1062;2,55;0,06;321;false;true;true;4,61;0;4,56
1063;2,55;0,06;321;false;true;true;4,61;0;4,56
1064;2,55;0,06;321;false;true;true;4,61;0;4,56
1065;2,56;0,07;321;false;true;true;4,61;0;4,56
1066;2,56;0,06;321;false;true;true;4,61;0;4,57
1067;2,56;0,07;321;false;true;true;4,61;0;4,57
1068;2,56;0,07;321;false;true;true;4,62;0;4,57
1069;2,56;0,07;321;false;true;true;4,62;0;4,57
1070;2,56;0,07;321;false;true;true;4,62;0;4,57
1071;2,57;0,06;321;false;true;true;4,62;0;4,57
1072;2,57;0,06;321;false;true;true;4,62;0;4,58
1073;2,57;0,06;321;false;true;true;4,62;0;4,58
1074;2,57;0,06;321;false;true;true;4,62;0;4,58
1075;2,57;0,06;321;false;true;true;4,62;0;4,58
1076;2,58;0,07;321;false;true;true;4,63;0;4,58
1077;2,58;0,07;321;false;true;true;4,63;0;4,59
1078;2,58;0,07;321;false;true;true;4,63;0;4,59
1079;2,58;0,07;321;false;true;true;4,64;0;4,59
1080;2,58;0,07;321;false;true;true;4,64;0;4,59
1081;2,59;0,07;321;false;true;true;4,64;0;4,6
1082;2,59;0,07;321;false;true;true;4,65;0;4,6
1083;2,59;0,07;321;false;true;true;4,65;0;4,6
1084;2,59;0,07;321;false;true;true;4,65;0;4,6
1085;2,59;0,07;321;false;true;true;4,65;0;4,61
1086;2,6;0,07;321;false;true;true;4,65;0;4,61
1087;2,6;0,07;321;false;true;true;4,65;0;4,62
1088;2,6;0,07;321;false;true;true;4,66;0;4,62
1089;2,6;0,07;321;false;true;true;4,66;0;4,62
1090;2,6;0,08;321;false;true;true;4,67;0;4,63
1091;2,61;0,08;321;false;true;true;4,67;0;4,63
1092;2,61;0,09;321;false;true;true;4,68;0;4,64
1093;2,61;0,09;321;false;true;true;4,68;0;4,64
1094;2,61;0,09;321;false;true;true;4,69;0;4,65
1095;2,61;0,1;321;false;true;true;4,7;0;4,66
1096;2,62;0,1;321;false;true;true;4,71;0;4,66
1097;2,62;0,11;321;false;true;true;4,72;0;4,67
1098;2,62;0,11;321;false;true;true;4,73;0;4,68
1099;2,62;0,12;321;false;true;true;4,73;0;4,69
1100;2,62;0,12;321;false;true;true;4,74;0;4,71
1101;2,62;0,13;321;false;true;true;4,75;0;4,72
1102;2,63;0,14;321;false;true;true;4,76;0;4,74
1103;2,63;0,15;321;false;true;true;4,78;0;4,77
1104;2,63;0,18;321;false;true;true;4,81;0;4,8
1105;2,63;0,2;321;false;true;true;4,83;0;4,84
1106;2,63;0,24;321;false;true;true;4,86;0;4,9
1107;2,64;0,32;321;false;true;true;4,91;0;4,99
1108;2,64;0,47;320;false;true;true;4,42;0;4,25
1109;2,64;0,4;320;false;true;true;4,35;0;4,26
1110;2,64;0,36;320;false;true;true;4,3;0;4,27
1111;2,64;0,33;320;false;true;true;4,29;0;4,28
1112;2,65;0,31;320;false;true;true;4,33;0;4,28
1113;2,65;0,29;320;false;true;true;4,36;0;4,28
1114;2,65;0,28;320;false;true;true;4,38;0;4,29
1115;2,65;0,27;320;false;true;true;4,4;0;4,29
1116;2,65;0,25;320;false;true;true;4,4;0;4,29
1117;2,65;0,24;320;false;true;true;4,41;0;4,3
1118;2,66;0,23;320;false;true;true;4,42;0;4,3
1119;2,66;0,23;320;false;true;true;4,42;0;4,3
1120;2,66;0,22;320;false;true;true;4,43;0;4,3
1121;2,66;0,21;320;false;true;true;4,43;0;4,3
1122;2,66;0,21;320;false;true;true;4,43;0;4,3
1123;2,67;0,21;320;false;true;true;4,44;0;4,31
1124;2,67;0,2;320;false;true;true;4,44;0;4,31
1125;2,67;0,19;320;false;true;true;4,44;0;4,31
1126;2,67;0,19;320;false;true;true;4,44;0;4,31
1127;2,67;0,19;320;false;true;true;4,44;0;4,31
1128;2,68;0,18;320;false;true;true;4,44;0;4,31
1129;2,68;0,18;320;false;true;true;4,44;0;4,31
1130;2,68;0,17;320;false;true;true;4,44;0;4,32
1131;2,68;0,17;320;false;true;true;4,44;0;4,32
1132;2,68;0,17;320;false;true;true;4,44;0;4,32
1133;2,68;0,16;320;false;true;true;4,44;0;4,32
1134;2,69;0,16;320;false;true;true;4,43;0;4,32
1135;2,69;0,15;320;false;true;true;4,43;0;4,32
1136;2,69;0,15;320;false;true;true;4,43;0;4,32
1137;2,69;0,14;320;false;true;true;4,43;0;4,32
1138;2,69;0,14;320;false;true;true;4,43;0;4,32
1139;2,7;0,13;320;false;true;true;4,43;0;4,32
1140;2,7;0,13;320;false;true;true;4,42;0;4,32
1141;2,7;0,13;320;false;true;true;4,43;0;4,32
1142;2,7;0,13;320;false;true;true;4,43;0;4,32
1143;2,7;0,13;320;false;true;true;4,43;0;4,33
1144;2,71;0,12;320;false;true;true;4,42;0;4,33
1145;2,71;0,12;320;false;true;true;4,42;0;4,33
1146;2,71;0,12;320;false;true;true;4,43;0;4,33
1147;2,71;0,12;320;false;true;true;4,42;0;4,33
1148;2,71;0,11;320;false;true;true;4,42;0;4,33
1149;2,72;0,11;320;false;true;true;4,42;0;4,33
1150;2,72;0,11;320;false;true;true;4,42;0;4,33
1151;2,72;0,11;320;false;true;true;4,42;0;4,33
1152;2,72;0,11;320;false;true;true;4,42;0;4,33
1153;2,72;0,1;320;false;true;true;4,41;0;4,33
1154;2,73;0,1;320;false;true;true;4,41;0;4,33
1155;2,73;0,09;320;false;true;true;4,41;0;4,33
1156;2,73;0,09;320;false;true;true;4,41;0;4,33
1157;2,73;0,09;320;false;true;true;4,41;0;4,33
1158;2,73;0,08;320;false;true;true;4,4;0;4,33
1159;2,73;0,09;320;false;true;true;4,4;0;4,33
1160;2,74;0,08;320;false;true;true;4,4;0;4,33
1161;2,74;0,08;320;false;true;true;4,4;0;4,33
1162;2,74;0,08;320;false;true;true;4,4;0;4,33
1163;2,74;0,08;320;false;true;true;4,4;0;4,33
1164;2,74;0,07;320;false;true;true;4,4;0;4,34
1165;2,75;0,07;320;false;true;true;4,4;0;4,34
1166;2,75;0,07;320;false;true;true;4,4;0;4,34
1167;2,75;0,07;320;false;true;true;4,39;0;4,34
1168;2,75;0,07;320;false;true;true;4,39;0;4,34
1169;2,75;0,07;320;false;true;true;4,39;0;4,34
1170;2,75;0,07;320;false;true;true;4,39;0;4,34
1171;2,75;0,07;320;false;true;true;4,39;0;4,34
1172;2,76;0,07;320;false;true;true;4,39;0;4,34
1173;2,76;0,06;320;false;true;true;4,39;0;4,34
1174;2,76;0,06;320;false;true;true;4,39;0;4,34
1175;2,76;0,06;320;false;true;true;4,39;0;4,34
1176;2,76;0,06;320;false;true;true;4,39;0;4,34
1177;2,76;0,06;320;false;true;true;4,39;0;4,34
1178;2,77;0,06;320;false;true;true;4,39;0;4,34
1179;2,77;0,06;320;false;true;true;4,39;0;4,34
1180;2,77;0,05;320;false;true;true;4,38;0;4,34
1181;2,77;0,05;320;false;true;true;4,39;0;4,34
1182;2,77;0,05;320;false;true;true;4,38;0;4,34
1183;2,78;0,05;320;false;true;true;4,38;0;4,34
1184;2,78;0,05;320;false;true;true;4,38;0;4,34
1185;2,78;0,05;320;false;true;true;4,38;0;4,34
1186;2,78;0,05;320;false;true;true;4,38;0;4,34
1187;2,78;0,05;320;false;true;true;4,38;0;4,34
1188;2,78;0,05;320;false;true;true;4,38;0;4,34
1189;2,79;0,04;320;false;true;true;4,38;0;4,34
1190;2,79;0,04;320;false;true;true;4,38;0;4,34
1191;2,79;0,04;320;false;true;true;4,37;0;4,34
1192;2,79;0,04;320;false;true;true;4,37;0;4,34
1193;2,79;0,04;320;false;true;true;4,37;0;4,34
1194;2,8;0,04;320;false;true;true;4,37;0;4,34
1195;2,8;0,04;320;false;true;true;4,37;0;4,34
1196;2,8;0,04;320;false;true;true;4,37;0;4,34
1197;2,8;0,03;320;false;true;true;4,37;0;4,34
1198;2,8;0,03;320;false;true;true;4,37;0;4,34
1199;2,8;0,03;320;false;true;true;4,37;0;4,34
1200;2,81;0,03;320;false;true;true;4,37;0;4,34
1201;2,81;0,03;320;false;true;true;4,37;0;4,34
1202;2,81;0,03;320;false;true;true;4,37;0;4,34
1203;2,81;0,03;320;false;true;true;4,37;0;4,34
1204;2,81;0,03;320;false;true;true;4,37;0;4,34
1205;2,82;0,03;320;false;true;true;4,37;0;4,34
1206;2,82;0,03;320;false;true;true;4,37;0;4,34
1207;2,82;0,03;320;false;true;true;4,37;0;4,34
1208;2,82;0,03;320;false;true;true;4,37;0;4,34
1209;2,82;0,03;320;false;true;true;4,37;0;4,34
1210;2,83;0,03;320;false;true;true;4,37;0;4,34
1211;2,83;0,03;320;false;true;true;4,37;0;4,34
1212;2,83;0,03;320;false;true;true;4,37;0;4,34
1213;2,83;0,03;320;false;true;true;4,37;0;4,34
1214;2,83;0,03;320;false;true;true;4,37;0;4,34
1215;2,83;0,03;320;false;true;true;4,37;0;4,34
1216;2,84;0,03;320;false;true;true;4,37;0;4,35
1217;2,84;0,03;320;false;true;true;4,37;0;4,35
1218;2,84;0,03;320;false;true;true;4,37;0;4,35
1219;2,84;0,03;320;false;true;true;4,37;0;4,35
1220;2,84;0,03;320;false;true;true;4,37;0;4,35
1221;2,85;0,03;320;false;true;true;4,37;0;4,35
1222;2,85;0,02;320;false;true;true;4,36;0;4,35
1223;2,85;0,02;320;false;true;true;4,36;0;4,35
1224;2,85;0,02;320;false;true;true;4,36;0;4,35
1225;2,85;0,02;320;false;true;true;4,36;0;4,35
1226;2,85;0,02;320;false;true;true;4,37;0;4,35
1227;2,86;0,02;320;false;true;true;4,37;0;4,35
1228;2,86;0,02;320;false;true;true;4,37;0;4,35
1229;2,86;0,02;320;false;true;true;4,37;0;4,35
1230;2,86;0,02;320;false;true;true;4,36;0;4,35
1231;2,86;0,02;320;false;true;true;4,36;0;4,35
1232;2,87;0,02;320;false;true;true;4,37;0;4,35
1233;2,87;0,02;320;false;true;true;4,36;0;4,35
1234;2,87;0,02;320;false;true;true;4,36;0;4,35
1235;2,87;0,02;320;false;true;true;4,36;0;4,35
1236;2,87;0,02;320;false;true;true;4,36;0;4,35
1237;2,88;0,02;320;false;true;true;4,36;0;4,35
1238;2,88;0,02;320;false;true;true;4,36;0;4,35
1239;2,88;0,02;320;false;true;true;4,36;0;4,35
1240;2,88;0,02;320;false;true;true;4,36;0;4,35
1241;2,88;0,02;320;false;true;true;4,36;0;4,35
1242;2,88;0,02;320;false;true;true;4,36;0;4,35
1243;2,88;0,02;320;false;true;true;4,36;0;4,35
1244;2,89;0,02;320;false;true;true;4,36;0;4,35
1245;2,89;0,02;320;false;true;true;4,36;0;4,35
1246;2,89;0,02;320;false;true;true;4,36;0;4,35
1247;2,89;0,02;320;false;true;true;4,36;0;4,35
1248;2,89;0,01;320;false;true;true;4,36;0;4,35
1249;2,9;0,02;320;false;true;true;4,36;0;4,35
1250;2,9;0,02;320;false;true;true;4,36;0;4,35
1251;2,9;0,02;320;false;true;true;4,36;0;4,35
1252;2,9;0,02;320;false;true;true;4,36;0;4,35
1253;2,9;0,02;320;false;true;true;4,36;0;4,35
1254;2,9;0,02;320;false;true;true;4,36;0;4,35
1255;2,91;0,02;320;false;true;true;4,36;0;4,35
1256;2,91;0,02;320;false;true;true;4,36;0;4,35
1257;2,91;0,02;320;false;true;true;4,36;0;4,35
1258;2,91;0,02;320;false;true;true;4,36;0;4,35
1259;2,91;0,02;320;false;true;true;4,36;0;4,35
1260;2,91;0,02;320;false;true;true;4,36;0;4,35
1261;2,92;0,02;320;false;true;true;4,36;0;4,35
1262;2,92;0,01;320;false;true;true;4,36;0;4,35
1263;2,92;0,01;320;false;true;true;4,36;0;4,35
1264;2,92;0,01;320;false;true;true;4,36;0;4,35
1265;2,92;0,01;320;false;true;true;4,36;0;4,35
1266;2,93;0,01;320;false;true;true;4,36;0;4,35
1267;2,93;0,01;320;false;true;true;4,36;0;4,35
1268;2,93;0,01;320;false;true;true;4,36;0;4,35
1269;2,93;0,01;320;false;true;true;4,36;0;4,35
1270;2,93;0,01;320;false;true;true;4,36;0;4,35
1271;2,93;0,01;320;false;true;true;4,36;0;4,35
1272;2,94;0,01;320;false;true;true;4,36;0;4,35
1273;2,94;0,01;320;false;true;true;4,36;0;4,35
1274;2,94;0,01;320;false;true;true;4,36;0;4,35
1275;2,94;0,01;320;false;true;true;4,36;0;4,35
1276;2,94;0,01;320;false;true;true;4,36;0;4,35
1277;2,94;0,01;320;false;true;true;4,36;0;4,35
1278;2,95;0,01;320;false;true;true;4,36;0;4,35
1279;2,95;0,01;320;false;true;true;4,36;0;4,35
1280;2,95;0,01;320;false;true;true;4,36;0;4,35
1281;2,95;0,01;320;false;true;true;4,36;0;4,35
1282;2,95;0,01;320;false;true;true;4,35;0;4,35
1283;2,95;0,01;320;false;true;true;4,36;0;4,35
1284;2,95;0,01;320;false;true;true;4,35;0;4,35
1285;2,96;0,01;320;false;true;true;4,35;0;4,35
1286;2,96;0,01;320;false;true;true;4,36;0;4,35
1287;2,96;0,01;320;false;true;true;4,35;0;4,35
1288;2,96;0,01;320;false;true;true;4,35;0;4,35
1289;2,96;0,01;320;false;true;true;4,35;0;4,35
1290;2,96;0,01;320;false;true;true;4,35;0;4,35
1291;2,97;0,01;320;false;true;true;4,36;0;4,35
1292;2,97;0,01;320;false;true;true;4,36;0;4,35
1293;2,97;0,01;320;false;true;true;4,36;0;4,35
1294;2,97;0,01;320;false;true;true;4,36;0;4,35
1295;2,97;0,01;320;false;true;true;4,35;0;4,35
1296;2,98;0,01;320;false;true;true;4,35;0;4,35
1297;2,98;0;320;false;true;true;4,35;0;4,35
1298;2,98;0;320;false;true;true;4,35;0;4,35
1299;2,98;0,01;320;false;true;true;4,35;0;4,35
1300;2,98;0,01;320;false;true;true;4,35;0;4,35
1301;2,98;0,01;320;false;true;true;4,35;0;4,35
1302;2,99;0,01;320;false;true;true;4,36;0;4,35
1303;2,99;0,01;320;false;true;true;4,36;0;4,35
1304;2,99;0,01;320;false;true;true;4,35;0;4,35
1305;2,99;0,01;320;false;true;true;4,36;0;4,35
1306;2,99;0,01;320;false;true;true;4,35;0;4,35
1307;3;0;320;false;true;true;4,35;0;4,35
1308;3;0;320;false;true;true;4,35;0;4,35
1309;3;0;320;false;true;true;4,35;0;4,35
1310;3;0;320;false;true;true;4,35;0;4,35
1311;3;0;320;false;true;true;4,35;0;4,35
1312;3,01;0;320;false;true;true;4,35;0;4,35
1313;3,01;0;320;false;true;true;4,35;0;4,35
1314;3,01;0;320;false;true;true;4,35;0;4,35
1315;3,01;0;320;false;true;true;4,35;0;4,35
1316;3,01;0;320;false;true;true;4,35;0;4,35
1317;3,02;0;320;false;true;true;4,35;0;4,35
1318;3,02;0;320;false;true;true;4,35;0;4,35
1319;3,02;0;320;false;true;true;4,35;0;4,35
1320;3,02;0;320;false;true;true;4,35;0;4,35
1321;3,02;0;320;false;true;true;4,35;0;4,35
1322;3,02;0;320;false;true;true;4,35;0;4,35
1323;3,03;0;320;false;true;true;4,35;0;4,35
1324;3,03;0;320;false;true;true;4,35;0;4,35
1325;3,03;0;320;false;true;true;4,35;0;4,35
1326;3,03;0;320;false;true;true;4,35;0;4,35
1327;3,03;0;320;false;true;true;4,35;0;4,35
1328;3,03;0;320;false;true;true;4,35;0;4,35
1329;3,04;0;320;false;true;true;4,35;0;4,35
1330;3,04;0;320;false;true;true;4,35;0;4,35
1331;3,04;0;320;false;true;true;4,35;0;4,35
1332;3,04;0;320;false;true;true;4,35;0;4,35
1333;3,04;0;320;false;true;true;4,35;0;4,35
1334;3,05;0;320;false;true;true;4,35;0;4,35
1335;3,05;0;320;false;true;true;4,35;0;4,35
1336;3,05;0;320;false;true;true;4,35;0;4,35
1337;3,05;0;320;false;true;true;4,35;0;4,35
1338;3,05;0;320;false;true;true;4,35;0;4,35
1339;3,05;0;320;false;true;true;4,35;0;4,35
1340;3,06;0;320;false;true;true;4,35;0;4,35
1341;3,06;0;320;false;true;true;4,35;0;4,35
1342;3,06;0;320;false;true;true;4,35;0;4,35
1343;3,06;0;320;false;true;true;4,35;0;4,35
1344;3,07;0;320;false;true;true;4,35;0;4,35
1345;3,07;0;320;false;true;true;4,35;0;4,35
1346;3,07;0;320;false;true;true;4,35;0;4,35
1347;3,07;0;320;false;true;true;4,35;0;4,35
1348;3,07;0;320;false;true;true;4,35;0;4,35
1349;3,08;0;320;false;true;true;4,35;0;4,35
1350;3,08;0;320;false;true;true;4,35;0;4,35
1351;3,08;0;320;false;true;true;4,35;0;4,35
1352;3,08;0;320;false;true;true;4,35;0;4,35
1353;3,08;0;320;false;true;true;4,35;0;4,35
1354;3,08;0;320;false;true;true;4,35;0;4,35
1355;3,08;0;320;false;true;true;4,35;0;4,35
1356;3,09;0;320;false;true;true;4,35;0;4,35
1357;3,09;0;320;false;true;true;4,35;0;4,35
1358;3,09;0;320;false;true;true;4,35;0;4,35
1359;3,09;0;320;false;true;true;4,35;0;4,35
1360;3,09;0;320;false;true;true;4,35;0;4,35
1361;3,1;0;320;false;true;true;4,35;0;4,35
1362;3,1;0;320;false;true;true;4,35;0;4,35
1363;3,1;0;320;false;true;true;4,35;0;4,35
1364;3,1;0;320;false;true;true;4,35;0;4,35
1365;3,1;0;320;false;true;true;4,35;0;4,35
1366;3,1;0;320;false;true;true;4,35;0;4,35
1367;3,11;0;320;false;true;true;4,35;0;4,35
1368;3,11;0;320;false;true;true;4,35;0;4,35
1369;3,11;0;320;false;true;true;4,35;0;4,35
1370;3,11;0;320;false;true;true;4,35;0;4,35
1371;3,11;0;320;false;true;true;4,35;0;4,35
1372;3,11;0;320;false;true;true;4,35;0;4,35
1373;3,12;0;320;false;true;true;4,35;0;4,35
1374;3,12;0;320;false;true;true;4,35;0;4,35
1375;3,12;0;320;false;true;true;4,35;0;4,35
1376;3,12;0;320;false;true;true;4,35;0;4,35
1377;3,12;0;320;false;true;true;4,35;0;4,35
1378;3,12;0;320;false;true;true;4,35;0;4,35
1379;3,13;0;320;false;true;true;4,35;0;4,35
1380;3,13;0;320;false;true;true;4,35;0;4,35
1381;3,13;0;320;false;true;true;4,35;0;4,35
1382;3,13;0;320;false;true;true;4,35;0;4,35
1383;3,13;0;320;false;true;true;4,35;0;4,35
1384;3,13;0;320;false;true;true;4,35;0;4,35
1385;3,13;0;320;false;true;true;4,35;0;4,35
1386;3,14;0;320;false;true;true;4,35;0;4,35
1387;3,14;0;320;false;true;true;4,35;0;4,35
1388;3,14;0;320;false;true;true;4,35;0;4,35
1389;3,14;0;320;false;true;true;4,35;0;4,35
1390;3,14;0;320;false;true;true;4,35;0;4,35
1391;3,15;0;320;false;true;true;4,35;0;4,35
1392;3,15;0;320;false;true;true;4,35;0;4,35
1393;3,15;0;320;false;true;true;4,35;0;4,35
1394;3,15;0;320;false;true;true;4,35;0;4,35
1395;3,15;0;320;false;true;true;4,35;0;4,35
1396;3,16;0;320;false;true;true;4,35;0;4,35
1397;3,16;0;320;false;true;true;4,35;0;4,35
1398;3,16;0;320;false;true;true;4,35;0;4,35
1399;3,16;0;320;false;true;true;4,35;0;4,35
1400;3,16;0;320;false;true;true;4,35;0;4,35
1401;3,16;0;320;false;true;true;4,35;0;4,35
1402;3,16;0;320;false;true;true;4,35;0;4,35
1403;3,17;0;320;false;true;true;4,35;0;4,35
1404;3,17;0;320;false;true;true;4,35;0;4,35
1405;3,17;0;320;false;true;true;4,35;0;4,35
1406;3,17;0;320;false;true;true;4,35;0;4,35
1407;3,17;0;320;false;true;true;4,35;0;4,35
1408;3,18;0;320;false;true;true;4,35;0;4,35
1409;3,18;0;320;false;true;true;4,35;0;4,35
1410;3,18;0;320;false;true;true;4,35;0;4,35
1411;3,18;0;320;false;true;true;4,35;0;4,35
1412;3,18;0;320;false;true;true;4,35;0;4,35
1413;3,18;0;320;false;true;true;4,35;0;4,35
1414;3,19;0;320;false;true;true;4,35;0;4,35
1415;3,19;0;320;false;true;true;4,35;0;4,35
1416;3,19;0;320;false;true;true;4,35;0;4,35
1417;3,19;0;320;false;true;true;4,35;0;4,35
1418;3,19;0;320;false;true;true;4,35;0;4,35
1419;3,2;0;320;false;true;true;4,35;0;4,35
1420;3,2;0;320;false;true;true;4,35;0;4,35
1421;3,2;0;320;false;true;true;4,35;0;4,35
1422;3,2;0;320;false;true;true;4,35;0;4,35
1423;3,2;0;320;false;true;true;4,35;0;4,35
1424;3,2;0;320;false;true;true;4,35;0;4,35
1425;3,21;0;320;false;true;true;4,35;0;4,35
1426;3,21;0;320;false;true;true;4,35;0;4,35
1427;3,21;0;320;false;true;true;4,35;0;4,35
1428;3,21;0;320;false;true;true;4,35;0;4,35
1429;3,21;0;320;false;true;true;4,35;0;4,35
1430;3,21;0;320;false;true;true;4,35;0;4,35
1431;3,22;0;320;false;true;true;4,35;0;4,35
1432;3,22;0;320;false;true;true;4,35;0;4,35
1433;3,22;0;320;false;true;true;4,35;0;4,35
1434;3,22;0;320;false;true;true;4,35;0;4,35
1435;3,22;0;320;false;true;true;4,35;0;4,35
1436;3,23;0;320;false;true;true;4,35;0;4,35
1437;3,23;0;320;false;true;true;4,35;0;4,35
1438;3,23;0;320;false;true;true;4,35;0;4,35
1439;3,23;0;320;false;true;true;4,35;0;4,35
1440;3,23;0;320;false;true;true;4,35;0;4,35
1441;3,23;0;320;false;true;true;4,35;0;4,35
1442;3,24;0;320;false;true;true;4,35;0;4,35
1443;3,24;0;320;false;true;true;4,35;0;4,35
1444;3,24;0;320;false;true;true;4,35;0;4,35
1445;3,24;0;320;false;true;true;4,35;0;4,35
1446;3,24;0;320;false;true;true;4,35;0;4,35
1447;3,25;0;320;false;true;true;4,35;0;4,35
1448;3,25;0;320;false;true;true;4,35;0;4,35
1449;3,25;0;320;false;true;true;4,35;0;4,35
1450;3,25;0;320;false;true;true;4,35;0;4,35
1451;3,25;0;320;false;true;true;4,35;0;4,35
1452;3,26;0;320;false;true;true;4,35;0;4,35
1453;3,26;0;320;false;true;true;4,35;0;4,35
1454;3,26;0;320;false;true;true;4,35;0;4,35
1455;3,26;0;320;false;true;true;4,35;0;4,35
1456;3,26;0;320;false;true;true;4,35;0;4,35
1457;3,27;0;320;false;true;true;4,35;0;4,35
1458;3,27;0;320;false;true;true;4,35;0;4,35
1459;3,27;0;320;false;true;true;4,35;0;4,35
1460;3,27;0;320;false;true;true;4,35;0;4,35
1461;3,27;0;320;false;true;true;4,35;0;4,35
1462;3,27;0;320;false;true;true;4,35;0;4,35
1463;3,28;0;320;false;true;true;4,35;0;4,35
1464;3,28;0;320;false;true;true;4,35;0;4,35
1465;3,28;0;320;false;true;true;4,35;0;4,35
1466;3,28;0;320;false;true;true;4,35;0;4,35
1467;3,28;0;320;false;true;true;4,35;0;4,35
1468;3,28;0;320;false;true;true;4,35;0;4,35
1469;3,29;0;320;false;true;true;4,35;0;4,35
1470;3,29;0;320;false;true;true;4,35;0;4,35
1471;3,29;0;320;false;true;true;4,35;0;4,35
1472;3,29;0;320;false;true;true;4,35;0;4,35
1473;3,29;0;320;false;true;true;4,35;0;4,35
1474;3,3;0;320;false;true;true;4,35;0;4,35
1475;3,3;0;320;false;true;true;4,35;0;4,35
1476;3,3;0;320;false;true;true;4,35;0;4,35
1477;3,3;0;320;false;true;true;4,35;0;4,35
1478;3,3;0;320;false;true;true;4,35;0;4,35
1479;3,31;0;320;false;true;true;4,35;0;4,35
1480;3,31;0;320;false;true;true;4,35;0;4,35
1481;3,31;0;320;false;true;true;4,35;0;4,35
1482;3,31;0;320;false;true;true;4,35;0;4,35
1483;3,31;0;320;false;true;true;4,35;0;4,35
1484;3,31;0;320;false;true;true;4,35;0;4,35
1485;3,32;0;320;false;true;true;4,35;0;4,35
1486;3,32;0;320;false;true;true;4,35;0;4,35
1487;3,32;0;320;false;true;true;4,35;0;4,35
1488;3,32;0;320;false;true;true;4,35;0;4,35
1489;3,32;0;320;false;true;true;4,35;0;4,35
1490;3,33;0;320;false;true;true;4,35;0;4,35
1491;3,33;0;320;false;true;true;4,35;0;4,35
1492;3,33;0;320;false;true;true;4,35;0;4,35
1493;3,33;0;320;false;true;true;4,35;0;4,35
1494;3,33;0;320;false;true;true;4,35;0;4,35
1495;3,34;0;320;false;true;true;4,35;0;4,35
1496;3,34;0;320;false;true;true;4,35;0;4,35
1497;3,34;0;320;false;true;true;4,35;0;4,35
1498;3,34;0;320;false;true;true;4,35;0;4,35
1499;3,35;0;320;false;true;true;4,35;0;4,35
1500;3,35;0;320;false;true;true;4,35;0;4,35
1501;3,35;0;320;false;true;true;4,35;0;4,35
1502;3,35;0;320;false;true;true;4,35;0;4,35
1503;3,35;0;320;false;true;true;4,35;0;4,35
1504;3,36;0;320;false;true;true;4,35;0;4,35
1505;3,36;0;320;false;true;true;4,35;0;4,35
1506;3,36;0;320;false;true;true;4,35;0;4,35
1507;3,36;0;320;false;true;true;4,35;0;4,35
1508;3,36;0;320;false;true;true;4,35;0;4,35
1509;3,36;0;320;false;true;true;4,35;0;4,35
1510;3,37;0;320;false;true;true;4,35;0;4,35
1511;3,37;0;320;false;true;true;4,35;0;4,35
1512;3,37;0;320;false;true;true;4,35;0;4,35
1513;3,37;0;320;false;true;true;4,35;0;4,35
1514;3,37;0;320;false;true;true;4,35;0;4,35
1515;3,38;0;320;false;true;true;4,35;0;4,35
1516;3,38;0;320;false;true;true;4,35;0;4,35
1517;3,38;0;320;false;true;true;4,35;0;4,35
1518;3,38;0;320;false;true;true;4,35;0;4,35
1519;3,38;0;320;false;true;true;4,35;0;4,35
1520;3,38;0;320;false;true;true;4,35;0;4,35
1521;3,39;0;320;false;true;true;4,35;0;4,35
1522;3,39;0;320;false;true;true;4,35;0;4,35
1523;3,39;0;320;false;true;true;4,35;0;4,35
1524;3,39;0;320;false;true;true;4,35;0;4,35
1525;3,39;0;320;false;true;true;4,35;0;4,35
1526;3,4;0;320;false;true;true;4,35;0;4,35
1527;3,4;0;320;false;true;true;4,35;0;4,35
1528;3,4;0;320;false;true;true;4,35;0;4,35
1529;3,4;0;320;false;true;true;4,35;0;4,35
1530;3,4;0;320;false;true;true;4,35;0;4,35
1531;3,4;0;320;false;true;true;4,35;0;4,35
1532;3,41;0;320;false;true;true;4,35;0;4,35
1533;3,41;0;320;false;true;true;4,35;0;4,35
1534;3,41;0;320;false;true;true;4,35;0;4,35
1535;3,41;0;320;false;true;true;4,35;0;4,35
1536;3,41;0;320;false;true;true;4,35;0;4,35
1537;3,41;0;320;false;true;true;4,35;0;4,35
1538;3,41;0;320;false;true;true;4,35;0;4,35
1539;3,42;0;320;false;true;true;4,35;0;4,35
1540;3,42;0;320;false;true;true;4,35;0;4,35
1541;3,42;0;320;false;true;true;4,35;0;4,35
1542;3,42;0;320;false;true;true;4,35;0;4,35
1543;3,42;0;320;false;true;true;4,35;0;4,35
1544;3,43;0;320;false;true;true;4,35;0;4,35
1545;3,43;0;320;false;true;true;4,35;0;4,35
1546;3,43;0;320;false;true;true;4,35;0;4,35
1547;3,43;0;320;false;true;true;4,35;0;4,35
1548;3,43;0;320;false;true;true;4,35;0;4,35
1549;3,44;0;320;false;true;true;4,35;0;4,35
1550;3,44;0;320;false;true;true;4,35;0;4,35
1551;3,44;0;320;false;true;true;4,35;0;4,35
1552;3,44;0;320;false;true;true;4,35;0;4,35
1553;3,44;0;320;false;true;true;4,35;0;4,35
1554;3,45;0;320;false;true;true;4,35;0;4,35
1555;3,45;0;320;false;true;true;4,35;0;4,35
1556;3,45;0;320;false;true;true;4,35;0;4,35
1557;3,45;0;320;false;true;true;4,35;0;4,35
1558;3,45;0;320;false;true;true;4,35;0;4,35
1559;3,45;0;320;false;true;true;4,35;0;4,35
1560;3,46;0;320;false;true;true;4,35;0;4,35
1561;3,46;0;320;false;true;true;4,35;0;4,35
1562;3,46;0;320;false;true;true;4,35;0;4,35
1563;3,46;0;320;false;true;true;4,35;0;4,35
1564;3,46;0;320;false;true;true;4,35;0;4,35
1565;3,46;0;320;false;true;true;4,35;0;4,35
1566;3,47;0;320;false;true;true;4,35;0;4,35
1567;3,47;0;320;false;true;true;4,35;0;4,35
1568;3,47;0;320;false;true;true;4,35;0;4,35
1569;3,47;0;320;false;true;true;4,35;0;4,35
1570;3,47;0;320;false;true;true;4,35;0;4,35
1571;3,48;0;320;false;true;true;4,35;0;4,35
1572;3,48;0;320;false;true;true;4,35;0;4,35
1573;3,48;0;320;false;true;true;4,35;0;4,35
1574;3,48;0;320;false;true;true;4,35;0;4,35
1575;3,48;0;320;false;true;true;4,35;0;4,35
1576;3,48;0;320;false;true;true;4,35;0;4,35
1577;3,49;0;320;false;true;true;4,35;0;4,35
1578;3,49;0;320;false;true;true;4,35;0;4,35
1579;3,49;0;320;false;true;true;4,35;0;4,35
1580;3,49;0;320;false;true;true;4,35;0;4,35
1581;3,49;0;320;false;true;true;4,35;0;4,35
1582;3,49;0;320;false;true;true;4,35;0;4,35
1583;3,5;0;320;false;true;true;4,35;0;4,35
1584;3,5;0;320;false;true;true;4,35;0;4,35
1585;3,5;0;320;false;true;true;4,35;0;4,35
1586;3,5;0;320;false;true;true;4,35;0;4,35
1587;3,5;0;320;false;true;true;4,35;0;4,35
1588;3,5;0;320;false;true;true;4,35;0;4,35
1589;3,51;0;320;false;true;true;4,35;0;4,35
1590;3,51;0;320;false;true;true;4,35;0;4,35
1591;3,51;0;320;false;true;true;4,35;0;4,35
1592;3,51;0;320;false;true;true;4,35;0;4,35
1593;3,51;0;320;false;true;true;4,35;0;4,35
1594;3,51;0;320;false;true;true;4,35;0;4,35
1595;3,51;0;320;false;true;true;4,35;0;4,35
1596;3,51;0;320;false;true;true;4,35;0;4,35
1597;3,52;0;320;false;true;true;4,35;0;4,35
1598;3,52;0;320;false;true;true;4,35;0;4,35
1599;3,52;0;320;false;true;true;4,35;0;4,35
1600;3,52;0;320;false;true;true;4,35;0;4,35
1601;3,52;0;320;false;true;true;4,35;0;4,35
1602;3,53;0;320;false;true;true;4,35;0;4,35
1603;3,53;0;320;false;true;true;4,35;0;4,35
1604;3,53;0;320;false;true;true;4,35;0;4,35
1605;3,53;0;320;false;true;true;4,35;0;4,35
1606;3,53;0;320;false;true;true;4,35;0;4,35
1607;3,53;0;320;false;true;true;4,35;0;4,35
1608;3,54;0;320;false;true;true;4,35;0;4,35
1609;3,54;0;320;false;true;true;4,35;0;4,35
1610;3,54;0;320;false;true;true;4,35;0;4,35
1611;3,54;0;320;false;true;true;4,35;0;4,35
1612;3,54;0;320;false;true;true;4,35;0;4,35
1613;3,54;0;320;false;true;true;4,35;0;4,35
1614;3,54;0;320;false;true;true;4,35;0;4,35
1615;3,54;0;320;false;true;true;4,35;0;4,35
1616;3,54;0;320;false;true;true;4,35;0;4,35
1617;3,55;0;320;false;true;true;4,35;0;4,35
1618;3,55;0;320;false;true;true;4,35;0;4,35
1619;3,55;0;320;false;true;true;4,35;0;4,35
1620;3,55;0;320;false;true;true;4,35;0;4,35
1621;3,55;0;320;false;true;true;4,35;0;4,35
1622;3,55;0;320;false;true;true;4,35;0;4,35
1623;3,55;0;320;false;true;true;4,35;0;4,35
1624;3,56;0;320;false;true;true;4,35;0;4,35
1625;3,56;0;320;false;true;true;4,35;0;4,35
1626;3,56;0;320;false;true;true;4,35;0;4,35
1627;3,56;0;320;false;true;true;4,35;0;4,35
1628;3,56;0;320;false;true;true;4,35;0;4,35
1629;3,56;0;320;false;true;true;4,35;0;4,35
1630;3,56;0;320;false;true;true;4,35;0;4,35
1631;3,57;0;320;false;true;true;4,35;0;4,35
1632;3,57;0;320;false;true;true;4,35;0;4,35
1633;3,57;0;320;false;true;true;4,35;0;4,35
1634;3,57;0;320;false;true;true;4,35;0;4,35
1635;3,57;0;320;false;true;true;4,35;0;4,35
1636;3,58;0;320;false;true;true;4,35;0;4,35
1637;3,58;0;320;false;true;true;4,35;0;4,35
1638;3,58;0;320;false;true;true;4,35;0;4,35
1639;3,58;0;320;false;true;true;4,35;0;4,35
1640;3,58;0;320;false;true;true;4,35;0;4,35
1641;3,58;0;320;false;true;true;4,35;0;4,35
1642;3,59;0;320;false;true;true;4,35;0;4,35
1643;3,59;0;320;false;true;true;4,35;0;4,35
1644;3,59;0;320;false;true;true;4,35;0;4,35
1645;3,59;0;320;false;true;true;4,35;0;4,35
1646;3,59;0;320;false;true;true;4,35;0;4,35
1647;3,6;0;320;false;true;true;4,35;0;4,35
1648;3,6;0;320;false;true;true;4,35;0;4,35
1649;3,6;0;320;false;true;true;4,35;0;4,35
1650;3,6;0;320;false;true;true;4,35;0;4,35
1651;3,6;0;320;false;true;true;4,35;0;4,35
1652;3,6;0;320;false;true;true;4,35;0;4,35
1653;3,61;88,94;320;true;true;true;0;88,52;0
1654;3,61;28,67;320;true;true;true;0;28,67;0
1655;3,62;25,18;319;true;true;true;0;25,18;0
1656;3,63;22,95;319;true;true;true;0;22,95;0
1657;3,63;21,47;319;true;true;true;0;21,47;0
1658;3,64;20,35;319;true;true;true;0;20,35;0
1659;3,65;19,48;319;true;true;true;0;19,48;0
1660;3,65;18,78;319;true;true;true;0;18,78;0
1661;3,66;18,21;319;true;true;true;0;18,21;0
1662;3,66;17,7;319;true;true;true;0;17,7;0
1663;3,67;17,24;319;true;true;true;0;17,24;0
1664;3,68;16,82;319;true;true;true;0;16,82;0
1665;3,68;16,44;319;true;true;true;0;16,44;0
1666;3,69;16,08;319;true;true;true;0;16,08;0
1667;3,7;15,73;319;true;true;true;0;15,36;0
1668;3,7;15,42;319;true;true;true;0;15,07;0
1669;3,71;15,12;319;true;true;true;0;14,8;0
1670;3,72;14,83;319;true;true;true;0;14,54;0
1671;3,72;14,55;319;true;true;true;0;14,28;0
1672;3,73;14,26;319;true;true;true;0;14,02;0
1673;3,74;13,98;319;true;true;true;0;13,75;0
1674;3,74;13,69;319;true;true;true;0;13,49;0
1675;3,75;13,41;319;true;true;true;0;13,22;0
1676;3,76;13,13;319;true;true;true;0;12,96;0
1677;3,76;12,86;319;true;true;true;0;12,7;0
1678;3,77;12,6;319;true;true;true;0;12,45;0
1679;3,77;12,35;319;true;true;true;0;12,21;0
1680;3,78;12,11;319;true;true;true;0;11,99;0
1681;3,79;11,9;319;true;true;true;0;11,78;0
1682;3,79;11,7;319;true;true;true;0;11,59;0
1683;3,8;11,52;319;true;true;true;0;11,42;0
1684;3,8;11,35;319;true;true;true;0;11,26;0
1685;3,81;11,2;319;true;true;true;0;11,12;0
1686;3,82;11,07;319;true;true;true;0;10,99;0
1687;3,82;10,95;319;true;true;true;0;10,87;0
1688;3,83;10,84;319;true;true;true;0;10,77;0
1689;3,84;10,74;319;true;true;true;0;10,67;0
1690;3,84;10,65;319;true;true;true;0;10,58;0
1691;3,85;10,56;319;true;true;true;0;10,5;0
1692;3,86;10,49;319;true;true;true;0;10,43;0
1693;3,86;10,42;319;true;true;true;0;10,36;0
1694;3,87;10,35;319;true;true;true;0;10,3;0
1695;3,87;10,29;319;true;true;true;0;10,24;0
1696;3,88;10,23;319;true;true;true;0;10,19;0
1697;3,89;10,18;319;true;true;true;0;10,14;0
1698;3,89;10,13;319;true;true;true;0;10,09;0
1699;3,9;10,09;319;true;true;true;0;10,05;0
1700;3,91;10,05;319;true;true;true;0;10,01;0
1701;3,91;10,01;319;true;true;true;0;9,97;0
1702;3,92;9,97;319;true;true;true;0;9,93;0
1703;3,93;9,94;319;true;true;true;0;9,9;0
1704;3,93;9,9;319;true;true;true;0;9,87;0
1705;3,94;9,87;319;true;true;true;0;9,84;0
1706;3,95;9,85;319;true;true;true;0;9,81;0
1707;3,95;9,82;319;true;true;true;0;9,79;0
1708;3,96;9,8;319;true;true;true;0;9,76;0
1709;3,96;9,77;319;true;true;true;0;9,74;0
1710;3,97;9,75;319;true;true;true;0;9,72;0
1711;3,98;9,73;319;true;true;true;0;9,7;0
1712;3,98;9,7;319;true;true;true;0;9,68;0
1713;3,99;9,68;319;true;true;true;0;9,66;0
1714;4;9,67;319;true;true;true;0;9,64;0
1715;4,01;9,65;319;true;true;true;0;9,62;0
1716;4,01;9,63;319;true;true;true;0;9,6;0
1717;4,02;9,61;319;true;true;true;0;9,59;0
1718;4,02;9,6;319;true;true;true;0;9,57;0
1719;4,03;9,58;319;true;true;true;0;9,55;0
1720;4,04;9,57;319;true;true;true;0;9,54;0
1721;4,04;9,55;319;true;true;true;0;9,53;0
1722;4,05;9,54;319;true;true;true;0;9,51;0
1723;4,05;9,52;319;true;true;true;0;9,5;0
1724;4,06;9,51;319;true;true;true;0;9,49;0
1725;4,07;9,5;319;true;true;true;0;9,47;0
1726;4,07;9,49;319;true;true;true;0;9,46;0
1727;4,08;9,47;319;true;true;true;0;9,45;0
1728;4,09;9,46;319;true;true;true;0;9,44;0
1729;4,09;9,45;319;true;true;true;0;9,43;0
1730;4,1;9,44;319;true;true;true;0;9,42;0
1731;4,11;9,43;319;true;true;true;0;9,41;0
1732;4,11;9,42;319;true;true;true;0;9,4;0
1733;4,12;9,41;319;true;true;true;0;9,39;0
1734;4,13;9,4;319;true;true;true;0;9,38;0
1735;4,13;9,39;319;true;true;true;0;9,37;0
1736;4,14;9,39;319;true;true;true;0;9,36;0
1737;4,14;9,38;319;true;true;true;0;9,36;0
1738;4,15;9,37;319;true;true;true;0;9,35;0
1739;4,16;9,36;319;true;true;true;0;9,34;0
1740;4,16;9,35;319;true;true;true;0;9,33;0
1741;4,17;9,35;319;true;true;true;0;9,32;0
1742;4,18;9,34;319;true;true;true;0;9,32;0
1743;4,18;9,33;319;true;true;true;0;9,31;0
1744;4,19;9,32;319;true;true;true;0;9,3;0
1745;4,2;9,32;319;true;true;true;0;9,3;0
1746;4,2;9,31;319;true;true;true;0;9,29;0
1747;4,21;9,3;319;true;true;true;0;9,28;0
1748;4,22;9,3;319;true;true;true;0;9,28;0
1749;4,22;9,29;319;true;true;true;0;9,27;0
1750;4,23;9,29;319;true;true;true;0;9,27;0
1751;4,23;9,28;319;true;true;true;0;9,26;0
1752;4,24;9,27;319;true;true;true;0;9,25;0
1753;4,24;9,27;319;true;true;true;0;9,25;0
1754;4,25;9,26;319;true;true;true;0;9,24;0
1755;4,26;9,26;319;true;true;true;0;9,24;0
1756;4,26;9,25;319;true;true;true;0;9,23;0
1757;4,27;9,25;319;true;true;true;0;9,23;0
1758;4,28;9,24;319;true;true;true;0;9,22;0
1759;4,28;9,24;319;true;true;true;0;9,22;0
1760;4,29;9,23;319;true;true;true;0;9,21;0
1761;4,3;9,23;319;true;true;true;0;9,21;0
1762;4,3;9,22;319;true;true;true;0;9,2;0
1763;4,31;9,22;319;true;true;true;0;9,2;0
1764;4,32;9,21;319;true;true;true;0;9,19;0
1765;4,32;9,21;319;true;true;true;0;9,19;0
1766;4,33;9,2;319;true;true;true;0;9,19;0
1767;4,34;9,2;319;true;true;true;0;9,18;0
1768;4,34;9,2;319;true;true;true;0;9,18;0
1769;4,35;9,19;319;true;true;true;0;9,17;0
1770;4,36;9,19;319;true;true;true;0;9,17;0
1771;4,36;9,18;319;true;true;true;0;9,16;0
1772;4,37;9,18;319;true;true;true;0;9,16;0
1773;4,37;9,18;319;true;true;true;0;9,16;0
1774;4,38;9,17;319;true;true;true;0;9,15;0
1775;4,39;9,17;319;true;true;true;0;9,15;0
1776;4,39;9,16;319;true;true;true;0;9,15;0
1777;4,4;9,16;319;true;true;true;0;9,14;0
1778;4,41;9,16;319;true;true;true;0;9,14;0
1779;4,41;9,15;319;true;true;true;0;9,14;0
1780;4,42;9,15;319;true;true;true;0;9,13;0
1781;4,42;9,15;319;true;true;true;0;9,13;0
1782;4,43;9,14;319;true;true;true;0;9,13;0
1783;4,44;9,14;319;true;true;true;0;9,12;0
1784;4,44;9,14;319;true;true;true;0;9,12;0
1785;4,45;9,13;319;true;true;true;0;9,12;0
1786;4,45;9,13;319;true;true;true;0;9,11;0
1787;4,46;9,13;319;true;true;true;0;9,11;0
1788;4,47;9,13;319;true;true;true;0;9,11;0
1789;4,47;9,12;319;true;true;true;0;9,1;0
1790;4,48;9,12;319;true;true;true;0;9,1;0
1791;4,49;9,12;319;true;true;true;0;9,1;0
1792;4,49;9,12;319;true;true;true;0;9,1;0
1793;4,5;9,12;319;true;true;true;0;9,1;0
1794;4,51;9,11;319;true;true;true;0;9,1;0
1795;4,51;9,11;319;true;true;true;0;9,09;0
1796;4,52;9,11;319;true;true;true;0;9,09;0
1797;4,52;9,11;319;true;true;true;0;9,09;0
1798;4,53;9,11;319;true;true;true;0;9,09;0
1799;4,54;9,1;319;true;true;true;0;9,09;0
1800;4,54;9,1;319;true;true;true;0;9,08;0
1801;4,55;9,1;319;true;true;true;0;9,08;0
1802;4,55;9,1;319;true;true;true;0;9,08;0
1803;4,56;9,1;319;true;true;true;0;9,08;0
1804;4,57;9,09;319;true;true;true;0;9,08;0
1805;4,57;9,09;319;true;true;true;0;9,07;0
1806;4,58;9,09;319;true;true;true;0;9,07;0
1807;4,59;9,09;319;true;true;true;0;9,07;0
1808;4,59;9,09;319;true;true;true;0;9,07;0
1809;4,6;9,08;319;true;true;true;0;9,07;0
1810;4,61;9,08;319;true;true;true;0;9,06;0
1811;4,61;9,08;319;true;true;true;0;9,06;0
1812;4,62;9,08;319;true;true;true;0;9,06;0
1813;4,62;9,08;319;true;true;true;0;9,06;0
1814;4,63;9,08;319;true;true;true;0;9,06;0
1815;4,64;9,07;319;true;true;true;0;9,06;0
1816;4,64;9,07;319;true;true;true;0;9,05;0
1817;4,65;9,07;319;true;true;true;0;9,05;0
1818;4,66;9,07;319;true;true;true;0;9,05;0
1819;4,66;9,07;319;true;true;true;0;9,05;0
1820;4,67;9,07;319;true;true;true;0;9,05;0
1821;4,68;9,06;319;true;true;true;0;9,05;0
1822;4,68;9,06;319;true;true;true;0;9,04;0
1823;4,69;9,06;319;true;true;true;0;9,04;0
1824;4,69;9,06;319;true;true;true;0;9,04;0
1825;4,7;9,06;319;true;true;true;0;9,04;0
1826;4,71;9,06;319;true;true;true;0;9,04;0
1827;4,71;9,05;319;true;true;true;0;9,04;0
1828;4,72;9,05;319;true;true;true;0;9,03;0
1829;4,72;9,05;319;true;true;true;0;9,03;0
1830;4,73;9,05;319;true;true;true;0;9,03;0
1831;4,74;9,05;319;true;true;true;0;9,03;0
1832;4,74;9,05;319;true;true;true;0;9,03;0
1833;4,75;9,05;319;true;true;true;0;9,03;0
1834;4,76;9,04;319;true;true;true;0;9,03;0
1835;4,76;9,04;319;true;true;true;0;9,02;0
1836;4,77;9,04;319;true;true;true;0;9,02;0
1837;4,78;9,04;319;true;true;true;0;9,02;0
1838;4,78;9,04;319;true;true;true;0;9,02;0
1839;4,79;9,04;319;true;true;true;0;9,02;0
1840;4,79;9,04;319;true;true;true;0;9,02;0
1841;4,8;9,03;319;true;true;true;0;9,02;0
1842;4,81;9,03;319;true;true;true;0;9,02;0
1843;4,81;9,03;319;true;true;true;0;9,01;0
1844;4,82;9,03;319;true;true;true;0;9,01;0
1845;4,83;9,03;319;true;true;true;0;9,01;0
1846;4,83;9,03;319;true;true;true;0;9,01;0
1847;4,84;9,03;319;true;true;true;0;9,01;0
1848;4,84;9,03;319;true;true;true;0;9,01;0
1849;4,85;9,02;319;true;true;true;0;9,01;0
1850;4,86;9,02;319;true;true;true;0;9,01;0
1851;4,86;9,02;319;true;true;true;0;9;0
1852;4,87;9,02;319;true;true;true;0;9;0
1853;4,88;9,02;319;true;true;true;0;9;0
1854;4,89;9,02;319;true;true;true;0;9;0
1855;4,89;9,02;319;true;true;true;0;9;0
1856;4,9;9,02;319;true;true;true;0;9;0
1857;4,9;9,02;319;true;true;true;0;9;0
1858;4,91;9,02;319;true;true;true;0;9;0
1859;4,91;9,01;319;true;true;true;0;9;0
1860;4,92;9,01;319;true;true;true;0;9;0
1861;4,93;9,01;319;true;true;true;0;8,99;0
1862;4,93;9,01;319;true;true;true;0;8,99;0
1863;4,94;9,01;319;true;true;true;0;8,99;0
1864;4,95;9,01;319;true;true;true;0;8,99;0
1865;4,95;9,01;319;true;true;true;0;8,99;0
1866;4,96;9,01;319;true;true;true;0;8,99;0
1867;4,97;9,01;319;true;true;true;0;8,99;0
1868;4,97;9,01;319;true;true;true;0;8,99;0
1869;4,98;9;319;true;true;true;0;8,99;0
1870;4,99;9;319;true;true;true;0;8,99;0
1871;4,99;9;319;true;true;true;0;8,99;0
1872;5;9;319;true;true;true;0;8,98;0
1873;5,01;9;319;true;true;true;0;8,98;0
1874;5,01;9;319;true;true;true;0;8,98;0
1875;5,02;9;319;true;true;true;0;8,98;0
1876;5,03;9;319;true;true;true;0;8,98;0
1877;5,03;9;319;true;true;true;0;8,98;0
1878;5,04;9;319;true;true;true;0;8,98;0
1879;5,04;9;319;true;true;true;0;8,98;0
1880;5,05;9;319;true;true;true;0;8,98;0
1881;5,06;8,99;319;true;true;true;0;8,98;0
1882;5,07;8,99;319;true;true;true;0;8,98;0
1883;5,07;8,99;319;true;true;true;0;8,98;0
1884;5,08;8,99;319;true;true;true;0;8,97;0
1885;5,08;8,99;319;true;true;true;0;8,97;0
1886;5,09;8,99;319;true;true;true;0;8,97;0
1887;5,09;8,99;319;true;true;true;0;8,97;0
1888;5,1;8,99;319;true;true;true;0;8,97;0
1889;5,11;8,99;319;true;true;true;0;8,97;0
1890;5,11;8,99;319;true;true;true;0;8,97;0
1891;5,12;8,99;319;true;true;true;0;8,97;0
1892;5,13;8,99;319;true;true;true;0;8,97;0
1893;5,13;8,99;319;true;true;true;0;8,97;0
1894;5,14;8,99;319;true;true;true;0;8,97;0
1895;5,14;8,99;319;true;true;true;0;8,97;0
1896;5,15;8,98;319;true;true;true;0;8,97;0
1897;5,16;8,98;319;true;true;true;0;8,97;0
1898;5,16;8,98;319;true;true;true;0;8,97;0
1899;5,17;8,98;319;true;true;true;0;8,96;0
1900;5,18;8,98;319;true;true;true;0;8,96;0
1901;5,18;8,98;319;true;true;true;0;8,96;0
1902;5,19;8,98;319;true;true;true;0;8,96;0
1903;5,2;8,98;319;true;true;true;0;8,96;0
1904;5,2;8,98;319;true;true;true;0;8,96;0
1905;5,21;8,98;319;true;true;true;0;8,96;0
1906;5,22;8,98;319;true;true;true;0;8,96;0
1907;5,22;8,98;319;true;true;true;0;8,96;0
1908;5,23;8,98;319;true;true;true;0;8,96;0
1909;5,23;8,98;319;true;true;true;0;8,96;0
1910;5,24;8,98;319;true;true;true;0;8,96;0
1911;5,25;8,98;319;true;true;true;0;8,96;0
1912;5,25;8,98;319;true;true;true;0;8,96;0
1913;5,26;8,97;319;true;true;true;0;8,96;0
1914;5,27;8,97;319;true;true;true;0;8,96;0
1915;5,27;8,97;319;true;true;true;0;8,96;0
1916;5,28;8,97;319;true;true;true;0;8,96;0
1917;5,28;8,97;319;true;true;true;0;8,96;0
1918;5,29;8,97;319;true;true;true;0;8,95;0
1919;5,3;8,97;319;true;true;true;0;8,95;0
1920;5,3;8,97;319;true;true;true;0;8,95;0
1921;5,31;8,97;319;true;true;true;0;8,95;0
1922;5,32;8,97;319;true;true;true;0;8,95;0
1923;5,32;8,97;319;true;true;true;0;8,95;0
1924;5,33;8,97;319;true;true;true;0;8,95;0
1925;5,34;8,97;319;true;true;true;0;8,95;0
1926;5,34;8,97;319;true;true;true;0;8,95;0
1927;5,35;8,97;319;true;true;true;0;8,95;0
1928;5,36;8,97;319;true;true;true;0;8,95;0
1929;5,36;8,97;319;true;true;true;0;8,95;0
1930;5,37;8,97;319;true;true;true;0;8,95;0
1931;5,38;8,97;319;true;true;true;0;8,95;0
1932;5,38;8,97;319;true;true;true;0;8,95;0
1933;5,39;8,97;319;true;true;true;0;8,95;0
1934;5,4;8,97;319;true;true;true;0;8,95;0
1935;5,4;8,97;319;true;true;true;0;8,95;0
1936;5,41;8,96;319;true;true;true;0;8,95;0
1937;5,42;8,96;319;true;true;true;0;8,95;0
1938;5,42;8,96;319;true;true;true;0;8,95;0
1939;5,43;8,96;319;true;true;true;0;8,95;0
1940;5,44;8,96;319;true;true;true;0;8,95;0
1941;5,44;8,96;319;true;true;true;0;8,95;0
1942;5,45;8,96;319;true;true;true;0;8,94;0
1943;5,46;8,96;319;true;true;true;0;8,94;0
1944;5,46;8,96;319;true;true;true;0;8,94;0
1945;5,47;8,96;319;true;true;true;0;8,94;0
1946;5,48;8,96;319;true;true;true;0;8,94;0
1947;5,48;8,96;319;true;true;true;0;8,94;0
1948;5,49;8,96;319;true;true;true;0;8,94;0
1949;5,49;8,96;319;true;true;true;0;8,94;0
1950;5,5;8,96;319;true;true;true;0;8,94;0
1951;5,51;8,96;319;true;true;true;0;8,94;0
1952;5,51;8,96;319;true;true;true;0;8,94;0
1953;5,52;8,96;319;true;true;true;0;8,94;0
1954;5,53;8,96;319;true;true;true;0;8,94;0
1955;5,53;8,96;319;true;true;true;0;8,94;0
1956;5,54;8,96;319;true;true;true;0;8,94;0
1957;5,55;8,96;319;true;true;true;0;8,94;0
1958;5,55;8,96;319;true;true;true;0;8,94;0
1959;5,56;8,96;319;true;true;true;0;8,94;0
1960;5,56;8,96;319;true;true;true;0;8,94;0
1961;5,57;8,96;319;true;true;true;0;8,94;0
1962;5,57;8,96;319;true;true;true;0;8,94;0
1963;5,58;8,96;319;true;true;true;0;8,94;0
1964;5,59;8,96;319;true;true;true;0;8,94;0
1965;5,59;8,96;319;true;true;true;0;8,94;0
1966;5,6;8,96;319;true;true;true;0;8,94;0
1967;5,61;8,96;319;true;true;true;0;8,94;0
1968;5,61;8,96;319;true;true;true;0;8,94;0
1969;5,66;8,96;319;true;true;true;0;8,94;0
1970;5,66;8,96;319;true;true;true;0;8,94;0
1971;5,67;8,95;319;true;true;true;0;8,94;0
1972;5,67;8,95;319;true;true;true;0;8,94;0
1973;5,68;8,95;319;true;true;true;0;8,94;0
1974;5,69;8,95;319;true;true;true;0;8,94;0
1975;5,69;8,95;319;true;true;true;0;8,94;0
1976;5,7;8,95;319;true;true;true;0;8,94;0
1977;5,71;8,95;319;true;true;true;0;8,94;0
1978;5,71;8,95;319;true;true;true;0;8,94;0
1979;5,72;8,95;319;true;true;true;0;8,94;0
1980;5,72;8,95;319;true;true;true;0;8,94;0
1981;5,73;8,95;319;true;true;true;0;8,93;0
1982;5,74;8,95;319;true;true;true;0;8,93;0
1983;5,74;8,95;319;true;true;true;0;8,93;0
1984;5,75;8,95;319;true;true;true;0;8,93;0
1985;5,76;8,95;319;true;true;true;0;8,93;0
1986;5,76;8,95;319;true;true;true;0;8,93;0
1987;5,77;8,95;319;true;true;true;0;8,93;0
1988;5,77;8,95;319;true;true;true;0;8,93;0
1989;5,78;8,95;319;true;true;true;0;8,93;0
1990;5,79;8,95;319;true;true;true;0;8,93;0
1991;5,79;8,95;319;true;true;true;0;8,93;0
1992;5,8;8,95;319;true;true;true;0;8,93;0
1993;5,8;8,95;319;true;true;true;0;8,93;0
1994;5,81;8,95;319;true;true;true;0;8,93;0
1995;5,82;8,95;319;true;true;true;0;8,93;0
1996;5,82;8,95;319;true;true;true;0;8,93;0
1997;5,83;8,95;319;true;true;true;0;8,93;0
1998;5,84;8,95;319;true;true;true;0;8,93;0
1999;5,84;8,95;319;true;true;true;0;8,93;0
2000;5,85;8,95;319;true;true;true;0;8,93;0
2001;5,86;8,95;319;true;true;true;0;8,93;0
2002;5,86;8,95;319;true;true;true;0;8,93;0
2003;5,87;8,95;319;true;true;true;0;8,93;0
2004;5,88;8,95;319;true;true;true;0;8,93;0
2005;5,88;8,95;319;true;true;true;0;8,93;0
2006;5,89;8,95;319;true;true;true;0;8,93;0
2007;5,89;8,95;319;true;true;true;0;8,93;0
2008;5,9;8,95;319;true;true;true;0;8,93;0
2009;5,91;8,95;319;true;true;true;0;8,93;0
2010;5,91;8,95;319;true;true;true;0;8,93;0
2011;5,92;8,95;319;true;true;true;0;8,93;0
2012;5,93;8,95;319;true;true;true;0;8,93;0
2013;5,93;8,95;319;true;true;true;0;8,93;0
2014;5,94;8,95;319;true;true;true;0;8,93;0
2015;5,94;8,95;319;true;true;true;0;8,93;0
2016;5,95;8,95;319;true;true;true;0;8,93;0
2017;5,96;8,95;319;true;true;true;0;8,93;0
2018;5,96;8,95;319;true;true;true;0;8,93;0
2019;5,97;8,95;319;true;true;true;0;8,93;0
2020;5,98;8,95;319;true;true;true;0;8,93;0
2021;5,98;8,95;319;true;true;true;0;8,93;0
2022;5,99;8,95;319;true;true;true;0;8,93;0
2023;6;8,95;319;true;true;true;0;8,93;0
2024;6;8,95;319;true;true;true;0;8,93;0
2025;6,01;8,95;319;true;true;true;0;8,93;0
2026;6,01;8,95;319;true;true;true;0;8,93;0
2027;6,02;8,95;319;true;true;true;0;8,93;0
2028;6,03;8,95;319;true;true;true;0;8,93;0
2029;6,03;8,95;319;true;true;true;0;8,93;0
2030;6,04;8,95;319;true;true;true;0;8,93;0
2031;6,05;8,95;319;true;true;true;0;8,93;0
2032;6,05;8,95;319;true;true;true;0;8,93;0
2033;6,06;8,95;319;true;true;true;0;8,93;0
2034;6,07;8,95;319;true;true;true;0;8,93;0
2035;6,07;8,95;319;true;true;true;0;8,93;0
2036;6,08;8,95;319;true;true;true;0;8,93;0
2037;6,09;8,95;319;true;true;true;0;8,93;0
2038;6,09;8,95;319;true;true;true;0;8,93;0
2039;6,1;8,95;319;true;true;true;0;8,93;0
2040;6,1;8,95;319;true;true;true;0;8,93;0
2041;6,11;8,94;319;true;true;true;0;8,93;0
2042;6,12;8,94;319;true;true;true;0;8,93;0
2043;6,12;8,94;319;true;true;true;0;8,93;0
2044;6,13;8,94;319;true;true;true;0;8,93;0
2045;6,14;8,94;319;true;true;true;0;8,93;0
2046;6,14;8,94;319;true;true;true;0;8,93;0
2047;6,15;8,94;319;true;true;true;0;8,93;0
2048;6,16;8,94;319;true;true;true;0;8,93;0
2049;6,16;8,94;319;true;true;true;0;8,93;0
2050;6,17;8,94;319;true;true;true;0;8,93;0
2051;6,17;8,94;319;true;true;true;0;8,93;0
2052;6,18;8,94;319;true;true;true;0;8,93;0
2053;6,19;8,94;319;true;true;true;0;8,93;0
2054;6,19;8,94;319;true;true;true;0;8,93;0
2055;6,2;8,94;319;true;true;true;0;8,93;0
2056;6,21;8,94;319;true;true;true;0;8,93;0
2057;6,21;8,94;319;true;true;true;0;8,93;0
2058;6,22;8,94;319;true;true;true;0;8,93;0
2059;6,22;8,94;319;true;true;true;0;8,93;0
2060;6,23;8,94;319;true;true;true;0;8,93;0
2061;6,24;8,94;319;true;true;true;0;8,93;0
2062;6,24;8,94;319;true;true;true;0;8,93;0
2063;6,25;8,94;319;true;true;true;0;8,93;0
2064;6,26;8,94;319;true;true;true;0;8,93;0
2065;6,26;8,94;319;true;true;true;0;8,93;0
2066;6,27;8,94;319;true;true;true;0;8,93;0
2067;6,28;8,94;319;true;true;true;0;8,93;0
2068;6,28;8,94;319;true;true;true;0;8,93;0
2069;6,29;8,94;319;true;true;true;0;8,93;0
2070;6,3;8,94;319;true;true;true;0;8,92;0
2071;6,3;8,94;319;true;true;true;0;8,92;0
2072;6,31;8,94;319;true;true;true;0;8,92;0
2073;6,32;8,94;319;true;true;true;0;8,92;0
2074;6,32;8,94;319;true;true;true;0;8,92;0
2075;6,33;8,94;319;true;true;true;0;8,92;0
2076;6,33;8,94;319;true;true;true;0;8,92;0
2077;6,34;8,94;319;true;true;true;0;8,92;0
2078;6,35;8,94;319;true;true;true;0;8,92;0
2079;6,35;8,94;319;true;true;true;0;8,92;0
2080;6,36;8,94;319;true;true;true;0;8,92;0
2081;6,36;8,94;319;true;true;true;0;8,92;0
2082;6,37;8,94;319;true;true;true;0;8,92;0
2083;6,38;8,94;319;true;true;true;0;8,92;0
2084;6,38;8,94;319;true;true;true;0;8,92;0
2085;6,39;8,94;319;true;true;true;0;8,92;0
2086;6,4;8,94;319;true;true;true;0;8,92;0
2087;6,4;8,94;319;true;true;true;0;8,92;0
2088;6,41;8,94;319;true;true;true;0;8,92;0
2089;6,41;8,94;319;true;true;true;0;8,92;0
2090;6,42;8,94;319;true;true;true;0;8,92;0
2091;6,43;8,94;319;true;true;true;0;8,92;0
2092;6,43;8,94;319;true;true;true;0;8,92;0
2093;6,44;8,94;319;true;true;true;0;8,92;0
2094;6,45;8,94;319;true;true;true;0;8,92;0
2095;6,45;8,94;319;true;true;true;0;8,92;0
2096;6,46;8,94;319;true;true;true;0;8,92;0
2097;6,47;8,94;319;true;true;true;0;8,92;0
2098;6,47;8,94;319;true;true;true;0;8,92;0
2099;6,48;8,94;319;true;true;true;0;8,92;0
2100;6,49;8,94;319;true;true;true;0;8,92;0
2101;6,49;8,94;319;true;true;true;0;8,92;0
2102;6,5;8,94;319;true;true;true;0;8,92;0
2103;6,5;8,94;319;true;true;true;0;8,92;0
2104;6,51;8,94;319;true;true;true;0;8,92;0
2105;6,52;8,94;319;true;true;true;0;8,92;0
2106;6,52;8,94;319;true;true;true;0;8,92;0
2107;6,53;8,94;319;true;true;true;0;8,92;0
2108;6,53;8,94;319;true;true;true;0;8,92;0
2109;6,54;8,94;319;true;true;true;0;8,92;0
2110;6,55;8,94;319;true;true;true;0;8,92;0
2111;6,55;8,94;319;true;true;true;0;8,92;0
2112;6,56;8,94;319;true;true;true;0;8,92;0
2113;6,57;8,94;319;true;true;true;0;8,92;0
2114;6,57;8,94;319;true;true;true;0;8,92;0
2115;6,58;8,94;319;true;true;true;0;8,92;0
2116;6,59;8,94;319;true;true;true;0;8,92;0
2117;6,59;8,94;319;true;true;true;0;8,92;0
2118;6,6;8,94;319;true;true;true;0;8,92;0
2119;6,6;8,94;319;true;true;true;0;8,92;0
2120;6,61;8,94;319;true;true;true;0;8,92;0
2121;6,62;8,94;319;true;true;true;0;8,92;0
2122;6,62;8,94;319;true;true;true;0;8,92;0
2123;6,63;8,94;319;true;true;true;0;8,92;0
2124;6,64;8,94;319;true;true;true;0;8,92;0
2125;6,64;8,94;319;true;true;true;0;8,92;0
2126;6,65;8,94;319;true;true;true;0;8,92;0
2127;6,66;8,94;319;true;true;true;0;8,92;0
2128;6,66;8,94;319;true;true;true;0;8,92;0
2129;6,67;8,94;319;true;true;true;0;8,92;0
2130;6,68;8,94;319;true;true;true;0;8,92;0
2131;6,68;8,94