lengthMiddleSegment: 84518.54
step_energy: 0.05
electrostatic_force_factor: 1.0
spring_force_factor: 0.1
reject_force_factor: 2.0
distanceRejectRadius: 21129.635
distanceSamePosition: 21129.635
Iteration;time;energy;num nodes;reject force is enabled;spring force is enabled;electrostatic force is enabled;str_force;rep_force;elec_force
1;0;48,78;1452;false;true;true;17,66;0;31,4
2;0,03;57,93;1399;false;true;true;21;0;38,24
3;0,33;54,95;1342;false;true;true;19,96;0;36,44
4;0,34;55,78;1291;false;true;true;19,32;0;38,22
5;0,35;54,87;1236;false;true;true;19,7;0;37,69
6;0,35;51,74;1178;false;true;true;20;0;33,13
7;0,36;49,54;1134;false;true;true;18,59;0;32,65
8;0,37;48,27;1083;false;true;true;19,36;0;31,35
9;0,38;47,01;1039;false;true;true;18,79;0;30,14
10;0,38;45,66;1008;false;true;true;17,83;0;30,7
11;0,39;45,41;978;false;true;true;18,11;0;31,56
12;0,4;44,2;944;false;true;true;17,72;0;29,93
13;0,4;41,34;912;false;true;true;16,84;0;26,89
14;0,41;39,13;887;false;true;true;16,03;0;25,87
15;0,41;37,94;857;false;true;true;16,83;0;23,58
16;0,42;37,31;833;false;true;true;16,47;0;23,17
17;0,42;35,42;809;false;true;true;16,46;0;20,67
18;0,43;35,1;792;false;true;true;15,52;0;22,17
19;0,43;33,43;770;false;true;true;15,54;0;21,3
20;0,44;33,27;757;false;true;true;15,57;0;22,49
21;0,44;33,37;739;false;true;true;16,69;0;21,44
22;0,45;32,09;724;false;true;true;15,69;0;20,39
23;0,45;30,07;707;false;true;true;15,45;0;17,43
24;0,45;29,25;697;false;true;true;14,26;0;17,76
25;0,46;28,94;683;false;true;true;14,64;0;17,62
26;0,46;28,3;671;false;true;true;14,38;0;17,81
27;0,46;26,22;659;false;true;true;14,99;0;15,7
28;0,47;25,65;651;false;true;true;14,87;0;16,12
29;0,47;25,06;641;false;true;true;15,04;0;14,79
30;0,48;24,07;633;false;true;true;14,64;0;14,11
31;0,48;25,11;630;false;true;true;14,4;0;17,24
32;0,48;25,75;620;false;true;true;15,19;0;16,27
33;0,49;23,39;610;false;true;true;14,81;0;13,19
34;0,49;22,47;605;false;true;true;13,44;0;12,84
35;0,49;23,11;601;false;true;true;13,7;0;14,54
36;0,49;21,54;593;false;true;true;13,31;0;11,82
37;0,5;22,43;591;false;true;true;13,61;0;14,43
38;0,5;21,95;584;false;true;true;13,49;0;13,26
39;0,5;21,81;577;false;true;true;13,91;0;12,34
40;0,51;21,36;573;false;true;true;13,44;0;12,7
41;0,51;20,49;567;false;true;true;12,64;0;11,07
42;0,51;19,42;563;false;true;true;12,38;0;10,9
43;0,52;20,25;561;false;true;true;12,63;0;12,64
44;0,52;20,24;554;false;true;true;13,31;0;11,43
45;0,52;18,48;548;false;true;true;12,87;0;9,35
46;0,53;18,33;547;false;true;true;11,98;0;10,8
47;0,53;18,78;545;false;true;true;12,13;0;12,11
48;0,53;18,69;540;false;true;true;13,13;0;11,63
49;0,54;18,29;535;false;true;true;13,44;0;10,68
50;0,54;18,1;532;false;true;true;13,13;0;11,17
51;0,54;18,32;529;false;true;true;13,13;0;11,75
52;0,55;18,23;526;false;true;true;13,08;0;12,17
53;0,55;17,75;522;false;true;true;13,2;0;11,8
54;0,55;17,08;518;false;true;true;12,87;0;11,2
55;0,56;16,93;515;false;true;true;12,61;0;11,23
56;0,56;16,66;511;false;true;true;12,74;0;10,61
57;0,56;17,3;507;false;true;true;12,99;0;10,49
58;0,56;16,66;501;false;true;true;12,4;0;8,32
59;0,57;15,94;498;false;true;true;11,7;0;7,95
60;0,57;15,64;497;false;true;true;11,06;0;8,75
61;0,57;15,71;496;false;true;true;11,37;0;9,9
62;0,57;16,04;494;false;true;true;12,31;0;10,72
63;0,58;16,44;489;false;true;true;12,4;0;9,33
64;0,58;16,57;486;false;true;true;12,53;0;9,62
65;0,58;15,98;482;false;true;true;11,91;0;8,4
66;0,59;15,35;479;false;true;true;11,45;0;7,88
67;0,59;14,99;478;false;true;true;11,25;0;8,74
68;0,59;14,96;476;false;true;true;11,36;0;9,02
69;0,6;15,69;476;false;true;true;12,05;0;11,04
70;0,6;16,01;470;false;true;true;12,54;0;9,15
71;0,6;15,2;466;false;true;true;11,74;0;7,77
72;0,61;15,11;466;false;true;true;11,36;0;9,3
73;0,61;15,24;463;false;true;true;11,43;0;9,46
74;0,61;14,86;460;false;true;true;11,44;0;8,86
75;0,61;14,99;457;false;true;true;11,12;0;8,17
76;0,62;14,33;453;false;true;true;11,2;0;7,01
77;0,62;13,9;452;false;true;true;10,8;0;7,45
78;0,62;14,09;452;false;true;true;10,69;0;8,95
79;0,62;13,7;447;false;true;true;10,74;0;7,01
80;0,63;13,56;447;false;true;true;10,84;0;8,14
81;0,63;13,8;446;false;true;true;11,27;0;8,93
82;0,63;13,99;444;false;true;true;11,6;0;9,17
83;0,64;13,99;441;false;true;true;11,77;0;8,72
84;0,64;13,77;438;false;true;true;11,36;0;7,88
85;0,64;13,29;436;false;true;true;10,77;0;7,66
86;0,64;13,13;434;false;true;true;10,98;0;7,82
87;0,65;12,88;433;false;true;true;10,92;0;8,16
88;0,65;12,92;432;false;true;true;11,38;0;8,74
89;0,65;13,11;431;false;true;true;11,68;0;9,3
90;0,65;13,11;428;false;true;true;11,82;0;8,63
91;0,66;13,03;426;false;true;true;11,67;0;8,57
92;0,66;13,01;425;false;true;true;11,8;0;9,14
93;0,66;13,66;423;false;true;true;11,94;0;9,34
94;0,66;13,71;420;false;true;true;12,28;0;8,97
95;0,67;13,38;416;false;true;true;11,39;0;7,07
96;0,67;13,37;416;false;true;true;11,16;0;8,38
97;0,67;13,22;412;false;true;true;10,63;0;6,92
98;0,67;12,43;410;false;true;true;10,33;0;6,45
99;0,67;12,09;410;false;true;true;10,27;0;7,21
100;0,68;12,18;410;false;true;true;10,56;0;8,25
101;0,68;12,3;409;false;true;true;11,32;0;8,72
102;0,68;12,69;408;false;true;true;11,91;0;9,44
103;0,68;13,23;405;false;true;true;11,93;0;9,17
104;0,69;12,63;400;false;true;true;11,44;0;6,71
105;0,69;12,08;400;false;true;true;10,88;0;7,54
106;0,69;12,23;399;false;true;true;10,58;0;7,81
107;0,69;12,28;398;false;true;true;10,63;0;8,2
108;0,69;11,58;396;false;true;true;10,85;0;7,55
109;0,7;11,88;396;false;true;true;11,33;0;8,78
110;0,7;12,18;394;false;true;true;11,57;0;8,75
111;0,7;12,17;391;false;true;true;11,39;0;7,91
112;0,7;11,98;389;false;true;true;11;0;7,42
113;0,71;11,8;388;false;true;true;10,92;0;7,63
114;0,71;12,11;386;false;true;true;10,55;0;7,28
115;0,71;12,11;384;false;true;true;10,61;0;7,01
116;0,71;11,68;383;false;true;true;10,71;0;6,93
117;0,72;12,12;381;false;true;true;10,01;0;6,91
118;0,72;11,78;379;false;true;true;9,82;0;6,48
119;0,72;11,52;378;false;true;true;9,69;0;6,51
120;0,72;11,3;377;false;true;true;9,72;0;6,49
121;0,72;11,41;377;false;true;true;10,09;0;7,51
122;0,73;11,53;374;false;true;true;10,48;0;6,61
123;0,73;10,77;373;false;true;true;10,32;0;6,02
124;0,73;10,85;372;false;true;true;9,94;0;6,67
125;0,73;10,84;371;false;true;true;10,01;0;6,91
126;0,74;10,86;370;false;true;true;10,22;0;7,07
127;0,74;10,63;368;false;true;true;10,03;0;6,32
128;0,74;10,49;368;false;true;true;10,09;0;7,07
129;0,74;10,74;367;false;true;true;10,61;0;6,9
130;0,74;10,56;366;false;true;true;10,6;0;6,93
131;0,75;10,39;364;false;true;true;10,3;0;6,04
132;0,75;10,4;364;false;true;true;10,24;0;6,89
133;0,75;10,45;363;false;true;true;10,16;0;7,11
134;0,75;10,34;361;false;true;true;9,67;0;6,33
135;0,76;10,67;360;false;true;true;9,85;0;7,27
136;0,76;10,95;358;false;true;true;10,05;0;7,43
137;0,76;11,16;357;false;true;true;10,25;0;8,53
138;0,76;11,26;354;false;true;true;10,23;0;7,98
139;0,77;10,47;350;false;true;true;10,06;0;6,49
140;0,77;10,08;349;false;true;true;9,62;0;6,4
141;0,77;9,58;348;false;true;true;9,25;0;6,16
142;0,77;9,3;347;false;true;true;9,18;0;6,01
143;0,77;9,17;347;false;true;true;9,26;0;6,65
144;0,78;8,94;346;false;true;true;9,16;0;6,41
145;0,78;9,04;346;false;true;true;9,62;0;7,16
146;0,78;9,29;345;false;true;true;10,07;0;7,4
147;0,78;9,04;343;false;true;true;9,72;0;6,46
148;0,79;8,77;342;false;true;true;9,57;0;6,27
149;0,79;8,72;342;false;true;true;9,55;0;6,89
150;0,79;8,94;341;false;true;true;9,63;0;6,9
151;0,79;8,7;340;false;true;true;9,65;0;6,67
152;0,79;8,86;340;false;true;true;9,94;0;7,47
153;0,8;8,98;337;false;true;true;9,21;0;5,83
154;0,8;8,67;336;false;true;true;9,07;0;5,64
155;0,8;8,41;336;false;true;true;9,04;0;6,06
156;0,8;8,38;336;false;true;true;9,25;0;6,59
157;0,8;8,4;335;false;true;true;9,41;0;6,41
158;0,81;8,42;334;false;true;true;9,56;0;6,23
159;0,81;8,2;334;false;true;true;9,71;0;6,69
160;0,81;8,25;334;false;true;true;9,97;0;7,29
161;0,81;8,49;333;false;true;true;10,11;0;7,36
162;0,81;8,77;332;false;true;true;10,3;0;7,5
163;0,82;8,71;330;false;true;true;10,19;0;6,66
164;0,82;8,53;329;false;true;true;9,72;0;6,29
165;0,82;8,5;329;false;true;true;9,63;0;6,9
166;0,82;8,82;328;false;true;true;9,71;0;6,96
167;0,82;8,62;326;false;true;true;9,26;0;6,05
168;0,83;8,29;325;false;true;true;8,76;0;5,64
169;0,83;8,12;325;false;true;true;8,75;0;6,05
170;0,83;8,15;325;false;true;true;9;0;6,58
171;0,83;8,55;324;false;true;true;9,32;0;6,62
172;0,83;8,12;323;false;true;true;9,35;0;6,25
173;0,84;8,06;323;false;true;true;9,5;0;6,76
174;0,84;8,31;323;false;true;true;9,78;0;7,52
175;0,84;8,76;321;false;true;true;9,93;0;7,07
176;0,84;8,13;319;false;true;true;9,42;0;5,83
177;0,84;7,86;319;false;true;true;9,22;0;6,2
178;0,85;7,8;319;false;true;true;9,19;0;6,65
179;0,85;7,96;319;false;true;true;9,45;0;7,28
180;0,85;8,1;318;false;true;true;9,57;0;7,21
181;0,85;7,98;316;false;true;true;9,55;0;6,23
182;0,85;7,75;316;false;true;true;9,49;0;6,66
183;0,86;7,75;316;false;true;true;9,59;0;7,2
184;0,86;8,05;316;false;true;true;9,88;0;7,99
185;0,86;8,36;313;false;true;true;9,82;0;6,63
186;0,86;8,04;312;false;true;true;9,42;0;6,43
187;0,86;7,9;312;false;true;true;9,35;0;6,98
188;0,87;8,04;311;false;true;true;9,33;0;6,97
189;0,87;8,18;310;false;true;true;9,29;0;6,87
190;0,87;7,96;308;false;true;true;9,14;0;5,92
191;0,87;7,76;307;false;true;true;8,5;0;5,53
192;0,87;7,44;307;false;true;true;8,35;0;5,85
193;0,88;7,28;307;false;true;true;8,43;0;6,23
194;0,88;7,29;307;false;true;true;8,8;0;6,72
195;0,88;7,28;306;false;true;true;9,07;0;6,56
196;0,88;7,37;305;false;true;true;9,17;0;6,37
197;0,88;7,32;305;false;true;true;9,25;0;6,92
198;0,89;7,12;304;false;true;true;9,07;0;6,48
199;0,89;7,06;302;false;true;true;8,86;0;5,58
200;0,89;6,8;302;false;true;true;8,75;0;5,91
201;0,89;6,79;302;false;true;true;8,84;0;6,37
202;0,9;6,6;301;false;true;true;8,64;0;5,9
203;0,9;6,5;301;false;true;true;8,71;0;6,24
204;0,9;6,57;301;false;true;true;8,95;0;6,71
205;0,9;6,92;299;false;true;true;8,66;0;5,65
206;0,9;6,65;299;false;true;true;8,55;0;5,98
207;0,91;6,64;299;false;true;true;8,67;0;6,41
208;0,91;6,88;299;false;true;true;8,96;0;7,04
209;0,91;6,85;297;false;true;true;8,78;0;6,07
210;0,91;6,91;296;false;true;true;8,61;0;5,77
211;0,91;6,79;296;false;true;true;8,57;0;6,17
212;0,92;6,88;295;false;true;true;8,47;0;5,93
213;0,92;6,82;295;false;true;true;8,54;0;6,4
214;0,92;7,05;294;false;true;true;8,37;0;6,1
215;0,92;7,21;293;false;true;true;8,33;0;6,09
216;0,92;6,9;291;false;true;true;7,77;0;4,87
217;0,93;6,56;291;false;true;true;7,64;0;5,15
218;0,93;6,41;291;false;true;true;7,64;0;5,48
219;0,93;6,49;291;false;true;true;7,79;0;5,98
220;0,93;6,34;289;false;true;true;7,55;0;4,81
221;0,93;6,06;289;false;true;true;7,52;0;5,03
222;0,94;5,91;289;false;true;true;7,62;0;5,29
223;0,94;5,89;289;false;true;true;7,76;0;5,62
224;0,94;5,92;288;false;true;true;7,81;0;5,21
225;0,94;5,81;288;false;true;true;7,92;0;5,5
226;0,94;5,88;288;false;true;true;8,08;0;5,91
227;0,96;5,78;287;false;true;true;8,01;0;5,48
228;0,96;5,82;287;false;true;true;8,1;0;5,89
229;0,97;5,88;285;false;true;true;7,81;0;4,76
230;0,97;5,54;285;false;true;true;7,55;0;4,91
231;0,97;5,32;285;false;true;true;7,48;0;5,07
232;0,97;5,2;285;false;true;true;7,5;0;5,23
233;0,98;5,13;285;false;true;true;7,66;0;5,41
234;0,98;5,09;285;false;true;true;7,88;0;5,62
235;0,98;5,11;285;false;true;true;8,11;0;5,86
236;0,98;5,18;285;false;true;true;8,34;0;6,16
237;0,98;5,39;285;false;true;true;8,62;0;6,6
238;0,99;5,52;283;false;true;true;8,31;0;5,56
239;0,99;5,43;283;false;true;true;8,25;0;5,83
240;0,99;5,49;283;false;true;true;8,31;0;6,18
241;0,99;5,71;283;false;true;true;8,46;0;6,69
242;0,99;5,98;281;false;true;true;8,23;0;5,72
243;1;5,95;280;false;true;true;8,01;0;5,39
244;1;5,81;279;false;true;true;7,58;0;4,84
245;1;5,53;279;false;true;true;7,34;0;5,03
246;1;5,38;279;false;true;true;7,32;0;5,27
247;1,01;5,39;279;false;true;true;7,47;0;5,6
248;1,01;5,34;278;false;true;true;7,4;0;5,06
249;1,01;5,28;278;false;true;true;7,48;0;5,36
250;1,01;5,04;277;false;true;true;7,28;0;4,76
251;1,01;4,83;277;false;true;true;7,2;0;4,87
252;1,02;4,67;277;false;true;true;7,22;0;4,99
253;1,02;4,55;277;false;true;true;7,28;0;5,11
254;1,02;4,45;277;false;true;true;7,4;0;5,24
255;1,02;4,39;277;false;true;true;7,55;0;5,38
256;1,02;4,35;277;false;true;true;7,69;0;5,54
257;1,03;4,36;277;false;true;true;7,84;0;5,75
258;1,03;4,45;277;false;true;true;8,01;0;6,05
259;1,03;4,43;276;false;true;true;7,86;0;5,46
260;1,03;4,31;276;false;true;true;7,84;0;5,63
261;1,03;4,28;276;false;true;true;7,88;0;5,83
262;1,04;4,34;276;false;true;true;7,98;0;6,11
263;1,04;4,47;275;false;true;true;7,94;0;5,7
264;1,04;4,43;275;false;true;true;7,93;0;5,98
265;1,04;4,28;274;false;true;true;7,58;0;5,38
266;1,04;4,13;274;false;true;true;7,52;0;5,53
267;1,05;4,05;274;false;true;true;7,58;0;5,69
268;1,05;4,03;274;false;true;true;7,67;0;5,89
269;1,05;4,11;274;false;true;true;7,83;0;6,18
270;1,05;4,12;273;false;true;true;7,67;0;5,57
271;1,05;3,99;273;false;true;true;7,65;0;5,74
272;1,05;3,97;273;false;true;true;7,71;0;5,96
273;1,06;4,16;272;false;true;true;7,6;0;5,45
274;1,06;3,99;272;false;true;true;7,57;0;5,6
275;1,06;3,9;272;false;true;true;7,6;0;5,76
276;1,06;3,88;272;false;true;true;7,67;0;5,98
277;1,06;3,99;272;false;true;true;7,84;0;6,31
278;1,06;4,08;271;false;true;true;7,58;0;5,72
279;1,06;3,97;270;false;true;true;7;0;4,87
280;1,07;3,79;270;false;true;true;6,91;0;4,99
281;1,07;3,68;270;false;true;true;6,97;0;5,1
282;1,07;3,62;270;false;true;true;7,08;0;5,23
283;1,07;3,59;270;false;true;true;7,19;0;5,37
284;1,07;3,59;270;false;true;true;7,31;0;5,53
285;1,07;3,63;270;false;true;true;7,46;0;5,73
286;1,07;3,72;270;false;true;true;7,62;0;5,97
287;1,08;3,91;270;false;true;true;7,82;0;6,32
288;1,08;4,3;270;false;true;true;8,1;0;6,9
289;1,08;4,42;267;false;true;true;7,38;0;4,9
290;1,08;4,17;267;false;true;true;7,1;0;5,07
291;1,09;4,08;267;false;true;true;6,95;0;5,28
292;1,09;4,22;266;false;true;true;6,49;0;4,38
293;1,09;4,11;266;false;true;true;6,43;0;4,47
294;1,1;4,06;266;false;true;true;6,5;0;4,62
295;1,1;4,08;266;false;true;true;6,6;0;4,84
296;1,1;3,94;265;false;true;true;6,16;0;4,04
297;1,1;3,84;265;false;true;true;6,13;0;4,19
298;1,1;3,81;265;false;true;true;6,16;0;4,37
299;1,1;3,87;265;false;true;true;6,27;0;4,63
300;1,1;4,2;264;false;true;true;6,45;0;4,72
301;1,1;4,12;264;false;true;true;6,41;0;5,05
302;1,11;3,62;263;false;true;true;6,44;0;4,67
303;1,11;3,67;263;false;true;true;6,56;0;4,96
304;1,12;3,82;262;false;true;true;6,56;0;4,54
305;1,12;3,84;261;false;true;true;6,23;0;3,92
306;1,12;3,63;261;false;true;true;6,04;0;4,02
307;1,12;3,51;261;false;true;true;5,93;0;4,14
308;1,12;3,46;261;false;true;true;5,92;0;4,29
309;1,12;3,5;261;false;true;true;6,07;0;4,51
310;1,12;3,58;260;false;true;true;5,78;0;3,82
311;1,13;3,44;260;false;true;true;5,73;0;3,94
312;1,13;3,41;260;false;true;true;5,75;0;4,1
313;1,13;3,41;259;false;true;true;5,51;0;3,55
314;1,13;3,27;259;false;true;true;5,49;0;3,61
315;1,13;3,17;259;false;true;true;5,48;0;3,67
316;1,14;3,1;259;false;true;true;5,5;0;3,74
317;1,14;3,05;259;false;true;true;5,53;0;3,81
318;1,14;3,03;259;false;true;true;5,61;0;3,91
319;1,14;3,05;259;false;true;true;5,7;0;4,03
320;1,14;3,15;259;false;true;true;5,81;0;4,24
321;1,14;3,12;258;false;true;true;5,65;0;3,58
322;1,14;2,98;258;false;true;true;5,54;0;3,62
323;1,15;2,87;258;false;true;true;5,46;0;3,66
324;1,15;2,79;258;false;true;true;5,41;0;3,71
325;1,15;2,72;258;false;true;true;5,43;0;3,75
326;1,15;2,67;258;false;true;true;5,48;0;3,79
327;1,15;2,63;258;false;true;true;5,52;0;3,84
328;1,15;2,6;258;false;true;true;5,57;0;3,89
329;1,15;2,57;258;false;true;true;5,61;0;3,94
330;1,16;2,55;258;false;true;true;5,65;0;3,99
331;1,16;2,53;258;false;true;true;5,69;0;4,05
332;1,16;2,52;258;false;true;true;5,73;0;4,12
333;1,16;2,52;258;false;true;true;5,78;0;4,19
334;1,16;2,54;258;false;true;true;5,84;0;4,28
335;1,16;2,57;258;false;true;true;5,91;0;4,38
336;1,16;2,62;258;false;true;true;5,99;0;4,52
337;1,17;2,72;258;false;true;true;6,09;0;4,7
338;1,17;2,9;258;false;true;true;6,22;0;4,98
339;1,17;3,04;257;false;true;true;6;0;4,51
340;1,17;3,13;256;false;true;true;5,8;0;3,96
341;1,17;3,06;256;false;true;true;5,66;0;4,14
342;1,17;3,11;255;false;true;true;5,26;0;3,46
343;1,17;2,9;255;false;true;true;5,05;0;3,5
344;1,18;2,75;255;false;true;true;5;0;3,53
345;1,18;2,64;255;false;true;true;4,99;0;3,57
346;1,18;2,55;255;false;true;true;5,06;0;3,6
347;1,18;2,48;255;false;true;true;5,12;0;3,64
348;1,18;2,42;255;false;true;true;5,17;0;3,67
349;1,18;2,37;255;false;true;true;5,21;0;3,7
350;1,18;2,32;255;false;true;true;5,24;0;3,73
351;1,19;2,29;255;false;true;true;5,27;0;3,76
352;1,19;2,25;255;false;true;true;5,3;0;3,79
353;1,19;2,21;255;false;true;true;5,32;0;3,83
354;1,19;2,19;255;false;true;true;5,35;0;3,86
355;1,19;2,16;255;false;true;true;5,37;0;3,9
356;1,2;2,14;255;false;true;true;5,39;0;3,94
357;1,2;2,13;255;false;true;true;5,42;0;3,98
358;1,2;2,11;255;false;true;true;5,45;0;4,02
359;1,2;2,1;255;false;true;true;5,47;0;4,07
360;1,2;2,1;255;false;true;true;5,51;0;4,12
361;1,21;2,11;255;false;true;true;5,55;0;4,19
362;1,21;2,13;255;false;true;true;5,6;0;4,27
363;1,21;2,16;255;false;true;true;5,65;0;4,37
364;1,21;2,24;255;false;true;true;5,73;0;4,51
365;1,21;2,41;255;false;true;true;5,83;0;4,75
366;1,21;2,35;254;false;true;true;5,5;0;4,04
367;1,21;2,32;254;false;true;true;5,45;0;4,14
368;1,22;2,35;254;false;true;true;5,45;0;4,28
369;1,22;2,51;253;false;true;true;5,19;0;3,63
370;1,22;2,36;253;false;true;true;5,06;0;3,66
371;1,22;2,24;253;false;true;true;4,99;0;3,69
372;1,22;2,16;253;false;true;true;4,98;0;3,72
373;1,23;2,09;253;false;true;true;5,03;0;3,74
374;1,23;2,03;253;false;true;true;5,07;0;3,77
375;1,23;1,99;253;false;true;true;5,1;0;3,79
376;1,23;1,95;253;false;true;true;5,13;0;3,82
377;1,23;1,92;253;false;true;true;5,15;0;3,84
378;1,23;1,89;253;false;true;true;5,17;0;3,87
379;1,23;1,86;253;false;true;true;5,19;0;3,89
380;1,23;1,84;253;false;true;true;5,21;0;3,92
381;1,24;1,82;253;false;true;true;5,23;0;3,94
382;1,24;1,81;253;false;true;true;5,25;0;3,97
383;1,24;1,8;253;false;true;true;5,27;0;4
384;1,24;1,79;253;false;true;true;5,29;0;4,04
385;1,24;1,78;253;false;true;true;5,31;0;4,08
386;1,24;1,78;253;false;true;true;5,33;0;4,12
387;1,25;1,79;253;false;true;true;5,36;0;4,16
388;1,25;1,8;253;false;true;true;5,4;0;4,22
389;1,25;1,82;253;false;true;true;5,44;0;4,29
390;1,25;1,87;253;false;true;true;5,49;0;4,39
391;1,25;1,96;253;false;true;true;5,56;0;4,53
392;1,25;2,03;252;false;true;true;5,3;0;3,94
393;1,26;1,96;252;false;true;true;5,22;0;3,99
394;1,26;1,93;252;false;true;true;5,18;0;4,05
395;1,26;1,92;252;false;true;true;5,17;0;4,12
396;1,26;1,95;252;false;true;true;5,2;0;4,22
397;1,26;2,04;252;false;true;true;5,29;0;4,39
398;1,26;2,17;251;false;true;true;4,97;0;3,62
399;1,26;2,03;251;false;true;true;4,87;0;3,64
400;1,26;1,94;251;false;true;true;4,81;0;3,66
401;1,27;1,88;251;false;true;true;4,79;0;3,68
402;1,27;1,83;251;false;true;true;4,83;0;3,7
403;1,27;1,79;251;false;true;true;4,86;0;3,72
404;1,27;1,75;251;false;true;true;4,89;0;3,74
405;1,27;1,72;251;false;true;true;4,9;0;3,76
406;1,27;1,69;251;false;true;true;4,92;0;3,78
407;1,27;1,67;251;false;true;true;4,94;0;3,8
408;1,28;1,65;251;false;true;true;4,95;0;3,82
409;1,28;1,63;251;false;true;true;4,96;0;3,84
410;1,28;1,62;251;false;true;true;4,98;0;3,86
411;1,28;1,6;251;false;true;true;4,99;0;3,88
412;1,28;1,59;251;false;true;true;5,01;0;3,91
413;1,28;1,58;251;false;true;true;5,02;0;3,94
414;1,29;1,58;251;false;true;true;5,04;0;3,97
415;1,29;1,58;251;false;true;true;5,06;0;4,01
416;1,29;1,59;251;false;true;true;5,09;0;4,05
417;1,29;1,61;251;false;true;true;5,12;0;4,11
418;1,29;1,65;251;false;true;true;5,17;0;4,19
419;1,29;1,73;251;false;true;true;5,22;0;4,32
420;1,29;1,78;250;false;true;true;4,92;0;3,69
421;1,29;1,7;250;false;true;true;4,83;0;3,71
422;1,29;1,64;250;false;true;true;4,77;0;3,73
423;1,29;1,6;250;false;true;true;4,73;0;3,74
424;1,3;1,56;250;false;true;true;4,72;0;3,76
425;1,3;1,54;250;false;true;true;4,74;0;3,77
426;1,3;1,51;250;false;true;true;4,76;0;3,79
427;1,3;1,49;250;false;true;true;4,78;0;3,8
428;1,3;1,48;250;false;true;true;4,8;0;3,82
429;1,3;1,46;250;false;true;true;4,81;0;3,83
430;1,36;1,45;250;false;true;true;4,82;0;3,85
431;1,36;1,43;250;false;true;true;4,84;0;3,86
432;1,37;1,42;250;false;true;true;4,85;0;3,88
433;1,37;1,41;250;false;true;true;4,86;0;3,89
434;1,37;1,4;250;false;true;true;4,87;0;3,91
435;1,37;1,39;250;false;true;true;4,89;0;3,92
436;1,37;1,38;250;false;true;true;4,89;0;3,94
437;1,37;1,37;250;false;true;true;4,9;0;3,96
438;1,37;1,36;250;false;true;true;4,92;0;3,97
439;1,37;1,36;250;false;true;true;4,93;0;3,99
440;1,37;1,35;250;false;true;true;4,95;0;4,02
441;1,38;1,35;250;false;true;true;4,96;0;4,04
442;1,38;1,35;250;false;true;true;4,98;0;4,06
443;1,38;1,36;250;false;true;true;5;0;4,09
444;1,38;1,36;250;false;true;true;5,03;0;4,13
445;1,38;1,37;250;false;true;true;5,05;0;4,17
446;1,38;1,39;250;false;true;true;5,08;0;4,21
447;1,38;1,42;250;false;true;true;5,12;0;4,28
448;1,38;1,48;250;false;true;true;5,17;0;4,37
449;1,38;1,58;250;false;true;true;5,23;0;4,51
450;1,38;1,61;249;false;true;true;4,91;0;3,84
451;1,39;1,53;249;false;true;true;4,82;0;3,87
452;1,39;1,49;249;false;true;true;4,76;0;3,89
453;1,39;1,47;249;false;true;true;4,72;0;3,91
454;1,39;1,45;249;false;true;true;4,72;0;3,92
455;1,39;1,43;249;false;true;true;4,74;0;3,94
456;1,39;1,42;249;false;true;true;4,77;0;3,96
457;1,39;1,41;249;false;true;true;4,81;0;3,98
458;1,39;1,4;249;false;true;true;4,83;0;4,01
459;1,39;1,39;249;false;true;true;4,86;0;4,03
460;1,4;1,38;249;false;true;true;4,89;0;4,05
461;1,4;1,37;249;false;true;true;4,91;0;4,08
462;1,4;1,36;249;false;true;true;4,94;0;4,1
463;1,4;1,36;249;false;true;true;4,96;0;4,13
464;1,4;1,36;249;false;true;true;4,99;0;4,16
465;1,4;1,36;249;false;true;true;5,02;0;4,2
466;1,4;1,37;249;false;true;true;5,06;0;4,25
467;1,4;1,39;249;false;true;true;5,1;0;4,3
468;1,4;1,42;249;false;true;true;5,14;0;4,36
469;1,41;1,46;249;false;true;true;5,19;0;4,45
470;1,41;1,54;249;false;true;true;5,27;0;4,58
471;1,41;1,81;248;false;true;true;4,85;0;3,91
472;1,41;1,73;248;false;true;true;4,76;0;3,97
473;1,41;1,68;248;false;true;true;4,75;0;4,03
474;1,41;1,67;248;false;true;true;4,82;0;4,1
475;1,42;1,67;248;false;true;true;4,9;0;4,18
476;1,42;1,7;248;false;true;true;4,99;0;4,29
477;1,42;1,78;248;false;true;true;5,08;0;4,45
478;1,42;1,68;247;false;true;true;4,51;0;3,58
479;1,42;1,69;247;false;true;true;4,54;0;3,66
480;1,42;1,74;247;false;true;true;4,6;0;3,79
481;1,42;1,89;247;false;true;true;4,68;0;4
482;1,42;1,8;246;false;true;true;4,29;0;3,22
483;1,42;1,76;246;false;true;true;4,15;0;3,25
484;1,43;1,73;246;false;true;true;4,09;0;3,28
485;1,43;1,69;246;false;true;true;4,07;0;3,31
486;1,43;1,67;246;false;true;true;4,1;0;3,34
487;1,43;1,63;246;false;true;true;4,15;0;3,37
488;1,43;1,61;246;false;true;true;4,2;0;3,41
489;1,43;1,59;246;false;true;true;4,25;0;3,46
490;1,43;1,58;246;false;true;true;4,31;0;3,51
491;1,44;1,59;246;false;true;true;4,36;0;3,57
492;1,44;1,62;246;false;true;true;4,42;0;3,66
493;1,44;1,7;246;false;true;true;4,5;0;3,8
494;1,44;1,84;245;false;true;true;4,22;0;3,11
495;1,44;1,71;245;false;true;true;4,1;0;3,14
496;1,44;1,61;245;false;true;true;4,02;0;3,16
497;1,44;1,54;245;false;true;true;3,99;0;3,17
498;1,44;1,48;245;false;true;true;4,01;0;3,19
499;1,44;1,44;245;false;true;true;4,03;0;3,21
500;1,45;1,39;245;false;true;true;4,05;0;3,23
501;1,45;1,36;245;false;true;true;4,07;0;3,24
502;1,45;1,34;245;false;true;true;4,09;0;3,26
503;1,45;1,32;245;false;true;true;4,1;0;3,28
504;1,45;1,3;245;false;true;true;4,12;0;3,3
505;1,45;1,28;245;false;true;true;4,13;0;3,32
506;1,45;1,27;245;false;true;true;4,15;0;3,34
507;1,45;1,26;245;false;true;true;4,17;0;3,36
508;1,45;1,26;245;false;true;true;4,18;0;3,39
509;1,45;1,26;245;false;true;true;4,2;0;3,42
510;1,46;1,27;245;false;true;true;4,22;0;3,45
511;1,46;1,29;245;false;true;true;4,25;0;3,49
512;1,46;1,31;245;false;true;true;4,27;0;3,55
513;1,46;1,36;245;false;true;true;4,31;0;3,62
514;1,46;1,46;245;false;true;true;4,36;0;3,74
515;1,46;1,73;244;false;true;true;3,87;0;3,1
516;1,46;1,53;244;false;true;true;3,87;0;2,99
517;1,46;1,44;244;false;true;true;3,84;0;3
518;1,47;1,37;244;false;true;true;3,81;0;3,01
519;1,47;1,32;244;false;true;true;3,81;0;3,02
520;1,47;1,28;244;false;true;true;3,84;0;3,03
521;1,47;1,24;244;false;true;true;3,86;0;3,04
522;1,47;1,22;244;false;true;true;3,88;0;3,05
523;1,47;1,2;244;false;true;true;3,9;0;3,06
524;1,47;1,17;244;false;true;true;3,91;0;3,07
525;1,48;1,15;244;false;true;true;3,92;0;3,08
526;1,48;1,13;244;false;true;true;3,93;0;3,09
527;1,48;1,11;244;false;true;true;3,93;0;3,1
528;1,48;1,1;244;false;true;true;3,94;0;3,11
529;1,48;1,09;244;false;true;true;3,95;0;3,13
530;1,49;1,08;244;false;true;true;3,95;0;3,14
531;1,49;1,07;244;false;true;true;3,96;0;3,15
532;1,49;1,06;244;false;true;true;3,97;0;3,16
533;1,49;1,05;244;false;true;true;3,97;0;3,18
534;1,49;1,05;244;false;true;true;3,98;0;3,19
535;1,49;1,05;244;false;true;true;4;0;3,21
536;1,49;1,04;244;false;true;true;4;0;3,22
537;1,5;1,05;244;false;true;true;4,02;0;3,24
538;1,5;1,05;244;false;true;true;4,03;0;3,27
539;1,5;1,06;244;false;true;true;4,05;0;3,29
540;1,5;1,07;244;false;true;true;4,07;0;3,32
541;1,5;1,08;244;false;true;true;4,09;0;3,36
542;1,5;1,11;244;false;true;true;4,12;0;3,42
543;1,5;1,16;244;false;true;true;4,16;0;3,49
544;1,5;1,24;244;false;true;true;4,21;0;3,61
545;1,5;1,32;243;false;true;true;3,92;0;2,97
546;1,5;1,23;243;false;true;true;3,82;0;2,99
547;1,51;1,18;243;false;true;true;3,76;0;3
548;1,51;1,14;243;false;true;true;3,71;0;3,01
549;1,51;1,11;243;false;true;true;3,7;0;3,03
550;1,51;1,08;243;false;true;true;3,72;0;3,04
551;1,51;1,06;243;false;true;true;3,74;0;3,05
552;1,51;1,04;243;false;true;true;3,77;0;3,06
553;1,51;1,03;243;false;true;true;3,78;0;3,07
554;1,52;1,01;243;false;true;true;3,79;0;3,08
555;1,52;1;243;false;true;true;3,8;0;3,09
556;1,52;0,98;243;false;true;true;3,81;0;3,1
557;1,52;0,97;243;false;true;true;3,82;0;3,11
558;1,52;0,97;243;false;true;true;3,83;0;3,12
559;1,52;0,95;243;false;true;true;3,83;0;3,13
560;1,52;0,95;243;false;true;true;3,84;0;3,14
561;1,52;0,94;243;false;true;true;3,85;0;3,16
562;1,52;0,93;243;false;true;true;3,86;0;3,17
563;1,53;0,93;243;false;true;true;3,87;0;3,18
564;1,53;0,92;243;false;true;true;3,88;0;3,19
565;1,53;0,92;243;false;true;true;3,89;0;3,21
566;1,53;0,92;243;false;true;true;3,9;0;3,22
567;1,53;0,91;243;false;true;true;3,91;0;3,24
568;1,53;0,92;243;false;true;true;3,92;0;3,26
569;1,53;0,91;243;false;true;true;3,93;0;3,28
570;1,54;0,91;243;false;true;true;3,94;0;3,3
571;1,54;0,92;243;false;true;true;3,96;0;3,32
572;1,54;0,93;243;false;true;true;3,98;0;3,35
573;1,54;0,94;243;false;true;true;4;0;3,39
574;1,54;0,96;243;false;true;true;4,03;0;3,43
575;1,54;0,99;243;false;true;true;4,06;0;3,49
576;1,54;1,05;243;false;true;true;4,11;0;3,57
577;1,54;1,16;243;false;true;true;4,17;0;3,72
578;1,54;1,18;242;false;true;true;3,83;0;3,03
579;1,54;1,11;242;false;true;true;3,74;0;3,04
580;1,55;1,06;242;false;true;true;3,69;0;3,06
581;1,55;1,02;242;false;true;true;3,65;0;3,07
582;1,55;0,99;242;false;true;true;3,65;0;3,08
583;1,55;0,97;242;false;true;true;3,68;0;3,09
584;1,55;0,94;242;false;true;true;3,7;0;3,1
585;1,55;0,93;242;false;true;true;3,72;0;3,11
586;1,55;0,92;242;false;true;true;3,74;0;3,12
587;1,55;0,9;242;false;true;true;3,75;0;3,13
588;1,55;0,89;242;false;true;true;3,76;0;3,14
589;1,55;0,87;242;false;true;true;3,77;0;3,15
590;1,56;0,87;242;false;true;true;3,78;0;3,16
591;1,56;0,85;242;false;true;true;3,78;0;3,17
592;1,56;0,85;242;false;true;true;3,8;0;3,18
593;1,56;0,84;242;false;true;true;3,8;0;3,19
594;1,56;0,83;242;false;true;true;3,81;0;3,2
595;1,56;0,82;242;false;true;true;3,82;0;3,21
596;1,56;0,82;242;false;true;true;3,82;0;3,22
597;1,56;0,81;242;false;true;true;3,83;0;3,23
598;1,57;0,81;242;false;true;true;3,84;0;3,25
599;1,57;0,8;242;false;true;true;3,85;0;3,26
600;1,57;0,8;242;false;true;true;3,85;0;3,27
601;1,57;0,79;242;false;true;true;3,86;0;3,29
602;1,57;0,79;242;false;true;true;3,87;0;3,3
603;1,57;0,79;242;false;true;true;3,89;0;3,32
604;1,57;0,79;242;false;true;true;3,9;0;3,33
605;1,58;0,8;242;false;true;true;3,91;0;3,35
606;1,58;0,8;242;false;true;true;3,93;0;3,38
607;1,58;0,81;242;false;true;true;3,95;0;3,4
608;1,58;0,82;242;false;true;true;3,96;0;3,43
609;1,58;0,83;242;false;true;true;3,99;0;3,46
610;1,58;0,85;242;false;true;true;4,01;0;3,51
611;1,58;0,89;242;false;true;true;4,05;0;3,57
612;1,58;0,94;242;false;true;true;4,09;0;3,65
613;1,58;1,04;242;false;true;true;4,15;0;3,79
614;1,58;1,07;241;false;true;true;3,8;0;3,1
615;1,59;1;241;false;true;true;3,71;0;3,11
616;1,59;0,95;241;false;true;true;3,66;0;3,13
617;1,59;0,91;241;false;true;true;3,62;0;3,14
618;1,59;0,88;241;false;true;true;3,63;0;3,15
619;1,59;0,87;241;false;true;true;3,66;0;3,16
620;1,59;0,85;241;false;true;true;3,68;0;3,17
621;1,59;0,83;241;false;true;true;3,71;0;3,18
622;1,6;0,81;241;false;true;true;3,72;0;3,19
623;1,6;0,81;241;false;true;true;3,74;0;3,2
624;1,6;0,79;241;false;true;true;3,75;0;3,21
625;1,6;0,78;241;false;true;true;3,76;0;3,22
626;1,6;0,77;241;false;true;true;3,76;0;3,23
627;1,6;0,76;241;false;true;true;3,77;0;3,24
628;1,6;0,75;241;false;true;true;3,78;0;3,25
629;1,6;0,74;241;false;true;true;3,78;0;3,26
630;1,6;0,73;241;false;true;true;3,79;0;3,27
631;1,61;0,72;241;false;true;true;3,8;0;3,28
632;1,61;0,72;241;false;true;true;3,8;0;3,29
633;1,61;0,71;241;false;true;true;3,82;0;3,3
634;1,61;0,71;241;false;true;true;3,82;0;3,31
635;1,61;0,71;241;false;true;true;3,83;0;3,32
636;1,61;0,7;241;false;true;true;3,84;0;3,33
637;1,61;0,69;241;false;true;true;3,84;0;3,35
638;1,62;0,69;241;false;true;true;3,85;0;3,36
639;1,62;0,69;241;false;true;true;3,86;0;3,37
640;1,62;0,69;241;false;true;true;3,87;0;3,39
641;1,62;0,68;241;false;true;true;3,88;0;3,4
642;1,62;0,68;241;false;true;true;3,89;0;3,42
643;1,62;0,68;241;false;true;true;3,9;0;3,43
644;1,62;0,68;241;false;true;true;3,91;0;3,45
645;1,63;0,68;241;false;true;true;3,93;0;3,47
646;1,63;0,68;241;false;true;true;3,94;0;3,49
647;1,63;0,69;241;false;true;true;3,96;0;3,52
648;1,63;0,7;241;false;true;true;3,98;0;3,55
649;1,63;0,72;241;false;true;true;4,01;0;3,58
650;1,63;0,74;241;false;true;true;4,03;0;3,63
651;1,63;0,77;241;false;true;true;4,07;0;3,68
652;1,63;0,82;241;false;true;true;4,11;0;3,77
653;1,64;0,92;241;false;true;true;4,18;0;3,9
654;1,64;0,97;240;false;true;true;3,82;0;3,22
655;1,64;0,89;240;false;true;true;3,73;0;3,23
656;1,64;0,84;240;false;true;true;3,68;0;3,25
657;1,64;0,81;240;false;true;true;3,65;0;3,26
658;1,64;0,78;240;false;true;true;3,66;0;3,27
659;1,64;0,76;240;false;true;true;3,69;0;3,28
660;1,64;0,74;240;false;true;true;3,72;0;3,3
661;1,64;0,72;240;false;true;true;3,73;0;3,31
662;1,64;0,7;240;false;true;true;3,75;0;3,32
663;1,65;0,69;240;false;true;true;3,77;0;3,33
664;1,65;0,68;240;false;true;true;3,78;0;3,34
665;1,65;0,67;240;false;true;true;3,79;0;3,35
666;1,65;0,66;240;false;true;true;3,8;0;3,36
667;1,65;0,65;240;false;true;true;3,81;0;3,38
668;1,65;0,64;240;false;true;true;3,82;0;3,39
669;1,65;0,63;240;false;true;true;3,83;0;3,4
670;1,65;0,62;240;false;true;true;3,83;0;3,41
671;1,65;0,62;240;false;true;true;3,84;0;3,43
672;1,66;0,61;240;false;true;true;3,85;0;3,44
673;1,66;0,61;240;false;true;true;3,86;0;3,45
674;1,66;0,6;240;false;true;true;3,87;0;3,47
675;1,66;0,6;240;false;true;true;3,89;0;3,48
676;1,66;0,6;240;false;true;true;3,9;0;3,5
677;1,66;0,6;240;false;true;true;3,91;0;3,52
678;1,67;0,59;240;false;true;true;3,92;0;3,54
679;1,67;0,59;240;false;true;true;3,93;0;3,56
680;1,67;0,59;240;false;true;true;3,95;0;3,58
681;1,67;0,6;240;false;true;true;3,96;0;3,61
682;1,67;0,6;240;false;true;true;3,98;0;3,64
683;1,67;0,62;240;false;true;true;4,01;0;3,67
684;1,67;0,63;240;false;true;true;4,03;0;3,72
685;1,67;0,66;240;false;true;true;4,06;0;3,77
686;1,67;0,71;240;false;true;true;4,1;0;3,85
687;1,68;0,79;240;false;true;true;4,16;0;3,97
688;1,68;1,1;239;false;true;true;3,8;0;3,34
689;1,68;1;239;false;true;true;3,67;0;3,39
690;1,68;0,94;239;false;true;true;3,67;0;3,43
691;1,68;0,92;239;false;true;true;3,73;0;3,48
692;1,68;0,92;239;false;true;true;3,8;0;3,53
693;1,68;0,93;239;false;true;true;3,87;0;3,59
694;1,68;0,96;239;false;true;true;3,95;0;3,66
695;1,68;1,01;239;false;true;true;4,03;0;3,75
696;1,68;1,09;239;false;true;true;4,11;0;3,89
697;1,69;1,28;239;false;true;true;4,22;0;4,14
698;1,69;1,18;238;false;true;true;4,03;0;3,42
699;1,69;1,09;238;false;true;true;3,93;0;3,46
700;1,69;1,03;238;false;true;true;3,87;0;3,5
701;1,69;1;238;false;true;true;3,84;0;3,55
702;1,69;0,99;238;false;true;true;3,91;0;3,6
703;1,69;0,99;238;false;true;true;3,98;0;3,65
704;1,69;1;238;false;true;true;4,05;0;3,71
705;1,69;1,03;238;false;true;true;4,12;0;3,79
706;1,7;1,08;238;false;true;true;4,19;0;3,89
707;1,7;1,17;238;false;true;true;4,28;0;4,05
708;1,7;1,24;237;false;true;true;3,91;0;3,36
709;1,7;1,17;237;false;true;true;3,86;0;3,41
710;1,7;1,13;237;false;true;true;3,84;0;3,46
711;1,7;1,11;237;false;true;true;3,85;0;3,51
712;1,7;1,11;237;false;true;true;3,91;0;3,58
713;1,7;1,13;237;false;true;true;3,98;0;3,65
714;1,7;1,16;237;false;true;true;4,06;0;3,76
715;1,71;1,25;237;false;true;true;4,15;0;3,91
716;1,71;1,43;236;false;true;true;4,07;0;3,34
717;1,71;1,31;236;false;true;true;3,95;0;3,4
718;1,71;1,25;236;false;true;true;3,89;0;3,47
719;1,71;1,24;236;false;true;true;3,87;0;3,57
720;1,71;1,3;236;false;true;true;3,94;0;3,74
721;1,71;1,41;235;false;true;true;3,53;0;2,91
722;1,71;1,27;235;false;true;true;3,44;0;2,93
723;1,72;1,17;235;false;true;true;3,38;0;2,95
724;1,72;1,1;235;false;true;true;3,4;0;2,97
725;1,72;1,03;235;false;true;true;3,44;0;2,99
726;1,72;0,99;235;false;true;true;3,48;0;3,01
727;1,72;0,95;235;false;true;true;3,5;0;3,03
728;1,72;0,91;235;false;true;true;3,53;0;3,04
729;1,72;0,88;235;false;true;true;3,54;0;3,06
730;1,72;0,85;235;false;true;true;3,55;0;3,08
731;1,73;0,82;235;false;true;true;3,57;0;3,09
732;1,73;0,8;235;false;true;true;3,58;0;3,11
733;1,73;0,78;235;false;true;true;3,58;0;3,12
734;1,73;0,75;235;false;true;true;3,59;0;3,14
735;1,73;0,74;235;false;true;true;3,6;0;3,16
736;1,73;0,72;235;false;true;true;3,61;0;3,17
737;1,74;0,71;235;false;true;true;3,62;0;3,19
738;1,74;0,7;235;false;true;true;3,63;0;3,21
739;1,74;0,69;235;false;true;true;3,64;0;3,22
740;1,74;0,67;235;false;true;true;3,65;0;3,24
741;1,74;0,67;235;false;true;true;3,66;0;3,26
742;1,74;0,66;235;false;true;true;3,68;0;3,28
743;1,74;0,66;235;false;true;true;3,69;0;3,31
744;1,74;0,66;235;false;true;true;3,71;0;3,33
745;1,74;0,66;235;false;true;true;3,73;0;3,36
746;1,74;0,65;235;false;true;true;3,74;0;3,38
747;1,75;0,66;235;false;true;true;3,77;0;3,42
748;1,75;0,67;235;false;true;true;3,79;0;3,45
749;1,75;0,68;235;false;true;true;3,82;0;3,5
750;1,75;0,7;235;false;true;true;3,85;0;3,55
751;1,75;0,74;235;false;true;true;3,89;0;3,63
752;1,75;0,81;235;false;true;true;3,95;0;3,73
753;1,75;0,95;235;false;true;true;4,03;0;3,92
754;1,75;1,02;234;false;true;true;3,69;0;3,12
755;1,75;0,91;234;false;true;true;3,58;0;3,15
756;1,76;0,84;234;false;true;true;3,51;0;3,18
757;1,76;0,79;234;false;true;true;3,5;0;3,22
758;1,76;0,76;234;false;true;true;3,54;0;3,26
759;1,76;0,75;234;false;true;true;3,58;0;3,31
760;1,76;0,76;234;false;true;true;3,62;0;3,38
761;1,76;0,82;234;false;true;true;3,68;0;3,5
762;1,76;1,01;233;false;true;true;3,25;0;2,72
763;1,76;0,84;233;false;true;true;3,1;0;2,74
764;1,76;0,72;233;false;true;true;3,01;0;2,75
765;1,77;0,65;233;false;true;true;3,02;0;2,76
766;1,77;0,59;233;false;true;true;3,04;0;2,77
767;1,77;0,55;233;false;true;true;3,06;0;2,77
768;1,77;0,51;233;false;true;true;3,08;0;2,78
769;1,77;0,49;233;false;true;true;3,1;0;2,79
770;1,77;0,47;233;false;true;true;3,1;0;2,79
771;1,77;0,45;233;false;true;true;3,11;0;2,8
772;1,77;0,44;233;false;true;true;3,12;0;2,8
773;1,77;0,43;233;false;true;true;3,12;0;2,81
774;1,78;0,42;233;false;true;true;3,13;0;2,81
775;1,78;0,42;233;false;true;true;3,13;0;2,82
776;1,78;0,41;233;false;true;true;3,14;0;2,82
777;1,78;0,41;233;false;true;true;3,14;0;2,83
778;1,78;0,4;233;false;true;true;3,14;0;2,83
779;1,78;0,4;233;false;true;true;3,15;0;2,83
780;1,79;0,4;233;false;true;true;3,15;0;2,84
781;1,79;0,4;233;false;true;true;3,15;0;2,84
782;1,79;0,39;233;false;true;true;3,15;0;2,85
783;1,79;0,39;233;false;true;true;3,16;0;2,86
784;1,79;0,39;233;false;true;true;3,16;0;2,86
785;1,79;0,4;233;false;true;true;3,17;0;2,87
786;1,79;0,4;233;false;true;true;3,17;0;2,87
787;1,79;0,4;233;false;true;true;3,18;0;2,88
788;1,79;0,39;233;false;true;true;3,18;0;2,89
789;1,8;0,39;233;false;true;true;3,19;0;2,89
790;1,8;0,4;233;false;true;true;3,19;0;2,9
791;1,8;0,39;233;false;true;true;3,2;0;2,91
792;1,8;0,4;233;false;true;true;3,21;0;2,92
793;1,8;0,4;233;false;true;true;3,21;0;2,93
794;1,8;0,4;233;false;true;true;3,22;0;2,94
795;1,8;0,41;233;false;true;true;3,23;0;2,95
796;1,8;0,41;233;false;true;true;3,24;0;2,96
797;1,8;0,42;233;false;true;true;3,25;0;2,97
798;1,81;0,42;233;false;true;true;3,26;0;2,99
799;1,81;0,43;233;false;true;true;3,28;0;3,01
800;1,81;0,44;233;false;true;true;3,29;0;3,03
801;1,81;0,46;233;false;true;true;3,31;0;3,06
802;1,81;0,48;233;false;true;true;3,34;0;3,1
803;1,81;0,51;233;false;true;true;3,37;0;3,14
804;1,81;0,56;233;false;true;true;3,41;0;3,21
805;1,81;0,66;233;false;true;true;3,46;0;3,33
806;1,81;0,74;232;false;true;true;3,01;0;2,6
807;1,82;0,68;232;false;true;true;2,94;0;2,6
808;1,82;0,63;232;false;true;true;2,89;0;2,61
809;1,82;0,6;232;false;true;true;2,88;0;2,62
810;1,82;0,57;232;false;true;true;2,91;0;2,62
811;1,82;0,55;232;false;true;true;2,93;0;2,63
812;1,82;0,53;232;false;true;true;2,95;0;2,63
813;1,82;0,52;232;false;true;true;2,96;0;2,64
814;1,82;0,51;232;false;true;true;2,98;0;2,64
815;1,82;0,49;232;false;true;true;2,98;0;2,64
816;1,82;0,48;232;false;true;true;2,99;0;2,64
817;1,83;0,47;232;false;true;true;2,99;0;2,65
818;1,83;0,47;232;false;true;true;2,99;0;2,65
819;1,83;0,46;232;false;true;true;3;0;2,65
820;1,83;0,45;232;false;true;true;3;0;2,65
821;1,83;0,44;232;false;true;true;3;0;2,66
822;1,83;0,44;232;false;true;true;3;0;2,66
823;1,83;0,43;232;false;true;true;3;0;2,66
824;1,83;0,43;232;false;true;true;3;0;2,66
825;1,83;0,42;232;false;true;true;3;0;2,66
826;1,83;0,42;232;false;true;true;3;0;2,66
827;1,84;0,41;232;false;true;true;3;0;2,67
828;1,84;0,41;232;false;true;true;3;0;2,67
829;1,84;0,4;232;false;true;true;2,99;0;2,67
830;1,84;0,4;232;false;true;true;2,99;0;2,67
831;1,84;0,39;232;false;true;true;2,99;0;2,67
832;1,84;0,39;232;false;true;true;3;0;2,67
833;1,84;0,39;232;false;true;true;2,99;0;2,67
834;1,84;0,38;232;false;true;true;2,99;0;2,68
835;1,84;0,38;232;false;true;true;2,99;0;2,68
836;1,85;0,37;232;false;true;true;2,99;0;2,68
837;1,85;0,37;232;false;true;true;2,99;0;2,68
838;1,85;0,37;232;false;true;true;2,99;0;2,68
839;1,85;0,36;232;false;true;true;2,98;0;2,68
840;1,85;0,36;232;false;true;true;2,98;0;2,68
841;1,86;0,36;232;false;true;true;2,98;0;2,68
842;1,86;0,36;232;false;true;true;2,98;0;2,68
843;1,86;0,35;232;false;true;true;2,98;0;2,68
844;1,86;0,35;232;false;true;true;2,98;0;2,69
845;1,86;0,34;232;false;true;true;2,97;0;2,69
846;1,86;0,34;232;false;true;true;2,97;0;2,69
847;1,86;0,34;232;false;true;true;2,97;0;2,69
848;1,87;0,34;232;false;true;true;2,97;0;2,69
849;1,87;0,33;232;false;true;true;2,97;0;2,69
850;1,87;0,33;232;false;true;true;2,97;0;2,69
851;1,87;0,32;232;false;true;true;2,97;0;2,69
852;1,87;0,32;232;false;true;true;2,97;0;2,69
853;1,87;0,32;232;false;true;true;2,96;0;2,69
854;1,87;0,32;232;false;true;true;2,96;0;2,7
855;1,87;0,31;232;false;true;true;2,96;0;2,7
856;1,87;0,31;232;false;true;true;2,96;0;2,7
857;1,87;0,31;232;false;true;true;2,96;0;2,7
858;1,88;0,31;232;false;true;true;2,96;0;2,7
859;1,88;0,3;232;false;true;true;2,96;0;2,7
860;1,88;0,3;232;false;true;true;2,95;0;2,7
861;1,88;0,3;232;false;true;true;2,95;0;2,7
862;1,88;0,3;232;false;true;true;2,95;0;2,7
863;1,88;0,3;232;false;true;true;2,95;0;2,7
864;1,88;0,29;232;false;true;true;2,95;0;2,7
865;1,88;0,29;232;false;true;true;2,95;0;2,7
866;1,88;0,29;232;false;true;true;2,95;0;2,7
867;1,88;0,29;232;false;true;true;2,95;0;2,71
868;1,88;0,29;232;false;true;true;2,95;0;2,71
869;1,89;0,28;232;false;true;true;2,95;0;2,71
870;1,89;0,28;232;false;true;true;2,95;0;2,71
871;1,89;0,28;232;false;true;true;2,95;0;2,71
872;1,89;0,28;232;false;true;true;2,94;0;2,71
873;1,89;0,27;232;false;true;true;2,94;0;2,71
874;1,89;0,27;232;false;true;true;2,94;0;2,71
875;1,89;0,27;232;false;true;true;2,94;0;2,71
876;1,89;0,27;232;false;true;true;2,94;0;2,71
877;1,9;0,27;232;false;true;true;2,94;0;2,71
878;1,9;0,27;232;false;true;true;2,94;0;2,71
879;1,9;0,27;232;false;true;true;2,94;0;2,71
880;1,9;0,27;232;false;true;true;2,94;0;2,71
881;1,9;0,27;232;false;true;true;2,94;0;2,72
882;1,9;0,26;232;false;true;true;2,94;0;2,72
883;1,9;0,26;232;false;true;true;2,93;0;2,72
884;1,9;0,25;232;false;true;true;2,93;0;2,72
885;1,9;0,25;232;false;true;true;2,93;0;2,72
886;1,91;0,25;232;false;true;true;2,93;0;2,72
887;1,91;0,25;232;false;true;true;2,93;0;2,72
888;1,91;0,25;232;false;true;true;2,93;0;2,72
889;1,91;0,25;232;false;true;true;2,93;0;2,72
890;1,91;0,25;232;false;true;true;2,93;0;2,72
891;1,91;0,24;232;false;true;true;2,93;0;2,72
892;1,91;0,25;232;false;true;true;2,93;0;2,72
893;1,91;0,24;232;false;true;true;2,93;0;2,72
894;1,92;0,24;232;false;true;true;2,93;0;2,72
895;1,92;0,24;232;false;true;true;2,92;0;2,72
896;1,92;0,24;232;false;true;true;2,93;0;2,72
897;1,92;0,24;232;false;true;true;2,93;0;2,73
898;1,92;0,24;232;false;true;true;2,93;0;2,73
899;1,93;0,24;232;false;true;true;2,93;0;2,73
900;1,93;0,24;232;false;true;true;2,93;0;2,73
901;1,93;0,23;232;false;true;true;2,92;0;2,73
902;1,93;0,23;232;false;true;true;2,93;0;2,73
903;1,93;0,23;232;false;true;true;2,93;0;2,73
904;1,93;0,23;232;false;true;true;2,92;0;2,73
905;1,94;0,23;232;false;true;true;2,92;0;2,73
906;1,94;0,23;232;false;true;true;2,92;0;2,73
907;1,94;0,23;232;false;true;true;2,92;0;2,73
908;1,94;0,23;232;false;true;true;2,92;0;2,73
909;1,94;0,22;232;false;true;true;2,92;0;2,73
910;1,94;0,22;232;false;true;true;2,92;0;2,73
911;1,94;0,22;232;false;true;true;2,92;0;2,73
912;1,95;0,22;232;false;true;true;2,92;0;2,73
913;1,95;0,22;232;false;true;true;2,92;0;2,73
914;1,95;0,22;232;false;true;true;2,92;0;2,73
915;1,95;0,22;232;false;true;true;2,92;0;2,74
916;1,95;0,22;232;false;true;true;2,92;0;2,74
917;1,95;0,22;232;false;true;true;2,92;0;2,74
918;1,95;0,22;232;false;true;true;2,92;0;2,74
919;1,95;0,21;232;false;true;true;2,92;0;2,74
920;1,95;0,21;232;false;true;true;2,92;0;2,74
921;1,95;0,21;232;false;true;true;2,92;0;2,74
922;1,96;0,21;232;false;true;true;2,91;0;2,74
923;1,96;0,21;232;false;true;true;2,92;0;2,74
924;1,96;0,21;232;false;true;true;2,92;0;2,74
925;1,96;0,21;232;false;true;true;2,92;0;2,74
926;1,96;0,21;232;false;true;true;2,92;0;2,74
927;1,96;0,21;232;false;true;true;2,92;0;2,74
928;1,96;0,21;232;false;true;true;2,92;0;2,74
929;1,96;0,21;232;false;true;true;2,92;0;2,74
930;1,96;0,21;232;false;true;true;2,92;0;2,74
931;1,96;0,2;232;false;true;true;2,92;0;2,74
932;1,97;0,2;232;false;true;true;2,92;0;2,74
933;1,97;0,2;232;false;true;true;2,92;0;2,74
934;1,97;0,2;232;false;true;true;2,91;0;2,74
935;1,97;0,2;232;false;true;true;2,91;0;2,74
936;1,97;0,2;232;false;true;true;2,92;0;2,75
937;1,97;0,2;232;false;true;true;2,91;0;2,75
938;1,98;0,2;232;false;true;true;2,91;0;2,75
939;1,98;0,2;232;false;true;true;2,91;0;2,75
940;1,98;0,2;232;false;true;true;2,91;0;2,75
941;1,98;0,19;232;false;true;true;2,91;0;2,75
942;1,98;0,19;232;false;true;true;2,91;0;2,75
943;1,98;0,19;232;false;true;true;2,91;0;2,75
944;1,98;0,19;232;false;true;true;2,91;0;2,75
945;1,98;0,19;232;false;true;true;2,91;0;2,75
946;1,98;0,19;232;false;true;true;2,91;0;2,75
947;1,99;0,19;232;false;true;true;2,91;0;2,75
948;1,99;0,19;232;false;true;true;2,91;0;2,75
949;1,99;0,19;232;false;true;true;2,91;0;2,75
950;1,99;0,18;232;false;true;true;2,91;0;2,75
951;1,99;0,18;232;false;true;true;2,91;0;2,75
952;1,99;0,18;232;false;true;true;2,91;0;2,75
953;1,99;0,18;232;false;true;true;2,91;0;2,75
954;1,99;0,18;232;false;true;true;2,91;0;2,75
955;2;0,18;232;false;true;true;2,91;0;2,75
956;2;0,18;232;false;true;true;2,91;0;2,75
957;2;0,18;232;false;true;true;2,91;0;2,75
958;2;0,18;232;false;true;true;2,91;0;2,76
959;2;0,18;232;false;true;true;2,91;0;2,76
960;2;0,18;232;false;true;true;2,91;0;2,76
961;2;0,18;232;false;true;true;2,91;0;2,76
962;2;0,18;232;false;true;true;2,91;0;2,76
963;2;0,17;232;false;true;true;2,91;0;2,76
964;2,01;0,17;232;false;true;true;2,91;0;2,76
965;2,01;0,17;232;false;true;true;2,91;0;2,76
966;2,01;0,17;232;false;true;true;2,91;0;2,76
967;2,01;0,17;232;false;true;true;2,9;0;2,76
968;2,01;0,17;232;false;true;true;2,9;0;2,76
969;2,01;0,17;232;false;true;true;2,91;0;2,76
970;2,01;0,17;232;false;true;true;2,9;0;2,76
971;2,01;0,17;232;false;true;true;2,9;0;2,76
972;2,01;0,16;232;false;true;true;2,9;0;2,76
973;2,01;0,17;232;false;true;true;2,9;0;2,76
974;2,02;0,17;232;false;true;true;2,91;0;2,76
975;2,02;0,16;232;false;true;true;2,9;0;2,76
976;2,02;0,17;232;false;true;true;2,91;0;2,76
977;2,02;0,17;232;false;true;true;2,91;0;2,76
978;2,02;0,17;232;false;true;true;2,91;0;2,76
979;2,02;0,17;232;false;true;true;2,91;0;2,76
980;2,02;0,16;232;false;true;true;2,9;0;2,76
981;2,02;0,16;232;false;true;true;2,9;0;2,76
982;2,02;0,16;232;false;true;true;2,9;0;2,76
983;2,02;0,16;232;false;true;true;2,9;0;2,77
984;2,03;0,16;232;false;true;true;2,9;0;2,77
985;2,03;0,16;232;false;true;true;2,9;0;2,77
986;2,03;0,16;232;false;true;true;2,9;0;2,77
987;2,03;0,16;232;false;true;true;2,9;0;2,77
988;2,03;0,15;232;false;true;true;2,9;0;2,77
989;2,03;0,15;232;false;true;true;2,9;0;2,77
990;2,03;0,15;232;false;true;true;2,9;0;2,77
991;2,03;0,16;232;false;true;true;2,9;0;2,77
992;2,04;0,16;232;false;true;true;2,9;0;2,77
993;2,04;0,16;232;false;true;true;2,9;0;2,77
994;2,04;0,15;232;false;true;true;2,9;0;2,77
995;2,04;0,15;232;false;true;true;2,9;0;2,77
996;2,04;0,16;232;false;true;true;2,9;0;2,77
997;2,04;0,15;232;false;true;true;2,9;0;2,77
998;2,04;0,15;232;false;true;true;2,9;0;2,77
999;2,04;0,15;232;false;true;true;2,9;0;2,77
1000;2,04;0,15;232;false;true;true;2,9;0;2,77
1001;2,05;0,15;232;false;true;true;2,9;0;2,77
1002;2,05;0,15;232;false;true;true;2,9;0;2,77
1003;2,05;0,15;232;false;true;true;2,9;0;2,77
1004;2,05;0,14;232;false;true;true;2,89;0;2,77
1005;2,05;0,14;232;false;true;true;2,89;0;2,77
1006;2,05;0,14;232;false;true;true;2,89;0;2,77
1007;2,05;0,14;232;false;true;true;2,9;0;2,77
1008;2,05;0,14;232;false;true;true;2,9;0;2,77
1009;2,05;0,14;232;false;true;true;2,89;0;2,77
1010;2,06;0,14;232;false;true;true;2,89;0;2,78
1011;2,06;0,14;232;false;true;true;2,9;0;2,78
1012;2,06;0,14;232;false;true;true;2,9;0;2,78
1013;2,06;0,14;232;false;true;true;2,89;0;2,78
1014;2,06;0,14;232;false;true;true;2,9;0;2,78
1015;2,06;0,14;232;false;true;true;2,9;0;2,78
1016;2,06;0,14;232;false;true;true;2,9;0;2,78
1017;2,06;0,14;232;false;true;true;2,9;0;2,78
1018;2,06;0,14;232;false;true;true;2,89;0;2,78
1019;2,06;0,13;232;false;true;true;2,89;0;2,78
1020;2,07;0,13;232;false;true;true;2,88;0;2,78
1021;2,07;0,13;232;false;true;true;2,89;0;2,78
1022;2,07;0,14;232;false;true;true;2,89;0;2,78
1023;2,07;0,14;232;false;true;true;2,9;0;2,78
1024;2,07;0,14;232;false;true;true;2,89;0;2,78
1025;2,07;0,13;232;false;true;true;2,9;0;2,78
1026;2,07;0,13;232;false;true;true;2,89;0;2,78
1027;2,07;0,13;232;false;true;true;2,89;0;2,78
1028;2,07;0,13;232;false;true;true;2,89;0;2,78
1029;2,07;0,12;232;false;true;true;2,89;0;2,78
1030;2,08;0,12;232;false;true;true;2,89;0;2,78
1031;2,08;0,13;232;false;true;true;2,89;0;2,78
1032;2,08;0,12;232;false;true;true;2,88;0;2,78
1033;2,08;0,12;232;false;true;true;2,89;0;2,78
1034;2,08;0,12;232;false;true;true;2,89;0;2,78
1035;2,08;0,13;232;false;true;true;2,89;0;2,78
1036;2,08;0,12;232;false;true;true;2,89;0;2,78
1037;2,08;0,12;232;false;true;true;2,89;0;2,78
1038;2,08;0,12;232;false;true;true;2,88;0;2,78
1039;2,09;0,12;232;false;true;true;2,89;0;2,78
1040;2,09;0,12;232;false;true;true;2,89;0;2,79
1041;2,09;0,12;232;false;true;true;2,89;0;2,79
1042;2,09;0,12;232;false;true;true;2,89;0;2,79
1043;2,09;0,12;232;false;true;true;2,89;0;2,79
1044;2,09;0,12;232;false;true;true;2,88;0;2,79
1045;2,09;0,12;232;false;true;true;2,88;0;2,79
1046;2,09;0,11;232;false;true;true;2,88;0;2,79
1047;2,09;0,12;232;false;true;true;2,88;0;2,79
1048;2,1;0,12;232;false;true;true;2,89;0;2,79
1049;2,1;0,12;232;false;true;true;2,89;0;2,79
1050;2,1;0,11;232;false;true;true;2,88;0;2,79
1051;2,1;0,11;232;false;true;true;2,88;0;2,79
1052;2,1;0,12;232;false;true;true;2,89;0;2,79
1053;2,1;0,12;232;false;true;true;2,89;0;2,79
1054;2,1;0,12;232;false;true;true;2,89;0;2,79
1055;2,1;0,12;232;false;true;true;2,89;0;2,79
1056;2,11;0,12;232;false;true;true;2,89;0;2,79
1057;2,11;0,11;232;false;true;true;2,89;0;2,79
1058;2,11;0,12;232;false;true;true;2,89;0;2,79
1059;2,11;0,11;232;false;true;true;2,89;0;2,79
1060;2,11;0,11;232;false;true;true;2,88;0;2,79
1061;2,11;0,11;232;false;true;true;2,89;0;2,79
1062;2,11;0,11;232;false;true;true;2,89;0;2,79
1063;2,11;0,11;232;false;true;true;2,89;0;2,79
1064;2,11;0,11;232;false;true;true;2,89;0;2,79
1065;2,11;0,11;232;false;true;true;2,89;0;2,79
1066;2,12;0,11;232;false;true;true;2,89;0;2,79
1067;2,12;0,11;232;false;true;true;2,89;0;2,79
1068;2,12;0,11;232;false;true;true;2,89;0;2,79
1069;2,12;0,11;232;false;true;true;2,89;0;2,79
1070;2,12;0,11;232;false;true;true;2,89;0;2,79
1071;2,12;0,11;232;false;true;true;2,89;0;2,79
1072;2,12;0,11;232;false;true;true;2,89;0;2,79
1073;2,12;0,11;232;false;true;true;2,89;0;2,8
1074;2,12;0,11;232;false;true;true;2,88;0;2,8
1075;2,12;0,11;232;false;true;true;2,89;0;2,8
1076;2,12;0,11;232;false;true;true;2,89;0;2,8
1077;2,13;0,11;232;false;true;true;2,89;0;2,8
1078;2,13;0,11;232;false;true;true;2,89;0;2,8
1079;2,13;0,11;232;false;true;true;2,89;0;2,8
1080;2,13;0,11;232;false;true;true;2,89;0;2,8
1081;2,13;0,11;232;false;true;true;2,89;0;2,8
1082;2,13;0,11;232;false;true;true;2,89;0;2,8
1083;2,13;0,1;232;false;true;true;2,89;0;2,8
1084;2,13;0,1;232;false;true;true;2,89;0;2,8
1085;2,13;0,11;232;false;true;true;2,89;0;2,8
1086;2,13;0,1;232;false;true;true;2,89;0;2,8
1087;2,14;0,11;232;false;true;true;2,89;0;2,8
1088;2,14;0,11;232;false;true;true;2,89;0;2,8
1089;2,14;0,11;232;false;true;true;2,89;0;2,8
1090;2,14;0,1;232;false;true;true;2,89;0;2,8
1091;2,14;0,1;232;false;true;true;2,89;0;2,8
1092;2,14;0,11;232;false;true;true;2,89;0;2,8
1093;2,14;0,1;232;false;true;true;2,89;0;2,8
1094;2,14;0,1;232;false;true;true;2,89;0;2,8
1095;2,14;0,1;232;false;true;true;2,89;0;2,8
1096;2,14;0,1;232;false;true;true;2,88;0;2,8
1097;2,15;0,1;232;false;true;true;2,89;0;2,8
1098;2,15;0,1;232;false;true;true;2,89;0;2,8
1099;2,15;0,1;232;false;true;true;2,89;0;2,8
1100;2,15;0,1;232;false;true;true;2,89;0;2,8
1101;2,15;0,1;232;false;true;true;2,89;0;2,8
1102;2,15;0,1;232;false;true;true;2,89;0;2,8
1103;2,15;0,1;232;false;true;true;2,89;0;2,8
1104;2,15;0,1;232;false;true;true;2,89;0;2,8
1105;2,15;0,1;232;false;true;true;2,89;0;2,8
1106;2,15;0,1;232;false;true;true;2,89;0;2,8
1107;2,16;0,1;232;false;true;true;2,89;0;2,8
1108;2,16;0,1;232;false;true;true;2,89;0;2,8
1109;2,16;0,1;232;false;true;true;2,89;0;2,8
1110;2,16;0,1;232;false;true;true;2,89;0;2,81
1111;2,16;0,1;232;false;true;true;2,89;0;2,81
1112;2,16;0,1;232;false;true;true;2,89;0;2,81
1113;2,17;0,1;232;false;true;true;2,89;0;2,81
1114;2,17;0,1;232;false;true;true;2,89;0;2,81
1115;2,17;0,1;232;false;true;true;2,89;0;2,81
1116;2,17;0,1;232;false;true;true;2,89;0;2,81
1117;2,17;0,1;232;false;true;true;2,89;0;2,81
1118;2,17;0,1;232;false;true;true;2,89;0;2,81
1119;2,17;0,1;232;false;true;true;2,89;0;2,81
1120;2,17;0,1;232;false;true;true;2,89;0;2,81
1121;2,17;0,1;232;false;true;true;2,89;0;2,81
1122;2,18;0,1;232;false;true;true;2,89;0;2,81
1123;2,18;0,1;232;false;true;true;2,89;0;2,81
1124;2,18;0,1;232;false;true;true;2,89;0;2,81
1125;2,18;0,1;232;false;true;true;2,89;0;2,81
1126;2,18;0,09;232;false;true;true;2,89;0;2,81
1127;2,18;0,09;232;false;true;true;2,89;0;2,81
1128;2,18;0,09;232;false;true;true;2,89;0;2,81
1129;2,18;0,1;232;false;true;true;2,89;0;2,81
1130;2,18;0,09;232;false;true;true;2,89;0;2,81
1131;2,18;0,1;232;false;true;true;2,89;0;2,81
1132;2,19;0,1;232;false;true;true;2,89;0;2,81
1133;2,19;0,1;232;false;true;true;2,9;0;2,81
1134;2,19;0,1;232;false;true;true;2,89;0;2,81
1135;2,19;0,1;232;false;true;true;2,89;0;2,81
1136;2,19;0,1;232;false;true;true;2,9;0;2,81
1137;2,19;0,09;232;false;true;true;2,89;0;2,81
1138;2,19;0,09;232;false;true;true;2,89;0;2,81
1139;2,19;0,09;232;false;true;true;2,89;0;2,81
1140;2,19;0,09;232;false;true;true;2,89;0;2,81
1141;2,2;0,1;232;false;true;true;2,89;0;2,81
1142;2,2;0,09;232;false;true;true;2,89;0;2,81
1143;2,2;0,09;232;false;true;true;2,89;0;2,81
1144;2,2;0,09;232;false;true;true;2,89;0;2,81
1145;2,2;0,1;232;false;true;true;2,9;0;2,81
1146;2,2;0,1;232;false;true;true;2,9;0;2,81
1147;2,2;0,09;232;false;true;true;2,89;0;2,81
1148;2,2;0,09;232;false;true;true;2,89;0;2,82
1149;2,2;0,09;232;false;true;true;2,89;0;2,82
1150;2,21;0,09;232;false;true;true;2,89;0;2,82
1151;2,21;0,09;232;false;true;true;2,89;0;2,82
1152;2,21;0,09;232;false;true;true;2,89;0;2,82
1153;2,21;0,09;232;false;true;true;2,89;0;2,82
1154;2,21;0,09;232;false;true;true;2,89;0;2,82
1155;2,21;0,09;232;false;true;true;2,9;0;2,82
1156;2,21;0,09;232;false;true;true;2,9;0;2,82
1157;2,21;0,09;232;false;true;true;2,9;0;2,82
1158;2,21;0,09;232;false;true;true;2,9;0;2,82
1159;2,21;0,09;232;false;true;true;2,89;0;2,82
1160;2,22;0,09;232;false;true;true;2,9;0;2,82
1161;2,22;0,09;232;false;true;true;2,89;0;2,82
1162;2,22;0,09;232;false;true;true;2,89;0;2,82
1163;2,22;0,09;232;false;true;true;2,89;0;2,82
1164;2,22;0,09;232;false;true;true;2,89;0;2,82
1165;2,22;0,09;232;false;true;true;2,9;0;2,82
1166;2,22;0,09;232;false;true;true;2,9;0;2,82
1167;2,22;0,09;232;false;true;true;2,9;0;2,82
1168;2,22;0,09;232;false;true;true;2,9;0;2,82
1169;2,23;0,09;232;false;true;true;2,9;0;2,82
1170;2,23;0,09;232;false;true;true;2,9;0;2,82
1171;2,23;0,09;232;false;true;true;2,9;0;2,82
1172;2,23;0,09;232;false;true;true;2,9;0;2,82
1173;2,23;0,09;232;false;true;true;2,9;0;2,82
1174;2,23;0,09;232;false;true;true;2,89;0;2,82
1175;2,23;0,09;232;false;true;true;2,89;0;2,82
1176;2,23;0,09;232;false;true;true;2,9;0;2,82
1177;2,24;0,09;232;false;true;true;2,9;0;2,82
1178;2,24;0,09;232;false;true;true;2,9;0;2,82
1179;2,24;0,09;232;false;true;true;2,9;0;2,82
1180;2,24;0,09;232;false;true;true;2,9;0;2,82
1181;2,24;0,09;232;false;true;true;2,9;0;2,82
1182;2,24;0,09;232;false;true;true;2,9;0;2,82
1183;2,24;0,09;232;false;true;true;2,9;0;2,82
1184;2,24;0,09;232;false;true;true;2,9;0;2,82
1185;2,24;0,09;232;false;true;true;2,9;0;2,82
1186;2,24;0,09;232;false;true;true;2,9;0;2,82
1187;2,25;0,09;232;false;true;true;2,9;0;2,82
1188;2,25;0,09;232;false;true;true;2,9;0;2,83
1189;2,25;0,08;232;false;true;true;2,9;0;2,83
1190;2,25;0,09;232;false;true;true;2,9;0;2,83
1191;2,25;0,09;232;false;true;true;2,9;0;2,83
1192;2,25;0,09;232;false;true;true;2,9;0;2,83
1193;2,25;0,09;232;false;true;true;2,9;0;2,83
1194;2,25;0,09;232;false;true;true;2,9;0;2,83
1195;2,25;0,09;232;false;true;true;2,9;0;2,83
1196;2,26;0,09;232;false;true;true;2,9;0;2,83
1197;2,26;0,09;232;false;true;true;2,9;0;2,83
1198;2,26;0,08;232;false;true;true;2,9;0;2,83
1199;2,26;0,09;232;false;true;true;2,9;0;2,83
1200;2,26;0,08;232;false;true;true;2,9;0;2,83
1201;2,26;0,08;232;false;true;true;2,9;0;2,83
1202;2,26;0,08;232;false;true;true;2,9;0;2,83
1203;2,26;0,09;232;false;true;true;2,9;0;2,83
1204;2,26;0,09;232;false;true;true;2,9;0;2,83
1205;2,26;0,08;232;false;true;true;2,9;0;2,83
1206;2,27;0,08;232;false;true;true;2,9;0;2,83
1207;2,27;0,08;232;false;true;true;2,9;0;2,83
1208;2,27;0,09;232;false;true;true;2,9;0;2,83
1209;2,27;0,09;232;false;true;true;2,9;0;2,83
1210;2,27;0,08;232;false;true;true;2,9;0;2,83
1211;2,27;0,08;232;false;true;true;2,9;0;2,83
1212;2,27;0,08;232;false;true;true;2,9;0;2,83
1213;2,27;0,08;232;false;true;true;2,9;0;2,83
1214;2,27;0,08;232;false;true;true;2,9;0;2,83
1215;2,27;0,09;232;false;true;true;2,9;0;2,83
1216;2,28;0,08;232;false;true;true;2,9;0;2,83
1217;2,28;0,08;232;false;true;true;2,9;0;2,83
1218;2,28;0,08;232;false;true;true;2,9;0;2,83
1219;2,28;0,08;232;false;true;true;2,9;0;2,83
1220;2,28;0,08;232;false;true;true;2,9;0;2,83
1221;2,28;0,08;232;false;true;true;2,9;0;2,83
1222;2,28;0,08;232;false;true;true;2,9;0;2,83
1223;2,28;0,08;232;false;true;true;2,9;0;2,83
1224;2,28;0,08;232;false;true;true;2,9;0;2,83
1225;2,28;0,08;232;false;true;true;2,9;0;2,83
1226;2,29;0,08;232;false;true;true;2,9;0;2,83
1227;2,29;0,08;232;false;true;true;2,9;0;2,83
1228;2,29;0,08;232;false;true;true;2,9;0;2,83
1229;2,29;0,08;232;false;true;true;2,9;0;2,84
1230;2,29;0,08;232;false;true;true;2,9;0;2,84
1231;2,29;0,08;232;false;true;true;2,9;0;2,84
1232;2,29;0,08;232;false;true;true;2,91;0;2,84
1233;2,29;0,08;232;false;true;true;2,9;0;2,84
1234;2,3;0,08;232;false;true;true;2,91;0;2,84
1235;2,3;0,08;232;false;true;true;2,9;0;2,84
1236;2,3;0,08;232;false;true;true;2,9;0;2,84
1237;2,3;0,08;232;false;true;true;2,9;0;2,84
1238;2,3;0,08;232;false;true;true;2,9;0;2,84
1239;2,3;0,08;232;false;true;true;2,91;0;2,84
1240;2,3;0,08;232;false;true;true;2,91;0;2,84
1241;2,3;0,08;232;false;true;true;2,91;0;2,84
1242;2,3;0,08;232;false;true;true;2,9;0;2,84
1243;2,3;0,08;232;false;true;true;2,9;0;2,84
1244;2,31;0,08;232;false;true;true;2,9;0;2,84
1245;2,31;0,08;232;false;true;true;2,9;0;2,84
1246;2,31;0,08;232;false;true;true;2,91;0;2,84
1247;2,31;0,08;232;false;true;true;2,9;0;2,84
1248;2,31;0,08;232;false;true;true;2,91;0;2,84
1249;2,31;0,08;232;false;true;true;2,91;0;2,84
1250;2,31;0,08;232;false;true;true;2,91;0;2,84
1251;2,31;0,08;232;false;true;true;2,9;0;2,84
1252;2,31;0,08;232;false;true;true;2,91;0;2,84
1253;2,31;0,08;232;false;true;true;2,9;0;2,84
1254;2,32;0,08;232;false;true;true;2,91;0;2,84
1255;2,32;0,07;232;false;true;true;2,9;0;2,84
1256;2,32;0,08;232;false;true;true;2,91;0;2,84
1257;2,32;0,08;232;false;true;true;2,91;0;2,84
1258;2,32;0,08;232;false;true;true;2,91;0;2,84
1259;2,32;0,08;232;false;true;true;2,91;0;2,84
1260;2,32;0,08;232;false;true;true;2,91;0;2,84
1261;2,32;0,07;232;false;true;true;2,9;0;2,84
1262;2,32;0,08;232;false;true;true;2,91;0;2,84
1263;2,33;0,08;232;false;true;true;2,91;0;2,84
1264;2,33;0,08;232;false;true;true;2,91;0;2,84
1265;2,33;0,08;232;false;true;true;2,91;0;2,84
1266;2,33;0,08;232;false;true;true;2,91;0;2,84
1267;2,33;0,08;232;false;true;true;2,91;0;2,84
1268;2,33;0,08;232;false;true;true;2,91;0;2,84
1269;2,33;0,07;232;false;true;true;2,9;0;2,84
1270;2,33;0,08;232;false;true;true;2,91;0;2,84
1271;2,33;0,07;232;false;true;true;2,91;0;2,85
1272;2,33;0,07;232;false;true;true;2,91;0;2,85
1273;2,34;0,08;232;false;true;true;2,91;0;2,85
1274;2,34;0,07;232;false;true;true;2,91;0;2,85
1275;2,34;0,08;232;false;true;true;2,91;0;2,85
1276;2,34;0,08;232;false;true;true;2,91;0;2,85
1277;2,34;0,08;232;false;true;true;2,91;0;2,85
1278;2,34;0,07;232;false;true;true;2,91;0;2,85
1279;2,34;0,07;232;false;true;true;2,91;0;2,85
1280;2,34;0,07;232;false;true;true;2,91;0;2,85
1281;2,34;0,07;232;false;true;true;2,91;0;2,85
1282;2,35;0,07;232;false;true;true;2,91;0;2,85
1283;2,35;0,07;232;false;true;true;2,91;0;2,85
1284;2,35;0,08;232;false;true;true;2,91;0;2,85
1285;2,35;0,08;232;false;true;true;2,91;0;2,85
1286;2,35;0,07;232;false;true;true;2,91;0;2,85
1287;2,35;0,08;232;false;true;true;2,91;0;2,85
1288;2,35;0,08;232;false;true;true;2,91;0;2,85
1289;2,35;0,08;232;false;true;true;2,91;0;2,85
1290;2,35;0,08;232;false;true;true;2,91;0;2,85
1291;2,36;0,07;232;false;true;true;2,91;0;2,85
1292;2,36;0,07;232;false;true;true;2,91;0;2,85
1293;2,36;0,07;232;false;true;true;2,91;0;2,85
1294;2,36;0,07;232;false;true;true;2,91;0;2,85
1295;2,36;0,07;232;false;true;true;2,91;0;2,85
1296;2,36;0,08;232;false;true;true;2,91;0;2,85
1297;2,36;0,08;232;false;true;true;2,91;0;2,85
1298;2,36;0,07;232;false;true;true;2,91;0;2,85
1299;2,36;0,07;232;false;true;true;2,91;0;2,85
1300;2,37;0,07;232;false;true;true;2,91;0;2,85
1301;2,37;0,07;232;false;true;true;2,91;0;2,85
1302;2,37;0,07;232;false;true;true;2,92;0;2,85
1303;2,37;0,07;232;false;true;true;2,91;0;2,85
1304;2,37;0,07;232;false;true;true;2,91;0;2,85
1305;2,37;0,07;232;false;true;true;2,91;0;2,85
1306;2,37;0,07;232;false;true;true;2,91;0;2,85
1307;2,37;0,07;232;false;true;true;2,91;0;2,85
1308;2,38;0,08;232;false;true;true;2,92;0;2,85
1309;2,38;0,07;232;false;true;true;2,92;0;2,85
1310;2,38;0,07;232;false;true;true;2,92;0;2,85
1311;2,38;0,07;232;false;true;true;2,91;0;2,85
1312;2,38;0,07;232;false;true;true;2,91;0;2,85
1313;2,38;0,07;232;false;true;true;2,91;0;2,85
1314;2,38;0,07;232;false;true;true;2,92;0;2,86
1315;2,38;0,07;232;false;true;true;2,92;0;2,86
1316;2,38;0,07;232;false;true;true;2,92;0;2,86
1317;2,38;0,08;232;false;true;true;2,92;0;2,86
1318;2,38;0,07;232;false;true;true;2,92;0;2,86
1319;2,39;0,07;232;false;true;true;2,91;0;2,86
1320;2,39;0,07;232;false;true;true;2,91;0;2,86
1321;2,39;0,07;232;false;true;true;2,91;0;2,86
1322;2,39;0,07;232;false;true;true;2,91;0;2,86
1323;2,39;0,07;232;false;true;true;2,91;0;2,86
1324;2,39;0,07;232;false;true;true;2,92;0;2,86
1325;2,39;0,07;232;false;true;true;2,92;0;2,86
1326;2,39;0,07;232;false;true;true;2,92;0;2,86
1327;2,39;0,07;232;false;true;true;2,92;0;2,86
1328;2,4;0,08;232;false;true;true;2,92;0;2,86
1329;2,4;0,07;232;false;true;true;2,92;0;2,86
1330;2,4;0,07;232;false;true;true;2,92;0;2,86
1331;2,4;0,07;232;false;true;true;2,92;0;2,86
1332;2,4;0,07;232;false;true;true;2,92;0;2,86
1333;2,4;0,07;232;false;true;true;2,91;0;2,86
1334;2,4;0,07;232;false;true;true;2,92;0;2,86
1335;2,4;0,07;232;false;true;true;2,92;0;2,86
1336;2,4;0,07;232;false;true;true;2,92;0;2,86
1337;2,4;0,07;232;false;true;true;2,92;0;2,86
1338;2,41;0,07;232;false;true;true;2,92;0;2,86
1339;2,41;0,07;232;false;true;true;2,92;0;2,86
1340;2,41;0,07;232;false;true;true;2,92;0;2,86
1341;2,41;0,07;232;false;true;true;2,92;0;2,86
1342;2,41;0,07;232;false;true;true;2,92;0;2,86
1343;2,41;0,07;232;false;true;true;2,92;0;2,86
1344;2,41;0,07;232;false;true;true;2,92;0;2,86
1345;2,41;0,07;232;false;true;true;2,92;0;2,86
1346;2,41;0,07;232;false;true;true;2,92;0;2,86
1347;2,42;0,07;232;false;true;true;2,92;0;2,86
1348;2,42;0,07;232;false;true;true;2,92;0;2,86
1349;2,42;0,07;232;false;true;true;2,92;0;2,86
1350;2,42;0,07;232;false;true;true;2,92;0;2,86
1351;2,42;0,07;232;false;true;true;2,92;0;2,86
1352;2,42;0,07;232;false;true;true;2,92;0;2,86
1353;2,42;0,07;232;false;true;true;2,92;0;2,86
1354;2,42;0,07;232;false;true;true;2,92;0;2,86
1355;2,42;0,07;232;false;true;true;2,92;0;2,86
1356;2,43;0,07;232;false;true;true;2,92;0;2,86
1357;2,43;0,07;232;false;true;true;2,92;0;2,86
1358;2,43;0,07;232;false;true;true;2,92;0;2,87
1359;2,43;0,06;232;false;true;true;2,92;0;2,87
1360;2,43;0,07;232;false;true;true;2,92;0;2,87
1361;2,43;0,07;232;false;true;true;2,92;0;2,87
1362;2,43;0,07;232;false;true;true;2,92;0;2,87
1363;2,43;0,07;232;false;true;true;2,92;0;2,87
1364;2,43;0,07;232;false;true;true;2,92;0;2,87
1365;2,43;0,07;232;false;true;true;2,92;0;2,87
1366;2,44;0,07;232;false;true;true;2,93;0;2,87
1367;2,44;0,07;232;false;true;true;2,92;0;2,87
1368;2,44;0,06;232;false;true;true;2,92;0;2,87
1369;2,44;0,06;232;false;true;true;2,92;0;2,87
1370;2,44;0,07;232;false;true;true;2,92;0;2,87
1371;2,44;0,07;232;false;true;true;2,92;0;2,87
1372;2,44;0,07;232;false;true;true;2,93;0;2,87
1373;2,44;0,07;232;false;true;true;2,92;0;2,87
1374;2,45;0,07;232;false;true;true;2,93;0;2,87
1375;2,45;0,07;232;false;true;true;2,93;0;2,87
1376;2,45;0,06;232;false;true;true;2,92;0;2,87
1377;2,45;0,07;232;false;true;true;2,93;0;2,87
1378;2,45;0,07;232;false;true;true;2,93;0;2,87
1379;2,45;0,07;232;false;true;true;2,93;0;2,87
1380;2,45;0,07;232;false;true;true;2,93;0;2,87
1381;2,45;0,07;232;false;true;true;2,93;0;2,87
1382;2,45;0,07;232;false;true;true;2,93;0;2,87
1383;2,45;0,06;232;false;true;true;2,92;0;2,87
1384;2,46;0,06;232;false;true;true;2,92;0;2,87
1385;2,46;0,07;232;false;true;true;2,93;0;2,87
1386;2,46;0,07;232;false;true;true;2,93;0;2,87
1387;2,46;0,06;232;false;true;true;2,92;0;2,87
1388;2,46;0,07;232;false;true;true;2,93;0;2,87
1389;2,46;0,07;232;false;true;true;2,93;0;2,87
1390;2,46;0,07;232;false;true;true;2,93;0;2,87
1391;2,47;0,06;232;false;true;true;2,93;0;2,87
1392;2,47;0,06;232;false;true;true;2,93;0;2,87
1393;2,47;0,06;232;false;true;true;2,92;0;2,87
1394;2,47;0,07;232;false;true;true;2,93;0;2,87
1395;2,47;0,07;232;false;true;true;2,93;0;2,87
1396;2,47;0,07;232;false;true;true;2,93;0;2,87
1397;2,47;0,07;232;false;true;true;2,93;0;2,87
1398;2,47;0,07;232;false;true;true;2,93;0;2,87
1399;2,47;0,06;232;false;true;true;2,93;0;2,87
1400;2,47;0,06;232;false;true;true;2,93;0;2,87
1401;2,48;0,06;232;false;true;true;2,93;0;2,87
1402;2,48;0,07;232;false;true;true;2,93;0;2,88
1403;2,48;0,07;232;false;true;true;2,93;0;2,88
1404;2,48;0,07;232;false;true;true;2,93;0;2,88
1405;2,48;0,06;232;false;true;true;2,93;0;2,88
1406;2,48;0,06;232;false;true;true;2,93;0;2,88
1407;2,48;0,06;232;false;true;true;2,93;0;2,88
1408;2,48;0,06;232;false;true;true;2,93;0;2,88
1409;2,49;0,07;232;false;true;true;2,93;0;2,88
1410;2,49;0,06;232;false;true;true;2,93;0;2,88
1411;2,49;0,06;232;false;true;true;2,93;0;2,88
1412;2,49;0,06;232;false;true;true;2,93;0;2,88
1413;2,49;0,06;232;false;true;true;2,93;0;2,88
1414;2,49;0,06;232;false;true;true;2,93;0;2,88
1415;2,49;0,06;232;false;true;true;2,93;0;2,88
1416;2,5;0,07;232;false;true;true;2,93;0;2,88
1417;2,5;0,07;232;false;true;true;2,93;0;2,88
1418;2,5;0,07;232;false;true;true;2,93;0;2,88
1419;2,5;0,07;232;false;true;true;2,93;0;2,88
1420;2,5;0,07;232;false;true;true;2,94;0;2,88
1421;2,5;0,06;232;false;true;true;2,93;0;2,88
1422;2,5;0,06;232;false;true;true;2,93;0;2,88
1423;2,5;0,06;232;false;true;true;2,93;0;2,88
1424;2,51;0,06;232;false;true;true;2,93;0;2,88
1425;2,51;0,06;232;false;true;true;2,93;0;2,88
1426;2,51;0,06;232;false;true;true;2,93;0;2,88
1427;2,51;0,06;232;false;true;true;2,93;0;2,88
1428;2,51;0,07;232;false;true;true;2,94;0;2,88
1429;2,51;0,07;232;false;true;true;2,94;0;2,88
1430;2,51;0,07;232;false;true;true;2,94;0;2,88
1431;2,51;0,06;232;false;true;true;2,93;0;2,88
1432;2,52;0,06;232;false;true;true;2,93;0;2,88
1433;2,52;0,06;232;false;true;true;2,94;0;2,88
1434;2,52;0,06;232;false;true;true;2,94;0;2,88
1435;2,52;0,06;232;false;true;true;2,94;0;2,88
1436;2,52;0,06;232;false;true;true;2,94;0;2,88
1437;2,52;0,06;232;false;true;true;2,93;0;2,88
1438;2,52;0,06;232;false;true;true;2,93;0;2,88
1439;2,52;0,06;232;false;true;true;2,93;0;2,88
1440;2,52;0,06;232;false;true;true;2,93;0;2,88
1441;2,53;0,06;232;false;true;true;2,93;0;2,88
1442;2,53;0,06;232;false;true;true;2,94;0;2,88
1443;2,53;0,06;232;false;true;true;2,94;0;2,88
1444;2,53;0,06;232;false;true;true;2,94;0;2,88
1445;2,53;0,07;232;false;true;true;2,94;0;2,89
1446;2,53;0,06;232;false;true;true;2,94;0;2,89
1447;2,53;0,06;232;false;true;true;2,94;0;2,89
1448;2,53;0,06;232;false;true;true;2,94;0;2,89
1449;2,53;0,06;232;false;true;true;2,94;0;2,89
1450;2,54;0,06;232;false;true;true;2,94;0;2,89
1451;2,54;0,06;232;false;true;true;2,94;0;2,89
1452;2,54;0,06;232;false;true;true;2,94;0;2,89
1453;2,54;0,06;232;false;true;true;2,94;0;2,89
1454;2,54;0,06;232;false;true;true;2,94;0;2,89
1455;2,54;0,06;232;false;true;true;2,94;0;2,89
1456;2,54;0,06;232;false;true;true;2,93;0;2,89
1457;2,54;0,06;232;false;true;true;2,94;0;2,89
1458;2,54;0,06;232;false;true;true;2,94;0;2,89
1459;2,54;0,06;232;false;true;true;2,94;0;2,89
1460;2,55;0,06;232;false;true;true;2,94;0;2,89
1461;2,55;0,06;232;false;true;true;2,94;0;2,89
1462;2,55;0,06;232;false;true;true;2,94;0;2,89
1463;2,55;0,06;232;false;true;true;2,94;0;2,89
1464;2,55;0,06;232;false;true;true;2,94;0;2,89
1465;2,55;0,06;232;false;true;true;2,94;0;2,89
1466;2,55;0,06;232;false;true;true;2,94;0;2,89
1467;2,55;0,06;232;false;true;true;2,94;0;2,89
1468;2,55;0,06;232;false;true;true;2,94;0;2,89
1469;2,55;0,06;232;false;true;true;2,94;0;2,89
1470;2,56;0,06;232;false;true;true;2,94;0;2,89
1471;2,56;0,06;232;false;true;true;2,95;0;2,89
1472;2,56;0,07;232;false;true;true;2,95;0;2,89
1473;2,56;0,06;232;false;true;true;2,94;0;2,89
1474;2,56;0,06;232;false;true;true;2,94;0;2,89
1475;2,56;0,06;232;false;true;true;2,94;0;2,89
1476;2,56;0,06;232;false;true;true;2,94;0;2,89
1477;2,56;0,06;232;false;true;true;2,94;0;2,89
1478;2,56;0,06;232;false;true;true;2,94;0;2,89
1479;2,56;0,06;232;false;true;true;2,94;0;2,89
1480;2,57;0,06;232;false;true;true;2,94;0;2,89
1481;2,57;0,06;232;false;true;true;2,94;0;2,89
1482;2,57;0,06;232;false;true;true;2,94;0;2,89
1483;2,57;0,06;232;false;true;true;2,94;0;2,89
1484;2,57;0,06;232;false;true;true;2,95;0;2,89
1485;2,57;0,06;232;false;true;true;2,94;0;2,89
1486;2,57;0,06;232;false;true;true;2,94;0;2,9
1487;2,57;0,06;232;false;true;true;2,95;0;2,9
1488;2,57;0,06;232;false;true;true;2,95;0;2,9
1489;2,58;0,06;232;false;true;true;2,95;0;2,9
1490;2,58;0,06;232;false;true;true;2,95;0;2,9
1491;2,58;0,06;232;false;true;true;2,94;0;2,9
1492;2,58;0,06;232;false;true;true;2,94;0;2,9
1493;2,58;0,06;232;false;true;true;2,94;0;2,9
1494;2,58;0,06;232;false;true;true;2,94;0;2,9
1495;2,58;0,05;232;false;true;true;2,94;0;2,9
1496;2,58;0,06;232;false;true;true;2,95;0;2,9
1497;2,58;0,06;232;false;true;true;2,95;0;2,9
1498;2,58;0,06;232;false;true;true;2,94;0;2,9
1499;2,59;0,06;232;false;true;true;2,95;0;2,9
1500;2,59;0,06;232;false;true;true;2,94;0;2,9
1501;2,59;0,06;232;false;true;true;2,94;0;2,9
1502;2,6;0,06;232;false;true;true;2,95;0;2,9
1503;2,6;0,06;232;false;true;true;2,95;0;2,9
1504;2,6;0,06;232;false;true;true;2,95;0;2,9
1505;2,6;0,06;232;false;true;true;2,95;0;2,9
1506;2,6;0,06;232;false;true;true;2,95;0;2,9
1507;2,6;0,06;232;false;true;true;2,94;0;2,9
1508;2,6;0,06;232;false;true;true;2,95;0;2,9
1509;2,61;0,06;232;false;true;true;2,95;0;2,9
1510;2,61;0,05;232;false;true;true;2,94;0;2,9
1511;2,61;0,06;232;false;true;true;2,95;0;2,9
1512;2,61;0,06;232;false;true;true;2,95;0;2,9
1513;2,61;0,06;232;false;true;true;2,95;0;2,9
1514;2,61;0,06;232;false;true;true;2,95;0;2,9
1515;2,61;0,06;232;false;true;true;2,95;0;2,9
1516;2,61;0,06;232;false;true;true;2,95;0;2,9
1517;2,61;0,06;232;false;true;true;2,95;0;2,9
1518;2,61;0,06;232;false;true;true;2,95;0;2,9
1519;2,62;0,05;232;false;true;true;2,95;0;2,9
1520;2,62;0,06;232;false;true;true;2,95;0;2,9
1521;2,62;0,05;232;false;true;true;2,95;0;2,9
1522;2,62;0,05;232;false;true;true;2,95;0;2,9
1523;2,62;0,06;232;false;true;true;2,95;0;2,9
1524;2,62;0,06;232;false;true;true;2,95;0;2,9
1525;2,62;0,06;232;false;true;true;2,95;0;2,9
1526;2,62;0,06;232;false;true;true;2,95;0;2,91
1527;2,62;0,05;232;false;true;true;2,95;0;2,91
1528;2,62;0,05;232;false;true;true;2,95;0;2,91
1529;2,67;0,06;232;false;true;true;2,95;0;2,91
1530;2,67;0,06;232;false;true;true;2,95;0;2,91
1531;2,67;0,06;232;false;true;true;2,95;0;2,91
1532;2,67;0,06;232;false;true;true;2,96;0;2,91
1533;2,67;0,06;232;false;true;true;2,95;0;2,91
1534;2,67;0,05;232;false;true;true;2,95;0;2,91
1535;2,68;0,06;232;false;true;true;2,96;0;2,91
1536;2,68;0,06;232;false;true;true;2,95;0;2,91
1537;2,68;0,05;232;false;true;true;2,95;0;2,91
1538;2,68;0,05;232;false;true;true;2,95;0;2,91
1539;2,68;0,05;232;false;true;true;2,95;0;2,91
1540;2,68;0,05;232;false;true;true;2,95;0;2,91
1541;2,68;0,05;232;false;true;true;2,95;0;2,91
1542;2,68;0,05;232;false;true;true;2,96;0;2,91
1543;2,68;0,06;232;false;true;true;2,96;0;2,91
1544;2,68;0,06;232;false;true;true;2,96;0;2,91
1545;2,69;0,06;232;false;true;true;2,96;0;2,91
1546;2,69;0,05;232;false;true;true;2,96;0;2,91
1547;2,69;0,05;232;false;true;true;2,96;0;2,91
1548;2,69;0,05;232;false;true;true;2,95;0;2,91
1549;2,69;0,05;232;false;true;true;2,95;0;2,91
1550;2,69;0,05;232;false;true;true;2,95;0;2,91
1551;2,69;0,05;232;false;true;true;2,96;0;2,91
1552;2,69;0,05;232;false;true;true;2,96;0;2,91
1553;2,69;0,05;232;false;true;true;2,95;0;2,91
1554;2,69;0,05;232;false;true;true;2,96;0;2,91
1555;2,7;0,05;232;false;true;true;2,96;0;2,91
1556;2,7;0,06;232;false;true;true;2,96;0;2,91
1557;2,7;0,06;232;false;true;true;2,96;0;2,91
1558;2,7;0,05;232;false;true;true;2,95;0;2,91
1559;2,7;0,05;232;false;true;true;2,96;0;2,91
1560;2,7;0,06;232;false;true;true;2,96;0;2,91
1561;2,7;0,05;232;false;true;true;2,96;0;2,91
1562;2,7;0,05;232;false;true;true;2,96;0;2,91
1563;2,7;0,05;232;false;true;true;2,96;0;2,92
1564;2,7;0,05;232;false;true;true;2,96;0;2,92
1565;2,71;0,05;232;false;true;true;2,96;0;2,92
1566;2,71;0,06;232;false;true;true;2,96;0;2,92
1567;2,71;0,05;232;false;true;true;2,96;0;2,92
1568;2,71;0,05;232;false;true;true;2,96;0;2,92
1569;2,71;0,05;232;false;true;true;2,96;0;2,92
1570;2,71;0,05;232;false;true;true;2,96;0;2,92
1571;2,71;0,05;232;false;true;true;2,96;0;2,92
1572;2,71;0,06;232;false;true;true;2,97;0;2,92
1573;2,71;0,05;232;false;true;true;2,96;0;2,92
1574;2,71;0,05;232;false;true;true;2,96;0;2,92
1575;2,72;0,05;232;false;true;true;2,96;0;2,92
1576;2,72;0,05;232;false;true;true;2,96;0;2,92
1577;2,72;0,05;232;false;true;true;2,96;0;2,92
1578;2,72;0,05;232;false;true;true;2,96;0;2,92
1579;2,72;0,05;232;false;true;true;2,96;0;2,92
1580;2,72;0,05;232;false;true;true;2,97;0;2,92
1581;2,72;0,05;232;false;true;true;2,96;0;2,92
1582;2,72;0,05;232;false;true;true;2,97;0;2,92
1583;2,72;0,05;232;false;true;true;2,96;0;2,92
1584;2,72;0,05;232;false;true;true;2,96;0;2,92
1585;2,73;0,05;232;false;true;true;2,97;0;2,92
1586;2,73;0,05;232;false;true;true;2,96;0;2,92
1587;2,73;0,05;232;false;true;true;2,96;0;2,92
1588;2,73;0,05;232;false;true;true;2,97;0;2,92
1589;2,73;0,05;232;false;true;true;2,96;0;2,92
1590;2,73;0,05;232;false;true;true;2,97;0;2,92
1591;2,73;0,05;232;false;true;true;2,97;0;2,92
1592;2,73;0,05;232;false;true;true;2,97;0;2,92
1593;2,73;0,05;232;false;true;true;2,97;0;2,92
1594;2,73;0,05;232;false;true;true;2,97;0;2,92
1595;2,74;0,05;232;false;true;true;2,97;0;2,92
1596;2,74;0,05;232;false;true;true;2,97;0;2,93
1597;2,74;0,05;232;false;true;true;2,97;0;2,93
1598;2,74;0,05;232;false;true;true;2,97;0;2,93
1599;2,74;0,05;232;false;true;true;2,97;0;2,93
1600;2,74;0,05;232;false;true;true;2,97;0;2,93
1601;2,74;0,05;232;false;true;true;2,97;0;2,93
1602;2,74;0,05;232;false;true;true;2,97;0;2,93
1603;2,74;0,05;232;false;true;true;2,97;0;2,93
1604;2,75;0,05;232;false;true;true;2,97;0;2,93
1605;2,75;0,06;232;false;true;true;2,97;0;2,93
1606;2,75;0,06;232;false;true;true;2,97;0;2,93
1607;2,75;0,06;232;false;true;true;2,98;0;2,93
1608;2,75;0,05;232;false;true;true;2,97;0;2,93
1609;2,75;0,05;232;false;true;true;2,97;0;2,93
1610;2,75;0,05;232;false;true;true;2,97;0;2,93
1611;2,75;0,05;232;false;true;true;2,97;0;2,93
1612;2,75;0,05;232;false;true;true;2,97;0;2,93
1613;2,76;0,05;232;false;true;true;2,97;0;2,93
1614;2,76;0,05;232;false;true;true;2,97;0;2,93
1615;2,76;0,05;232;false;true;true;2,97;0;2,93
1616;2,76;0,05;232;false;true;true;2,97;0;2,93
1617;2,76;0,05;232;false;true;true;2,97;0;2,93
1618;2,76;0,05;232;false;true;true;2,98;0;2,93
1619;2,76;0,05;232;false;true;true;2,98;0;2,93
1620;2,76;0,05;232;false;true;true;2,98;0;2,93
1621;2,76;0,05;232;false;true;true;2,98;0;2,93
1622;2,76;0,05;232;false;true;true;2,97;0;2,93
1623;2,77;0,05;232;false;true;true;2,98;0;2,93
1624;2,77;0,05;232;false;true;true;2,98;0;2,93
1625;2,77;0,05;232;false;true;true;2,97;0;2,93
1626;2,77;0,05;232;false;true;true;2,98;0;2,93
1627;2,77;0,05;232;false;true;true;2,98;0;2,94
1628;2,77;0,05;232;false;true;true;2,98;0;2,94
1629;2,77;0,05;232;false;true;true;2,98;0;2,94
1630;2,77;0,05;232;false;true;true;2,98;0;2,94
1631;2,77;0,05;232;false;true;true;2,98;0;2,94
1632;2,78;0,05;232;false;true;true;2,98;0;2,94
1633;2,78;0,05;232;false;true;true;2,97;0;2,94
1634;2,78;0,05;232;false;true;true;2,98;0;2,94
1635;2,78;0,05;232;false;true;true;2,98;0;2,94
1636;2,78;0,05;232;false;true;true;2,98;0;2,94
1637;2,78;0,05;232;false;true;true;2,98;0;2,94
1638;2,78;0,05;232;false;true;true;2,98;0;2,94
1639;2,78;0,05;232;false;true;true;2,98;0;2,94
1640;2,78;0,05;232;false;true;true;2,98;0;2,94
1641;2,79;0,05;232;false;true;true;2,98;0;2,94
1642;2,79;0,05;232;false;true;true;2,98;0;2,94
1643;2,79;0,05;232;false;true;true;2,98;0;2,94
1644;2,79;0,05;232;false;true;true;2,98;0;2,94
1645;2,79;0,05;232;false;true;true;2,98;0;2,94
1646;2,79;0,05;232;false;true;true;2,98;0;2,94
1647;2,79;0,05;232;false;true;true;2,98;0;2,94
1648;2,79;0,05;232;false;true;true;2,98;0;2,94
1649;2,79;0,04;232;false;true;true;2,98;0;2,94
1650;2,8;0,05;232;false;true;true;2,98;0;2,94
1651;2,8;0,05;232;false;true;true;2,98;0;2,94
1652;2,8;0,05;232;false;true;true;2,98;0;2,94
1653;2,8;0,05;232;false;true;true;2,99;0;2,95
1654;2,8;0,06;232;false;true;true;2,99;0;2,95
1655;2,8;0,05;232;false;true;true;2,99;0;2,95
1656;2,8;0,05;232;false;true;true;2,99;0;2,95
1657;2,8;0,05;232;false;true;true;2,99;0;2,95
1658;2,8;0,05;232;false;true;true;2,99;0;2,95
1659;2,81;0,05;232;false;true;true;2,99;0;2,95
1660;2,81;0,05;232;false;true;true;2,99;0;2,95
1661;2,81;0,05;232;false;true;true;2,99;0;2,95
1662;2,81;0,05;232;false;true;true;2,99;0;2,95
1663;2,81;0,05;232;false;true;true;2,99;0;2,95
1664;2,81;0,05;232;false;true;true;2,99;0;2,95
1665;2,81;0,05;232;false;true;true;2,99;0;2,95
1666;2,81;0,05;232;false;true;true;2,99;0;2,95
1667;2,81;0,05;232;false;true;true;2,99;0;2,95
1668;2,82;0,05;232;false;true;true;2,99;0;2,95
1669;2,82;0,05;232;false;true;true;2,99;0;2,95
1670;2,82;0,05;232;false;true;true;2,99;0;2,95
1671;2,82;0,05;232;false;true;true;2,99;0;2,95
1672;2,82;0,05;232;false;true;true;2,99;0;2,95
1673;2,82;0,05;232;false;true;true;3;0;2,95
1674;2,82;0,05;232;false;true;true;2,99;0;2,95
1675;2,82;0,05;232;false;true;true;3;0;2,95
1676;2,82;0,05;232;false;true;true;3;0;2,96
1677;2,82;0,05;232;false;true;true;3;0;2,96
1678;2,83;0,05;232;false;true;true;3;0;2,96
1679;2,83;0,05;232;false;true;true;3;0;2,96
1680;2,83;0,05;232;false;true;true;3;0;2,96
1681;2,83;0,06;232;false;true;true;3,01;0;2,96
1682;2,83;0,05;232;false;true;true;3;0;2,96
1683;2,83;0,05;232;false;true;true;3;0;2,96
1684;2,83;0,05;232;false;true;true;2,99;0;2,96
1685;2,83;0,05;232;false;true;true;2,99;0;2,96
1686;2,83;0,05;232;false;true;true;3;0;2,96
1687;2,83;0,05;232;false;true;true;3;0;2,96
1688;2,84;0,05;232;false;true;true;3;0;2,96
1689;2,84;0,05;232;false;true;true;3;0;2,96
1690;2,84;0,05;232;false;true;true;3;0;2,96
1691;2,84;0,06;232;false;true;true;3,01;0;2,96
1692;2,84;0,05;232;false;true;true;3;0;2,96
1693;2,84;0,05;232;false;true;true;3,01;0;2,96
1694;2,84;0,05;232;false;true;true;3,01;0;2,96
1695;2,84;0,05;232;false;true;true;3,01;0;2,97
1696;2,84;0,05;232;false;true;true;3,01;0;2,97
1697;2,84;0,05;232;false;true;true;3;0;2,97
1698;2,85;0,05;232;false;true;true;3;0;2,97
1699;2,85;0,05;232;false;true;true;3;0;2,97
1700;2,85;0,05;232;false;true;true;3;0;2,97
1701;2,85;0,05;232;false;true;true;3,01;0;2,97
1702;2,85;0,05;232;false;true;true;3,01;0;2,97
1703;2,85;0,05;232;false;true;true;3,01;0;2,97
1704;2,85;0,05;232;false;true;true;3,01;0;2,97
1705;2,85;0,05;232;false;true;true;3,01;0;2,97
1706;2,85;0,05;232;false;true;true;3,01;0;2,97
1707;2,86;0,05;232;false;true;true;3,01;0;2,97
1708;2,86;0,05;232;false;true;true;3,01;0;2,97
1709;2,86;0,05;232;false;true;true;3,01;0;2,97
1710;2,86;0,05;232;false;true;true;3,01;0;2,98
1711;2,86;0,05;232;false;true;true;3,02;0;2,98
1712;2,86;0,05;232;false;true;true;3,02;0;2,98
1713;2,86;0,05;232;false;true;true;3,02;0;2,98
1714;2,86;0,05;232;false;true;true;3,02;0;2,98
1715;2,86;0,06;232;false;true;true;3,02;0;2,98
1716;2,86;0,06;232;false;true;true;3,02;0;2,98
1717;2,87;0,06;232;false;true;true;3,03;0;2,98
1718;2,87;0,06;232;false;true;true;3,03;0;2,98
1719;2,87;0,06;232;false;true;true;3,02;0;2,98
1720;2,87;0,05;232;false;true;true;3,02;0;2,98
1721;2,87;0,05;232;false;true;true;3,02;0;2,98
1722;2,87;0,05;232;false;true;true;3,02;0;2,99
1723;2,87;0,05;232;false;true;true;3,02;0;2,99
1724;2,87;0,05;232;false;true;true;3,02;0;2,99
1725;2,87;0,05;232;false;true;true;3,02;0;2,99
1726;2,88;0,05;232;false;true;true;3,02;0;2,99
1727;2,88;0,06;232;false;true;true;3,03;0;2,99
1728;2,88;0,06;232;false;true;true;3,03;0;2,99
1729;2,88;0,06;232;false;true;true;3,03;0;2,99
1730;2,88;0,06;232;false;true;true;3,04;0;2,99
1731;2,88;0,06;232;false;true;true;3,04;0;3
1732;2,88;0,06;232;false;true;true;3,04;0;3
1733;2,88;0,06;232;false;true;true;3,04;0;3
1734;2,88;0,06;232;false;true;true;3,04;0;3
1735;2,88;0,06;232;false;true;true;3,04;0;3
1736;2,88;0,06;232;false;true;true;3,04;0;3
1737;2,89;0,06;232;false;true;true;3,04;0;3
1738;2,89;0,06;232;false;true;true;3,04;0;3,01
1739;2,89;0,06;232;false;true;true;3,05;0;3,01
1740;2,89;0,06;232;false;true;true;3,05;0;3,01
1741;2,89;0,06;232;false;true;true;3,05;0;3,01
1742;2,89;0,06;232;false;true;true;3,05;0;3,01
1743;2,89;0,06;232;false;true;true;3,05;0;3,01
1744;2,89;0,06;232;false;true;true;3,06;0;3,02
1745;2,89;0,06;232;false;true;true;3,06;0;3,02
1746;2,89;0,06;232;false;true;true;3,06;0;3,02
1747;2,9;0,07;232;false;true;true;3,06;0;3,02
1748;2,9;0,07;232;false;true;true;3,07;0;3,02
1749;2,9;0,07;232;false;true;true;3,07;0;3,03
1750;2,9;0,07;232;false;true;true;3,07;0;3,03
1751;2,9;0,07;232;false;true;true;3,07;0;3,03
1752;2,9;0,07;232;false;true;true;3,07;0;3,04
1753;2,9;0,07;232;false;true;true;3,07;0;3,04
1754;2,9;0,07;232;false;true;true;3,08;0;3,04
1755;2,91;0,08;232;false;true;true;3,09;0;3,05
1756;2,91;0,07;232;false;true;true;3,09;0;3,05
1757;2,91;0,08;232;false;true;true;3,1;0;3,05
1758;2,91;0,08;232;false;true;true;3,1;0;3,06
1759;2,91;0,09;232;false;true;true;3,1;0;3,06
1760;2,91;0,09;232;false;true;true;3,11;0;3,07
1761;2,91;0,09;232;false;true;true;3,12;0;3,07
1762;2,91;0,09;232;false;true;true;3,12;0;3,08
1763;2,91;0,09;232;false;true;true;3,13;0;3,09
1764;2,91;0,1;232;false;true;true;3,13;0;3,09
1765;2,92;0,1;232;false;true;true;3,13;0;3,1
1766;2,92;0,1;232;false;true;true;3,14;0;3,11
1767;2,92;0,11;232;false;true;true;3,15;0;3,12
1768;2,92;0,12;232;false;true;true;3,16;0;3,14
1769;2,92;0,13;232;false;true;true;3,18;0;3,15
1770;2,92;0,14;232;false;true;true;3,19;0;3,17
1771;2,92;0,16;232;false;true;true;3,22;0;3,2
1772;2,92;0,18;232;false;true;true;3,24;0;3,23
1773;2,92;0,22;232;false;true;true;3,27;0;3,27
1774;2,92;0,26;232;false;true;true;3,3;0;3,34
1775;2,93;0,35;232;false;true;true;3,36;0;3,44
1776;2,93;0,5;231;false;true;true;2,84;0;2,72
1777;2,93;0,44;231;false;true;true;2,76;0;2,73
1778;2,93;0,41;231;false;true;true;2,72;0;2,74
1779;2,93;0,38;231;false;true;true;2,75;0;2,75
1780;2,93;0,36;231;false;true;true;2,8;0;2,76
1781;2,93;0,35;231;false;true;true;2,84;0;2,77
1782;2,93;0,34;231;false;true;true;2,87;0;2,78
1783;2,93;0,33;231;false;true;true;2,89;0;2,79
1784;2,93;0,32;231;false;true;true;2,91;0;2,8
1785;2,94;0,31;231;false;true;true;2,93;0;2,8
1786;2,94;0,31;231;false;true;true;2,94;0;2,81
1787;2,94;0,31;231;false;true;true;2,96;0;2,82
1788;2,94;0,3;231;false;true;true;2,97;0;2,83
1789;2,94;0,3;231;false;true;true;2,98;0;2,83
1790;2,94;0,29;231;false;true;true;2,99;0;2,84
1791;2,94;0,29;231;false;true;true;3;0;2,84
1792;2,94;0,29;231;false;true;true;3,01;0;2,85
1793;2,94;0,29;231;false;true;true;3,01;0;2,86
1794;2,94;0,28;231;false;true;true;3,02;0;2,86
1795;2,95;0,28;231;false;true;true;3,02;0;2,87
1796;2,95;0,28;231;false;true;true;3,03;0;2,88
1797;2,95;0,27;231;false;true;true;3,04;0;2,89
1798;2,95;0,27;231;false;true;true;3,04;0;2,89
1799;2,95;0,27;231;false;true;true;3,05;0;2,9
1800;2,95;0,27;231;false;true;true;3,06;0;2,91
1801;2,95;0,27;231;false;true;true;3,06;0;2,92
1802;2,95;0,27;231;false;true;true;3,07;0;2,92
1803;2,95;0,27;231;false;true;true;3,08;0;2,93
1804;2,95;0,27;231;false;true;true;3,08;0;2,94
1805;2,96;0,27;231;false;true;true;3,09;0;2,95
1806;2,96;0,27;231;false;true;true;3,1;0;2,96
1807;2,96;0,27;231;false;true;true;3,11;0;2,97
1808;2,96;0,27;231;false;true;true;3,12;0;2,98
1809;2,96;0,28;231;false;true;true;3,13;0;3
1810;2,96;0,28;231;false;true;true;3,14;0;3,01
1811;2,96;0,28;231;false;true;true;3,15;0;3,03
1812;2,96;0,29;231;false;true;true;3,17;0;3,04
1813;2,96;0,3;231;false;true;true;3,19;0;3,07
1814;2,96;0,32;231;false;true;true;3,21;0;3,09
1815;2,97;0,33;231;false;true;true;3,23;0;3,12
1816;2,97;0,35;231;false;true;true;3,25;0;3,16
1817;2,97;0,39;231;false;true;true;3,29;0;3,21
1818;2,97;0,44;231;false;true;true;3,33;0;3,29
1819;2,97;0,54;231;false;true;true;3,39;0;3,41
1820;2,97;0,62;230;false;true;true;2,99;0;2,69
1821;2,97;0,54;230;false;true;true;2,9;0;2,7
1822;2,97;0,49;230;false;true;true;2,84;0;2,71
1823;2,97;0,46;230;false;true;true;2,81;0;2,71
1824;2,98;0,43;230;false;true;true;2,83;0;2,72
1825;2,98;0,41;230;false;true;true;2,86;0;2,72
1826;2,98;0,39;230;false;true;true;2,88;0;2,73
1827;2,98;0,38;230;false;true;true;2,9;0;2,73
1828;2,98;0,37;230;false;true;true;2,91;0;2,74
1829;2,98;0,36;230;false;true;true;2,92;0;2,74
1830;2,98;0,35;230;false;true;true;2,93;0;2,75
1831;2,98;0,34;230;false;true;true;2,93;0;2,75
1832;2,98;0,32;230;false;true;true;2,94;0;2,75
1833;2,98;0,32;230;false;true;true;2,94;0;2,75
1834;2,99;0,31;230;false;true;true;2,94;0;2,76
1835;2,99;0,3;230;false;true;true;2,95;0;2,76
1836;2,99;0,3;230;false;true;true;2,95;0;2,76
1837;2,99;0,29;230;false;true;true;2,95;0;2,77
1838;2,99;0,29;230;false;true;true;2,95;0;2,77
1839;2,99;0,28;230;false;true;true;2,95;0;2,77
1840;2,99;0,27;230;false;true;true;2,95;0;2,77
1841;2,99;0,26;230;false;true;true;2,95;0;2,78
1842;2,99;0,25;230;false;true;true;2,94;0;2,78
1843;2,99;0,25;230;false;true;true;2,94;0;2,78
1844;3;0,24;230;false;true;true;2,94;0;2,78
1845;3;0,23;230;false;true;true;2,94;0;2,78
1846;3;0,23;230;false;true;true;2,94;0;2,79
1847;3;0,22;230;false;true;true;2,94;0;2,79
1848;3;0,22;230;false;true;true;2,94;0;2,79
1849;3;0,22;230;false;true;true;2,94;0;2,79
1850;3;0,22;230;false;true;true;2,94;0;2,79
1851;3;0,21;230;false;true;true;2,94;0;2,8
1852;3;0,21;230;false;true;true;2,94;0;2,8
1853;3,01;0,2;230;false;true;true;2,94;0;2,8
1854;3,01;0,2;230;false;true;true;2,94;0;2,8
1855;3,01;0,19;230;false;true;true;2,94;0;2,8
1856;3,01;0,19;230;false;true;true;2,94;0;2,81
1857;3,01;0,18;230;false;true;true;2,93;0;2,81
1858;3,01;0,18;230;false;true;true;2,93;0;2,81
1859;3,01;0,17;230;false;true;true;2,93;0;2,81
1860;3,01;0,17;230;false;true;true;2,93;0;2,81
1861;3,02;0,17;230;false;true;true;2,93;0;2,81
1862;3,02;0,16;230;false;true;true;2,93;0;2,81
1863;3,02;0,16;230;false;true;true;2,93;0;2,82
1864;3,02;0,16;230;false;true;true;2,92;0;2,82
1865;3,02;0,15;230;false;true;true;2,93;0;2,82
1866;3,02;0,15;230;false;true;true;2,93;0;2,82
1867;3,02;0,15;230;false;true;true;2,93;0;2,82
1868;3,02;0,15;230;false;true;true;2,93;0;2,82
1869;3,03;0,15;230;false;true;true;2,93;0;2,82
1870;3,03;0,15;230;false;true;true;2,93;0;2,83
1871;3,03;0,14;230;false;true;true;2,93;0;2,83
1872;3,03;0,14;230;false;true;true;2,93;0;2,83
1873;3,03;0,14;230;false;true;true;2,92;0;2,83
1874;3,03;0,13;230;false;true;true;2,93;0;2,83
1875;3,03;0,13;230;false;true;true;2,92;0;2,83
1876;3,03;0,13;230;false;true;true;2,92;0;2,83
1877;3,03;0,13;230;false;true;true;2,92;0;2,83
1878;3,03;0,13;230;false;true;true;2,92;0;2,84
1879;3,04;0,12;230;false;true;true;2,92;0;2,84
1880;3,04;0,12;230;false;true;true;2,92;0;2,84
1881;3,04;0,12;230;false;true;true;2,92;0;2,84
1882;3,04;0,12;230;false;true;true;2,92;0;2,84
1883;3,04;0,12;230;false;true;true;2,92;0;2,84
1884;3,04;0,12;230;false;true;true;2,92;0;2,84
1885;3,04;0,11;230;false;true;true;2,92;0;2,84
1886;3,04;0,11;230;false;true;true;2,92;0;2,84
1887;3,04;0,11;230;false;true;true;2,93;0;2,84
1888;3,04;0,11;230;false;true;true;2,92;0;2,85
1889;3,05;0,11;230;false;true;true;2,93;0;2,85
1890;3,05;0,11;230;false;true;true;2,93;0;2,85
1891;3,05;0,1;230;false;true;true;2,92;0;2,85
1892;3,05;0,11;230;false;true;true;2,93;0;2,85
1893;3,05;0,11;230;false;true;true;2,93;0;2,85
1894;3,05;0,1;230;false;true;true;2,93;0;2,85
1895;3,05;0,1;230;false;true;true;2,92;0;2,85
1896;3,05;0,1;230;false;true;true;2,93;0;2,85
1897;3,05;0,1;230;false;true;true;2,93;0;2,85
1898;3,05;0,1;230;false;true;true;2,93;0;2,85
1899;3,06;0,1;230;false;true;true;2,93;0;2,86
1900;3,06;0,1;230;false;true;true;2,93;0;2,86
1901;3,06;0,1;230;false;true;true;2,93;0;2,86
1902;3,06;0,1;230;false;true;true;2,93;0;2,86
1903;3,06;0,1;230;false;true;true;2,93;0;2,86
1904;3,06;0,09;230;false;true;true;2,93;0;2,86
1905;3,06;0,09;230;false;true;true;2,93;0;2,86
1906;3,06;0,09;230;false;true;true;2,93;0;2,86
1907;3,06;0,09;230;f