lengthMiddleSegment: 85597.07
step_energy: 0.05
electrostatic_force_factor: 1.0
spring_force_factor: 0.1
reject_force_factor: 2.0
distanceRejectRadius: 21399.2675
distanceSamePosition: 21399.2675
Iteration;time;energy;num nodes;reject force is enabled;spring force is enabled;electrostatic force is enabled;str_force;rep_force;elec_force
1;0;50,17;1457;false;true;true;18,73;0;31,53
2;0,02;57,88;1395;false;true;true;20,7;0;38,07
3;0,31;59,13;1335;false;true;true;21,87;0;39,13
4;0,32;56,74;1279;false;true;true;20,52;0;38,1
5;0,32;54,26;1219;false;true;true;19,92;0;36,07
6;0,33;52,01;1172;false;true;true;19,49;0;34,22
7;0,34;50,05;1124;false;true;true;19,4;0;32,1
8;0,35;49,36;1085;false;true;true;18,59;0;32,91
9;0,36;47,9;1041;false;true;true;19,49;0;30,82
10;0,37;47,69;1006;false;true;true;19,15;0;30,64
11;0,38;46,54;968;false;true;true;19,35;0;29,21
12;0,39;45,92;934;false;true;true;18,73;0;29,33
13;0,4;43,44;902;false;true;true;19,1;0;26,47
14;0,4;43,6;873;false;true;true;17,41;0;28,09
15;0,41;42,81;839;false;true;true;18,34;0;27,18
16;0,41;40,37;808;false;true;true;18,03;0;24,32
17;0,42;41,39;786;false;true;true;17,59;0;26,89
18;0,43;39,58;764;false;true;true;17,95;0;25,75
19;0,43;37,17;742;false;true;true;18,02;0;23,94
20;0,43;34,5;720;false;true;true;17,56;0;20,23
21;0,44;34,95;707;false;true;true;16,62;0;22,31
22;0,44;32,55;690;false;true;true;16,99;0;19,09
23;0,44;31,68;678;false;true;true;15,63;0;18,97
24;0,45;31,62;668;false;true;true;15,23;0;20,48
25;0,45;30,96;654;false;true;true;16,25;0;19,56
26;0,45;30,15;640;false;true;true;15,7;0;18,62
27;0,46;29,46;628;false;true;true;15,29;0;18,41
28;0,46;29,16;614;false;true;true;15,75;0;17,79
29;0,46;27,14;601;false;true;true;14,19;0;15,44
30;0,47;26,54;592;false;true;true;14,08;0;15,75
31;0,47;25,91;584;false;true;true;14;0;15,47
32;0,47;25,05;577;false;true;true;13,67;0;15,19
33;0,48;23,28;569;false;true;true;13,59;0;13,46
34;0,48;24,21;563;false;true;true;14,04;0;14,41
35;0,48;23,42;555;false;true;true;13,97;0;13,32
36;0,49;22,43;548;false;true;true;13,04;0;12,06
37;0,49;22,4;544;false;true;true;13,12;0;13,02
38;0,49;21,78;538;false;true;true;13,19;0;12,37
39;0,5;21,21;533;false;true;true;13,16;0;12,4
40;0,5;21,18;530;false;true;true;12,97;0;13,49
41;0,5;21,87;524;false;true;true;13,7;0;13,62
42;0,5;20,52;516;false;true;true;13,18;0;11,18
43;0,51;20,82;512;false;true;true;12,87;0;11,81
44;0,51;19,63;506;false;true;true;12,59;0;10,84
45;0,51;19,43;504;false;true;true;12,04;0;12,09
46;0,51;19,5;500;false;true;true;12,14;0;12,19
47;0,52;19,4;495;false;true;true;12,61;0;11,8
48;0,52;18,93;490;false;true;true;12,43;0;11,16
49;0,52;18,31;485;false;true;true;11,98;0;10,32
50;0,52;17,68;481;false;true;true;11,62;0;10,13
51;0,52;16,43;477;false;true;true;11,14;0;9,05
52;0,53;16,71;475;false;true;true;11,4;0;9,95
53;0,53;17,77;473;false;true;true;11,66;0;11,09
54;0,53;16,93;468;false;true;true;11,95;0;9,87
55;0,54;16,72;465;false;true;true;11,78;0;9,88
56;0,54;16,72;463;false;true;true;11,51;0;10,6
57;0,54;16,29;458;false;true;true;11,8;0;9,53
58;0,55;15,46;456;false;true;true;11,51;0;9,57
59;0,55;15,98;455;false;true;true;11,91;0;11,05
60;0,55;16,29;452;false;true;true;12,58;0;11,38
61;0,55;16,61;448;false;true;true;12,71;0;11,13
62;0,56;15,94;443;false;true;true;12,33;0;9,66
63;0,56;15,96;440;false;true;true;11,58;0;9,26
64;0,56;15,84;437;false;true;true;11,33;0;8,96
65;0,56;16,23;435;false;true;true;11,3;0;9,56
66;0,57;16,1;430;false;true;true;11,37;0;8,44
67;0,57;15,71;427;false;true;true;11,05;0;8,24
68;0,57;15,62;425;false;true;true;10,5;0;8,22
69;0,57;15,9;423;false;true;true;10,64;0;8,92
70;0,58;15,45;419;false;true;true;10,8;0;8,04
71;0,58;15,72;418;false;true;true;10,97;0;9,13
72;0,58;15,54;415;false;true;true;11,1;0;8,93
73;0,58;15,19;411;false;true;true;10,74;0;7,85
74;0,59;14,64;409;false;true;true;10,67;0;7,83
75;0,59;14,35;407;false;true;true;10,64;0;7,92
76;0,59;14,3;405;false;true;true;10,77;0;8,13
77;0,6;14,31;403;false;true;true;10,9;0;8,34
78;0,6;14,28;401;false;true;true;10,95;0;8,53
79;0,6;14,64;400;false;true;true;11,2;0;9,72
80;0,61;13,8;395;false;true;true;10,75;0;7,6
81;0,61;13,04;393;false;true;true;10,3;0;7,17
82;0,61;12,83;392;false;true;true;10,16;0;7,65
83;0,62;13,32;391;false;true;true;10,17;0;8,28
84;0,62;13,59;390;false;true;true;10,81;0;9,23
85;0,62;13,73;386;false;true;true;11,04;0;8,1
86;0,62;13,45;384;false;true;true;10,73;0;8
87;0,62;13,06;381;false;true;true;10,43;0;7,11
88;0,63;12,68;379;false;true;true;9,68;0;6,84
89;0,63;12,58;378;false;true;true;9,5;0;7,32
90;0,63;12,21;376;false;true;true;9,47;0;7,11
91;0,64;12,09;375;false;true;true;9,81;0;7,51
92;0,64;12,07;373;false;true;true;10,2;0;7,41
93;0,64;11,81;372;false;true;true;9,88;0;7,47
94;0,64;11,75;370;false;true;true;10,13;0;7,14
95;0,64;11,53;369;false;true;true;10,2;0;7,44
96;0,65;11,89;368;false;true;true;10,42;0;8,14
97;0,65;12,27;366;false;true;true;10,75;0;8,3
98;0,65;12,3;363;false;true;true;10,83;0;7,64
99;0,65;11,64;359;false;true;true;9,92;0;5,7
100;0,66;11,32;359;false;true;true;9,48;0;6,51
101;0,66;11,61;358;false;true;true;9,31;0;6,74
102;0,66;11,49;357;false;true;true;9,52;0;6,92
103;0,67;12,17;356;false;true;true;10,09;0;7,84
104;0,67;11,82;352;false;true;true;9,81;0;6,24
105;0,67;10,96;350;false;true;true;9,19;0;5,33
106;0,68;10,66;350;false;true;true;8,87;0;5,95
107;0,68;10,68;350;false;true;true;9,02;0;6,71
108;0,68;11,08;350;false;true;true;9,73;0;7,8
109;0,68;11,56;348;false;true;true;10,59;0;7,72
110;0,68;11,64;345;false;true;true;10,58;0;6,87
111;0,69;11,28;343;false;true;true;9,79;0;6,2
112;0,69;10,82;341;false;true;true;9,29;0;5,57
113;0,69;10,61;341;false;true;true;9;0;6,29
114;0,69;10,92;339;false;true;true;8,68;0;6,61
115;0,69;11,2;338;false;true;true;8,93;0;7,69
116;0,7;10,25;335;false;true;true;9,17;0;6,26
117;0,7;10,2;334;false;true;true;9,38;0;6,46
118;0,7;10,31;333;false;true;true;9,39;0;6,86
119;0,7;10,4;331;false;true;true;9,23;0;6,41
120;0,7;9,98;329;false;true;true;8,91;0;5,6
121;0,71;9,93;329;false;true;true;8,91;0;6,39
122;0,71;10,32;328;false;true;true;8,75;0;6,55
123;0,71;10;326;false;true;true;8,59;0;5,8
124;0,71;9,89;324;false;true;true;8,77;0;5,22
125;0,72;9,61;324;false;true;true;8,66;0;5,86
126;0,72;9,58;323;false;true;true;8,75;0;5,97
127;0,72;9,59;322;false;true;true;8,72;0;6,16
128;0,72;9,56;321;false;true;true;8,91;0;6,22
129;0,73;9,83;321;false;true;true;9,29;0;7,24
130;0,73;9,8;318;false;true;true;9,3;0;6,35
131;0,73;9,67;316;false;true;true;8,62;0;5,41
132;0,73;9,48;316;false;true;true;8,41;0;6,19
133;0,73;9,41;315;false;true;true;8,44;0;6,25
134;0,74;9,2;314;false;true;true;8,47;0;6,31
135;0,74;8,92;313;false;true;true;8,58;0;6,41
136;0,74;8,87;311;false;true;true;8,34;0;5,64
137;0,74;8,67;309;false;true;true;7,95;0;4,75
138;0,75;8,51;309;false;true;true;7,89;0;5,37
139;0,75;8,13;308;false;true;true;7,6;0;4,99
140;0,75;8,1;308;false;true;true;7,84;0;5,53
141;0,75;8,39;308;false;true;true;8,34;0;6,34
142;0,75;8,43;306;false;true;true;8,54;0;5,62
143;0,75;8,19;305;false;true;true;8,56;0;5,48
144;0,76;8,22;304;false;true;true;8,18;0;5,21
145;0,76;8,14;303;false;true;true;7,99;0;5,07
146;0,76;8,05;303;false;true;true;8,01;0;5,62
147;0,76;7,97;302;false;true;true;7,97;0;5,43
148;0,76;8,14;302;false;true;true;8,28;0;6,15
149;0,77;8,41;301;false;true;true;8,7;0;6,4
150;0,77;7,96;298;false;true;true;8,17;0;4,66
151;0,77;7,62;298;false;true;true;7,85;0;5,04
152;0,77;7,52;298;false;true;true;7,8;0;5,5
153;0,77;7,68;298;false;true;true;8,01;0;6,16
154;0,78;7,84;297;false;true;true;8,28;0;6,13
155;0,78;7,9;295;false;true;true;8,29;0;5,4
156;0,78;7,59;294;false;true;true;7,93;0;5,02
157;0,78;7,39;294;false;true;true;7,72;0;5,51
158;0,79;7,21;293;false;true;true;7,69;0;5,29
159;0,79;7,1;293;false;true;true;7,93;0;5,76
160;0,79;7,35;292;false;true;true;7,88;0;5,48
161;0,79;7,51;292;false;true;true;8,02;0;6,3
162;0,79;6,73;290;false;true;true;7,7;0;4,87
163;0,8;6,65;290;false;true;true;7,76;0;5,31
164;0,8;6,79;289;false;true;true;7,79;0;5,19
165;0,8;6,82;288;false;true;true;7,58;0;5,05
166;0,8;6,59;286;false;true;true;7,39;0;4
167;0,8;6,21;286;false;true;true;7,08;0;4,2
168;0,81;5,98;286;false;true;true;6,91;0;4,4
169;0,81;5,83;286;false;true;true;6,9;0;4,62
170;0,81;5,76;286;false;true;true;7,11;0;4,87
171;0,81;5,77;286;false;true;true;7,41;0;5,17
172;0,81;5,88;286;false;true;true;7,73;0;5,57
173;0,82;6,34;285;false;true;true;7,65;0;5,27
174;0,82;6,6;285;false;true;true;7,91;0;5,96
175;0,82;6,24;283;false;true;true;7,61;0;4,72
176;0,82;6,14;283;false;true;true;7,55;0;5,08
177;0,82;6,28;283;false;true;true;7,65;0;5,62
178;0,82;6,26;281;false;true;true;7,26;0;4,48
179;0,83;6,12;281;false;true;true;7,24;0;4,83
180;0,83;5,92;280;false;true;true;6,97;0;4,34
181;0,83;5,76;280;false;true;true;6,92;0;4,59
182;0,83;5,74;280;false;true;true;7,04;0;4,92
183;0,83;5,95;280;false;true;true;7,29;0;5,44
184;0,84;5,83;279;false;true;true;7,34;0;5,06
185;0,84;5,53;278;false;true;true;7,03;0;4,41
186;0,84;5,38;278;false;true;true;7,01;0;4,62
187;0,84;5,31;278;false;true;true;7,05;0;4,84
188;0,84;5,32;278;false;true;true;7,23;0;5,11
189;0,84;5,41;278;false;true;true;7,48;0;5,47
190;0,85;5,71;278;false;true;true;7,82;0;6,02
191;0,85;5,77;277;false;true;true;7,88;0;5,71
192;0,85;5,9;276;false;true;true;7,65;0;5,41
193;0,85;5,59;275;false;true;true;7,43;0;4,93
194;0,85;5,68;274;false;true;true;6,99;0;4,46
195;0,85;5,46;274;false;true;true;6,91;0;4,72
196;0,85;5,43;274;false;true;true;6,97;0;5,07
197;0,85;5,26;273;false;true;true;6,82;0;4,52
198;0,86;5,14;273;false;true;true;6,95;0;4,74
199;0,86;5,12;273;false;true;true;7,11;0;5
200;0,86;5,19;273;false;true;true;7,32;0;5,34
201;0,86;5,45;273;false;true;true;7,61;0;5,85
202;0,87;5,66;271;false;true;true;7,42;0;4,75
203;0,87;5,57;271;false;true;true;7,32;0;5,13
204;0,87;5,62;270;false;true;true;7,18;0;4,83
205;0,87;5,47;269;false;true;true;6,78;0;4,42
206;0,87;5,37;269;false;true;true;6,77;0;4,72
207;0,87;5,34;268;false;true;true;6,49;0;4,2
208;0,87;5,19;268;false;true;true;6,5;0;4,44
209;0,87;5,18;267;false;true;true;6,08;0;3,74
210;0,88;5,1;267;false;true;true;6,15;0;4,01
211;0,88;4,99;266;false;true;true;6,2;0;3,56
212;0,88;4,79;266;false;true;true;6,15;0;3,72
213;0,88;4,68;266;false;true;true;6,15;0;3,9
214;0,88;4,67;266;false;true;true;6,2;0;4,15
215;0,88;4,58;265;false;true;true;6,01;0;3,59
216;0,89;4,43;265;false;true;true;6;0;3,72
217;0,89;4,33;265;false;true;true;6,04;0;3,87
218;0,89;4,29;265;false;true;true;6,11;0;4,04
219;0,89;4,3;265;false;true;true;6,23;0;4,26
220;0,89;4,41;265;false;true;true;6,42;0;4,56
221;0,89;4,76;265;false;true;true;6,66;0;5,13
222;0,9;4,45;263;false;true;true;6,18;0;3,61
223;0,9;4,23;263;false;true;true;6,01;0;3,74
224;0,9;4,1;263;false;true;true;5,95;0;3,89
225;0,9;4,06;263;false;true;true;5,95;0;4,08
226;0,9;4,03;262;false;true;true;5,76;0;3,55
227;0,91;3,88;262;false;true;true;5,77;0;3,64
228;0,91;3,78;262;false;true;true;5,8;0;3,73
229;0,91;3,71;262;false;true;true;5,84;0;3,82
230;0,91;3,66;262;false;true;true;5,91;0;3,92
231;0,91;3,64;262;false;true;true;6,03;0;4,04
232;0,92;3,64;262;false;true;true;6,15;0;4,18
233;0,92;3,69;262;false;true;true;6,29;0;4,36
234;0,92;3,81;262;false;true;true;6,44;0;4,63
235;0,92;3,83;261;false;true;true;6,23;0;4,06
236;0,92;3,85;261;false;true;true;6,22;0;4,3
237;0,92;3,8;260;false;true;true;6,02;0;3,69
238;0,92;3,65;260;false;true;true;5,89;0;3,77
239;0,93;3,55;260;false;true;true;5,84;0;3,85
240;0,93;3,48;260;false;true;true;5,86;0;3,93
241;0,93;3,43;260;false;true;true;5,94;0;4,02
242;0,93;3,4;260;false;true;true;6,04;0;4,12
243;0,93;3,39;260;false;true;true;6,15;0;4,22
244;0,93;3,4;260;false;true;true;6,26;0;4,35
245;0,94;3,44;260;false;true;true;6,38;0;4,5
246;0,94;3,53;260;false;true;true;6,52;0;4,71
247;0,94;3,71;260;false;true;true;6,69;0;5,02
248;0,94;3,99;259;false;true;true;6,49;0;4,49
249;0,94;3,8;258;false;true;true;6,08;0;3,84
250;0,95;3,66;258;false;true;true;5,96;0;3,95
251;0,95;3,59;258;false;true;true;5,93;0;4,07
252;0,95;3,58;258;false;true;true;6;0;4,22
253;0,96;3,66;258;false;true;true;6,12;0;4,44
254;0,97;3,75;257;false;true;true;6,07;0;3,9
255;0,97;3,64;257;false;true;true;6,01;0;4,02
256;0,97;3,6;257;false;true;true;6,02;0;4,17
257;0,98;3,64;257;false;true;true;6,07;0;4,39
258;0,98;3,59;256;false;true;true;5,8;0;3,75
259;0,98;3,46;256;false;true;true;5,76;0;3,83
260;0,99;3,39;256;false;true;true;5,78;0;3,93
261;0,99;3,36;256;false;true;true;5,83;0;4,05
262;0,99;3,39;256;false;true;true;5,94;0;4,2
263;0,99;3,55;255;false;true;true;5,67;0;3,55
264;1;3,4;255;false;true;true;5,61;0;3,62
265;1;3,31;255;false;true;true;5,61;0;3,68
266;1;3,25;255;false;true;true;5,65;0;3,75
267;1;3,21;255;false;true;true;5,74;0;3,82
268;1;3,18;255;false;true;true;5,82;0;3,91
269;1;3,18;255;false;true;true;5,91;0;4
270;1,01;3,2;255;false;true;true;6;0;4,12
271;1,01;3,27;255;false;true;true;6,11;0;4,29
272;1,01;3,33;254;false;true;true;5,9;0;3,76
273;1,01;3,26;254;false;true;true;5,85;0;3,85
274;1,01;3,23;254;false;true;true;5,85;0;3,96
275;1,01;3,27;254;false;true;true;5,88;0;4,11
276;1,01;3,52;253;false;true;true;5,64;0;3,55
277;1,02;3,31;253;false;true;true;5,58;0;3,61
278;1,02;3,18;253;false;true;true;5,55;0;3,66
279;1,02;3,09;253;false;true;true;5,53;0;3,71
280;1,02;3,04;253;false;true;true;5,61;0;3,77
281;1,02;3;253;false;true;true;5,68;0;3,83
282;1,03;2,96;253;false;true;true;5,74;0;3,89
283;1,03;2,94;253;false;true;true;5,8;0;3,95
284;1,03;2,93;253;false;true;true;5,86;0;4,02
285;1,03;2,93;253;false;true;true;5,93;0;4,1
286;1,04;2,94;253;false;true;true;6;0;4,19
287;1,04;2,97;253;false;true;true;6,08;0;4,31
288;1,04;3,02;253;false;true;true;6,18;0;4,45
289;1,04;3,13;253;false;true;true;6,3;0;4,65
290;1,05;3,28;252;false;true;true;6,04;0;4,11
291;1,05;3,26;252;false;true;true;6;0;4,29
292;1,05;3,4;251;false;true;true;5,88;0;3,74
293;1,05;3,25;251;false;true;true;5,72;0;3,84
294;1,05;3,17;251;false;true;true;5,68;0;3,95
295;1,05;3,17;251;false;true;true;5,7;0;4,09
296;1,05;3,26;251;false;true;true;5,81;0;4,31
297;1,05;3,17;250;false;true;true;5,54;0;3,63
298;1,05;3,07;250;false;true;true;5,51;0;3,7
299;1,06;3;250;false;true;true;5,51;0;3,77
300;1,06;2,96;250;false;true;true;5,53;0;3,84
301;1,06;2,94;250;false;true;true;5,59;0;3,93
302;1,06;2,95;250;false;true;true;5,69;0;4,03
303;1,06;3;250;false;true;true;5,8;0;4,18
304;1,07;3,24;249;false;true;true;5,59;0;3,55
305;1,07;3,08;249;false;true;true;5,5;0;3,61
306;1,07;2,98;249;false;true;true;5,45;0;3,67
307;1,07;2,93;249;false;true;true;5,45;0;3,74
308;1,07;2,91;249;false;true;true;5,53;0;3,83
309;1,07;2,93;249;false;true;true;5,61;0;3,94
310;1,08;3,01;249;false;true;true;5,71;0;4,12
311;1,08;3,08;248;false;true;true;5,57;0;3,5
312;1,08;2,95;248;false;true;true;5,47;0;3,54
313;1,08;2,85;248;false;true;true;5,39;0;3,58
314;1,08;2,78;248;false;true;true;5,35;0;3,63
315;1,08;2,73;248;false;true;true;5,37;0;3,67
316;1,08;2,69;248;false;true;true;5,42;0;3,72
317;1,08;2,66;248;false;true;true;5,48;0;3,77
318;1,08;2,65;248;false;true;true;5,53;0;3,83
319;1,08;2,65;248;false;true;true;5,58;0;3,91
320;1,09;2,67;248;false;true;true;5,64;0;4
321;1,09;2,72;248;false;true;true;5,72;0;4,12
322;1,09;2,86;248;false;true;true;5,81;0;4,34
323;1,09;2,77;247;false;true;true;5,48;0;3,6
324;1,09;2,68;247;false;true;true;5,41;0;3,65
325;1,09;2,63;247;false;true;true;5,38;0;3,69
326;1,09;2,59;247;false;true;true;5,36;0;3,73
327;1,09;2,56;247;false;true;true;5,38;0;3,78
328;1,09;2,53;247;false;true;true;5,43;0;3,83
329;1,09;2,52;247;false;true;true;5,49;0;3,88
330;1,1;2,52;247;false;true;true;5,54;0;3,94
331;1,1;2,54;247;false;true;true;5,6;0;4,02
332;1,1;2,58;247;false;true;true;5,67;0;4,13
333;1,1;2,68;247;false;true;true;5,75;0;4,3
334;1,1;2,78;246;false;true;true;5,56;0;3,64
335;1,1;2,65;246;false;true;true;5,44;0;3,68
336;1,1;2,56;246;false;true;true;5,37;0;3,71
337;1,1;2,5;246;false;true;true;5,32;0;3,75
338;1,1;2,45;246;false;true;true;5,36;0;3,78
339;1,1;2,41;246;false;true;true;5,41;0;3,81
340;1,11;2,38;246;false;true;true;5,45;0;3,85
341;1,11;2,36;246;false;true;true;5,49;0;3,89
342;1,11;2,35;246;false;true;true;5,53;0;3,93
343;1,11;2,33;246;false;true;true;5,56;0;3,97
344;1,11;2,33;246;false;true;true;5,6;0;4,02
345;1,11;2,32;246;false;true;true;5,63;0;4,07
346;1,12;2,34;246;false;true;true;5,68;0;4,14
347;1,12;2,37;246;false;true;true;5,73;0;4,23
348;1,12;2,44;246;false;true;true;5,8;0;4,35
349;1,12;2,6;246;false;true;true;5,89;0;4,58
350;1,12;2,49;245;false;true;true;5,53;0;3,8
351;1,12;2,41;245;false;true;true;5,46;0;3,84
352;1,12;2,36;245;false;true;true;5,41;0;3,87
353;1,12;2,32;245;false;true;true;5,38;0;3,9
354;1,13;2,3;245;false;true;true;5,4;0;3,94
355;1,13;2,28;245;false;true;true;5,44;0;3,97
356;1,13;2,27;245;false;true;true;5,49;0;4,01
357;1,13;2,25;245;false;true;true;5,53;0;4,04
358;1,13;2,24;245;false;true;true;5,57;0;4,08
359;1,14;2,23;245;false;true;true;5,61;0;4,12
360;1,14;2,23;245;false;true;true;5,64;0;4,17
361;1,14;2,23;245;false;true;true;5,69;0;4,22
362;1,14;2,24;245;false;true;true;5,73;0;4,28
363;1,15;2,25;245;false;true;true;5,79;0;4,34
364;1,15;2,28;245;false;true;true;5,85;0;4,42
365;1,15;2,32;245;false;true;true;5,91;0;4,51
366;1,15;2,38;245;false;true;true;5,99;0;4,63
367;1,15;2,49;245;false;true;true;6,09;0;4,82
368;1,15;2,91;244;false;true;true;5,92;0;4,24
369;1,15;2,84;244;false;true;true;5,79;0;4,39
370;1,15;3,01;243;false;true;true;5,49;0;3,84
371;1,16;2,86;243;false;true;true;5,4;0;3,91
372;1,16;2,78;243;false;true;true;5,38;0;3,99
373;1,16;2,75;243;false;true;true;5,43;0;4,09
374;1,16;2,75;243;false;true;true;5,54;0;4,2
375;1,16;2,81;243;false;true;true;5,66;0;4,35
376;1,17;2,96;243;false;true;true;5,81;0;4,57
377;1,17;3,35;242;false;true;true;5,61;0;4,48
378;1,17;3,43;241;false;true;true;5,24;0;4,1
379;1,17;3,11;240;false;true;true;5,4;0;3,69
380;1,17;2,98;240;false;true;true;5,2;0;3,77
381;1,17;2,91;240;false;true;true;5,08;0;3,87
382;1,18;2,87;240;false;true;true;5,08;0;3,98
383;1,18;2,88;240;false;true;true;5,25;0;4,12
384;1,18;2,97;240;false;true;true;5,42;0;4,34
385;1,18;2,98;239;false;true;true;5,33;0;3,72
386;1,18;2,85;239;false;true;true;5,28;0;3,8
387;1,18;2,77;239;false;true;true;5,26;0;3,88
388;1,19;2,73;239;false;true;true;5,27;0;3,97
389;1,19;2,73;239;false;true;true;5,36;0;4,09
390;1,19;2,8;239;false;true;true;5,48;0;4,28
391;1,19;2,85;238;false;true;true;5,33;0;3,69
392;1,19;2,7;238;false;true;true;5,23;0;3,75
393;1,19;2,62;238;false;true;true;5,18;0;3,8
394;1,19;2,57;238;false;true;true;5,19;0;3,85
395;1,2;2,53;238;false;true;true;5,27;0;3,91
396;1,2;2,5;238;false;true;true;5,35;0;3,97
397;1,2;2,47;238;false;true;true;5,42;0;4,03
398;1,2;2,47;238;false;true;true;5,48;0;4,11
399;1,2;2,47;238;false;true;true;5,55;0;4,19
400;1,2;2,48;238;false;true;true;5,63;0;4,29
401;1,2;2,52;238;false;true;true;5,71;0;4,41
402;1,21;2,6;238;false;true;true;5,81;0;4,57
403;1,21;2,74;238;false;true;true;5,94;0;4,8
404;1,21;2,92;237;false;true;true;5,87;0;4,3
405;1,21;2,94;237;false;true;true;5,84;0;4,51
406;1,21;3,05;236;false;true;true;5,58;0;3,98
407;1,21;2,95;236;false;true;true;5,4;0;4,14
408;1,21;3,02;235;false;true;true;4,93;0;3,52
409;1,21;2,83;235;false;true;true;4,88;0;3,56
410;1,21;2,7;235;false;true;true;4,92;0;3,59
411;1,21;2,6;235;false;true;true;4,95;0;3,63
412;1,22;2,51;235;false;true;true;4,99;0;3,66
413;1,22;2,44;235;false;true;true;5,05;0;3,7
414;1,22;2,39;235;false;true;true;5,11;0;3,74
415;1,22;2,35;235;false;true;true;5,16;0;3,78
416;1,22;2,32;235;false;true;true;5,21;0;3,83
417;1,22;2,29;235;false;true;true;5,25;0;3,88
418;1,22;2,27;235;false;true;true;5,29;0;3,94
419;1,22;2,26;235;false;true;true;5,34;0;4,01
420;1,22;2,27;235;false;true;true;5,39;0;4,09
421;1,22;2,29;235;false;true;true;5,46;0;4,19
422;1,23;2,34;235;false;true;true;5,53;0;4,32
423;1,23;2,45;235;false;true;true;5,64;0;4,52
424;1,23;2,66;234;false;true;true;5,47;0;3,99
425;1,23;2,6;234;false;true;true;5,37;0;4,15
426;1,23;2,7;233;false;true;true;5,14;0;3,57
427;1,23;2,53;233;false;true;true;4,97;0;3,62
428;1,23;2,42;233;false;true;true;4,93;0;3,67
429;1,23;2,34;233;false;true;true;4,91;0;3,73
430;1,24;2,28;233;false;true;true;4,96;0;3,79
431;1,24;2,25;233;false;true;true;5,03;0;3,85
432;1,24;2,23;233;false;true;true;5,1;0;3,93
433;1,24;2,25;233;false;true;true;5,17;0;4,04
434;1,24;2,31;233;false;true;true;5,25;0;4,19
435;1,24;2,35;232;false;true;true;4,99;0;3,58
436;1,25;2,23;232;false;true;true;4,91;0;3,62
437;1,25;2,15;232;false;true;true;4,87;0;3,67
438;1,25;2,1;232;false;true;true;4,85;0;3,72
439;1,25;2,05;232;false;true;true;4,86;0;3,77
440;1,25;2,02;232;false;true;true;4,92;0;3,83
441;1,25;2;232;false;true;true;4,97;0;3,89
442;1,25;1,99;232;false;true;true;5,03;0;3,97
443;1,26;1,99;232;false;true;true;5,09;0;4,06
444;1,26;2,03;232;false;true;true;5,17;0;4,17
445;1,26;2,12;232;false;true;true;5,26;0;4,35
446;1,26;2,24;231;false;true;true;5;0;3,71
447;1,26;2,1;231;false;true;true;4,89;0;3,77
448;1,27;2,03;231;false;true;true;4,83;0;3,83
449;1,27;2;231;false;true;true;4,85;0;3,89
450;1,27;1,97;231;false;true;true;4,92;0;3,96
451;1,27;1,97;231;false;true;true;5,01;0;4,04
452;1,27;1,98;231;false;true;true;5,09;0;4,14
453;1,27;2,01;231;false;true;true;5,17;0;4,26
454;1,32;2,08;231;false;true;true;5,27;0;4,43
455;1,32;2,24;231;false;true;true;5,41;0;4,68
456;1,32;2,51;230;false;true;true;5,07;0;4,04
457;1,32;2,52;229;false;true;true;4,7;0;3,37
458;1,32;2,33;229;false;true;true;4,52;0;3,44
459;1,33;2,21;229;false;true;true;4,47;0;3,51
460;1,33;2,14;229;false;true;true;4,49;0;3,59
461;1,33;2,12;229;false;true;true;4,59;0;3,7
462;1,33;2,17;229;false;true;true;4,7;0;3,86
463;1,33;2,14;228;false;true;true;4,41;0;3,21
464;1,33;2,02;228;false;true;true;4,35;0;3,25
465;1,33;1,93;228;false;true;true;4,31;0;3,28
466;1,33;1,86;228;false;true;true;4,29;0;3,32
467;1,33;1,81;228;false;true;true;4,3;0;3,35
468;1,34;1,76;228;false;true;true;4,34;0;3,39
469;1,34;1,73;228;false;true;true;4,38;0;3,42
470;1,34;1,69;228;false;true;true;4,41;0;3,46
471;1,34;1,67;228;false;true;true;4,45;0;3,51
472;1,34;1,65;228;false;true;true;4,48;0;3,56
473;1,34;1,65;228;false;true;true;4,53;0;3,62
474;1,34;1,67;228;false;true;true;4,58;0;3,7
475;1,34;1,71;228;false;true;true;4,63;0;3,82
476;1,35;1,91;227;false;true;true;4,34;0;3,18
477;1,35;1,76;227;false;true;true;4,2;0;3,21
478;1,35;1,69;227;false;true;true;4,15;0;3,24
479;1,35;1,62;227;false;true;true;4,13;0;3,26
480;1,35;1,57;227;false;true;true;4,17;0;3,29
481;1,35;1,53;227;false;true;true;4,2;0;3,31
482;1,35;1,48;227;false;true;true;4,22;0;3,34
483;1,35;1,45;227;false;true;true;4,24;0;3,36
484;1,35;1,42;227;false;true;true;4,26;0;3,39
485;1,36;1,4;227;false;true;true;4,27;0;3,41
486;1,36;1,37;227;false;true;true;4,29;0;3,44
487;1,36;1,36;227;false;true;true;4,31;0;3,48
488;1,36;1,35;227;false;true;true;4,32;0;3,52
489;1,36;1,35;227;false;true;true;4,35;0;3,57
490;1,36;1,37;227;false;true;true;4,39;0;3,63
491;1,36;1,4;227;false;true;true;4,42;0;3,71
492;1,36;1,48;227;false;true;true;4,48;0;3,85
493;1,36;1,52;226;false;true;true;4,17;0;3,2
494;1,36;1,43;226;false;true;true;4,07;0;3,22
495;1,37;1,37;226;false;true;true;4,01;0;3,24
496;1,37;1,32;226;false;true;true;3,96;0;3,25
497;1,37;1,29;226;false;true;true;3,95;0;3,27
498;1,37;1,25;226;false;true;true;3,97;0;3,28
499;1,37;1,23;226;false;true;true;4;0;3,3
500;1,37;1,2;226;false;true;true;4,02;0;3,31
501;1,37;1,17;226;false;true;true;4,03;0;3,33
502;1,37;1,15;226;false;true;true;4,05;0;3,34
503;1,37;1,13;226;false;true;true;4,06;0;3,35
504;1,38;1,11;226;false;true;true;4,07;0;3,36
505;1,38;1,1;226;false;true;true;4,08;0;3,38
506;1,38;1,08;226;false;true;true;4,09;0;3,39
507;1,38;1,07;226;false;true;true;4,1;0;3,4
508;1,38;1,05;226;false;true;true;4,11;0;3,42
509;1,38;1,04;226;false;true;true;4,12;0;3,43
510;1,38;1,03;226;false;true;true;4,13;0;3,45
511;1,38;1,02;226;false;true;true;4,14;0;3,46
512;1,38;1,02;226;false;true;true;4,15;0;3,48
513;1,38;1,01;226;false;true;true;4,16;0;3,5
514;1,39;1,01;226;false;true;true;4,17;0;3,52
515;1,39;1;226;false;true;true;4,19;0;3,54
516;1,39;1,01;226;false;true;true;4,2;0;3,57
517;1,39;1,01;226;false;true;true;4,22;0;3,6
518;1,39;1,02;226;false;true;true;4,24;0;3,63
519;1,39;1,03;226;false;true;true;4,27;0;3,67
520;1,4;1,06;226;false;true;true;4,3;0;3,73
521;1,4;1,11;226;false;true;true;4,34;0;3,81
522;1,4;1,21;226;false;true;true;4,4;0;3,94
523;1,4;1,25;225;false;true;true;4,09;0;3,29
524;1,4;1,2;225;false;true;true;3,97;0;3,3
525;1,4;1,16;225;false;true;true;3,9;0;3,32
526;1,41;1,12;225;false;true;true;3,86;0;3,33
527;1,41;1,09;225;false;true;true;3,86;0;3,34
528;1,41;1,06;225;false;true;true;3,89;0;3,35
529;1,41;1,03;225;false;true;true;3,91;0;3,36
530;1,41;1;225;false;true;true;3,94;0;3,37
531;1,41;0,99;225;false;true;true;3,96;0;3,38
532;1,41;0,97;225;false;true;true;3,98;0;3,39
533;1,41;0,95;225;false;true;true;3,99;0;3,4
534;1,41;0,93;225;false;true;true;4;0;3,41
535;1,41;0,92;225;false;true;true;4,01;0;3,42
536;1,42;0,91;225;false;true;true;4,02;0;3,43
537;1,42;0,9;225;false;true;true;4,03;0;3,44
538;1,42;0,89;225;false;true;true;4,04;0;3,45
539;1,42;0,88;225;false;true;true;4,04;0;3,47
540;1,42;0,88;225;false;true;true;4,06;0;3,48
541;1,42;0,86;225;false;true;true;4,06;0;3,49
542;1,42;0,86;225;false;true;true;4,07;0;3,5
543;1,42;0,86;225;false;true;true;4,08;0;3,52
544;1,43;0,85;225;false;true;true;4,09;0;3,53
545;1,43;0,85;225;false;true;true;4,1;0;3,55
546;1,43;0,85;225;false;true;true;4,12;0;3,57
547;1,43;0,85;225;false;true;true;4,12;0;3,59
548;1,43;0,86;225;false;true;true;4,14;0;3,61
549;1,43;0,88;225;false;true;true;4,17;0;3,64
550;1,43;0,89;225;false;true;true;4,18;0;3,67
551;1,43;0,91;225;false;true;true;4,21;0;3,72
552;1,43;0,95;225;false;true;true;4,24;0;3,78
553;1,43;1,01;225;false;true;true;4,29;0;3,86
554;1,44;1,13;225;false;true;true;4,34;0;4,01
555;1,44;1,24;224;false;true;true;3,93;0;3,31
556;1,44;1,12;224;false;true;true;3,88;0;3,33
557;1,44;1,04;224;false;true;true;3,85;0;3,34
558;1,44;0,98;224;false;true;true;3,83;0;3,35
559;1,44;0,94;224;false;true;true;3,84;0;3,36
560;1,44;0,91;224;false;true;true;3,87;0;3,37
561;1,44;0,89;224;false;true;true;3,9;0;3,38
562;1,44;0,87;224;false;true;true;3,92;0;3,39
563;1,45;0,85;224;false;true;true;3,94;0;3,39
564;1,45;0,84;224;false;true;true;3,95;0;3,4
565;1,45;0,83;224;false;true;true;3,96;0;3,41
566;1,45;0,82;224;false;true;true;3,97;0;3,42
567;1,45;0,81;224;false;true;true;3,98;0;3,43
568;1,45;0,8;224;false;true;true;3,98;0;3,44
569;1,45;0,79;224;false;true;true;3,99;0;3,45
570;1,46;0,79;224;false;true;true;4;0;3,46
571;1,46;0,78;224;false;true;true;4,01;0;3,47
572;1,46;0,78;224;false;true;true;4,02;0;3,48
573;1,46;0,77;224;false;true;true;4,03;0;3,49
574;1,46;0,77;224;false;true;true;4,03;0;3,5
575;1,46;0,76;224;false;true;true;4,04;0;3,52
576;1,46;0,76;224;false;true;true;4,05;0;3,53
577;1,46;0,76;224;false;true;true;4,06;0;3,54
578;1,46;0,76;224;false;true;true;4,07;0;3,56
579;1,47;0,76;224;false;true;true;4,08;0;3,58
580;1,47;0,89;224;false;true;true;4,1;0;3,47
581;1,47;0,85;224;false;true;true;4,07;0;3,5
582;1,47;0,83;224;false;true;true;4,07;0;3,53
583;1,47;0,83;224;false;true;true;4,07;0;3,56
584;1,47;0,83;224;false;true;true;4,08;0;3,6
585;1,47;0,86;224;false;true;true;4,11;0;3,66
586;1,47;0,9;224;false;true;true;4,15;0;3,74
587;1,47;1;224;false;true;true;4,2;0;3,87
588;1,48;1,05;223;false;true;true;3,88;0;3,21
589;1,48;0,97;223;false;true;true;3,79;0;3,22
590;1,48;0,92;223;false;true;true;3,73;0;3,24
591;1,48;0,89;223;false;true;true;3,7;0;3,25
592;1,48;0,86;223;false;true;true;3,7;0;3,26
593;1,48;0,83;223;false;true;true;3,72;0;3,27
594;1,48;0,81;223;false;true;true;3,74;0;3,28
595;1,48;0,79;223;false;true;true;3,76;0;3,29
596;1,48;0,78;223;false;true;true;3,78;0;3,3
597;1,49;0,77;223;false;true;true;3,79;0;3,31
598;1,49;0,76;223;false;true;true;3,81;0;3,32
599;1,49;0,74;223;false;true;true;3,81;0;3,33
600;1,49;0,74;223;false;true;true;3,83;0;3,34
601;1,49;0,73;223;false;true;true;3,83;0;3,35
602;1,49;0,72;223;false;true;true;3,84;0;3,36
603;1,49;0,71;223;false;true;true;3,85;0;3,38
604;1,49;0,71;223;false;true;true;3,86;0;3,39
605;1,49;0,7;223;false;true;true;3,87;0;3,4
606;1,5;0,7;223;false;true;true;3,88;0;3,41
607;1,5;0,69;223;false;true;true;3,89;0;3,42
608;1,5;0,69;223;false;true;true;3,9;0;3,44
609;1,5;0,68;223;false;true;true;3,9;0;3,45
610;1,5;0,68;223;false;true;true;3,92;0;3,47
611;1,5;0,68;223;false;true;true;3,93;0;3,48
612;1,5;0,68;223;false;true;true;3,94;0;3,5
613;1,5;0,68;223;false;true;true;3,96;0;3,52
614;1,5;0,68;223;false;true;true;3,97;0;3,54
615;1,5;0,69;223;false;true;true;3,99;0;3,56
616;1,5;0,7;223;false;true;true;4,01;0;3,59
617;1,51;0,7;223;false;true;true;4,02;0;3,62
618;1,51;0,72;223;false;true;true;4,05;0;3,65
619;1,51;0,73;223;false;true;true;4,08;0;3,69
620;1,51;0,76;223;false;true;true;4,11;0;3,74
621;1,51;0,8;223;false;true;true;4,15;0;3,81
622;1,51;0,86;223;false;true;true;4,21;0;3,9
623;1,51;0,97;223;false;true;true;4,28;0;4,05
624;1,51;1,02;222;false;true;true;3,95;0;3,38
625;1,51;0,95;222;false;true;true;3,87;0;3,41
626;1,52;0,92;222;false;true;true;3,83;0;3,44
627;1,52;0,9;222;false;true;true;3,81;0;3,48
628;1,52;0,9;222;false;true;true;3,84;0;3,53
629;1,52;0,91;222;false;true;true;3,9;0;3,59
630;1,52;0,96;222;false;true;true;3,96;0;3,67
631;1,52;1,07;222;false;true;true;4,04;0;3,83
632;1,52;1,2;221;false;true;true;3,62;0;3,05
633;1,52;1,09;221;false;true;true;3,52;0;3,07
634;1,52;1,02;221;false;true;true;3,47;0;3,09
635;1,52;0,97;221;false;true;true;3,52;0;3,11
636;1,53;0,94;221;false;true;true;3,56;0;3,13
637;1,53;0,91;221;false;true;true;3,6;0;3,15
638;1,53;0,89;221;false;true;true;3,63;0;3,16
639;1,53;0,87;221;false;true;true;3,65;0;3,18
640;1,53;0,85;221;false;true;true;3,67;0;3,19
641;1,53;0,84;221;false;true;true;3,69;0;3,2
642;1,53;0,82;221;false;true;true;3,7;0;3,22
643;1,53;0,8;221;false;true;true;3,71;0;3,23
644;1,53;0,8;221;false;true;true;3,73;0;3,25
645;1,53;0,79;221;false;true;true;3,74;0;3,26
646;1,54;0,77;221;false;true;true;3,75;0;3,28
647;1,54;0,76;221;false;true;true;3,76;0;3,29
648;1,54;0,75;221;false;true;true;3,77;0;3,31
649;1,54;0,74;221;false;true;true;3,78;0;3,33
650;1,54;0,73;221;false;true;true;3,79;0;3,34
651;1,54;0,72;221;false;true;true;3,79;0;3,36
652;1,54;0,71;221;false;true;true;3,8;0;3,38
653;1,54;0,71;221;false;true;true;3,82;0;3,4
654;1,54;0,71;221;false;true;true;3,84;0;3,42
655;1,54;0,71;221;false;true;true;3,86;0;3,44
656;1,55;0,71;221;false;true;true;3,87;0;3,47
657;1,55;0,71;221;false;true;true;3,89;0;3,49
658;1,55;0,71;221;false;true;true;3,91;0;3,52
659;1,55;0,72;221;false;true;true;3,93;0;3,56
660;1,55;0,73;221;false;true;true;3,96;0;3,6
661;1,55;0,75;221;false;true;true;3,99;0;3,65
662;1,55;0,77;221;false;true;true;4,02;0;3,71
663;1,55;0,83;221;false;true;true;4,08;0;3,79
664;1,55;0,9;221;false;true;true;4,14;0;3,9
665;1,55;1,08;221;false;true;true;4,23;0;4,12
666;1,56;1;220;false;true;true;3,8;0;3,31
667;1,56;0,94;220;false;true;true;3,74;0;3,35
668;1,56;0,9;220;false;true;true;3,7;0;3,38
669;1,56;0,89;220;false;true;true;3,7;0;3,43
670;1,56;0,89;220;false;true;true;3,75;0;3,48
671;1,56;0,91;220;false;true;true;3,81;0;3,55
672;1,56;0,97;220;false;true;true;3,88;0;3,65
673;1,57;1,11;220;false;true;true;3,97;0;3,84
674;1,57;1,13;219;false;true;true;3,6;0;3,02
675;1,57;1,01;219;false;true;true;3,5;0;3,03
676;1,57;0,94;219;false;true;true;3,43;0;3,04
677;1,57;0,88;219;false;true;true;3,43;0;3,06
678;1,57;0,84;219;false;true;true;3,46;0;3,07
679;1,57;0,81;219;false;true;true;3,49;0;3,08
680;1,57;0,77;219;false;true;true;3,51;0;3,09
681;1,57;0,74;219;false;true;true;3,52;0;3,1
682;1,57;0,71;219;false;true;true;3,52;0;3,11
683;1,58;0,69;219;false;true;true;3,53;0;3,11
684;1,58;0,67;219;false;true;true;3,54;0;3,12
685;1,58;0,65;219;false;true;true;3,54;0;3,13
686;1,58;0,63;219;false;true;true;3,54;0;3,14
687;1,58;0,62;219;false;true;true;3,55;0;3,15
688;1,58;0,6;219;false;true;true;3,55;0;3,15
689;1,58;0,59;219;false;true;true;3,55;0;3,16
690;1,58;0,57;219;false;true;true;3,55;0;3,17
691;1,58;0,56;219;false;true;true;3,55;0;3,17
692;1,59;0,55;219;false;true;true;3,56;0;3,18
693;1,59;0,53;219;false;true;true;3,55;0;3,19
694;1,59;0,52;219;false;true;true;3,56;0;3,2
695;1,59;0,51;219;false;true;true;3,55;0;3,2
696;1,59;0,5;219;false;true;true;3,56;0;3,21
697;1,59;0,49;219;false;true;true;3,56;0;3,22
698;1,6;0,48;219;false;true;true;3,56;0;3,23
699;1,6;0,47;219;false;true;true;3,56;0;3,24
700;1,6;0,47;219;false;true;true;3,56;0;3,24
701;1,6;0,46;219;false;true;true;3,57;0;3,25
702;1,6;0,46;219;false;true;true;3,57;0;3,26
703;1,61;0,46;219;false;true;true;3,58;0;3,27
704;1,61;0,46;219;false;true;true;3,59;0;3,28
705;1,61;0,45;219;false;true;true;3,59;0;3,29
706;1,61;0,46;219;false;true;true;3,6;0;3,31
707;1,61;0,46;219;false;true;true;3,61;0;3,32
708;1,61;0,46;219;false;true;true;3,62;0;3,33
709;1,61;0,46;219;false;true;true;3,63;0;3,35
710;1,62;0,46;219;false;true;true;3,64;0;3,37
711;1,62;0,47;219;false;true;true;3,65;0;3,39
712;1,62;0,48;219;false;true;true;3,67;0;3,42
713;1,62;0,49;219;false;true;true;3,69;0;3,45
714;1,62;0,52;219;false;true;true;3,72;0;3,48
715;1,62;0,56;219;false;true;true;3,75;0;3,54
716;1,62;0,61;219;false;true;true;3,79;0;3,61
717;1,62;0,71;219;false;true;true;3,85;0;3,73
718;1,62;0,78;218;false;true;true;3,46;0;3,03
719;1,62;0,71;218;false;true;true;3,38;0;3,04
720;1,62;0,66;218;false;true;true;3,33;0;3,05
721;1,63;0,63;218;false;true;true;3,3;0;3,05
722;1,63;0,6;218;false;true;true;3,32;0;3,06
723;1,63;0,58;218;false;true;true;3,34;0;3,07
724;1,63;0,56;218;false;true;true;3,36;0;3,07
725;1,63;0,54;218;false;true;true;3,37;0;3,08
726;1,63;0,53;218;false;true;true;3,39;0;3,08
727;1,63;0,52;218;false;true;true;3,4;0;3,09
728;1,63;0,5;218;false;true;true;3,4;0;3,09
729;1,63;0,49;218;false;true;true;3,41;0;3,1
730;1,63;0,48;218;false;true;true;3,41;0;3,1
731;1,64;0,48;218;false;true;true;3,42;0;3,1
732;1,64;0,47;218;false;true;true;3,42;0;3,11
733;1,64;0,46;218;false;true;true;3,42;0;3,11
734;1,64;0,45;218;false;true;true;3,43;0;3,11
735;1,64;0,45;218;false;true;true;3,43;0;3,12
736;1,64;0,44;218;false;true;true;3,43;0;3,12
737;1,64;0,43;218;false;true;true;3,43;0;3,12
738;1,64;0,43;218;false;true;true;3,43;0;3,13
739;1,64;0,42;218;false;true;true;3,43;0;3,13
740;1,65;0,41;218;false;true;true;3,43;0;3,13
741;1,65;0,41;218;false;true;true;3,43;0;3,14
742;1,65;0,41;218;false;true;true;3,44;0;3,14
743;1,65;0,4;218;false;true;true;3,44;0;3,14
744;1,65;0,4;218;false;true;true;3,44;0;3,14
745;1,65;0,39;218;false;true;true;3,44;0;3,15
746;1,65;0,39;218;false;true;true;3,44;0;3,15
747;1,65;0,39;218;false;true;true;3,44;0;3,15
748;1,65;0,38;218;false;true;true;3,44;0;3,15
749;1,65;0,37;218;false;true;true;3,43;0;3,16
750;1,66;0,37;218;false;true;true;3,43;0;3,16
751;1,66;0,37;218;false;true;true;3,44;0;3,16
752;1,66;0,36;218;false;true;true;3,44;0;3,16
753;1,66;0,36;218;false;true;true;3,44;0;3,17
754;1,66;0,36;218;false;true;true;3,44;0;3,17
755;1,66;0,35;218;false;true;true;3,44;0;3,17
756;1,66;0,35;218;false;true;true;3,44;0;3,17
757;1,66;0,35;218;false;true;true;3,44;0;3,18
758;1,66;0,35;218;false;true;true;3,44;0;3,18
759;1,66;0,34;218;false;true;true;3,44;0;3,18
760;1,67;0,34;218;false;true;true;3,44;0;3,18
761;1,67;0,33;218;false;true;true;3,44;0;3,19
762;1,67;0,33;218;false;true;true;3,44;0;3,19
763;1,67;0,33;218;false;true;true;3,44;0;3,19
764;1,67;0,32;218;false;true;true;3,43;0;3,19
765;1,67;0,32;218;false;true;true;3,44;0;3,2
766;1,67;0,32;218;false;true;true;3,44;0;3,2
767;1,67;0,32;218;false;true;true;3,44;0;3,2
768;1,67;0,32;218;false;true;true;3,45;0;3,21
769;1,67;0,32;218;false;true;true;3,44;0;3,21
770;1,68;0,31;218;false;true;true;3,44;0;3,21
771;1,68;0,31;218;false;true;true;3,44;0;3,21
772;1,68;0,3;218;false;true;true;3,44;0;3,22
773;1,68;0,3;218;false;true;true;3,44;0;3,22
774;1,68;0,3;218;false;true;true;3,44;0;3,22
775;1,68;0,3;218;false;true;true;3,45;0;3,22
776;1,68;0,3;218;false;true;true;3,45;0;3,23
777;1,69;0,3;218;false;true;true;3,45;0;3,23
778;1,69;0,29;218;false;true;true;3,45;0;3,23
779;1,69;0,29;218;false;true;true;3,44;0;3,23
780;1,69;0,29;218;false;true;true;3,45;0;3,24
781;1,69;0,29;218;false;true;true;3,45;0;3,24
782;1,7;0,28;218;false;true;true;3,45;0;3,24
783;1,7;0,28;218;false;true;true;3,45;0;3,25
784;1,7;0,28;218;false;true;true;3,45;0;3,25
785;1,7;0,28;218;false;true;true;3,45;0;3,25
786;1,7;0,28;218;false;true;true;3,46;0;3,26
787;1,7;0,28;218;false;true;true;3,46;0;3,26
788;1,7;0,28;218;false;true;true;3,46;0;3,26
789;1,7;0,28;218;false;true;true;3,46;0;3,27
790;1,7;0,28;218;false;true;true;3,47;0;3,27
791;1,7;0,27;218;false;true;true;3,47;0;3,27
792;1,71;0,28;218;false;true;true;3,47;0;3,28
793;1,71;0,27;218;false;true;true;3,47;0;3,28
794;1,71;0,27;218;false;true;true;3,47;0;3,28
795;1,71;0,27;218;false;true;true;3,47;0;3,29
796;1,71;0,27;218;false;true;true;3,48;0;3,29
797;1,71;0,26;218;false;true;true;3,48;0;3,3
798;1,71;0,26;218;false;true;true;3,48;0;3,3
799;1,71;0,26;218;false;true;true;3,48;0;3,3
800;1,71;0,26;218;false;true;true;3,49;0;3,31
801;1,71;0,26;218;false;true;true;3,49;0;3,31
802;1,72;0,26;218;false;true;true;3,49;0;3,32
803;1,72;0,26;218;false;true;true;3,5;0;3,32
804;1,72;0,26;218;false;true;true;3,5;0;3,33
805;1,72;0,26;218;false;true;true;3,51;0;3,34
806;1,72;0,27;218;false;true;true;3,52;0;3,34
807;1,72;0,27;218;false;true;true;3,52;0;3,35
808;1,72;0,27;218;false;true;true;3,52;0;3,36
809;1,72;0,27;218;false;true;true;3,53;0;3,36
810;1,72;0,28;218;false;true;true;3,54;0;3,37
811;1,72;0,28;218;false;true;true;3,54;0;3,38
812;1,73;0,28;218;false;true;true;3,55;0;3,39
813;1,73;0,28;218;false;true;true;3,56;0;3,4
814;1,73;0,29;218;false;true;true;3,57;0;3,41
815;1,73;0,29;218;false;true;true;3,58;0;3,42
816;1,73;0,3;218;false;true;true;3,59;0;3,44
817;1,73;0,3;218;false;true;true;3,6;0;3,45
818;1,73;0,31;218;false;true;true;3,62;0;3,47
819;1,73;0,32;218;false;true;true;3,63;0;3,5
820;1,73;0,34;218;false;true;true;3,65;0;3,53
821;1,73;0,37;218;false;true;true;3,68;0;3,57
822;1,74;0,41;218;false;true;true;3,71;0;3,62
823;1,74;0,47;218;false;true;true;3,76;0;3,71
824;1,74;0,59;218;false;true;true;3,82;0;3,85
825;1,74;0,62;217;false;true;true;3,34;0;3,05
826;1,74;0,55;217;false;true;true;3,27;0;3,06
827;1,74;0,51;217;false;true;true;3,22;0;3,07
828;1,74;0,48;217;false;true;true;3,22;0;3,07
829;1,74;0,46;217;false;true;true;3,25;0;3,08
830;1,74;0,44;217;false;true;true;3,28;0;3,08
831;1,74;0,43;217;false;true;true;3,3;0;3,09
832;1,75;0,41;217;false;true;true;3,31;0;3,09
833;1,75;0,4;217;false;true;true;3,32;0;3,09
834;1,75;0,39;217;false;true;true;3,33;0;3,1
835;1,75;0,38;217;false;true;true;3,33;0;3,1
836;1,75;0,37;217;false;true;true;3,34;0;3,1
837;1,75;0,36;217;false;true;true;3,34;0;3,1
838;1,75;0,36;217;false;true;true;3,34;0;3,11
839;1,75;0,35;217;false;true;true;3,34;0;3,11
840;1,75;0,34;217;false;true;true;3,34;0;3,11
841;1,75;0,34;217;false;true;true;3,34;0;3,11
842;1,75;0,33;217;false;true;true;3,35;0;3,11
843;1,76;0,33;217;false;true;true;3,35;0;3,12
844;1,76;0,32;217;false;true;true;3,35;0;3,12
845;1,76;0,32;217;false;true;true;3,35;0;3,12
846;1,76;0,32;217;false;true;true;3,35;0;3,12
847;1,76;0,32;217;false;true;true;3,35;0;3,12
848;1,76;0,31;217;false;true;true;3,35;0;3,12
849;1,76;0,31;217;false;true;true;3,35;0;3,12
850;1,76;0,3;217;false;true;true;3,35;0;3,13
851;1,76;0,3;217;false;true;true;3,35;0;3,13
852;1,76;0,3;217;false;true;true;3,35;0;3,13
853;1,77;0,29;217;false;true;true;3,35;0;3,13
854;1,77;0,29;217;false;true;true;3,35;0;3,13
855;1,77;0,29;217;false;true;true;3,35;0;3,13
856;1,77;0,28;217;false;true;true;3,35;0;3,13
857;1,77;0,28;217;false;true;true;3,35;0;3,13
858;1,77;0,28;217;false;true;true;3,35;0;3,14
859;1,77;0,28;217;false;true;true;3,35;0;3,14
860;1,77;0,28;217;false;true;true;3,34;0;3,14
861;1,77;0,28;217;false;true;true;3,35;0;3,14
862;1,77;0,27;217;false;true;true;3,34;0;3,14
863;1,78;0,27;217;false;true;true;3,34;0;3,14
864;1,78;0,27;217;false;true;true;3,34;0;3,14
865;1,78;0,27;217;false;true;true;3,34;0;3,14
866;1,78;0,26;217;false;true;true;3,34;0;3,14
867;1,78;0,26;217;false;true;true;3,34;0;3,15
868;1,78;0,26;217;false;true;true;3,34;0;3,15
869;1,78;0,25;217;false;true;true;3,34;0;3,15
870;1,78;0,25;217;false;true;true;3,34;0;3,15
871;1,79;0,25;217;false;true;true;3,34;0;3,15
872;1,79;0,25;217;false;true;true;3,34;0;3,15
873;1,79;0,24;217;false;true;true;3,33;0;3,15
874;1,79;0,24;217;false;true;true;3,33;0;3,15
875;1,79;0,24;217;false;true;true;3,33;0;3,15
876;1,8;0,24;217;false;true;true;3,33;0;3,15
877;1,8;0,24;217;false;true;true;3,33;0;3,16
878;1,8;0,24;217;false;true;true;3,33;0;3,16
879;1,8;0,23;217;false;true;true;3,33;0;3,16
880;1,81;0,23;217;false;true;true;3,33;0;3,16
881;1,81;0,23;217;false;true;true;3,33;0;3,16
882;1,81;0,23;217;false;true;true;3,33;0;3,16
883;1,81;0,23;217;false;true;true;3,33;0;3,16
884;1,82;0,22;217;false;true;true;3,33;0;3,16
885;1,82;0,22;217;false;true;true;3,33;0;3,16
886;1,82;0,22;217;false;true;true;3,33;0;3,16
887;1,82;0,22;217;false;true;true;3,32;0;3,16
888;1,82;0,21;217;false;true;true;3,32;0;3,16
889;1,82;0,21;217;false;true;true;3,32;0;3,17
890;1,82;0,21;217;false;true;true;3,32;0;3,17
891;1,83;0,21;217;false;true;true;3,32;0;3,17
892;1,83;0,21;217;false;true;true;3,32;0;3,17
893;1,83;0,21;217;false;true;true;3,32;0;3,17
894;1,83;0,21;217;false;true;true;3,32;0;3,17
895;1,83;0,21;217;false;true;true;3,32;0;3,17
896;1,83;0,21;217;false;true;true;3,33;0;3,17
897;1,83;0,21;217;false;true;true;3,32;0;3,17
898;1,83;0,21;217;false;true;true;3,33;0;3,17
899;1,83;0,21;217;false;true;true;3,33;0;3,17
900;1,83;0,2;217;false;true;true;3,33;0;3,17
901;1,84;0,2;217;false;true;true;3,32;0;3,18
902;1,84;0,2;217;false;true;true;3,33;0;3,18
903;1,84;0,2;217;false;true;true;3,32;0;3,18
904;1,84;0,2;217;false;true;true;3,32;0;3,18
905;1,84;0,2;217;false;true;true;3,32;0;3,18
906;1,84;0,19;217;false;true;true;3,32;0;3,18
907;1,84;0,19;217;false;true;true;3,32;0;3,18
908;1,84;0,19;217;false;true;true;3,32;0;3,18
909;1,84;0,19;217;false;true;true;3,32;0;3,18
910;1,84;0,19;217;false;true;true;3,32;0;3,18
911;1,85;0,19;217;false;true;true;3,32;0;3,18
912;1,85;0,19;217;false;true;true;3,32;0;3,18
913;1,85;0,19;217;false;true;true;3,32;0;3,18
914;1,85;0,19;217;false;true;true;3,32;0;3,18
915;1,85;0,19;217;false;true;true;3,33;0;3,19
916;1,85;0,19;217;false;true;true;3,33;0;3,19
917;1,85;0,18;217;false;true;true;3,32;0;3,19
918;1,85;0,18;217;false;true;true;3,32;0;3,19
919;1,85;0,18;217;false;true;true;3,33;0;3,19
920;1,85;0,18;217;false;true;true;3,33;0;3,19
921;1,86;0,18;217;false;true;true;3,33;0;3,19
922;1,86;0,18;217;false;true;true;3,32;0;3,19
923;1,86;0,18;217;false;true;true;3,33;0;3,19
924;1,86;0,18;217;false;true;true;3,33;0;3,19
925;1,86;0,18;217;false;true;true;3,33;0;3,19
926;1,86;0,18;217;false;true;true;3,33;0;3,19
927;1,86;0,18;217;false;true;true;3,33;0;3,19
928;1,86;0,18;217;false;true;true;3,33;0;3,19
929;1,86;0,18;217;false;true;true;3,33;0;3,19
930;1,86;0,17;217;false;true;true;3,33;0;3,2
931;1,87;0,17;217;false;true;true;3,33;0;3,2
932;1,87;0,17;217;false;true;true;3,32;0;3,2
933;1,87;0,17;217;false;true;true;3,33;0;3,2
934;1,87;0,17;217;false;true;true;3,33;0;3,2
935;1,87;0,17;217;false;true;true;3,33;0;3,2
936;1,87;0,17;217;false;true;true;3,33;0;3,2
937;1,87;0,17;217;false;true;true;3,33;0;3,2
938;1,87;0,17;217;false;true;true;3,33;0;3,2
939;1,87;0,17;217;false;true;true;3,33;0;3,2
940;1,87;0,17;217;false;true;true;3,33;0;3,2
941;1,88;0,17;217;false;true;true;3,33;0;3,2
942;1,88;0,17;217;false;true;true;3,33;0;3,2
943;1,88;0,17;217;false;true;true;3,33;0;3,2
944;1,88;0,17;217;false;true;true;3,33;0;3,2
945;1,88;0,17;217;false;true;true;3,33;0;3,2
946;1,88;0,16;217;false;true;true;3,33;0;3,2
947;1,88;0,16;217;false;true;true;3,33;0;3,21
948;1,88;0,17;217;false;true;true;3,33;0;3,21
949;1,88;0,17;217;false;true;true;3,33;0;3,21
950;1,88;0,17;217;false;true;true;3,33;0;3,21
951;1,88;0,16;217;false;true;true;3,33;0;3,21
952;1,89;0,17;217;false;true;true;3,34;0;3,21
953;1,89;0,16;217;false;true;true;3,33;0;3,21
954;1,89;0,16;217;false;true;true;3,33;0;3,21
955;1,89;0,16;217;false;true;true;3,33;0;3,21
956;1,89;0,16;217;false;true;true;3,33;0;3,21
957;1,89;0,16;217;false;true;true;3,33;0;3,21
958;1,89;0,16;217;false;true;true;3,33;0;3,21
959;1,9;0,16;217;false;true;true;3,33;0;3,21
960;1,9;0,15;217;false;true;true;3,33;0;3,21
961;1,9;0,16;217;false;true;true;3,33;0;3,21
962;1,9;0,16;217;false;true;true;3,33;0;3,21
963;1,9;0,15;217;false;true;true;3,33;0;3,21
964;1,9;0,16;217;false;true;true;3,34;0;3,21
965;1,9;0,16;217;false;true;true;3,34;0;3,21
966;1,9;0,15;217;false;true;true;3,34;0;3,21
967;1,91;0,16;217;false;true;true;3,34;0;3,22
968;1,91;0,15;217;false;true;true;3,34;0;3,22
969;1,91;0,15;217;false;true;true;3,34;0;3,22
970;1,91;0,15;217;false;true;true;3,34;0;3,22
971;1,91;0,15;217;false;true;true;3,34;0;3,22
972;1,91;0,15;217;false;true;true;3,33;0;3,22
973;1,91;0,15;217;false;true;true;3,33;0;3,22
974;1,91;0,15;217;false;true;true;3,34;0;3,22
975;1,91;0,15;217;false;true;true;3,33;0;3,22
976;1,91;0,15;217;false;true;true;3,34;0;3,22
977;1,92;0,15;217;false;true;true;3,34;0;3,22
978;1,92;0,15;217;false;true;true;3,34;0;3,22
979;1,92;0,15;217;false;true;true;3,34;0;3,22
980;1,92;0,14;217;false;true;true;3,33;0;3,22
981;1,92;0,15;217;false;true;true;3,34;0;3,22
982;1,92;0,14;217;false;true;true;3,33;0;3,22
983;1,92;0,15;217;false;true;true;3,34;0;3,22
984;1,92;0,14;217;false;true;true;3,34;0;3,22
985;1,92;0,15;217;false;true;true;3,34;0;3,22
986;1,92;0,14;217;false;true;true;3,34;0;3,22
987;1,93;0,15;217;false;true;true;3,34;0;3,22
988;1,93;0,15;217;false;true;true;3,34;0;3,22
989;1,93;0,14;217;false;true;true;3,34;0;3,23
990;1,93;0,14;217;false;true;true;3,34;0;3,23
991;1,93;0,14;217;false;true;true;3,34;0;3,23
992;1,93;0,14;217;false;true;true;3,34;0;3,23
993;1,93;0,15;217;false;true;true;3,34;0;3,23
994;1,93;0,14;217;false;true;true;3,34;0;3,23
995;1,93;0,14;217;false;true;true;3,34;0;3,23
996;1,93;0,14;217;false;true;true;3,34;0;3,23
997;1,94;0,14;217;false;true;true;3,34;0;3,23
998;1,94;0,14;217;false;true;true;3,34;0;3,23
999;1,94;0,14;217;false;true;true;3,34;0;3,23
1000;1,94;0,14;217;false;true;true;3,34;0;3,23
1001;1,94;0,14;217;false;true;true;3,34;0;3,23
1002;1,94;0,14;217;false;true;true;3,34;0;3,23
1003;1,94;0,14;217;false;true;true;3,34;0;3,23
1004;1,94;0,14;217;false;true;true;3,34;0;3,23
1005;1,95;0,13;217;false;true;true;3,34;0;3,23
1006;1,95;0,14;217;false;true;true;3,34;0;3,23
1007;1,95;0,14;217;false;true;true;3,34;0;3,23
1008;1,95;0,14;217;false;true;true;3,34;0;3,23
1009;1,95;0,13;217;false;true;true;3,34;0;3,23
1010;1,96;0,14;217;false;true;true;3,35;0;3,23
1011;1,96;0,14;217;false;true;true;3,34;0;3,23
1012;1,96;0,13;217;false;true;true;3,34;0;3,23
1013;1,96;0,13;217;false;true;true;3,34;0;3,24
1014;1,96;0,13;217;false;true;true;3,34;0;3,24
1015;1,96;0,13;217;false;true;true;3,34;0;3,24
1016;1,96;0,13;217;false;true;true;3,34;0;3,24
1017;1,96;0,13;217;false;true;true;3,34;0;3,24
1018;1,97;0,13;217;false;true;true;3,34;0;3,24
1019;1,97;0,13;217;false;true;true;3,34;0;3,24
1020;1,97;0,13;217;false;true;true;3,34;0;3,24
1021;1,97;0,13;217;false;true;true;3,34;0;3,24
1022;1,97;0,13;217;false;true;true;3,35;0;3,24
1023;1,97;0,13;217;false;true;true;3,34;0;3,24
1024;1,97;0,13;217;false;true;true;3,34;0;3,24
1025;1,97;0,13;217;false;true;true;3,34;0;3,24
1026;1,98;0,13;217;false;true;true;3,34;0;3,24
1027;1,98;0,13;217;false;true;true;3,35;0;3,24
1028;1,98;0,13;217;false;true;true;3,35;0;3,24
1029;1,98;0,13;217;false;true;true;3,34;0;3,24
1030;1,98;0,13;217;false;true;true;3,34;0;3,24
1031;1,98;0,13;217;false;true;true;3,34;0;3,24
1032;1,98;0,13;217;false;true;true;3,35;0;3,24
1033;1,98;0,13;217;false;true;true;3,35;0;3,24
1034;1,98;0,12;217;false;true;true;3,34;0;3,24
1035;1,98;0,12;217;false;true;true;3,34;0;3,24
1036;1,99;0,13;217;false;true;true;3,34;0;3,24
1037;1,99;0,13;217;false;true;true;3,35;0;3,24
1038;1,99;0,13;217;false;true;true;3,35;0;3,24
1039;1,99;0,13;217;false;true;true;3,35;0;3,24
1040;1,99;0,13;217;false;true;true;3,35;0;3,24
1041;1,99;0,13;217;false;true;true;3,35;0;3,25
1042;1,99;0,13;217;false;true;true;3,35;0;3,25
1043;1,99;0,12;217;false;true;true;3,35;0;3,25
1044;1,99;0,12;217;false;true;true;3,34;0;3,25
1045;2;0,12;217;false;true;true;3,35;0;3,25
1046;2;0,12;217;false;true;true;3,34;0;3,25
1047;2;0,12;217;false;true;true;3,35;0;3,25
1048;2;0,12;217;false;true;true;3,35;0;3,25
1049;2;0,12;217;false;true;true;3,35;0;3,25
1050;2;0,12;217;false;true;true;3,35;0;3,25
1051;2;0,12;217;false;true;true;3,35;0;3,25
1052;2;0,13;217;false;true;true;3,35;0;3,25
1053;2;0,13;217;false;true;true;3,35;0;3,25
1054;2;0,12;217;false;true;true;3,35;0;3,25
1055;2,01;0,12;217;false;true;true;3,35;0;3,25
1056;2,01;0,12;217;false;true;true;3,35;0;3,25
1057;2,01;0,12;217;false;true;true;3,35;0;3,25
1058;2,01;0,12;217;false;true;true;3,35;0;3,25
1059;2,01;0,12;217;false;true;true;3,35;0;3,25
1060;2,01;0,12;217;false;true;true;3,35;0;3,25
1061;2,01;0,12;217;false;true;true;3,35;0;3,25
1062;2,01;0,12;217;false;true;true;3,35;0;3,25
1063;2,02;0,12;217;false;true;true;3,35;0;3,25
1064;2,02;0,12;217;false;true;true;3,35;0;3,25
1065;2,02;0,12;217;false;true;true;3,35;0;3,25
1066;2,02;0,12;217;false;true;true;3,35;0;3,25
1067;2,02;0,12;217;false;true;true;3,35;0;3,25
1068;2,02;0,12;217;false;true;true;3,35;0;3,25
1069;2,03;0,12;217;false;true;true;3,35;0;3,25
1070;2,03;0,12;217;false;true;true;3,35;0;3,25
1071;2,03;0,12;217;false;true;true;3,35;0;3,25
1072;2,03;0,12;217;false;true;true;3,35;0;3,26
1073;2,03;0,12;217;false;true;true;3,35;0;3,26
1074;2,03;0,12;217;false;true;true;3,35;0;3,26
1075;2,03;0,11;217;false;true;true;3,35;0;3,26
1076;2,03;0,12;217;false;true;true;3,35;0;3,26
1077;2,03;0,11;217;false;true;true;3,35;0;3,26
1078;2,03;0,11;217;false;true;true;3,35;0;3,26
1079;2,04;0,12;217;false;true;true;3,35;0;3,26
1080;2,04;0,11;217;false;true;true;3,35;0;3,26
1081;2,04;0,11;217;false;true;true;3,35;0;3,26
1082;2,04;0,12;217;false;true;true;3,35;0;3,26
1083;2,04;0,12;217;false;true;true;3,36;0;3,26
1084;2,04;0,12;217;false;true;true;3,36;0;3,26
1085;2,04;0,12;217;false;true;true;3,35;0;3,26
1086;2,04;0,12;217;false;true;true;3,36;0;3,26
1087;2,04;0,12;217;false;true;true;3,35;0;3,26
1088;2,04;0,11;217;false;true;true;3,35;0;3,26
1089;2,05;0,12;217;false;true;true;3,36;0;3,26
1090;2,05;0,11;217;false;true;true;3,35;0;3,26
1091;2,05;0,11;217;false;true;true;3,35;0;3,26
1092;2,05;0,11;217;false;true;true;3,35;0;3,26
1093;2,05;0,11;217;false;true;true;3,35;0;3,26
1094;2,05;0,11;217;false;true;true;3,35;0;3,26
1095;2,05;0,11;217;false;true;true;3,35;0;3,26
1096;2,05;0,11;217;false;true;true;3,35;0;3,26
1097;2,05;0,11;217;false;true;true;3,36;0;3,26
1098;2,05;0,11;217;false;true;true;3,36;0;3,26
1099;2,06;0,12;217;false;true;true;3,36;0;3,26
1100;2,06;0,11;217;false;true;true;3,35;0;3,26
1101;2,06;0,11;217;false;true;true;3,35;0;3,26
1102;2,06;0,11;217;false;true;true;3,35;0;3,26
1103;2,06;0,11;217;false;true;true;3,35;0;3,26
1104;2,06;0,11;217;false;true;true;3,35;0;3,26
1105;2,06;0,11;217;false;true;true;3,35;0;3,27
1106;2,06;0,11;217;false;true;true;3,36;0;3,27
1107;2,06;0,11;217;false;true;true;3,36;0;3,27
1108;2,06;0,11;217;false;true;true;3,36;0;3,27
1109;2,07;0,11;217;false;true;true;3,36;0;3,27
1110;2,07;0,11;217;false;true;true;3,36;0;3,27
1111;2,07;0,11;217;false;true;true;3,35;0;3,27
1112;2,07;0,11;217;false;true;true;3,36;0;3,27
1113;2,07;0,11;217;false;true;true;3,36;0;3,27
1114;2,07;0,1;217;false;true;true;3,35;0;3,27
1115;2,07;0,11;217;false;true;true;3,36;0;3,27
1116;2,07;0,11;217;false;true;true;3,36;0;3,27
1117;2,08;0,11;217;false;true;true;3,36;0;3,27
1118;2,08;0,11;217;false;true;true;3,36;0;3,27
1119;2,08;0,11;217;false;true;true;3,36;0;3,27
1120;2,08;0,11;217;false;true;true;3,36;0;3,27
1121;2,08;0,11;217;false;true;true;3,36;0;3,27
1122;2,08;0,11;217;false;true;true;3,36;0;3,27
1123;2,08;0,11;217;false;true;true;3,36;0;3,27
1124;2,09;0,1;217;false;true;true;3,36;0;3,27
1125;2,09;0,11;217;false;true;true;3,36;0;3,27
1126;2,09;0,11;217;false;true;true;3,36;0;3,27
1127;2,09;0,1;217;false;true;true;3,36;0;3,27
1128;2,09;0,1;217;false;true;true;3,36;0;3,27
1129;2,09;0,11;217;false;true;true;3,36;0;3,27
1130;2,09;0,11;217;false;true;true;3,36;0;3,27
1131;2,09;0,11;217;false;true;true;3,36;0;3,27
1132;2,09;0,11;217;false;true;true;3,36;0;3,27
1133;2,09;0,1;217;false;true;true;3,36;0;3,27
1134;2,1;0,11;217;false;true;true;3,36;0;3,27
1135;2,1;0,11;217;false;true;true;3,36;0;3,27
1136;2,1;0,1;217;false;true;true;3,36;0;3,27
1137;2,1;0,1;217;false;true;true;3,36;0;3,27
1138;2,1;0,1;217;false;true;true;3,36;0;3,27
1139;2,1;0,1;217;false;true;true;3,36;0;3,28
1140;2,1;0,1;217;false;true;true;3,36;0;3,28
1141;2,1;0,1;217;false;true;true;3,36;0;3,28
1142;2,1;0,1;217;false;true;true;3,36;0;3,28
1143;2,1;0,1;217;false;true;true;3,36;0;3,28
1144;2,11;0,1;217;false;true;true;3,36;0;3,28
1145;2,11;0,1;217;false;true;true;3,36;0;3,28
1146;2,11;0,1;217;false;true;true;3,36;0;3,28
1147;2,11;0,1;217;false;true;true;3,36;0;3,28
1148;2,11;0,1;217;false;true;true;3,36;0;3,28
1149;2,11;0,1;217;false;true;true;3,36;0;3,28
1150;2,11;0,1;217;false;true;true;3,36;0;3,28
1151;2,11;0,1;217;false;true;true;3,36;0;3,28
1152;2,11;0,1;217;false;true;true;3,36;0;3,28
1153;2,11;0,1;217;false;true;true;3,36;0;3,28
1154;2,12;0,1;217;false;true;true;3,36;0;3,28
1155;2,12;0,1;217;false;true;true;3,36;0;3,28
1156;2,12;0,1;217;false;true;true;3,36;0;3,28
1157;2,12;0,1;217;false;true;true;3,36;0;3,28
1158;2,12;0,1;217;false;true;true;3,36;0;3,28
1159;2,12;0,1;217;false;true;true;3,37;0;3,28
1160;2,12;0,1;217;false;true;true;3,36;0;3,28
1161;2,12;0,1;217;false;true;true;3,36;0;3,28
1162;2,12;0,1;217;false;true;true;3,36;0;3,28
1163;2,12;0,1;217;false;true;true;3,37;0;3,28
1164;2,12;0,1;217;false;true;true;3,36;0;3,28
1165;2,13;0,1;217;false;true;true;3,36;0;3,28
1166;2,13;0,1;217;false;true;true;3,36;0;3,28
1167;2,13;0,1;217;false;true;true;3,36;0;3,28
1168;2,13;0,1;217;false;true;true;3,36;0;3,28
1169;2,13;0,09;217;false;true;true;3,36;0;3,28
1170;2,13;0,1;217;false;true;true;3,37;0;3,28
1171;2,13;0,1;217;false;true;true;3,37;0;3,28
1172;2,13;0,1;217;false;true;true;3,36;0;3,28
1173;2,13;0,1;217;false;true;true;3,36;0;3,28
1174;2,13;0,1;217;false;true;true;3,37;0;3,28
1175;2,14;0,1;217;false;true;true;3,37;0;3,28
1176;2,14;0,1;217;false;true;true;3,37;0;3,28
1177;2,14;0,1;217;false;true;true;3,37;0;3,28
1178;2,14;0,1;217;false;true;true;3,37;0;3,29
1179;2,14;0,09;217;false;true;true;3,36;0;3,29
1180;2,14;0,1;217;false;true;true;3,37;0;3,29
1181;2,14;0,1;217;false;true;true;3,37;0;3,29
1182;2,14;0,1;217;false;true;true;3,37;0;3,29
1183;2,14;0,1;217;false;true;true;3,37;0;3,29
1184;2,14;0,09;217;false;true;true;3,36;0;3,29
1185;2,15;0,09;217;false;true;true;3,36;0;3,29
1186;2,15;0,09;217;false;true;true;3,36;0;3,29
1187;2,15;0,09;217;false;true;true;3,36;0;3,29
1188;2,15;0,09;217;false;true;true;3,36;0;3,29
1189;2,15;0,09;217;false;true;true;3,36;0;3,29
1190;2,15;0,09;217;false;true;true;3,37;0;3,29
1191;2,15;0,09;217;false;true;true;3,37;0;3,29
1192;2,15;0,09;217;false;true;true;3,36;0;3,29
1193;2,15;0,09;217;false;true;true;3,36;0;3,29
1194;2,16;0,09;217;false;true;true;3,37;0;3,29
1195;2,16;0,09;217;false;true;true;3,37;0;3,29
1196;2,16;0,09;217;false;true;true;3,37;0;3,29
1197;2,16;0,09;217;false;true;true;3,37;0;3,29
1198;2,16;0,09;217;false;true;true;3,37;0;3,29
1199;2,16;0,1;217;false;true;true;3,37;0;3,29
1200;2,16;0,1;217;false;true;true;3,37;0;3,29
1201;2,16;0,1;217;false;true;true;3,37;0;3,29
1202;2,16;0,09;217;false;true;true;3,37;0;3,29
1203;2,16;0,1;217;false;true;true;3,37;0;3,29
1204;2,17;0,09;217;false;true;true;3,37;0;3,29
1205;2,17;0,09;217;false;true;true;3,37;0;3,29
1206;2,17;0,1;217;false;true;true;3,37;0;3,29
1207;2,17;0,1;217;false;true;true;3,37;0;3,29
1208;2,17;0,09;217;false;true;true;3,37;0;3,29
1209;2,17;0,09;217;false;true;true;3,37;0;3,29
1210;2,17;0,09;217;false;true;true;3,37;0;3,29
1211;2,17;0,09;217;false;true;true;3,37;0;3,29
1212;2,18;0,1;217;false;true;true;3,37;0;3,29
1213;2,18;0,09;217;false;true;true;3,37;0;3,29
1214;2,18;0,09;217;false;true;true;3,37;0;3,29
1215;2,18;0,09;217;false;true;true;3,37;0;3,29
1216;2,18;0,09;217;false;true;true;3,37;0;3,29
1217;2,18;0,09;217;false;true;true;3,37;0;3,29
1218;2,18;0,09;217;false;true;true;3,37;0;3,3
1219;2,18;0,09;217;false;true;true;3,37;0;3,3
1220;2,18;0,09;217;false;true;true;3,37;0;3,3
1221;2,18;0,09;217;false;true;true;3,37;0;3,3
1222;2,19;0,09;217;false;true;true;3,37;0;3,3
1223;2,19;0,09;217;false;true;true;3,37;0;3,3
1224;2,19;0,09;217;false;true;true;3,37;0;3,3
1225;2,19;0,09;217;false;true;true;3,37;0;3,3
1226;2,19;0,09;217;false;true;true;3,37;0;3,3
1227;2,19;0,09;217;false;true;true;3,38;0;3,3
1228;2,2;0,09;217;false;true;true;3,37;0;3,3
1229;2,2;0,09;217;false;true;true;3,37;0;3,3
1230;2,2;0,09;217;false;true;true;3,37;0;3,3
1231;2,2;0,09;217;false;true;true;3,37;0;3,3
1232;2,2;0,09;217;false;true;true;3,37;0;3,3
1233;2,21;0,08;217;false;true;true;3,37;0;3,3
1234;2,21;0,09;217;false;true;true;3,37;0;3,3
1235;2,21;0,09;217;false;true;true;3,37;0;3,3
1236;2,21;0,09;217;false;true;true;3,37;0;3,3
1237;2,21;0,09;217;false;true;true;3,37;0;3,3
1238;2,21;0,09;217;false;true;true;3,37;0;3,3
1239;2,21;0,09;217;false;true;true;3,37;0;3,3
1240;2,22;0,09;217;false;true;true;3,37;0;3,3
1241;2,23;0,09;217;false;true;true;3,38;0;3,3
1242;2,23;0,09;217;false;true;true;3,37;0;3,3
1243;2,23;0,09;217;false;true;true;3,38;0;3,3
1244;2,23;0,09;217;false;true;true;3,38;0;3,3
1245;2,23;0,09;217;false;true;true;3,37;0;3,3
1246;2,23;0,09;217;false;true;true;3,37;0;3,3
1247;2,23;0,09;217;false;true;true;3,37;0;3,3
1248;2,23;0,09;217;false;true;true;3,38;0;3,3
1249;2,23;0,09;217;false;true;true;3,38;0;3,3
1250;2,23;0,09;217;false;true;true;3,38;0;3,3
1251;2,24;0,09;217;false;true;true;3,38;0;3,3
1252;2,24;0,09;217;false;true;true;3,38;0;3,3
1253;2,24;0,09;217;false;true;true;3,38;0;3,3
1254;2,24;0,09;217;false;true;true;3,38;0;3,3
1255;2,24;0,09;217;false;true;true;3,38;0;3,3
1256;2,24;0,09;217;false;true;true;3,38;0;3,3
1257;2,24;0,08;217;false;true;true;3,37;0;3,3
1258;2,24;0,08;217;false;true;true;3,38;0;3,3
1259;2,25;0,09;217;false;true;true;3,38;0;3,31
1260;2,25;0,08;217;false;true;true;3,37;0;3,31
1261;2,25;0,08;217;false;true;true;3,37;0;3,31
1262;2,25;0,09;217;false;true;true;3,38;0;3,31
1263;2,26;0,08;217;false;true;true;3,38;0;3,31
1264;2,26;0,08;217;false;true;true;3,38;0;3,31
1265;2,26;0,09;217;false;true;true;3,38;0;3,31
1266;2,26;0,08;217;false;true;true;3,38;0;3,31
1267;2,26;0,09;217;false;true;true;3,38;0;3,31
1268;2,26;0,09;217;false;true;true;3,38;0;3,31
1269;2,26;0,08;217;false;true;true;3,38;0;3,31
1270;2,26;0,09;217;false;true;true;3,38;0;3,31
1271;2,26;0,09;217;false;true;true;3,38;0;3,31
1272;2,26;0,08;217;false;true;true;3,38;0;3,31
1273;2,27;0,08;217;false;true;true;3,38;0;3,31
1274;2,27;0,09;217;false;true;true;3,38;0;3,31
1275;2,27;0,08;217;false;true;true;3,38;0;3,31
1276;2,27;0,08;217;false;true;true;3,37;0;3,31
1277;2,27;0,08;217;false;true;true;3,37;0;3,31
1278;2,27;0,08;217;false;true;true;3,38;0;3,31
1279;2,27;0,08;217;false;true;true;3,38;0;3,31
1280;2,27;0,08;217;false;true;true;3,38;0;3,31
1281;2,28;0,08;217;false;true;true;3,38;0;3,31
1282;2,28;0,08;217;false;true;true;3,38;0;3,31
1283;2,28;0,08;217;false;true;true;3,38;0;3,31
1284;2,28;0,08;217;false;true;true;3,38;0;3,31
1285;2,28;0,08;217;false;true;true;3,38;0;3,31
1286;2,28;0,08;217;false;true;true;3,38;0;3,31
1287;2,28;0,08;217;false;true;true;3,38;0;3,31
1288;2,28;0,08;217;false;true;true;3,38;0;3,31
1289;2,28;0,08;217;false;true;true;3,38;0;3,31
1290;2,29;0,08;217;false;true;true;3,38;0;3,31
1291;2,29;0,08;217;false;true;true;3,38;0;3,31
1292;2,29;0,08;217;false;true;true;3,38;0;3,31
1293;2,29;0,08;217;false;true;true;3,38;0;3,31
1294;2,29;0,08;217;false;true;true;3,38;0;3,31
1295;2,29;0,08;217;false;true;true;3,38;0;3,31
1296;2,29;0,08;217;false;true;true;3,38;0;3,31
1297;2,29;0,08;217;false;true;true;3,38;0;3,31
1298;2,29;0,08;217;false;true;true;3,38;0;3,31
1299;2,29;0,08;217;false;true;true;3,38;0;3,31
1300;2,3;0,08;217;false;true;true;3,38;0;3,31
1301;2,3;0,08;217;false;true;true;3,38;0;3,31
1302;2,3;0,08;217;false;true;true;3,38;0;3,31
1303;2,3;0,08;217;false;true;true;3,38;0;3,31
1304;2,3;0,08;217;false;true;true;3,38;0;3,32
1305;2,3;0,08;217;false;true;true;3,38;0;3,32
1306;2,3;0,08;217;false;true;true;3,38;0;3,32
1307;2,3;0,08;217;false;true;true;3,38;0;3,32
1308;2,3;0,08;217;false;true;true;3,38;0;3,32
1309;2,3;0,08;217;false;true;true;3,38;0;3,32
1310;2,31;0,08;217;false;true;true;3,38;0;3,32
1311;2,31;0,08;217;false;true;true;3,38;0;3,32
1312;2,31;0,08;217;false;true;true;3,38;0;3,32
1313;2,31;0,08;217;false;true;true;3,38;0;3,32
1314;2,31;0,08;217;false;true;true;3,38;0;3,32
1315;2,31;0,08;217;false;true;true;3,39;0;3,32
1316;2,31;0,08;217;false;true;true;3,39;0;3,32
1317;2,31;0,08;217;false;true;true;3,39;0;3,32
1318;2,32;0,08;217;false;true;true;3,38;0;3,32
1319;2,32;0,08;217;false;true;true;3,38;0;3,32
1320;2,32;0,08;217;false;true;true;3,38;0;3,32
1321;2,32;0,08;217;false;true;true;3,38;0;3,32
1322;2,32;0,08;217;false;true;true;3,39;0;3,32
1323;2,32;0,08;217;false;true;true;3,38;0;3,32
1324;2,32;0,08;217;false;true;true;3,38;0;3,32
1325;2,32;0,08;217;false;true;true;3,38;0;3,32
1326;2,32;0,08;217;false;true;true;3,38;0;3,32
1327;2,32;0,07;217;false;true;true;3,38;0;3,32
1328;2,33;0,08;217;false;true;true;3,39;0;3,32
1329;2,33;0,08;217;false;true;true;3,39;0;3,32
1330;2,33;0,08;217;false;true;true;3,39;0;3,32
1331;2,33;0,08;217;false;true;true;3,39;0;3,32
1332;2,33;0,08;217;false;true;true;3,39;0;3,32
1333;2,33;0,08;217;false;true;true;3,39;0;3,32
1334;2,33;0,08;217;false;true;true;3,39;0;3,32
1335;2,33;0,08;217;false;true;true;3,39;0;3,32
1336;2,33;0,08;217;false;true;true;3,38;0;3,32
1337;2,33;0,07;217;false;true;true;3,38;0;3,32
1338;2,34;0,07;217;false;true;true;3,38;0;3,32
1339;2,34;0,07;217;false;true;true;3,38;0;3,32
1340;2,34;0,07;217;false;true;true;3,38;0;3,32
1341;2,34;0,08;217;false;true;true;3,39;0;3,32
1342;2,34;0,08;217;false;true;true;3,39;0;3,32
1343;2,34;0,08;217;false;true;true;3,39;0;3,32
1344;2,34;0,08;217;false;true;true;3,39;0;3,32
1345;2,34;0,08;217;false;true;true;3,39;0;3,32
1346;2,34;0,08;217;false;true;true;3,39;0;3,32
1347;2,34;0,08;217;false;true;true;3,39;0;3,32
1348;2,35;0,08;217;false;true;true;3,39;0;3,32
1349;2,35;0,07;217;false;true;true;3,39;0;3,32
1350;2,35;0,08;217;false;true;true;3,39;0;3,33
1351;2,35;0,08;217;false;true;true;3,39;0;3,33
1352;2,35;0,08;217;false;true;true;3,39;0;3,33
1353;2,35;0,07;217;false;true;true;3,39;0;3,33
1354;2,35;0,08;217;false;true;true;3,39;0;3,33
1355;2,35;0,08;217;false;true;true;3,39;0;3,33
1356;2,35;0,08;217;false;true;true;3,39;0;3,33
1357;2,35;0,08;217;false;true;true;3,39;0;3,33
1358;2,36;0,08;217;false;true;true;3,39;0;3,33
1359;2,36;0,08;217;false;true;true;3,39;0;3,33
1360;2,36;0,08;217;false;true;true;3,39;0;3,33
1361;2,36;0,07;217;false;true;true;3,39;0;3,33
1362;2,36;0,08;217;false;true;true;3,39;0;3,33
1363;2,36;0,08;217;false;true;true;3,39;0;3,33
1364;2,36;0,08;217;false;true;true;3,39;0;3,33
1365;2,36;0,08;217;false;true;true;3,4;0;3,33
1366;2,36;0,08;217;false;true;true;3,39;0;3,33
1367;2,37;0,08;217;false;true;true;3,39;0;3,33
1368;2,37;0,08;217;false;true;true;3,39;0;3,33
1369;2,37;0,07;217;false;true;true;3,39;0;3,33
1370;2,37;0,07;217;false;true;true;3,39;0;3,33
1371;2,37;0,07;217;false;true;true;3,39;0;3,33
1372;2,37;0,07;217;false;true;true;3,39;0;3,33
1373;2,37;0,07;217;false;true;true;3,39;0;3,33
1374;2,38;0,08;217;false;true;true;3,39;0;3,33
1375;2,38;0,08;217;false;true;true;3,4;0;3,33
1376;2,38;0,07;217;false;true;true;3,39;0;3,33
1377;2,38;0,07;217;false;true;true;3,39;0;3,33
1378;2,38;0,07;217;false;true;true;3,39;0;3,33
1379;2,38;0,08;217;false;true;true;3,39;0;3,33
1380;2,38;0,08;217;false;true;true;3,4;0;3,33
1381;2,38;0,07;217;false;true;true;3,4;0;3,33
1382;2,38;0,08;217;false;true;true;3,4;0;3,33
1383;2,38;0,08;217;false;true;true;3,4;0;3,33
1384;2,38;0,07;217;false;true;true;3,39;0;3,33
1385;2,39;0,07;217;false;true;true;3,39;0;3,33
1386;2,39;0,07;217;false;true;true;3,4;0;3,33
1387;2,39;0,07;217;false;true;true;3,39;0;3,33
1388;2,39;0,07;217;false;true;true;3,39;0;3,33
1389;2,39;0,06;217;false;true;true;3,39;0;3,33
1390;2,39;0,07;217;false;true;true;3,39;0;3,33
1391;2,39;0,07;217;false;true;true;3,39;0;3,33
1392;2,39;0,08;217;false;true;true;3,4;0;3,33
1393;2,39;0,07;217;false;true;true;3,4;0;3,33
1394;2,39;0,07;217;false;true;true;3,4;0;3,33
1395;2,4;0,08;217;false;true;true;3,4;0;3,34
1396;2,4;0,07;217;false;true;true;3,4;0;3,34
1397;2,4;0,08;217;false;true;true;3,4;0;3,34
1398;2,4;0,07;217;false;true;true;3,4;0;3,34
1399;2,4;0,07;217;false;true;true;3,4;0;3,34
1400;2,4;0,07;217;false;true;true;3,4;0;3,34
1401;2,4;0,07;217;false;true;true;3,4;0;3,34
1402;2,4;0,07;217;false;true;true;3,4;0;3,34
1403;2,4;0,07;217;false;true;true;3,4;0;3,34
1404;2,4;0,07;217;false;true;true;3,39;0;3,34
1405;2,41;0,07;217;false;true;true;3,39;0;3,34
1406;2,41;0,07;217;false;true;true;3,39;0;3,34
1407;2,41;0,07;217;false;true;true;3,39;0;3,34
1408;2,41;0,07;217;false;true;true;3,39;0;3,34
1409;2,41;0,07;217;false;true;true;3,4;0;3,34
1410;2,41;0,07;217;false;true;true;3,4;0;3,34
1411;2,41;0,07;217;false;true;true;3,4;0;3,34
1412;2,41;0,07;217;false;true;true;3,4;0;3,34
1413;2,41;0,07;217;false;true;true;3,4;0;3,34
1414;2,41;0,07;217;false;true;true;3,4;0;3,34
1415;2,42;0,07;217;false;true;true;3,39;0;3,34
1416;2,42;0,07;217;false;true;true;3,4;0;3,34
1417;2,42;0,07;217;false;true;true;3,4;0;3,34
1418;2,42;0,07;217;false;true;true;3,4;0;3,34
1419;2,42;0,07;217;false;true;true;3,4;0;3,34
1420;2,42;0,07;217;false;true;true;3,4;0;3,34
1421;2,42;0,07;217;false;true;true;3,4;0;3,34
1422;2,42;0,07;217;false;true;true;3,4;0;3,34
1423;2,42;0,07;217;false;true;true;3,4;0;3,34
1424;2,42;0,07;217;false;true;true;3,4;0;3,34
1425;2,43;0,07;217;false;true;true;3,4;0;3,34
1426;2,43;0,07;217;false;true;true;3,4;0;3,34
1427;2,43;0,06;217;false;true;true;3,4;0;3,34
1428;2,43;0,06;217;false;true;true;3,4;0;3,34
1429;2,43;0,07;217;false;true;true;3,4;0;3,34
1430;2,43;0,06;217;false;true;true;3,4;0;3,34
1431;2,43;0,07;217;false;true;true;3,4;0;3,34
1432;2,43;0,07;217;false;true;true;3,4;0;3,34
1433;2,43;0,07;217;false;true;true;3,4;0;3,34
1434;2,43;0,07;217;false;true;true;3,4;0;3,34
1435;2,44;0,07;217;false;true;true;3,41;0;3,34
1436;2,44;0,07;217;false;true;true;3,4;0;3,34
1437;2,44;0,07;217;false;true;true;3,4;0;3,34
1438;2,44;0,07;217;false;true;true;3,4;0;3,34
1439;2,44;0,07;217;false;true;true;3,4;0;3,34
1440;2,44;0,07;217;false;true;true;3,4;0;3,34
1441;2,44;0,07;217;false;true;true;3,4;0;3,35
1442;2,44;0,07;217;false;true;true;3,4;0;3,35
1443;2,44;0,07;217;false;true;true;3,4;0;3,35
1444;2,45;0,07;217;false;true;true;3,4;0;3,35
1445;2,45;0,07;217;false;true;true;3,4;0;3,35
1446;2,45;0,07;217;false;true;true;3,4;0;3,35
1447;2,45;0,07;217;false;true;true;3,4;0;3,35
1448;2,45;0,07;217;false;true;true;3,41;0;3,35
1449;2,45;0,07;217;false;true;true;3,41;0;3,35
1450;2,45;0,07;217;false;true;true;3,4;0;3,35
1451;2,45;0,07;217;false;true;true;3,4;0;3,35
1452;2,45;0,06;217;false;true;true;3,4;0;3,35
1453;2,45;0,07;217;false;true;true;3,41;0;3,35
1454;2,46;0,07;217;false;true;true;3,41;0;3,35
1455;2,46;0,07;217;false;true;true;3,41;0;3,35
1456;2,46;0,07;217;false;true;true;3,41;0;3,35
1457;2,46;0,07;217;false;true;true;3,41;0;3,35
1458;2,46;0,07;217;false;true;true;3,41;0;3,35
1459;2,46;0,07;217;false;true;true;3,41;0;3,35
1460;2,46;0,07;217;false;true;true;3,41;0;3,35
1461;2,46;0,07;217;false;true;true;3,41;0;3,35
1462;2,46;0,07;217;false;true;true;3,41;0;3,35
1463;2,46;0,06;217;false;true;true;3,4;0;3,35
1464;2,47;0,06;217;false;true;true;3,4;0;3,35
1465;2,47;0,07;217;false;true;true;3,41;0;3,35
1466;2,47;0,07;217;false;true;true;3,41;0;3,35
1467;2,47;0,07;217;false;true;true;3,41;0;3,35
1468;2,47;0,07;217;false;true;true;3,41;0;3,35
1469;2,47;0,07;217;false;true;true;3,41;0;3,35
1470;2,47;0,07;217;false;true;true;3,41;0;3,35
1471;2,47;0,07;217;false;true;true;3,41;0;3,35
1472;2,47;0,07;217;false;true;true;3,41;0;3,35
1473;2,48;0,07;217;false;true;true;3,41;0;3,35
1474;2,48;0,07;217;false;true;true;3,41;0;3,35
1475;2,48;0,06;217;false;true;true;3,4;0;3,35
1476;2,48;0,06;217;false;true;true;3,41;0;3,35
1477;2,48;0,06;217;false;true;true;3,4;0;3,35
1478;2,48;0,06;217;false;true;true;3,4;0;3,35
1479;2,48;0,06;217;false;true;true;3,4;0;3,35
1480;2,48;0,06;217;false;true;true;3,41;0;3,35
1481;2,48;0,07;217;false;true;true;3,41;0;3,35
1482;2,48;0,07;217;false;true;true;3,41;0;3,35
1483;2,49;0,07;217;false;true;true;3,41;0;3,35
1484;2,49;0,07;217;false;true;true;3,41;0;3,36
1485;2,49;0,06;217;false;true;true;3,41;0;3,36
1486;2,49;0,07;217;false;true;true;3,41;0;3,36
1487;2,49;0,07;217;false;true;true;3,41;0;3,36
1488;2,49;0,06;217;false;true;true;3,41;0;3,36
1489;2,49;0,06;217;false;true;true;3,4;0;3,36
1490;2,49;0,06;217;false;true;true;3,41;0;3,36
1491;2,49;0,07;217;false;true;true;3,41;0;3,36
1492;2,49;0,07;217;false;true;true;3,41;0;3,36
1493;2,5;0,07;217;false;true;true;3,41;0;3,36
1494;2,5;0,07;217;false;true;true;3,41;0;3,36
1495;2,5;0,06;217;false;true;true;3,41;0;3,36
1496;2,5;0,07;217;false;true;true;3,42;0;3,36
1497;2,5;0,07;217;false;true;true;3,41;0;3,36
1498;2,5;0,06;217;false;true;true;3,41;0;3,36
1499;2,51;0,07;217;false;true;true;3,42;0;3,36
1500;2,51;0,06;217;false;true;true;3,41;0;3,36
1501;2,51;0,06;217;false;true;true;3,41;0;3,36
1502;2,51;0,06;217;false;true;true;3,41;0;3,36
1503;2,51;0,06;217;false;true;true;3,41;0;3,36
1504;2,52;0,06;217;false;true;true;3,41;0;3,36
1505;2,52;0,06;217;false;true;true;3,41;0;3,36
1506;2,52;0,06;217;false;true;true;3,41;0;3,36
1507;2,52;0,06;217;false;true;true;3,41;0;3,36
1508;2,52;0,06;217;false;true;true;3,41;0;3,36
1509;2,52;0,06;217;false;true;true;3,41;0;3,36
1510;2,52;0,06;217;false;true;true;3,41;0;3,36
1511;2,52;0,07;217;false;true;true;3,42;0;3,36
1512;2,53;0,07;217;false;true;true;3,42;0;3,36
1513;2,53;0,07;217;false;true;true;3,42;0;3,36
1514;2,53;0,06;217;false;true;true;3,41;0;3,36
1515;2,53;0,06;217;false;true;true;3,41;0;3,36
1516;2,53;0,06;217;false;true;true;3,41;0;3,36
1517;2,53;0,06;217;false;true;true;3,41;0;3,36
1518;2,53;0,06;217;false;true;true;3,41;0;3,36
1519;2,53;0,06;217;false;true;true;3,42;0;3,36
1520;2,53;0,06;217;false;true;true;3,41;0;3,36
1521;2,53;0,06;217;false;true;true;3,41;0;3,36
1522;2,54;0,06;217;false;true;true;3,42;0;3,36
1523;2,54;0,06;217;false;true;true;3,42;0;3,36
1524;2,54;0,06;217;false;true;true;3,42;0;3,36
1525;2,54;0,06;217;false;true;true;3,41;0;3,37
1526;2,54;0,06;217;false;true;true;3,42;0;3,37
1527;2,54;0,06;217;false;true;true;3,42;0;3,37
1528;2,54;0,06;217;false;true;true;3,42;0;3,37
1529;2,54;0,06;217;false;true;true;3,42;0;3,37
1530;2,54;0,07;217;false;true;true;3,42;0;3,37
1531;2,54;0,06;217;false;true;true;3,42;0;3,37
1532;2,55;0,06;217;false;true;true;3,42;0;3,37
1533;2,55;0,06;217;false;true;true;3,42;0;3,37
1534;2,55;0,06;217;false;true;true;3,42;0;3,37
1535;2,55;0,06;217;false;true;true;3,42;0;3,37
1536;2,55;0,06;217;false;true;true;3,42;0;3,37
1537;2,55;0,06;217;false;true;true;3,42;0;3,37
1538;2,55;0,07;217;false;true;true;3,43;0;3,37
1539;2,55;0,07;217;false;true;true;3,42;0;3,37
1540;2,55;0,06;217;false;true;true;3,42;0;3,37
1541;2,55;0,06;217;false;true;true;3,42;0;3,37
1542;2,56;0,06;217;false;true;true;3,42;0;3,37
1543;2,56;0,06;217;false;true;true;3,42;0;3,37
1544;2,56;0,06;217;false;true;true;3,42;0;3,37
1545;2,56;0,06;217;false;true;true;3,42;0;3,37
1546;2,56;0,06;217;false;true;true;3,42;0;3,37
1547;2,56;0,07;217;false;true;true;3,43;0;3,37
1548;2,56;0,06;217;false;true;true;3,42;0;3,37
1549;2,56;0,06;217;false;true;true;3,42;0;3,37
1550;2,56;0,06;217;false;true;true;3,42;0;3,37
1551;2,56;0,06;217;false;true;true;3,42;0;3,37
1552;2,57;0,06;217;false;true;true;3,43;0;3,37
1553;2,57;0,06;217;false;true;true;3,43;0;3,37
1554;2,57;0,06;217;false;true;true;3,43;0;3,37
1555;2,57;0,06;217;false;true;true;3,42;0;3,37
1556;2,57;0,06;217;false;true;true;3,42;0;3,37
1557;2,57;0,06;217;false;true;true;3,42;0;3,37
1558;2,57;0,07;217;false;true;true;3,43;0;3,37
1559;2,57;0,06;217;false;true;true;3,43;0;3,37
1560;2,58;0,06;217;false;true;true;3,43;0;3,38
1561;2,58;0,07;217;false;true;true;3,43;0;3,38
1562;2,58;0,06;217;false;true;true;3,43;0;3,38
1563;2,58;0,06;217;false;true;true;3,42;0;3,38
1564;2,58;0,06;217;false;true;true;3,43;0;3,38
1565;2,58;0,06;217;false;true;true;3,42;0;3,38
1566;2,58;0,06;217;false;true;true;3,42;0;3,38
1567;2,58;0,06;217;false;true;true;3,42;0;3,38
1568;2,58;0,05;217;false;true;true;3,42;0;3,38
1569;2,58;0,06;217;false;true;true;3,42;0;3,38
1570;2,59;0,06;217;false;true;true;3,43;0;3,38
1571;2,59;0,06;217;false;true;true;3,43;0;3,38
1572;2,59;0,06;217;false;true;true;3,43;0;3,38
1573;2,59;0,06;217;false;true;true;3,43;0;3,38
1574;2,59;0,06;217;false;true;true;3,43;0;3,38
1575;2,59;0,06;217;false;true;true;3,43;0;3,38
1576;2,59;0,06;217;false;true;true;3,43;0;3,38
1577;2,59;0,06;217;false;true;true;3,43;0;3,38
1578;2,59;0,06;217;false;true;true;3,43;0;3,38
1579;2,59;0,06;217;false;true;true;3,43;0;3,38
1580;2,6;0,05;217;false;true;true;3,43;0;3,38
1581;2,6;0,06;217;false;true;true;3,43;0;3,38
1582;2,6;0,06;217;false;true;true;3,43;0;3,38
1583;2,6;0,06;217;false;true;true;3,43;0;3,38
1584;2,6;0,06;217;false;true;true;3,43;0;3,38
1585;2,6;0,05;217;false;true;true;3,43;0;3,38
1586;2,6;0,06;217;false;true;true;3,43;0;3,38
1587;2,6;0,06;217;false;true;true;3,43;0;3,38
1588;2,6;0,06;217;false;true;true;3,44;0;3,38
1589;2,6;0,06;217;false;true;true;3,44;0;3,38
1590;2,61;0,06;217;false;true;true;3,43;0;3,38
1591;2,61;0,06;217;false;true;true;3,43;0;3,39
1592;2,61;0,06;217;false;true;true;3,44;0;3,39
1593;2,61;0,06;217;false;true;true;3,43;0;3,39
1594;2,61;0,05;217;false;true;true;3,43;0;3,39
1595;2,61;0,06;217;false;true;true;3,43;0;3,39
1596;2,61;0,06;217;false;true;true;3,44;0;3,39
1597;2,61;0,06;217;false;true;true;3,44;0;3,39
1598;2,62;0,06;217;false;true;true;3,44;0;3,39
1599;2,62;0,06;217;false;true;true;3,44;0;3,39
1600;2,62;0,06;217;false;true;true;3,44;0;3,39
1601;2,62;0,06;217;false;true;true;3,44;0;3,39
1602;2,62;0,06;217;false;true;true;3,44;0;3,39
1603;2,62;0,06;217;false;true;true;3,44;0;3,39
1604;2,62;0,06;217;false;true;true;3,44;0;3,39
1605;2,62;0,06;217;false;true;true;3,44;0;3,39
1606;2,62;0,06;217;false;true;true;3,44;0;3,39
1607;2,62;0,06;217;false;true;true;3,44;0;3,39
1608;2,62;0,06;217;false;true;true;3,44;0;3,39
1609;2,63;0,06;217;false;true;true;3,44;0;3,39
1610;2,63;0,06;217;false;true;true;3,44;0;3,39
1611;2,63;0,05;217;false;true;true;3,44;0;3,39
1612;2,63;0,06;217;false;true;true;3,44;0;3,39
1613;2,63;0,06;217;false;true;true;3,44;0;3,39
1614;2,63;0,06;217;false;true;true;3,44;0;3,39
1615;2,63;0,06;217;false;true;true;3,44;0;3,39
1616;2,63;0,06;217;false;true;true;3,44;0;3,39
1617;2,64;0,06;217;false;true;true;3,44;0;3,4
1618;2,64;0,06;217;false;true;true;3,45;0;3,4
1619;2,64;0,07;217;false;true;true;3,45;0;3,4
1620;2,64;0,06;217;false;true;true;3,45;0;3,4
1621;2,64;0,06;217;false;true;true;3,45;0;3,4
1622;2,64;0,06;217;false;true;true;3,45;0;3,4
1623;2,64;0,06;217;false;true;true;3,45;0;3,4
1624;2,64;0,06;217;false;true;true;3,45;0;3,4
1625;2,64;0,06;217;false;true;true;3,45;0;3,4
1626;2,64;0,06;217;false;true;true;3,45;0;3,4
1627;2,65;0,06;217;false;true;true;3,45;0;3,4
1628;2,65;0,06;217;false;true;true;3,45;0;3,4
1629;2,65;0,06;217;false;true;true;3,45;0;3,4
1630;2,65;0,06;217;false;true;true;3,45;0;3,4
1631;2,65;0,06;217;false;true;true;3,45;0;3,4
1632;2,65;0,06;217;false;true;true;3,45;0;3,4
1633;2,65;0,06;217;false;true;true;3,45;0;3,4
1634;2,65;0,06;217;false;true;true;3,45;0;3,4
1635;2,65;0,06;217;false;true;true;3,45;0;3,4
1636;2,65;0,06;217;false;true;true;3,45;0;3,4
1637;2,66;0,06;217;false;true;true;3,45;0;3,41
1638;2,66;0,06;217;false;true;true;3,45;0;3,41
1639;2,66;0,06;217;false;true;true;3,45;0;3,41
1640;2,66;0,06;217;false;true;true;3,45;0;3,41
1641;2,66;0,06;217;false;true;true;3,46;0;3,41
1642;2,66;0,06;217;false;true;true;3,45;0;3,41
1643;2,66;0,06;217;false;true;true;3,45;0;3,41
1644;2,66;0,06;217;false;true;true;3,46;0;3,41
1645;2,66;0,06;217;false;true;true;3,46;0;3,41
1646;2,66;0,06;217;false;true;true;3,46;0;3,41
1647;2,67;0,06;217;false;true;true;3,46;0;3,41
1648;2,67;0,06;217;false;true;true;3,46;0;3,41
1649;2,67;0,06;217;false;true;true;3,46;0;3,41
1650;2,67;0,06;217;false;true;true;3,46;0;3,41
1651;2,67;0,06;217;false;true;true;3,46;0;3,41
1652;2,67;0,06;217;false;true;true;3,47;0;3,41
1653;2,67;0,06;217;false;true;true;3,46;0;3,42
1654;2,67;0,07;217;false;true;true;3,47;0;3,42
1655;2,67;0,06;217;false;true;true;3,47;0;3,42
1656;2,68;0,06;217;false;true;true;3,47;0;3,42
1657;2,68;0,06;217;false;true;true;3,46;0;3,42
1658;2,68;0,06;217;false;true;true;3,47;0;3,42
1659;2,68;0,06;217;false;true;true;3,47;0;3,42
1660;2,68;0,06;217;false;true;true;3,47;0;3,42
1661;2,68;0,06;217;false;true;true;3,47;0;3,42
1662;2,68;0,06;217;false;true;true;3,47;0;3,42
1663;2,68;0,06;217;false;true;true;3,47;0;3,42
1664;2,68;0,06;217;false;true;true;3,47;0;3,42
1665;2,68;0,06;217;false;true;true;3,47;0;3,43
1666;2,69;0,07;217;false;true;true;3,48;0;3,43
1667;2,69;0,07;217;false;true;true;3,48;0;3,43
1668;2,69;0,07;217;false;true;true;3,48;0;3,43
1669;2,69;0,07;217;false;true;true;3,48;0;3,43
1670;2,69;0,07;217;false;true;true;3,49;0;3,43
1671;2,69;0,07;217;false;true;true;3,48;0;3,43
1672;2,69;0,07;217;false;true;true;3,49;0;3,43
1673;2,69;0,07;217;false;true;true;3,48;0;3,43
1674;2,69;0,07;217;false;true;true;3,48;0;3,43
1675;2,69;0,07;217;false;true;true;3,49;0;3,44
1676;2,7;0,07;217;false;true;true;3,49;0;3,44
1677;2,7;0,07;217;false;true;true;3,49;0;3,44
1678;2,7;0,07;217;false;true;true;3,49;0;3,44
1679;2,7;0,07;217;false;true;true;3,49;0;3,44
1680;2,7;0,07;217;false;true;true;3,49;0;3,44
1681;2,7;0,07;217;false;true;true;3,49;0;3,44
1682;2,7;0,08;217;false;true;true;3,5;0;3,45
1683;2,7;0,07;217;false;true;true;3,5;0;3,45
1684;2,7;0,07;217;false;true;true;3,5;0;3,45
1685;2,7;0,07;217;false;true;true;3,5;0;3,45
1686;2,71;0,07;217;false;true;true;3,5;0;3,45
1687;2,71;0,07;217;false;true;true;3,5;0;3,45
1688;2,71;0,07;217;false;true;true;3,5;0;3,46
1689;2,71;0,07;217;false;true;true;3,51;0;3,46
1690;2,71;0,07;217;false;true;true;3,51;0;3,46
1691;2,71;0,08;217;false;true;true;3,51;0;3,46
1692;2,71;0,08;217;false;true;true;3,51;0;3,46
1693;2,71;0,07;217;false;true;true;3,51;0;3,47
1694;2,71;0,08;217;false;true;true;3,52;0;3,47
1695;2,71;0,08;217;false;true;true;3,52;0;3,47
1696;2,72;0,08;217;false;true;true;3,52;0;3,47
1697;2,72;0,08;217;false;true;true;3,53;0;3,48
1698;2,72;0,08;217;false;true;true;3,53;0;3,48
1699;2,72;0,08;217;false;true;true;3,53;0;3,48
1700;2,72;0,08;217;false;true;true;3,54;0;3,49
1701;2,72;0,08;217;false;true;true;3,54;0;3,49
1702;2,72;0,09;217;false;true;true;3,55;0;3,49
1703;2,72;0,09;217;false;true;true;3,55;0;3,5
1704;2,72;0,09;217;false;true;true;3,55;0;3,5
1705;2,72;0,09;217;false;true;true;3,56;0;3,51
1706;2,73;0,1;217;false;true;true;3,56;0;3,51
1707;2,73;0,1;217;false;true;true;3,57;0;3,52
1708;2,73;0,1;217;false;true;true;3,57;0;3,52
1709;2,73;0,11;217;false;true;true;3,58;0;3,53
1710;2,73;0,11;217;false;true;true;3,59;0;3,54
1711;2,73;0,11;217;false;true;true;3,59;0;3,55
1712;2,73;0,12;217;false;true;true;3,6;0;3,56
1713;2,73;0,12;217;false;true;true;3,61;0;3,57
1714;2,73;0,13;217;false;true;true;3,62;0;3,58
1715;2,74;0,14;217;false;true;true;3,64;0;3,6
1716;2,74;0,16;217;false;true;true;3,66;0;3,62
1717;2,74;0,18;217;false;true;true;3,67;0;3,65
1718;2,74;0,2;217;false;true;true;3,7;0;3,68
1719;2,74;0,23;217;false;true;true;3,73;0;3,73
1720;2,74;0,29;217;false;true;true;3,77;0;3,8
1721;2,74;0,39;217;false;true;true;3,82;0;3,92
1722;2,74;0,59;216;false;true;true;3,41;0;3,12
1723;2,75;0,49;216;false;true;true;3,3;0;3,13
1724;2,75;0,43;216;false;true;true;3,23;0;3,14
1725;2,75;0,38;216;false;true;true;3,23;0;3,15
1726;2,75;0,35;216;false;true;true;3,25;0;3,15
1727;2,75;0,32;216;false;true;true;3,27;0;3,15
1728;2,75;0,31;216;false;true;true;3,29;0;3,16
1729;2,75;0,3;216;false;true;true;3,3;0;3,16
1730;2,75;0,28;216;false;true;true;3,31;0;3,16
1731;2,75;0,27;216;false;true;true;3,31;0;3,17
1732;2,76;0,26;216;false;true;true;3,32;0;3,17
1733;2