lengthMiddleSegment: 85597.07
step_energy: 0.05
electrostatic_force_factor: 1.0
spring_force_factor: 0.1
reject_force_factor: 2.0
distanceRejectRadius: 21399.2675
distanceSamePosition: 21399.2675
Iteration;time;energy;num nodes;reject force is enabled;spring force is enabled;electrostatic force is enabled;str_force;rep_force;elec_force
1;0;49,77;1454;false;true;true;18,52;0;31,37
2;0,03;57,77;1400;false;true;true;20,5;0;38,32
3;0,09;57,86;1342;false;true;true;20,61;0;38,37
4;0,1;54,64;1283;false;true;true;19,49;0;36,39
5;0,1;53,45;1218;false;true;true;18,79;0;36,81
6;0,11;51,64;1164;false;true;true;19,62;0;34,42
7;0,12;49,78;1115;false;true;true;18,54;0;32,92
8;0,12;47,71;1075;false;true;true;18,17;0;31,89
9;0,13;46,94;1032;false;true;true;17,92;0;30,39
10;0,14;46,09;993;false;true;true;17,42;0;30,58
11;0,15;45,57;953;false;true;true;17,66;0;29,9
12;0,15;44,93;919;false;true;true;18,05;0;29,77
13;0,16;44,19;888;false;true;true;17,54;0;29,74
14;0,16;42,82;854;false;true;true;17,58;0;28,16
15;0,17;42,72;826;false;true;true;16,87;0;28,08
16;0,17;39,59;794;false;true;true;17,04;0;23,97
17;0,17;38,62;776;false;true;true;15,33;0;25,42
18;0,18;36,62;754;false;true;true;16,16;0;23,92
19;0,18;34,33;735;false;true;true;15,97;0;22,41
20;0,19;31,49;715;false;true;true;16,18;0;18,18
21;0,19;30,48;704;false;true;true;14,61;0;18,8
22;0,19;29,44;689;false;true;true;15,82;0;17,28
23;0,19;29,52;679;false;true;true;15,16;0;18,82
24;0,2;30,07;665;false;true;true;15,28;0;19,84
25;0,2;28,95;650;false;true;true;15,44;0;17,67
26;0,2;28,98;637;false;true;true;14,92;0;18,3
27;0,21;27,81;623;false;true;true;15,02;0;17,04
28;0,21;27,73;610;false;true;true;14,82;0;16,62
29;0,21;26,39;602;false;true;true;14,03;0;17,33
30;0,22;24,78;589;false;true;true;14,75;0;14,4
31;0,22;24,21;584;false;true;true;13,69;0;15,42
32;0,22;24,83;575;false;true;true;14,12;0;15,69
33;0,23;23,33;564;false;true;true;13,65;0;12,77
34;0,23;24,21;561;false;true;true;13,12;0;15,71
35;0,23;23,81;551;false;true;true;13,29;0;14,33
36;0,24;23,51;543;false;true;true;12,99;0;13,75
37;0,24;22,98;535;false;true;true;12,85;0;12,79
38;0,24;22,4;529;false;true;true;12,14;0;12,99
39;0,24;20,03;521;false;true;true;12,17;0;10,68
40;0,25;20,31;519;false;true;true;11,97;0;12,44
41;0,25;20,51;514;false;true;true;12,82;0;13,19
42;0,25;20,23;507;false;true;true;12,67;0;11,68
43;0,25;20,48;503;false;true;true;12,65;0;12,55
44;0,25;19,31;496;false;true;true;12,2;0;10,71
45;0,26;19,42;494;false;true;true;11,83;0;12,27
46;0,26;19,18;487;false;true;true;11,88;0;10,67
47;0,26;18,26;482;false;true;true;11,44;0;9,96
48;0,26;18,55;481;false;true;true;11,04;0;12,04
49;0,27;17,16;473;false;true;true;11,61;0;9,49
50;0,27;16,94;472;false;true;true;11,2;0;10,76
51;0,27;15,98;468;false;true;true;11,14;0;9,9
52;0,27;15,53;463;false;true;true;11,41;0;8,62
53;0,27;15,35;461;false;true;true;11,1;0;9,03
54;0,28;15,4;459;false;true;true;11,22;0;9,73
55;0,28;15,81;457;false;true;true;11,67;0;10,87
56;0,28;15,04;453;false;true;true;11,65;0;9,8
57;0,28;14,66;450;false;true;true;11,79;0;9,64
58;0,28;14,73;448;false;true;true;11,7;0;10,14
59;0,29;15,4;446;false;true;true;12,34;0;11,34
60;0,29;15,32;442;false;true;true;12,63;0;10,83
61;0,29;14,84;436;false;true;true;11,04;0;8,03
62;0,29;14,4;434;false;true;true;10,63;0;8,36
63;0,29;14,5;431;false;true;true;10,23;0;8,08
64;0,3;13,36;428;false;true;true;9,79;0;7,09
65;0,3;13,5;427;false;true;true;9,96;0;7,87
66;0,3;13,65;425;false;true;true;10,51;0;8,27
67;0,3;13,99;423;false;true;true;11,11;0;8,86
68;0,31;13,7;420;false;true;true;11,1;0;8,34
69;0,31;14,08;418;false;true;true;10,66;0;8,52
70;0,31;13,56;414;false;true;true;10,41;0;7,22
71;0,31;13,82;413;false;true;true;10,49;0;8,3
72;0,31;13,26;409;false;true;true;9,72;0;6,63
73;0,31;12,72;408;false;true;true;9,26;0;6,89
74;0,32;12,66;407;false;true;true;9,49;0;7,52
75;0,32;12,91;405;false;true;true;10,12;0;7,76
76;0,32;12,47;403;false;true;true;10,42;0;7,6
77;0,32;12,71;402;false;true;true;10,51;0;8,3
78;0,33;12,34;398;false;true;true;10,4;0;6,95
79;0,33;11,72;396;false;true;true;10,16;0;6,63
80;0,33;11,76;396;false;true;true;9,87;0;7,81
81;0,33;11,19;393;false;true;true;9,57;0;6,53
82;0,33;11,39;393;false;true;true;9,84;0;7,73
83;0,34;11,63;392;false;true;true;10,33;0;8,45
84;0,34;11,32;389;false;true;true;10,01;0;7,3
85;0,34;11,23;387;false;true;true;9,69;0;6,94
86;0,34;11,13;385;false;true;true;9,44;0;6,59
87;0,34;11,06;383;false;true;true;9,23;0;6,34
88;0,35;10,7;380;false;true;true;8,78;0;5,12
89;0,35;10,3;380;false;true;true;8,39;0;5,82
90;0,35;10,12;379;false;true;true;8,37;0;5,99
91;0,35;10,1;378;false;true;true;8,77;0;6,32
92;0,35;10,12;377;false;true;true;9,1;0;6,72
93;0,36;9,65;375;false;true;true;8,8;0;5,82
94;0,36;9,79;374;false;true;true;8,75;0;5,98
95;0,36;9,64;372;false;true;true;8,67;0;5,27
96;0,36;9,63;372;false;true;true;8,79;0;6,06
97;0,36;9,6;370;false;true;true;8,92;0;5,74
98;0,37;9,38;369;false;true;true;8,81;0;5,84
99;0,37;8,77;367;false;true;true;8,07;0;4,61
100;0,37;8,56;367;false;true;true;7,97;0;5,05
101;0,37;8,62;367;false;true;true;8,33;0;5,64
102;0,37;8,8;366;false;true;true;8,85;0;5,86
103;0,38;8,76;365;false;true;true;9,1;0;5,89
104;0,38;9,04;364;false;true;true;9,13;0;6,08
105;0,38;9,03;363;false;true;true;9,01;0;6,11
106;0,38;8,79;361;false;true;true;8,84;0;5,3
107;0,38;8,87;361;false;true;true;8,81;0;6,05
108;0,39;8,54;359;false;true;true;8,74;0;5,34
109;0,39;8,46;358;false;true;true;8,43;0;5,12
110;0,39;8,35;358;false;true;true;8,4;0;5,59
111;0,39;8,46;358;false;true;true;8,68;0;6,21
112;0,39;8,81;357;false;true;true;9,19;0;6,44
113;0,4;8,85;355;false;true;true;9,55;0;6,15
114;0,4;8,61;354;false;true;true;9,32;0;6,04
115;0,4;8,71;353;false;true;true;8,82;0;5,79
116;0,4;8,78;352;false;true;true;8,53;0;5,69
117;0,4;8,99;352;false;true;true;8,81;0;6,55
118;0,41;9,38;351;false;true;true;9,06;0;6,84
119;0,41;8,9;348;false;true;true;8,84;0;5,35
120;0,41;8,62;347;false;true;true;8,54;0;5,16
121;0,41;8,56;347;false;true;true;8,36;0;5,73
122;0,41;8,52;346;false;true;true;8,44;0;5,68
123;0,42;8,67;346;false;true;true;8,75;0;6,41
124;0,42;8,68;344;false;true;true;8,77;0;5,64
125;0,42;8,33;343;false;true;true;8,68;0;5,46
126;0,42;8,37;343;false;true;true;8,74;0;6,09
127;0,42;8,69;342;false;true;true;8,93;0;6,28
128;0,43;8,98;340;false;true;true;8,65;0;5,73
129;0,43;8,87;339;false;true;true;8,75;0;5,94
130;0,43;9,05;338;false;true;true;8,4;0;5,96
131;0,43;8,98;335;false;true;true;7,98;0;4,59
132;0,43;8,64;335;false;true;true;7,7;0;5,11
133;0,44;8,93;334;false;true;true;7,45;0;5
134;0,44;8,6;333;false;true;true;7,61;0;5,06
135;0,44;8,75;333;false;true;true;7,94;0;5,89
136;0,44;8,25;331;false;true;true;7,7;0;4,83
137;0,44;8,37;329;false;true;true;7,65;0;4,11
138;0,45;8,31;329;false;true;true;7,6;0;4,71
139;0,45;8,11;328;false;true;true;7,39;0;4,43
140;0,45;7,72;327;false;true;true;7,16;0;4,01
141;0,45;7,72;327;false;true;true;7,24;0;4,48
142;0,46;7,36;326;false;true;true;7,18;0;4,04
143;0,46;7,26;326;false;true;true;7,29;0;4,35
144;0,46;7,27;326;false;true;true;7,53;0;4,74
145;0,46;7,43;325;false;true;true;7,65;0;4,49
146;0,46;7,42;325;false;true;true;7,85;0;4,92
147;0,47;7,65;325;false;true;true;8,16;0;5,55
148;0,47;7,73;324;false;true;true;8,23;0;5,41
149;0,47;7,8;323;false;true;true;8,28;0;5,39
150;0,47;7,57;321;false;true;true;7,94;0;4,5
151;0,47;7,41;320;false;true;true;7,55;0;4,15
152;0,47;7,2;320;false;true;true;7,39;0;4,48
153;0,48;7,16;320;false;true;true;7,47;0;4,9
154;0,48;7,23;319;false;true;true;7,31;0;4,53
155;0,48;7,15;318;false;true;true;7,24;0;4,16
156;0,48;7,02;318;false;true;true;7,37;0;4,5
157;0,49;7,06;318;false;true;true;7,59;0;4,93
158;0,49;7,35;318;false;true;true;7,93;0;5,61
159;0,49;7,53;317;false;true;true;8,08;0;5,55
160;0,49;7,22;315;false;true;true;7,71;0;4,39
161;0,49;7,18;314;false;true;true;7,37;0;4,15
162;0,5;6,89;313;false;true;true;6,95;0;3,64
163;0,5;6,78;313;false;true;true;6,96;0;3,97
164;0,5;6,53;312;false;true;true;7,04;0;3,78
165;0,5;6,33;312;false;true;true;6,94;0;4,04
166;0,5;6,31;312;false;true;true;7,03;0;4,38
167;0,51;6,35;311;false;true;true;7,08;0;4,02
168;0,51;6,26;311;false;true;true;7,17;0;4,37
169;0,51;6,41;311;false;true;true;7,35;0;4,91
170;0,51;5,85;309;false;true;true;7,03;0;3,58
171;0,52;5,67;309;false;true;true;6,94;0;3,77
172;0,52;5,6;309;false;true;true;6,96;0;4
173;0,52;5,65;309;false;true;true;7,06;0;4,31
174;0,52;5,89;309;false;true;true;7,29;0;4,82
175;0,52;5,81;307;false;true;true;6,97;0;3,58
176;0,53;5,65;307;false;true;true;6,86;0;3,8
177;0,53;5,63;307;false;true;true;6,84;0;4,1
178;0,53;5,58;306;false;true;true;6,52;0;3,54
179;0,53;5,46;306;false;true;true;6,53;0;3,75
180;0,53;5,47;306;false;true;true;6,64;0;4,04
181;0,53;5,37;305;false;true;true;6,58;0;3,54
182;0,54;5,21;305;false;true;true;6,55;0;3,71
183;0,54;5,14;305;false;true;true;6,59;0;3,9
184;0,54;5,16;305;false;true;true;6,68;0;4,17
185;0,54;5,18;304;false;true;true;6,59;0;3,64
186;0,54;5,04;304;false;true;true;6,6;0;3,8
187;0,54;4,98;304;false;true;true;6,66;0;3,97
188;0,55;4,97;304;false;true;true;6,75;0;4,19
189;0,55;5,03;304;false;true;true;6,91;0;4,47
190;0,55;5,24;304;false;true;true;7,16;0;4,9
191;0,55;5,41;303;false;true;true;7,12;0;4,57
192;0,55;5,35;301;false;true;true;6,67;0;3,35
193;0,55;5,01;301;false;true;true;6,34;0;3,46
194;0,55;4,79;301;false;true;true;6,14;0;3,58
195;0,55;4,64;301;false;true;true;6,16;0;3,69
196;0,56;4,54;301;false;true;true;6,25;0;3,81
197;0,56;4,47;301;false;true;true;6,41;0;3,94
198;0,56;4,44;301;false;true;true;6,57;0;4,08
199;0,56;4,43;301;false;true;true;6,73;0;4,24
200;0,56;4,46;301;false;true;true;6,89;0;4,43
201;0,56;4,53;301;false;true;true;7,07;0;4,67
202;0,56;4,69;301;false;true;true;7,28;0;5,01
203;0,56;5,1;300;false;true;true;7,11;0;4,63
204;0,57;5,27;300;false;true;true;7,19;0;5,1
205;0,57;5,42;298;false;true;true;6,88;0;4,05
206;0,57;5,36;298;false;true;true;6,82;0;4,41
207;0,57;5,42;296;false;true;true;6,27;0;3,22
208;0,57;5,11;296;false;true;true;5,98;0;3,34
209;0,57;4,91;296;false;true;true;5,87;0;3,47
210;0,57;4,78;296;false;true;true;5,9;0;3,6
211;0,58;4,7;296;false;true;true;6,06;0;3,75
212;0,58;4,67;296;false;true;true;6,25;0;3,93
213;0,58;4,72;296;false;true;true;6,45;0;4,18
214;0,58;4,73;295;false;true;true;6,39;0;3,67
215;0,58;4,61;295;false;true;true;6,38;0;3,81
216;0,58;4,56;295;false;true;true;6,41;0;3,99
217;0,59;4,61;295;false;true;true;6,49;0;4,22
218;0,59;4,63;294;false;true;true;6,48;0;3,74
219;0,59;4,48;294;false;true;true;6,44;0;3,86
220;0,59;4,4;294;false;true;true;6,45;0;3,99
221;0,59;4,35;294;false;true;true;6,49;0;4,15
222;0,59;4,35;294;false;true;true;6,61;0;4,32
223;0,6;4,4;294;false;true;true;6,78;0;4,54
224;0,6;4,52;294;false;true;true;6,99;0;4,84
225;0,6;4,77;293;false;true;true;6,98;0;4,49
226;0,6;4,88;293;false;true;true;7,06;0;4,87
227;0,6;5,08;291;false;true;true;6,46;0;3,55
228;0,6;4,82;291;false;true;true;6,22;0;3,71
229;0,6;4,69;291;false;true;true;6,17;0;3,9
230;0,6;4,7;291;false;true;true;6,23;0;4,17
231;0,6;4,94;291;false;true;true;6,47;0;4,64
232;0,61;4,72;289;false;true;true;6,04;0;3,21
233;0,61;4,46;289;false;true;true;5,87;0;3,3
234;0,61;4,28;289;false;true;true;5,76;0;3,38
235;0,61;4,16;289;false;true;true;5,71;0;3,46
236;0,61;4,06;289;false;true;true;5,8;0;3,54
237;0,61;3,97;289;false;true;true;5,91;0;3,62
238;0,61;3,91;289;false;true;true;6,02;0;3,71
239;0,62;3,86;289;false;true;true;6,12;0;3,79
240;0,62;3,81;289;false;true;true;6,21;0;3,89
241;0,62;3,78;289;false;true;true;6,3;0;3,99
242;0,62;3,77;289;false;true;true;6,39;0;4,11
243;0,62;3,78;289;false;true;true;6,49;0;4,25
244;0,62;3,81;289;false;true;true;6,6;0;4,42
245;0,62;3,91;289;false;true;true;6,73;0;4,66
246;0,63;4,02;288;false;true;true;6,69;0;4,17
247;0,63;3,92;288;false;true;true;6,62;0;4,31
248;0,63;3,89;288;false;true;true;6,63;0;4,48
249;0,63;3,92;288;false;true;true;6,68;0;4,7
250;0,63;4,05;288;false;true;true;6,86;0;5,01
251;0,63;4,17;287;false;true;true;6,74;0;4,52
252;0,64;4,21;287;false;true;true;6,79;0;4,82
253;0,64;4,39;286;false;true;true;6,52;0;4,39
254;0,64;4,37;285;false;true;true;6,19;0;3,87
255;0,64;4,25;285;false;true;true;6,07;0;4,08
256;0,64;4,25;284;false;true;true;5,59;0;3,35
257;0,64;4;284;false;true;true;5,48;0;3,44
258;0,64;3,84;284;false;true;true;5,47;0;3,52
259;0,64;3,74;284;false;true;true;5,58;0;3,61
260;0,65;3,66;284;false;true;true;5,72;0;3,7
261;0,65;3,6;284;false;true;true;5,84;0;3,8
262;0,65;3,56;284;false;true;true;5,95;0;3,9
263;0,65;3,55;284;false;true;true;6,06;0;4,03
264;0,65;3,56;284;false;true;true;6,18;0;4,17
265;0,65;3,62;284;false;true;true;6,31;0;4,37
266;0,65;3,82;283;false;true;true;6,03;0;3,78
267;0,65;3,73;283;false;true;true;6;0;3,92
268;0,65;3,75;283;false;true;true;6,04;0;4,12
269;0,66;3,85;282;false;true;true;5,79;0;3,51
270;0,66;3,7;282;false;true;true;5,74;0;3,61
271;0,66;3,6;282;false;true;true;5,73;0;3,71
272;0,66;3,54;282;false;true;true;5,84;0;3,83
273;0,66;3,51;282;false;true;true;5,96;0;3,97
274;0,66;3,54;282;false;true;true;6,09;0;4,16
275;0,66;3,66;282;false;true;true;6,25;0;4,43
276;0,66;3,78;281;false;true;true;6,07;0;3,9
277;0,67;3,83;281;false;true;true;6,08;0;4,18
278;0,67;3,77;280;false;true;true;5,73;0;3,52
279;0,67;3,72;280;false;true;true;5,65;0;3,71
280;0,67;3,68;279;false;true;true;5,33;0;3,05
281;0,67;3,47;279;false;true;true;5,18;0;3,1
282;0,68;3,34;279;false;true;true;5,14;0;3,15
283;0,68;3,24;279;false;true;true;5,15;0;3,2
284;0,68;3,15;279;false;true;true;5,2;0;3,24
285;0,68;3,09;279;false;true;true;5,27;0;3,29
286;0,68;3,03;279;false;true;true;5,33;0;3,34
287;0,68;2,99;279;false;true;true;5,38;0;3,39
288;0,68;2,95;279;false;true;true;5,43;0;3,44
289;0,69;2,92;279;false;true;true;5,48;0;3,49
290;0,69;2,9;279;false;true;true;5,52;0;3,56
291;0,69;2,88;279;false;true;true;5,57;0;3,63
292;0,69;2,89;279;false;true;true;5,63;0;3,72
293;0,69;2,92;279;false;true;true;5,7;0;3,83
294;0,69;3,01;279;false;true;true;5,78;0;4,01
295;0,69;3,05;278;false;true;true;5,3;0;3,22
296;0,69;2,96;278;false;true;true;5,25;0;3,28
297;0,69;2,9;278;false;true;true;5,23;0;3,33
298;0,69;2,85;278;false;true;true;5,25;0;3,38
299;0,7;2,82;278;false;true;true;5,32;0;3,44
300;0,7;2,79;278;false;true;true;5,38;0;3,5
301;0,7;2,78;278;false;true;true;5,43;0;3,56
302;0,7;2,77;278;false;true;true;5,49;0;3,64
303;0,7;2,78;278;false;true;true;5,56;0;3,73
304;0,71;2,8;278;false;true;true;5,63;0;3,83
305;0,71;2,85;278;false;true;true;5,71;0;3,96
306;0,71;2,94;278;false;true;true;5,82;0;4,13
307;0,71;3,09;278;false;true;true;5,95;0;4,39
308;0,71;3,41;277;false;true;true;5,82;0;3,96
309;0,71;3,52;276;false;true;true;5,45;0;3,41
310;0,72;3,49;275;false;true;true;5;0;2,78
311;0,72;3,26;275;false;true;true;4,75;0;2,82
312;0,72;3,1;275;false;true;true;4,63;0;2,85
313;0,72;2,98;275;false;true;true;4,63;0;2,89
314;0,72;2,89;275;false;true;true;4,67;0;2,92
315;0,73;2,81;275;false;true;true;4,73;0;2,95
316;0,73;2,74;275;false;true;true;4,78;0;2,97
317;0,73;2,68;275;false;true;true;4,82;0;3
318;0,73;2,63;275;false;true;true;4,85;0;3,03
319;0,73;2,58;275;false;true;true;4,88;0;3,05
320;0,74;2,54;275;false;true;true;4,9;0;3,08
321;0,74;2,5;275;false;true;true;4,92;0;3,1
322;0,74;2,46;275;false;true;true;4,94;0;3,13
323;0,74;2,43;275;false;true;true;4,95;0;3,15
324;0,74;2,4;275;false;true;true;4,97;0;3,18
325;0,74;2,36;275;false;true;true;4,98;0;3,2
326;0,75;2,34;275;false;true;true;5;0;3,23
327;0,75;2,32;275;false;true;true;5,01;0;3,26
328;0,75;2,29;275;false;true;true;5,03;0;3,28
329;0,75;2,28;275;false;true;true;5,05;0;3,31
330;0,75;2,26;275;false;true;true;5,07;0;3,34
331;0,75;2,24;275;false;true;true;5,08;0;3,37
332;0,76;2,23;275;false;true;true;5,1;0;3,41
333;0,76;2,22;275;false;true;true;5,12;0;3,44
334;0,76;2,21;275;false;true;true;5,14;0;3,48
335;0,76;2,21;275;false;true;true;5,17;0;3,53
336;0,76;2,2;275;false;true;true;5,2;0;3,58
337;0,77;2,21;275;false;true;true;5,23;0;3,63
338;0,77;2,23;275;false;true;true;5,27;0;3,7
339;0,77;2,26;275;false;true;true;5,32;0;3,79
340;0,77;2,32;275;false;true;true;5,39;0;3,9
341;0,78;2,42;275;false;true;true;5,47;0;4,07
342;0,78;2,61;274;false;true;true;5,25;0;3,47
343;0,78;2,53;274;false;true;true;5,17;0;3,56
344;0,78;2,56;274;false;true;true;5,15;0;3,71
345;0,79;2,66;273;false;true;true;4,83;0;3,04
346;0,79;2,52;273;false;true;true;4,68;0;3,07
347;0,79;2,43;273;false;true;true;4,63;0;3,09
348;0,79;2,36;273;false;true;true;4,61;0;3,11
349;0,79;2,3;273;false;true;true;4,64;0;3,14
350;0,79;2,24;273;false;true;true;4,68;0;3,16
351;0,8;2,2;273;false;true;true;4,71;0;3,18
352;0,8;2,16;273;false;true;true;4,74;0;3,2
353;0,8;2,13;273;false;true;true;4,77;0;3,22
354;0,8;2,1;273;false;true;true;4,79;0;3,24
355;0,8;2,07;273;false;true;true;4,8;0;3,26
356;0,8;2,04;273;false;true;true;4,82;0;3,28
357;0,8;2,02;273;false;true;true;4,84;0;3,3
358;0,8;2;273;false;true;true;4,85;0;3,32
359;0,81;1,98;273;false;true;true;4,86;0;3,34
360;0,81;1,96;273;false;true;true;4,88;0;3,36
361;0,81;1,94;273;false;true;true;4,89;0;3,38
362;0,81;1,92;273;false;true;true;4,9;0;3,4
363;0,81;1,91;273;false;true;true;4,91;0;3,42
364;0,81;1,89;273;false;true;true;4,92;0;3,44
365;0,82;1,88;273;false;true;true;4,93;0;3,46
366;0,82;1,87;273;false;true;true;4,95;0;3,49
367;0,82;1,86;273;false;true;true;4,97;0;3,51
368;0,82;1,85;273;false;true;true;4,98;0;3,54
369;0,82;1,85;273;false;true;true;5;0;3,57
370;0,83;1,85;273;false;true;true;5,02;0;3,6
371;0,83;1,84;273;false;true;true;5,04;0;3,63
372;0,83;1,84;273;false;true;true;5,07;0;3,66
373;0,83;1,84;273;false;true;true;5,09;0;3,7
374;0,83;1,85;273;false;true;true;5,12;0;3,75
375;0,83;1,86;273;false;true;true;5,15;0;3,8
376;0,84;1,88;273;false;true;true;5,19;0;3,86
377;0,84;1,91;273;false;true;true;5,24;0;3,93
378;0,84;1,96;273;false;true;true;5,3;0;4,02
379;0,84;2,05;273;false;true;true;5,37;0;4,16
380;0,84;2,25;272;false;true;true;5,14;0;3,55
381;0,85;2,15;272;false;true;true;5,04;0;3,6
382;0,85;2,1;272;false;true;true;4,99;0;3,66
383;0,85;2,09;272;false;true;true;4,99;0;3,73
384;0,85;2,11;272;false;true;true;5,05;0;3,82
385;0,85;2,17;272;false;true;true;5,14;0;3,96
386;0,86;2,42;271;false;true;true;4,86;0;3,26
387;0,86;2,28;271;false;true;true;4,75;0;3,3
388;0,86;2,19;271;false;true;true;4,69;0;3,35
389;0,86;2,14;271;false;true;true;4,68;0;3,4
390;0,86;2,12;271;false;true;true;4,76;0;3,45
391;0,86;2,13;271;false;true;true;4,82;0;3,53
392;0,86;2,17;271;false;true;true;4,89;0;3,64
393;0,87;2,3;271;false;true;true;4,98;0;3,84
394;0,87;2,56;270;false;true;true;4,58;0;2,92
395;0,87;2,49;270;false;true;true;4,46;0;3,03
396;0,87;2,52;270;false;true;true;4,39;0;3,21
397;0,87;2,6;269;false;true;true;4,55;0;3,27
398;0,87;2,65;269;false;true;true;4,45;0;3,5
399;0,88;2,31;268;false;true;true;4,55;0;3,1
400;0,88;2,23;268;false;true;true;4,48;0;3,15
401;0,88;2,17;268;false;true;true;4,42;0;3,2
402;0,88;2,13;268;false;true;true;4,46;0;3,25
403;0,88;2,1;268;false;true;true;4,49;0;3,3
404;0,89;2,1;268;false;true;true;4,56;0;3,36
405;0,89;2,1;268;false;true;true;4,63;0;3,44
406;0,89;2,13;268;false;true;true;4,71;0;3,54
407;0,89;2,2;268;false;true;true;4,8;0;3,69
408;0,89;2,41;268;false;true;true;4,92;0;3,98
409;0,9;2,17;267;false;true;true;4,67;0;3,21
410;0,9;2,1;267;false;true;true;4,59;0;3,25
411;0,9;2,06;267;false;true;true;4,54;0;3,3
412;0,9;2,02;267;false;true;true;4,54;0;3,34
413;0,9;2;267;false;true;true;4,58;0;3,39
414;0,9;1,98;267;false;true;true;4,63;0;3,44
415;0,91;1,98;267;false;true;true;4,7;0;3,49
416;0,91;1,99;267;false;true;true;4,76;0;3,56
417;0,91;2;267;false;true;true;4,82;0;3,64
418;0,91;2,05;267;false;true;true;4,89;0;3,74
419;0,91;2,14;267;false;true;true;4,98;0;3,9
420;0,92;2,16;266;false;true;true;4,85;0;3,38
421;0,92;2,09;266;false;true;true;4,76;0;3,44
422;0,92;2,05;266;false;true;true;4,72;0;3,49
423;0,92;2,04;266;false;true;true;4,7;0;3,56
424;0,92;2,05;266;false;true;true;4,76;0;3,64
425;0,93;2,07;266;false;true;true;4,83;0;3,74
426;0,93;2,14;266;false;true;true;4,92;0;3,89
427;0,93;2,32;265;false;true;true;4,68;0;3,25
428;0,93;2,2;265;false;true;true;4,59;0;3,3
429;0,93;2,13;265;false;true;true;4,56;0;3,36
430;0,94;2,11;265;false;true;true;4,57;0;3,43
431;0,94;2,12;265;false;true;true;4,64;0;3,52
432;0,94;2,17;265;false;true;true;4,73;0;3,66
433;0,94;2,2;264;false;true;true;4,59;0;3,13
434;0,94;2,09;264;false;true;true;4,49;0;3,16
435;0,94;2,03;264;false;true;true;4,44;0;3,2
436;0,95;1,98;264;false;true;true;4,41;0;3,23
437;0,95;1,95;264;false;true;true;4,43;0;3,26
438;0,95;1,92;264;false;true;true;4,48;0;3,29
439;0,95;1,89;264;false;true;true;4,52;0;3,32
440;0,95;1,87;264;false;true;true;4,57;0;3,36
441;0,96;1,86;264;false;true;true;4,61;0;3,4
442;0,96;1,85;264;false;true;true;4,65;0;3,44
443;0,96;1,85;264;false;true;true;4,69;0;3,49
444;0,96;1,85;264;false;true;true;4,73;0;3,55
445;0,96;1,88;264;false;true;true;4,79;0;3,62
446;0,97;1,93;264;false;true;true;4,85;0;3,73
447;0,97;2,04;264;false;true;true;4,93;0;3,9
448;0,97;2,01;263;false;true;true;4,69;0;3,27
449;0,97;1,93;263;false;true;true;4,6;0;3,31
450;0,97;1,88;263;false;true;true;4,54;0;3,34
451;0,98;1,84;263;false;true;true;4,5;0;3,37
452;0,98;1,81;263;false;true;true;4,53;0;3,4
453;0,98;1,79;263;false;true;true;4,57;0;3,43
454;0,98;1,77;263;false;true;true;4,61;0;3,47
455;0,98;1,75;263;false;true;true;4,66;0;3,5
456;0,98;1,75;263;false;true;true;4,7;0;3,54
457;0,98;1,75;263;false;true;true;4,74;0;3,58
458;0,99;1,75;263;false;true;true;4,79;0;3,63
459;0,99;1,75;263;false;true;true;4,83;0;3,69
460;0,99;1,77;263;false;true;true;4,87;0;3,75
461;0,99;1,8;263;false;true;true;4,93;0;3,83
462;0,99;1,85;263;false;true;true;5;0;3,93
463;1;1,93;263;false;true;true;5,09;0;4,07
464;1;2,1;263;false;true;true;5,19;0;4,32
465;1;2,07;262;false;true;true;4,92;0;3,67
466;1;2,08;262;false;true;true;4,89;0;3,81
467;1;2,24;261;false;true;true;4,41;0;3,07
468;1;2,11;261;false;true;true;4,28;0;3,1
469;1,01;2,02;261;false;true;true;4,23;0;3,13
470;1,01;1,95;261;false;true;true;4,27;0;3,16
471;1,01;1,89;261;false;true;true;4,34;0;3,19
472;1,01;1,85;261;false;true;true;4,39;0;3,22
473;1,01;1,82;261;false;true;true;4,44;0;3,25
474;1,01;1,79;261;false;true;true;4,48;0;3,28
475;1,01;1,77;261;false;true;true;4,52;0;3,32
476;1,01;1,75;261;false;true;true;4,55;0;3,35
477;1,02;1,73;261;false;true;true;4,58;0;3,39
478;1,02;1,72;261;false;true;true;4,61;0;3,43
479;1,02;1,72;261;false;true;true;4,64;0;3,47
480;1,02;1,72;261;false;true;true;4,68;0;3,52
481;1,02;1,73;261;false;true;true;4,72;0;3,58
482;1,03;1,75;261;false;true;true;4,77;0;3,65
483;1,03;1,8;261;false;true;true;4,83;0;3,75
484;1,03;1,86;261;false;true;true;4,9;0;3,88
485;1,03;2,02;261;false;true;true;5;0;4,1
486;1,03;2,04;260;false;true;true;4,7;0;3,46
487;1,03;2,04;260;false;true;true;4,66;0;3,58
488;1,04;2,22;259;false;true;true;4,31;0;2,94
489;1,04;2,05;259;false;true;true;4,13;0;2,97
490;1,04;1,95;259;false;true;true;4,07;0;3
491;1,04;1,88;259;false;true;true;4,08;0;3,03
492;1,04;1,83;259;false;true;true;4,12;0;3,05
493;1,05;1,79;259;false;true;true;4,17;0;3,08
494;1,05;1,76;259;false;true;true;4,21;0;3,11
495;1,05;1,73;259;false;true;true;4,25;0;3,13
496;1,05;1,71;259;false;true;true;4,28;0;3,16
497;1,05;1,69;259;false;true;true;4,31;0;3,19
498;1,05;1,68;259;false;true;true;4,35;0;3,22
499;1,05;1,66;259;false;true;true;4,37;0;3,26
500;1,05;1,67;259;false;true;true;4,41;0;3,3
501;1,06;1,67;259;false;true;true;4,44;0;3,35
502;1,06;1,68;259;false;true;true;4,48;0;3,41
503;1,06;1,72;259;false;true;true;4,54;0;3,5
504;1,06;1,81;259;false;true;true;4,6;0;3,64
505;1,07;1,84;258;false;true;true;4,32;0;3,02
506;1,07;1,75;258;false;true;true;4,23;0;3,05
507;1,07;1,69;258;false;true;true;4,17;0;3,07
508;1,07;1,64;258;false;true;true;4,12;0;3,09
509;1,07;1,61;258;false;true;true;4,13;0;3,11
510;1,07;1,57;258;false;true;true;4,16;0;3,13
511;1,07;1,54;258;false;true;true;4,19;0;3,15
512;1,07;1,53;258;false;true;true;4,22;0;3,17
513;1,08;1,51;258;false;true;true;4,24;0;3,18
514;1,08;1,49;258;false;true;true;4,27;0;3,2
515;1,08;1,48;258;false;true;true;4,29;0;3,22
516;1,08;1,47;258;false;true;true;4,31;0;3,25
517;1,08;1,45;258;false;true;true;4,32;0;3,27
518;1,08;1,44;258;false;true;true;4,34;0;3,29
519;1,08;1,43;258;false;true;true;4,35;0;3,32
520;1,08;1,43;258;false;true;true;4,37;0;3,34
521;1,09;1,43;258;false;true;true;4,4;0;3,37
522;1,09;1,42;258;false;true;true;4,42;0;3,41
523;1,09;1,43;258;false;true;true;4,44;0;3,44
524;1,09;1,44;258;false;true;true;4,48;0;3,49
525;1,09;1,46;258;false;true;true;4,51;0;3,55
526;1,1;1,51;258;false;true;true;4,56;0;3,63
527;1,1;1,59;258;false;true;true;4,62;0;3,76
528;1,1;1,66;257;false;true;true;4,33;0;3,15
529;1,1;1,58;257;false;true;true;4,24;0;3,17
530;1,1;1,52;257;false;true;true;4,18;0;3,19
531;1,11;1,48;257;false;true;true;4,13;0;3,21
532;1,11;1,45;257;false;true;true;4,15;0;3,23
533;1,11;1,41;257;false;true;true;4,18;0;3,24
534;1,11;1,39;257;false;true;true;4,22;0;3,26
535;1,11;1,37;257;false;true;true;4,24;0;3,28
536;1,12;1,36;257;false;true;true;4,26;0;3,3
537;1,12;1,34;257;false;true;true;4,28;0;3,31
538;1,12;1,33;257;false;true;true;4,3;0;3,33
539;1,12;1,31;257;false;true;true;4,31;0;3,35
540;1,12;1,3;257;false;true;true;4,33;0;3,37
541;1,12;1,29;257;false;true;true;4,34;0;3,39
542;1,13;1,28;257;false;true;true;4,35;0;3,41
543;1,13;1,27;257;false;true;true;4,37;0;3,43
544;1,13;1,26;257;false;true;true;4,38;0;3,45
545;1,13;1,25;257;false;true;true;4,4;0;3,47
546;1,13;1,25;257;false;true;true;4,42;0;3,49
547;1,14;1,25;257;false;true;true;4,44;0;3,51
548;1,14;1,24;257;false;true;true;4,45;0;3,54
549;1,14;1,23;257;false;true;true;4,47;0;3,56
550;1,14;1,23;257;false;true;true;4,49;0;3,59
551;1,14;1,24;257;false;true;true;4,51;0;3,62
552;1,15;1,24;257;false;true;true;4,54;0;3,66
553;1,15;1,24;257;false;true;true;4,56;0;3,7
554;1,15;1,25;257;false;true;true;4,59;0;3,74
555;1,15;1,27;257;false;true;true;4,63;0;3,79
556;1,15;1,29;257;false;true;true;4,67;0;3,84
557;1,16;1,32;257;false;true;true;4,71;0;3,91
558;1,16;1,36;257;false;true;true;4,77;0;4
559;1,16;1,43;257;false;true;true;4,84;0;4,12
560;1,16;1,57;257;false;true;true;4,93;0;4,32
561;1,16;1,62;256;false;true;true;4,56;0;3,63
562;1,16;1,58;256;false;true;true;4,51;0;3,71
563;1,16;1,58;256;false;true;true;4,5;0;3,8
564;1,16;1,63;256;false;true;true;4,55;0;3,92
565;1,16;1,74;256;false;true;true;4,68;0;4,12
566;1,16;1,85;255;false;true;true;4,35;0;3,39
567;1,17;1,78;255;false;true;true;4,29;0;3,48
568;1,17;1,79;255;false;true;true;4,3;0;3,61
569;1,17;2,07;254;false;true;true;3,88;0;2,82
570;1,17;1,85;254;false;true;true;3,74;0;2,85
571;1,17;1,74;254;false;true;true;3,73;0;2,88
572;1,17;1,68;254;false;true;true;3,78;0;2,91
573;1,18;1,62;254;false;true;true;3,84;0;2,93
574;1,18;1,58;254;false;true;true;3,89;0;2,95
575;1,18;1,55;254;false;true;true;3,92;0;2,98
576;1,18;1,52;254;false;true;true;3,96;0;3
577;1,18;1,49;254;false;true;true;3,98;0;3,02
578;1,19;1,46;254;false;true;true;4,01;0;3,05
579;1,19;1,45;254;false;true;true;4,04;0;3,07
580;1,19;1,43;254;false;true;true;4,06;0;3,1
581;1,19;1,42;254;false;true;true;4,08;0;3,13
582;1,19;1,41;254;false;true;true;4,1;0;3,16
583;1,19;1,4;254;false;true;true;4,13;0;3,2
584;1,2;1,4;254;false;true;true;4,16;0;3,24
585;1,2;1,41;254;false;true;true;4,19;0;3,29
586;1,2;1,43;254;false;true;true;4,22;0;3,35
587;1,2;1,47;254;false;true;true;4,27;0;3,44
588;1,2;1,55;254;false;true;true;4,33;0;3,57
589;1,2;1,62;253;false;true;true;3,98;0;2,89
590;1,2;1,53;253;false;true;true;3,89;0;2,92
591;1,21;1,47;253;false;true;true;3,83;0;2,93
592;1,21;1,42;253;false;true;true;3,8;0;2,95
593;1,21;1,38;253;false;true;true;3,83;0;2,97
594;1,21;1,35;253;false;true;true;3,87;0;2,99
595;1,21;1,33;253;false;true;true;3,9;0;3
596;1,22;1,3;253;false;true;true;3,91;0;3,02
597;1,22;1,28;253;false;true;true;3,93;0;3,03
598;1,22;1,25;253;false;true;true;3,94;0;3,05
599;1,22;1,24;253;false;true;true;3,95;0;3,07
600;1,22;1,22;253;false;true;true;3,96;0;3,08
601;1,22;1,2;253;false;true;true;3,98;0;3,1
602;1,22;1,19;253;false;true;true;3,98;0;3,12
603;1,22;1,18;253;false;true;true;3,99;0;3,14
604;1,22;1,17;253;false;true;true;4,01;0;3,16
605;1,23;1,17;253;false;true;true;4,02;0;3,18
606;1,23;1,16;253;false;true;true;4,04;0;3,21
607;1,23;1,16;253;false;true;true;4,05;0;3,23
608;1,23;1,16;253;false;true;true;4,07;0;3,27
609;1,23;1,18;253;false;true;true;4,1;0;3,31
610;1,23;1,19;253;false;true;true;4,12;0;3,36
611;1,23;1,23;253;false;true;true;4,16;0;3,44
612;1,23;1,31;253;false;true;true;4,22;0;3,56
613;1,23;1,74;252;false;true;true;3,84;0;2,92
614;1,23;1,57;252;false;true;true;3,72;0;2,96
615;1,24;1,46;252;false;true;true;3,71;0;3
616;1,24;1,41;252;false;true;true;3,78;0;3,04
617;1,24;1,39;252;false;true;true;3,84;0;3,09
618;1,24;1,37;252;false;true;true;3,9;0;3,13
619;1,24;1,37;252;false;true;true;3,95;0;3,19
620;1,24;1,37;252;false;true;true;4;0;3,25
621;1,24;1,4;252;false;true;true;4,07;0;3,33
622;1,24;1,47;252;false;true;true;4,14;0;3,46
623;1,25;1,62;252;false;true;true;4,24;0;3,68
624;1,25;1,59;251;false;true;true;3,82;0;2,93
625;1,25;1,47;251;false;true;true;3,74;0;2,96
626;1,25;1,4;251;false;true;true;3,7;0;2,99
627;1,25;1,35;251;false;true;true;3,7;0;3,02
628;1,25;1,32;251;false;true;true;3,77;0;3,04
629;1,25;1,3;251;false;true;true;3,83;0;3,07
630;1,25;1,27;251;false;true;true;3,86;0;3,09
631;1,25;1,24;251;false;true;true;3,89;0;3,11
632;1,26;1,23;251;false;true;true;3,93;0;3,14
633;1,26;1,21;251;false;true;true;3,95;0;3,16
634;1,26;1,2;251;false;true;true;3,98;0;3,19
635;1,26;1,19;251;false;true;true;4;0;3,21
636;1,26;1,18;251;false;true;true;4,03;0;3,24
637;1,26;1,18;251;false;true;true;4,05;0;3,27
638;1,26;1,17;251;false;true;true;4,08;0;3,3
639;1,26;1,17;251;false;true;true;4,11;0;3,34
640;1,27;1,17;251;false;true;true;4,14;0;3,38
641;1,27;1,18;251;false;true;true;4,17;0;3,42
642;1,27;1,2;251;false;true;true;4,21;0;3,48
643;1,27;1,23;251;false;true;true;4,26;0;3,55
644;1,27;1,28;251;false;true;true;4,32;0;3,65
645;1,27;1,39;251;false;true;true;4,4;0;3,81
646;1,27;1,56;250;false;true;true;4,17;0;3,12
647;1,27;1,42;250;false;true;true;4,02;0;3,15
648;1,28;1,33;250;false;true;true;3,93;0;3,17
649;1,28;1,28;250;false;true;true;3,9;0;3,2
650;1,28;1,25;250;false;true;true;3,94;0;3,22
651;1,28;1,23;250;false;true;true;3,98;0;3,25
652;1,28;1,2;250;false;true;true;4,01;0;3,27
653;1,28;1,19;250;false;true;true;4,05;0;3,3
654;1,28;1,17;250;false;true;true;4,07;0;3,32
655;1,29;1,16;250;false;true;true;4,1;0;3,35
656;1,29;1,14;250;false;true;true;4,12;0;3,38
657;1,29;1,13;250;false;true;true;4,15;0;3,41
658;1,29;1,13;250;false;true;true;4,17;0;3,44
659;1,29;1,13;250;false;true;true;4,2;0;3,47
660;1,29;1,12;250;false;true;true;4,23;0;3,5
661;1,29;1,12;250;false;true;true;4,26;0;3,54
662;1,3;1,13;250;false;true;true;4,29;0;3,58
663;1,3;1,13;250;false;true;true;4,32;0;3,63
664;1,3;1,15;250;false;true;true;4,37;0;3,68
665;1,3;1,17;250;false;true;true;4,41;0;3,74
666;1,3;1,2;250;false;true;true;4,46;0;3,81
667;1,3;1,25;250;false;true;true;4,52;0;3,9
668;1,3;1,33;250;false;true;true;4,6;0;4,03
669;1,3;1,78;249;false;true;true;4,24;0;3,31
670;1,31;1,65;249;false;true;true;4,17;0;3,37
671;1,31;1,6;249;false;true;true;4,15;0;3,43
672;1,31;1,6;249;false;true;true;4,21;0;3,53
673;1,31;1,62;249;false;true;true;4,3;0;3,65
674;1,31;1,71;249;false;true;true;4,41;0;3,81
675;1,31;1,84;249;false;true;true;4,53;0;4,05
676;1,31;2,23;248;false;true;true;4,43;0;3,59
677;1,32;2,33;248;false;true;true;4,41;0;3,93
678;1,32;2,16;247;false;true;true;4,22;0;3,55
679;1,32;2,07;246;false;true;true;3,58;0;2,76
680;1,32;1,95;246;false;true;true;3,5;0;2,85
681;1,32;1,89;246;false;true;true;3,56;0;2,95
682;1,32;1,9;246;false;true;true;3,7;0;3,08
683;1,33;1,96;246;false;true;true;3,85;0;3,26
684;1,33;2,14;246;false;true;true;4,03;0;3,55
685;1,33;2,2;244;false;true;true;3,48;0;2,28
686;1,33;2,06;244;false;true;true;3,31;0;2,33
687;1,33;1,96;244;false;true;true;3,19;0;2,38
688;1,33;1,88;244;false;true;true;3,19;0;2,42
689;1,34;1,82;244;false;true;true;3,24;0;2,46
690;1,34;1,77;244;false;true;true;3,31;0;2,5
691;1,34;1,73;244;false;true;true;3,39;0;2,54
692;1,34;1,7;244;false;true;true;3,46;0;2,58
693;1,34;1,67;244;false;true;true;3,52;0;2,62
694;1,34;1,65;244;false;true;true;3,57;0;2,67
695;1,35;1,63;244;false;true;true;3,62;0;2,71
696;1,35;1,61;244;false;true;true;3,67;0;2,76
697;1,35;1,61;244;false;true;true;3,72;0;2,81
698;1,35;1,6;244;false;true;true;3,76;0;2,87
699;1,35;1,61;244;false;true;true;3,82;0;2,93
700;1,35;1,62;244;false;true;true;3,88;0;3,01
701;1,35;1,65;244;false;true;true;3,94;0;3,1
702;1,36;1,71;244;false;true;true;4,02;0;3,22
703;1,36;1,8;244;false;true;true;4,12;0;3,39
704;1,36;1,87;243;false;true;true;3,88;0;2,83
705;1,36;1,83;243;false;true;true;3,85;0;2,92
706;1,36;1,83;243;false;true;true;3,84;0;3,02
707;1,36;1,87;243;false;true;true;3,86;0;3,15
708;1,36;2;243;false;true;true;3,97;0;3,38
709;1,36;1,98;242;false;true;true;3,58;0;2,67
710;1,36;1,93;242;false;true;true;3,56;0;2,75
711;1,36;1,9;242;false;true;true;3,56;0;2,83
712;1,37;1,91;242;false;true;true;3,65;0;2,93
713;1,37;1,95;242;false;true;true;3,78;0;3,08
714;1,37;2,52;241;false;true;true;3,69;0;2,61
715;1,37;2,4;241;false;true;true;3,53;0;2,76
716;1,37;2,46;241;false;true;true;3,63;0;3
717;1,37;2,25;240;false;true;true;3,61;0;2,6
718;1,37;2,14;240;false;true;true;3,57;0;2,69
719;1,37;2,08;240;false;true;true;3,56;0;2,78
720;1,38;2,05;240;false;true;true;3,59;0;2,89
721;1,38;2,05;240;false;true;true;3,73;0;3,02
722;1,38;2,1;240;false;true;true;3,87;0;3,18
723;1,38;2,25;240;false;true;true;4,03;0;3,45
724;1,38;2,17;239;false;true;true;3,78;0;2,81
725;1,38;2,15;239;false;true;true;3,77;0;2,94
726;1,38;2,2;239;false;true;true;3,81;0;3,14
727;1,38;2,18;238;false;true;true;3,47;0;2,52
728;1,38;2,1;238;false;true;true;3,46;0;2,6
729;1,39;2,05;238;false;true;true;3,48;0;2,68
730;1,39;2,03;238;false;true;true;3,52;0;2,79
731;1,39;2,06;238;false;true;true;3,62;0;2,94
732;1,39;2,23;237;false;true;true;3,54;0;2,39
733;1,39;2,06;237;false;true;true;3,43;0;2,44
734;1,39;1,95;237;false;true;true;3,36;0;2,48
735;1,39;1,88;237;false;true;true;3,34;0;2,53
736;1,39;1,83;237;false;true;true;3,4;0;2,58
737;1,4;1,78;237;false;true;true;3,47;0;2,63
738;1,4;1,75;237;false;true;true;3,53;0;2,68
739;1,4;1,72;237;false;true;true;3,59;0;2,74
740;1,4;1,7;237;false;true;true;3,65;0;2,8
741;1,4;1,69;237;false;true;true;3,71;0;2,87
742;1,4;1,7;237;false;true;true;3,77;0;2,96
743;1,4;1,71;237;false;true;true;3,84;0;3,05
744;1,4;1,76;237;false;true;true;3,92;0;3,18
745;1,41;1,87;237;false;true;true;4,03;0;3,38
746;1,41;1,89;236;false;true;true;3,73;0;2,75
747;1,41;1,84;236;false;true;true;3,69;0;2,84
748;1,41;1,82;236;false;true;true;3,69;0;2,94
749;1,41;1,84;236;false;true;true;3,73;0;3,07
750;1,41;1,93;236;false;true;true;3,84;0;3,28
751;1,41;2;235;false;true;true;3,61;0;2,62
752;1,41;1,86;235;false;true;true;3,52;0;2,7
753;1,42;1,8;235;false;true;true;3,48;0;2,79
754;1,42;1,8;235;false;true;true;3,52;0;2,9
755;1,42;1,87;235;false;true;true;3,64;0;3,08
756;1,42;1,82;234;false;true;true;3,28;0;2,37
757;1,42;1,72;234;false;true;true;3,24;0;2,41
758;1,42;1,65;234;false;true;true;3,21;0;2,45
759;1,42;1,59;234;false;true;true;3,2;0;2,48
760;1,42;1,53;234;false;true;true;3,25;0;2,51
761;1,43;1,49;234;false;true;true;3,3;0;2,55
762;1,43;1,46;234;false;true;true;3,35;0;2,58
763;1,43;1,42;234;false;true;true;3,39;0;2,62
764;1,43;1,4;234;false;true;true;3,42;0;2,65
765;1,43;1,37;234;false;true;true;3,46;0;2,69
766;1,43;1,35;234;false;true;true;3,49;0;2,74
767;1,43;1,34;234;false;true;true;3,53;0;2,78
768;1,44;1,34;234;false;true;true;3,57;0;2,84
769;1,44;1,34;234;false;true;true;3,61;0;2,91
770;1,44;1,37;234;false;true;true;3,67;0;2,99
771;1,44;1,44;234;false;true;true;3,74;0;3,13
772;1,44;1,64;233;false;true;true;3,53;0;2,52
773;1,44;1,48;233;false;true;true;3,38;0;2,55
774;1,45;1,39;233;false;true;true;3,29;0;2,58
775;1,45;1,33;233;false;true;true;3,26;0;2,61
776;1,45;1,28;233;false;true;true;3,3;0;2,64
777;1,45;1,24;233;false;true;true;3,34;0;2,67
778;1,45;1,21;233;false;true;true;3,38;0;2,69
779;1,45;1,19;233;false;true;true;3,41;0;2,72
780;1,45;1,16;233;false;true;true;3,43;0;2,75
781;1,45;1,14;233;false;true;true;3,46;0;2,78
782;1,46;1,12;233;false;true;true;3,48;0;2,81
783;1,46;1,1;233;false;true;true;3,5;0;2,84
784;1,46;1,08;233;false;true;true;3,52;0;2,87
785;1,46;1,07;233;false;true;true;3,54;0;2,9
786;1,46;1,06;233;false;true;true;3,56;0;2,94
787;1,46;1,05;233;false;true;true;3,59;0;2,98
788;1,46;1,05;233;false;true;true;3,62;0;3,02
789;1,46;1,05;233;false;true;true;3,65;0;3,06
790;1,47;1,05;233;false;true;true;3,68;0;3,11
791;1,47;1,06;233;false;true;true;3,72;0;3,17
792;1,47;1,07;233;false;true;true;3,77;0;3,23
793;1,47;1,1;233;false;true;true;3,82;0;3,31
794;1,47;1,13;233;false;true;true;3,88;0;3,41
795;1,47;1,19;233;false;true;true;3,96;0;3,53
796;1,47;1,29;233;false;true;true;4,06;0;3,69
797;1,47;1,47;233;false;true;true;4,19;0;3,96
798;1,47;1,67;232;false;true;true;3,93;0;3,37
799;1,48;1,7;231;false;true;true;3,37;0;2,73
800;1,48;1,59;231;false;true;true;3,22;0;2,85
801;1,48;1,63;231;false;true;true;3,21;0;3,05
802;1,48;1,51;230;false;true;true;2,77;0;2,23
803;1,48;1,39;230;false;true;true;2,76;0;2,26
804;1,48;1,3;230;false;true;true;2,76;0;2,28
805;1,48;1,23;230;false;true;true;2,78;0;2,3
806;1,49;1,16;230;false;true;true;2,83;0;2,32
807;1,49;1,11;230;false;true;true;2,88;0;2,34
808;1,49;1,07;230;false;true;true;2,92;0;2,36
809;1,49;1,03;230;false;true;true;2,94;0;2,37
810;1,49;0,99;230;false;true;true;2,96;0;2,39
811;1,49;0,96;230;false;true;true;2,98;0;2,4
812;1,49;0,93;230;false;true;true;2,99;0;2,41
813;1,49;0,9;230;false;true;true;3;0;2,43
814;1,5;0,88;230;false;true;true;3;0;2,44
815;1,5;0,86;230;false;true;true;3,01;0;2,45
816;1,5;0,83;230;false;true;true;3,01;0;2,47
817;1,5;0,81;230;false;true;true;3,02;0;2,48
818;1,5;0,79;230;false;true;true;3,02;0;2,49
819;1,5;0,78;230;false;true;true;3,03;0;2,51
820;1,5;0,76;230;false;true;true;3,03;0;2,52
821;1,5;0,75;230;false;true;true;3,04;0;2,53
822;1,51;0,73;230;false;true;true;3,04;0;2,55
823;1,51;0,72;230;false;true;true;3,04;0;2,56
824;1,51;0,7;230;false;true;true;3,05;0;2,58
825;1,51;0,69;230;false;true;true;3,06;0;2,59
826;1,51;0,68;230;false;true;true;3,06;0;2,61
827;1,51;0,68;230;false;true;true;3,07;0;2,63
828;1,51;0,67;230;false;true;true;3,08;0;2,65
829;1,51;0,67;230;false;true;true;3,1;0;2,67
830;1,51;0,67;230;false;true;true;3,11;0;2,7
831;1,52;0,67;230;false;true;true;3,13;0;2,73
832;1,52;0,67;230;false;true;true;3,15;0;2,76
833;1,52;0,69;230;false;true;true;3,18;0;2,81
834;1,52;0,72;230;false;true;true;3,21;0;2,86
835;1,52;0,77;230;false;true;true;3,26;0;2,95
836;1,52;0,88;230;false;true;true;3,33;0;3,1
837;1,52;1,02;229;false;true;true;2,94;0;2,33
838;1,53;0,9;229;false;true;true;2,8;0;2,34
839;1,53;0,82;229;false;true;true;2,73;0;2,35
840;1,53;0,77;229;false;true;true;2,73;0;2,37
841;1,53;0,73;229;false;true;true;2,75;0;2,38
842;1,53;0,69;229;false;true;true;2,77;0;2,38
843;1,53;0,66;229;false;true;true;2,78;0;2,39
844;1,53;0,63;229;false;true;true;2,79;0;2,4
845;1,53;0,6;229;false;true;true;2,79;0;2,41
846;1,53;0,58;229;false;true;true;2,79;0;2,41
847;1,54;0,56;229;false;true;true;2,79;0;2,42
848;1,54;0,54;229;false;true;true;2,79;0;2,42
849;1,54;0,52;229;false;true;true;2,79;0;2,43
850;1,54;0,5;229;false;true;true;2,79;0;2,43
851;1,54;0,49;229;false;true;true;2,79;0;2,44
852;1,54;0,47;229;false;true;true;2,78;0;2,44
853;1,54;0,46;229;false;true;true;2,79;0;2,45
854;1,54;0,45;229;false;true;true;2,79;0;2,45
855;1,54;0,44;229;false;true;true;2,79;0;2,46
856;1,55;0,43;229;false;true;true;2,78;0;2,46
857;1,55;0,42;229;false;true;true;2,79;0;2,47
858;1,55;0,41;229;false;true;true;2,78;0;2,47
859;1,55;0,4;229;false;true;true;2,78;0;2,47
860;1,55;0,39;229;false;true;true;2,78;0;2,48
861;1,55;0,38;229;false;true;true;2,78;0;2,48
862;1,55;0,37;229;false;true;true;2,78;0;2,48
863;1,55;0,37;229;false;true;true;2,78;0;2,49
864;1,55;0,35;229;false;true;true;2,77;0;2,49
865;1,56;0,35;229;false;true;true;2,77;0;2,49
866;1,56;0,34;229;false;true;true;2,77;0;2,49
867;1,56;0,34;229;false;true;true;2,77;0;2,5
868;1,56;0,33;229;false;true;true;2,77;0;2,5
869;1,56;0,33;229;false;true;true;2,77;0;2,5
870;1,56;0,32;229;false;true;true;2,77;0;2,5
871;1,56;0,31;229;false;true;true;2,77;0;2,51
872;1,56;0,31;229;false;true;true;2,77;0;2,51
873;1,56;0,3;229;false;true;true;2,77;0;2,51
874;1,57;0,3;229;false;true;true;2,76;0;2,51
875;1,57;0,29;229;false;true;true;2,76;0;2,52
876;1,57;0,29;229;false;true;true;2,77;0;2,52
877;1,57;0,28;229;false;true;true;2,76;0;2,52
878;1,57;0,28;229;false;true;true;2,76;0;2,52
879;1,57;0,28;229;false;true;true;2,76;0;2,52
880;1,57;0,27;229;false;true;true;2,76;0;2,53
881;1,58;0,27;229;false;true;true;2,76;0;2,53
882;1,58;0,27;229;false;true;true;2,76;0;2,53
883;1,58;0,26;229;false;true;true;2,76;0;2,53
884;1,58;0,26;229;false;true;true;2,76;0;2,53
885;1,58;0,26;229;false;true;true;2,76;0;2,53
886;1,58;0,26;229;false;true;true;2,76;0;2,54
887;1,58;0,26;229;false;true;true;2,76;0;2,54
888;1,58;0,25;229;false;true;true;2,76;0;2,54
889;1,58;0,25;229;false;true;true;2,76;0;2,54
890;1,59;0,25;229;false;true;true;2,76;0;2,54
891;1,59;0,25;229;false;true;true;2,76;0;2,54
892;1,59;0,24;229;false;true;true;2,75;0;2,55
893;1,59;0,24;229;false;true;true;2,75;0;2,55
894;1,59;0,24;229;false;true;true;2,76;0;2,55
895;1,59;0,23;229;false;true;true;2,75;0;2,55
896;1,59;0,23;229;false;true;true;2,76;0;2,55
897;1,59;0,23;229;false;true;true;2,76;0;2,55
898;1,59;0,23;229;false;true;true;2,76;0;2,56
899;1,6;0,23;229;false;true;true;2,76;0;2,56
900;1,6;0,23;229;false;true;true;2,76;0;2,56
901;1,6;0,22;229;false;true;true;2,76;0;2,56
902;1,6;0,22;229;false;true;true;2,76;0;2,56
903;1,6;0,22;229;false;true;true;2,76;0;2,56
904;1,6;0,22;229;false;true;true;2,75;0;2,56
905;1,6;0,21;229;false;true;true;2,75;0;2,57
906;1,61;0,21;229;false;true;true;2,76;0;2,57
907;1,61;0,21;229;false;true;true;2,75;0;2,57
908;1,61;0,21;229;false;true;true;2,75;0;2,57
909;1,61;0,21;229;false;true;true;2,75;0;2,57
910;1,61;0,21;229;false;true;true;2,75;0;2,57
911;1,61;0,21;229;false;true;true;2,76;0;2,58
912;1,61;0,21;229;false;true;true;2,76;0;2,58
913;1,61;0,2;229;false;true;true;2,76;0;2,58
914;1,61;0,2;229;false;true;true;2,76;0;2,58
915;1,61;0,21;229;false;true;true;2,76;0;2,58
916;1,62;0,2;229;false;true;true;2,76;0;2,58
917;1,62;0,2;229;false;true;true;2,76;0;2,58
918;1,62;0,2;229;false;true;true;2,76;0;2,59
919;1,62;0,19;229;false;true;true;2,76;0;2,59
920;1,62;0,19;229;false;true;true;2,76;0;2,59
921;1,62;0,19;229;false;true;true;2,76;0;2,59
922;1,62;0,19;229;false;true;true;2,76;0;2,59
923;1,62;0,19;229;false;true;true;2,75;0;2,59
924;1,62;0,19;229;false;true;true;2,76;0;2,59
925;1,63;0,19;229;false;true;true;2,76;0;2,6
926;1,63;0,18;229;false;true;true;2,76;0;2,6
927;1,63;0,18;229;false;true;true;2,76;0;2,6
928;1,63;0,18;229;false;true;true;2,76;0;2,6
929;1,63;0,18;229;false;true;true;2,76;0;2,6
930;1,63;0,18;229;false;true;true;2,76;0;2,6
931;1,63;0,18;229;false;true;true;2,76;0;2,61
932;1,63;0,18;229;false;true;true;2,77;0;2,61
933;1,63;0,18;229;false;true;true;2,77;0;2,61
934;1,64;0,18;229;false;true;true;2,77;0;2,61
935;1,64;0,18;229;false;true;true;2,77;0;2,61
936;1,64;0,18;229;false;true;true;2,77;0;2,62
937;1,64;0,18;229;false;true;true;2,77;0;2,62
938;1,64;0,18;229;false;true;true;2,77;0;2,62
939;1,64;0,17;229;false;true;true;2,77;0;2,62
940;1,64;0,17;229;false;true;true;2,77;0;2,62
941;1,64;0,17;229;false;true;true;2,77;0;2,62
942;1,64;0,17;229;false;true;true;2,77;0;2,63
943;1,65;0,17;229;false;true;true;2,77;0;2,63
944;1,65;0,17;229;false;true;true;2,77;0;2,63
945;1,65;0,17;229;false;true;true;2,78;0;2,63
946;1,65;0,17;229;false;true;true;2,78;0;2,63
947;1,65;0,17;229;false;true;true;2,78;0;2,64
948;1,65;0,17;229;false;true;true;2,78;0;2,64
949;1,65;0,17;229;false;true;true;2,78;0;2,64
950;1,65;0,17;229;false;true;true;2,78;0;2,64
951;1,66;0,16;229;false;true;true;2,78;0;2,65
952;1,66;0,17;229;false;true;true;2,79;0;2,65
953;1,66;0,17;229;false;true;true;2,79;0;2,65
954;1,66;0,17;229;false;true;true;2,79;0;2,65
955;1,66;0,16;229;false;true;true;2,79;0;2,66
956;1,66;0,16;229;false;true;true;2,79;0;2,66
957;1,66;0,16;229;false;true;true;2,79;0;2,66
958;1,66;0,16;229;false;true;true;2,79;0;2,67
959;1,66;0,16;229;false;true;true;2,8;0;2,67
960;1,66;0,16;229;false;true;true;2,8;0;2,67
961;1,67;0,16;229;false;true;true;2,8;0;2,67
962;1,67;0,16;229;false;true;true;2,8;0;2,68
963;1,67;0,15;229;false;true;true;2,8;0;2,68
964;1,67;0,15;229;false;true;true;2,8;0;2,69
965;1,67;0,16;229;false;true;true;2,81;0;2,69
966;1,67;0,16;229;false;true;true;2,81;0;2,69
967;1,67;0,16;229;false;true;true;2,82;0;2,7
968;1,67;0,16;229;false;true;true;2,82;0;2,7
969;1,67;0,16;229;false;true;true;2,82;0;2,71
970;1,68;0,16;229;false;true;true;2,83;0;2,71
971;1,68;0,16;229;false;true;true;2,83;0;2,72
972;1,68;0,17;229;false;true;true;2,84;0;2,73
973;1,68;0,17;229;false;true;true;2,85;0;2,73
974;1,68;0,17;229;false;true;true;2,85;0;2,74
975;1,68;0,17;229;false;true;true;2,86;0;2,75
976;1,68;0,18;229;false;true;true;2,87;0;2,76
977;1,68;0,18;229;false;true;true;2,87;0;2,77
978;1,68;0,18;229;false;true;true;2,88;0;2,78
979;1,69;0,19;229;false;true;true;2,89;0;2,79
980;1,69;0,19;229;false;true;true;2,9;0;2,81
981;1,69;0,2;229;false;true;true;2,91;0;2,82
982;1,69;0,22;229;false;true;true;2,93;0;2,85
983;1,69;0,23;229;false;true;true;2,95;0;2,87
984;1,69;0,25;229;false;true;true;2,97;0;2,91
985;1,69;0,29;229;false;true;true;3;0;2,96
986;1,69;0,34;229;false;true;true;3,04;0;3,04
987;1,7;0,45;229;false;true;true;3,1;0;3,17
988;1,7;0,64;228;false;true;true;2,56;0;2,48
989;1,7;0,59;228;false;true;true;2,48;0;2,52
990;1,7;0,58;228;false;true;true;2,48;0;2,57
991;1,7;0,57;228;false;true;true;2,58;0;2,62
992;1,7;0,59;228;false;true;true;2,67;0;2,67
993;1,7;0,62;228;false;true;true;2,76;0;2,75
994;1,7;0,69;228;false;true;true;2,85;0;2,86
995;1,71;0,83;228;false;true;true;2,95;0;3,05
996;1,71;0,76;227;false;true;true;2,76;0;2,4
997;1,71;0,69;227;false;true;true;2,67;0;2,43
998;1,71;0,64;227;false;true;true;2,6;0;2,45
999;1,71;0,61;227;false;true;true;2,56;0;2,47
1000;1,71;0,59;227;false;true;true;2,6;0;2,49
1001;1,71;0,57;227;false;true;true;2,65;0;2,51
1002;1,71;0,56;227;false;true;true;2,69;0;2,53
1003;1,71;0,55;227;false;true;true;2,73;0;2,56
1004;1,72;0,54;227;false;true;true;2,76;0;2,58
1005;1,72;0,54;227;false;true;true;2,8;0;2,61
1006;1,72;0,55;227;false;true;true;2,83;0;2,64
1007;1,72;0,56;227;false;true;true;2,87;0;2,68
1008;1,72;0,58;227;false;true;true;2,91;0;2,72
1009;1,72;0,61;227;false;true;true;2,95;0;2,78
1010;1,72;0,66;227;false;true;true;3;0;2,87
1011;1,72;0,77;227;false;true;true;3,07;0;3,01
1012;1,73;0,81;226;false;true;true;2,83;0;2,39
1013;1,73;0,73;226;false;true;true;2,73;0;2,4
1014;1,73;0,68;226;false;true;true;2,66;0;2,42
1015;1,73;0,64;226;false;true;true;2,62;0;2,44
1016;1,73;0,62;226;false;true;true;2,63;0;2,45
1017;1,73;0,6;226;false;true;true;2,67;0;2,46
1018;1,73;0,58;226;false;true;true;2,7;0;2,48
1019;1,74;0,56;226;false;true;true;2,72;0;2,49
1020;1,74;0,55;226;false;true;true;2,75;0;2,51
1021;1,74;0,54;226;false;true;true;2,78;0;2,52
1022;1,74;0,53;226;false;true;true;2,79;0;2,54
1023;1,74;0,53;226;false;true;true;2,81;0;2,55
1024;1,74;0,53;226;false;true;true;2,83;0;2,57
1025;1,75;0,53;226;false;true;true;2,85;0;2,59
1026;1,75;0,53;226;false;true;true;2,87;0;2,61
1027;1,75;0,53;226;false;true;true;2,89;0;2,63
1028;1,75;0,53;226;false;true;true;2,91;0;2,66
1029;1,76;0,54;226;false;true;true;2,94;0;2,69
1030;1,76;0,56;226;false;true;true;2,97;0;2,73
1031;1,76;0,59;226;false;true;true;3;0;2,78
1032;1,76;0,63;226;false;true;true;3,04;0;2,85
1033;1,76;0,7;226;false;true;true;3,1;0;2,95
1034;1,77;0,85;226;false;true;true;3,18;0;3,15
1035;1,77;0,79;225;false;true;true;2,82;0;2,38
1036;1,77;0,72;225;false;true;true;2,73;0;2,39
1037;1,77;0,67;225;false;true;true;2,67;0;2,41
1038;1,77;0,64;225;false;true;true;2,63;0;2,42
1039;1,77;0,61;225;false;true;true;2,65;0;2,43
1040;1,77;0,59;225;false;true;true;2,68;0;2,44
1041;1,78;0,57;225;false;true;true;2,71;0;2,45
1042;1,78;0,56;225;false;true;true;2,73;0;2,46
1043;1,78;0,54;225;false;true;true;2,75;0;2,48
1044;1,78;0,53;225;false;true;true;2,76;0;2,49
1045;1,78;0,52;225;false;true;true;2,78;0;2,5
1046;1,78;0,51;225;false;true;true;2,79;0;2,51
1047;1,78;0,5;225;false;true;true;2,8;0;2,52
1048;1,78;0,5;225;false;true;true;2,82;0;2,53
1049;1,79;0,49;225;false;true;true;2,83;0;2,54
1050;1,79;0,49;225;false;true;true;2,84;0;2,55
1051;1,79;0,49;225;false;true;true;2,85;0;2,56
1052;1,79;0,48;225;false;true;true;2,86;0;2,58
1053;1,79;0,48;225;false;true;true;2,87;0;2,59
1054;1,83;0,48;225;false;true;true;2,89;0;2,61
1055;1,83;0,48;225;false;true;true;2,9;0;2,62
1056;1,84;0,48;225;false;true;true;2,91;0;2,64
1057;1,84;0,49;225;false;true;true;2,93;0;2,66
1058;1,84;0,5;225;false;true;true;2,95;0;2,69
1059;1,84;0,51;225;false;true;true;2,97;0;2,71
1060;1,84;0,52;225;false;true;true;2,99;0;2,75
1061;1,84;0,55;225;false;true;true;3,02;0;2,79
1062;1,84;0,58;225;false;true;true;3,06;0;2,85
1063;1,84;0,64;225;false;true;true;3,11;0;2,94
1064;1,84;0,77;225;false;true;true;3,18;0;3,1
1065;1,85;0,8;224;false;true;true;2,81;0;2,39
1066;1,85;0,73;224;false;true;true;2,72;0;2,41
1067;1,85;0,68;224;false;true;true;2,65;0;2,43
1068;1,85;0,65;224;false;true;true;2,63;0;2,44
1069;1,85;0,63;224;false;true;true;2,67;0;2,46
1070;1,85;0,61;224;false;true;true;2,71;0;2,47
1071;1,85;0,6;224;false;true;true;2,74;0;2,48
1072;1,85;0,58;224;false;true;true;2,77;0;2,5
1073;1,85;0,57;224;false;true;true;2,79;0;2,51
1074;1,86;0,56;224;false;true;true;2,81;0;2,52
1075;1,86;0,55;224;false;true;true;2,83;0;2,54
1076;1,86;0,55;224;false;true;true;2,85;0;2,55
1077;1,86;0,55;224;false;true;true;2,86;0;2,57
1078;1,86;0,54;224;false;true;true;2,88;0;2,59
1079;1,86;0,54;224;false;true;true;2,9;0;2,61
1080;1,86;0,54;224;false;true;true;2,92;0;2,63
1081;1,86;0,55;224;false;true;true;2,94;0;2,65
1082;1,86;0,56;224;false;true;true;2,96;0;2,68
1083;1,86;0,57;224;false;true;true;2,98;0;2,72
1084;1,87;0,59;224;false;true;true;3,01;0;2,76
1085;1,87;0,62;224;false;true;true;3,05;0;2,81
1086;1,87;0,67;224;false;true;true;3,09;0;2,89
1087;1,87;0,77;224;false;true;true;3,16;0;3,03
1088;1,87;0,83;223;false;true;true;2,85;0;2,37
1089;1,87;0,75;223;false;true;true;2,75;0;2,39
1090;1,87;0,7;223;false;true;true;2,69;0;2,4
1091;1,88;0,66;223;false;true;true;2,66;0;2,41
1092;1,88;0,64;223;false;true;true;2,67;0;2,42
1093;1,88;0,61;223;false;true;true;2,7;0;2,43
1094;1,88;0,59;223;false;true;true;2,73;0;2,44
1095;1,88;0,58;223;false;true;true;2,75;0;2,45
1096;1,88;0,56;223;false;true;true;2,76;0;2,46
1097;1,88;0,55;223;false;true;true;2,78;0;2,46
1098;1,88;0,54;223;false;true;true;2,79;0;2,47
1099;1,89;0,53;223;false;true;true;2,8;0;2,48
1100;1,89;0,52;223;false;true;true;2,81;0;2,49
1101;1,89;0,51;223;false;true;true;2,81;0;2,5
1102;1,89;0,5;223;false;true;true;2,82;0;2,5
1103;1,89;0,49;223;false;true;true;2,83;0;2,51
1104;1,89;0,49;223;false;true;true;2,83;0;2,52
1105;1,89;0,48;223;false;true;true;2,84;0;2,53
1106;1,89;0,48;223;false;true;true;2,85;0;2,54
1107;1,89;0,47;223;false;true;true;2,85;0;2,55
1108;1,9;0,47;223;false;true;true;2,86;0;2,56
1109;1,9;0,46;223;false;true;true;2,87;0;2,57
1110;1,9;0,46;223;false;true;true;2,87;0;2,58
1111;1,9;0,46;223;false;true;true;2,88;0;2,59
1112;1,9;0,45;223;false;true;true;2,89;0;2,6
1113;1,9;0,45;223;false;true;true;2,9;0;2,61
1114;1,9;0,45;223;false;true;true;2,91;0;2,62
1115;1,9;0,45;223;false;true;true;2,92;0;2,64
1116;1,9;0,45;223;false;true;true;2,93;0;2,65
1117;1,91;0,46;223;false;true;true;2,95;0;2,67
1118;1,91;0,46;223;false;true;true;2,96;0;2,69
1119;1,91;0,47;223;false;true;true;2,98;0;2,72
1120;1,91;0,48;223;false;true;true;3;0;2,75
1121;1,91;0,5;223;false;true;true;3,02;0;2,78
1122;1,91;0,52;223;false;true;true;3,05;0;2,83
1123;1,91;0,57;223;false;true;true;3,09;0;2,89
1124;1,92;0,64;223;false;true;true;3,14;0;2,99
1125;1,92;0,78;223;false;true;true;3,21;0;3,17
1126;1,92;0,73;222;false;true;true;2,77;0;2,33
1127;1,92;0,67;222;false;true;true;2,7;0;2,34
1128;1,92;0,62;222;false;true;true;2,65;0;2,35
1129;1,93;0,58;222;false;true;true;2,62;0;2,36
1130;1,93;0,55;222;false;true;true;2,62;0;2,36
1131;1,93;0,53;222;false;true;true;2,64;0;2,36
1132;1,93;0,51;222;false;true;true;2,65;0;2,37
1133;1,93;0,5;222;false;true;true;2,66;0;2,37
1134;1,94;0,48;222;false;true;true;2,67;0;2,37
1135;1,94;0,47;222;false;true;true;2,68;0;2,38
1136;1,94;0,46;222;false;true;true;2,68;0;2,38
1137;1,94;0,44;222;false;true;true;2,68;0;2,38
1138;1,94;0,43;222;false;true;true;2,68;0;2,38
1139;1,94;0,42;222;false;true;true;2,68;0;2,39
1140;1,95;0,41;222;false;true;true;2,68;0;2,39
1141;1,95;0,41;222;false;true;true;2,68;0;2,39
1142;1,95;0,4;222;false;true;true;2,68;0;2,39
1143;1,95;0,39;222;false;true;true;2,68;0;2,39
1144;1,95;0,38;222;false;true;true;2,68;0;2,39
1145;1,95;0,37;222;false;true;true;2,68;0;2,4
1146;1,95;0,37;222;false;true;true;2,67;0;2,4
1147;1,95;0,36;222;false;true;true;2,67;0;2,4
1148;1,95;0,35;222;false;true;true;2,67;0;2,4
1149;1,95;0,34;222;false;true;true;2,67;0;2,4
1150;1,96;0,34;222;false;true;true;2,67;0;2,4
1151;1,96;0,33;222;false;true;true;2,66;0;2,4
1152;1,96;0,33;222;false;true;true;2,66;0;2,41
1153;1,96;0,32;222;false;true;true;2,66;0;2,41
1154;1,96;0,31;222;false;true;true;2,66;0;2,41
1155;1,96;0,31;222;false;true;true;2,66;0;2,41
1156;1,96;0,3;222;false;true;true;2,65;0;2,41
1157;1,96;0,3;222;false;true;true;2,65;0;2,41
1158;1,96;0,29;222;false;true;true;2,65;0;2,41
1159;1,96;0,29;222;false;true;true;2,65;0;2,41
1160;1,97;0,28;222;false;true;true;2,64;0;2,41
1161;1,97;0,28;222;false;true;true;2,64;0;2,41
1162;1,97;0,27;222;false;true;true;2,64;0;2,42
1163;1,97;0,27;222;false;true;true;2,64;0;2,42
1164;1,97;0,27;222;false;true;true;2,64;0;2,42
1165;1,97;0,26;222;false;true;true;2,63;0;2,42
1166;1,97;0,26;222;false;true;true;2,63;0;2,42
1167;1,97;0,25;222;false;true;true;2,63;0;2,42
1168;1,97;0,25;222;false;true;true;2,63;0;2,42
1169;1,98;0,24;222;false;true;true;2,62;0;2,42
1170;1,98;0,24;222;false;true;true;2,62;0;2,42
1171;1,98;0,23;222;false;true;true;2,62;0;2,42
1172;1,98;0,23;222;false;true;true;2,62;0;2,42
1173;1,98;0,23;222;false;true;true;2,61;0;2,42
1174;1,98;0,22;222;false;true;true;2,61;0;2,43
1175;1,98;0,22;222;false;true;true;2,61;0;2,43
1176;1,98;0,22;222;false;true;true;2,61;0;2,43
1177;1,98;0,21;222;false;true;true;2,6;0;2,43
1178;1,99;0,21;222;false;true;true;2,6;0;2,43
1179;1,99;0,2;222;false;true;true;2,6;0;2,43
1180;1,99;0,2;222;false;true;true;2,6;0;2,43
1181;1,99;0,2;222;false;true;true;2,6;0;2,43
1182;1,99;0,19;222;false;true;true;2,59;0;2,43
1183;1,99;0,19;222;false;true;true;2,59;0;2,43
1184;1,99;0,19;222;false;true;true;2,59;0;2,43
1185;1,99;0,18;222;false;true;true;2,59;0;2,43
1186;1,99;0,18;222;false;true;true;2,59;0;2,43
1187;1,99;0,18;222;false;true;true;2,58;0;2,43
1188;2;0,18;222;false;true;true;2,58;0;2,43
1189;2;0,17;222;false;true;true;2,58;0;2,43
1190;2;0,17;222;false;true;true;2,58;0;2,44
1191;2;0,17;222;false;true;true;2,58;0;2,44
1192;2;0,17;222;false;true;true;2,58;0;2,44
1193;2;0,16;222;false;true;true;2,58;0;2,44
1194;2;0,16;222;false;true;true;2,58;0;2,44
1195;2;0,16;222;false;true;true;2,57;0;2,44
1196;2;0,16;222;false;true;true;2,57;0;2,44
1197;2,01;0,16;222;false;true;true;2,57;0;2,44
1198;2,01;0,15;222;false;true;true;2,57;0;2,44
1199;2,01;0,15;222;false;true;true;2,57;0;2,44
1200;2,01;0,15;222;false;true;true;2,57;0;2,44
1201;2,01;0,15;222;false;true;true;2,56;0;2,44
1202;2,01;0,14;222;false;true;true;2,56;0;2,44
1203;2,01;0,14;222;false;true;true;2,56;0;2,44
1204;2,01;0,14;222;false;true;true;2,56;0;2,44
1205;2,01;0,14;222;false;true;true;2,56;0;2,44
1206;2,01;0,14;222;false;true;true;2,56;0;2,44
1207;2,02;0,13;222;false;true;true;2,56;0;2,44
1208;2,02;0,13;222;false;true;true;2,56;0;2,44
1209;2,02;0,13;222;false;true;true;2,55;0;2,44
1210;2,02;0,13;222;false;true;true;2,56;0;2,45
1211;2,02;0,12;222;false;true;true;2,55;0;2,45
1212;2,02;0,12;222;false;true;true;2,55;0;2,45
1213;2,02;0,12;222;false;true;true;2,55;0;2,45
1214;2,02;0,12;222;false;true;true;2,55;0;2,45
1215;2,02;0,12;222;false;true;true;2,55;0;2,45
1216;2,03;0,12;222;false;true;true;2,55;0;2,45
1217;2,03;0,11;222;false;true;true;2,55;0;2,45
1218;2,03;0,11;222;false;true;true;2,54;0;2,45
1219;2,03;0,11;222;false;true;true;2,54;0;2,45
1220;2,03;0,11;222;false;true;true;2,54;0;2,45
1221;2,03;0,11;222;false;true;true;2,54;0;2,45
1222;2,03;0,11;222;false;true;true;2,54;0;2,45
1223;2,03;0,11;222;false;true;true;2,54;0;2,45
1224;2,03;0,1;222;false;true;true;2,54;0;2,45
1225;2,04;0,1;222;false;true;true;2,54;0;2,45
1226;2,04;0,1;222;false;true;true;2,54;0;2,45
1227;2,04;0,1;222;false;true;true;2,54;0;2,45
1228;2,04;0,1;222;false;true;true;2,54;0;2,45
1229;2,04;0,1;222;false;true;true;2,54;0;2,45
1230;2,04;0,1;222;false;true;true;2,53;0;2,45
1231;2,04;0,09;222;false;true;true;2,53;0;2,45
1232;2,04;0,1;222;false;true;true;2,54;0;2,45
1233;2,04;0,1;222;false;true;true;2,54;0;2,45
1234;2,05;0,09;222;false;true;true;2,54;0;2,45
1235;2,05;0,09;222;false;true;true;2,53;0;2,45
1236;2,05;0,09;222;false;true;true;2,53;0;2,45
1237;2,05;0,09;222;false;true;true;2,54;0;2,46
1238;2,05;0,09;222;false;true;true;2,54;0;2,46
1239;2,05;0,09;222;false;true;true;2,53;0;2,46
1240;2,05;0,09;222;false;true;true;2,53;0;2,46
1241;2,05;0,09;222;false;true;true;2,53;0;2,46
1242;2,06;0,09;222;false;true;true;2,53;0;2,46
1243;2,06;0,09;222;false;true;true;2,53;0;2,46
1244;2,06;0,09;222;false;true;true;2,53;0;2,46
1245;2,06;0,09;222;false;true;true;2,53;0;2,46
1246;2,06;0,09;222;false;true;true;2,53;0;2,46
1247;2,06;0,09;222;false;true;true;2,53;0;2,46
1248;2,06;0,08;222;false;true;true;2,53;0;2,46
1249;2,08;0,08;222;false;true;true;2,53;0;2,46
1250;2,08;0,08;222;false;true;true;2,53;0;2,46
1251;2,08;0,08;222;false;true;true;2,53;0;2,46
1252;2,08;0,08;222;false;true;true;2,53;0;2,46
1253;2,08;0,08;222;false;true;true;2,53;0;2,46
1254;2,08;0,07;222;false;true;true;2,52;0;2,46
1255;2,08;0,08;222;false;true;true;2,53;0;2,46
1256;2,08;0,07;222;false;true;true;2,52;0;2,46
1257;2,08;0,07;222;false;true;true;2,52;0;2,46
1258;2,08;0,07;222;false;true;true;2,52;0;2,46
1259;2,09;0,07;222;false;true;true;2,52;0;2,46
1260;2,09;0,07;222;false;true;true;2,52;0;2,46
1261;2,09;0,07;222;false;true;true;2,52;0;2,46
1262;2,09;0,07;222;false;true;true;2,52;0;2,46
1263;2,09;0,07;222;false;true;true;2,52;0;2,46
1264;2,09;0,07;222;false;true;true;2,52;0;2,46
1265;2,09;0,07;222;false;true;true;2,52;0;2,46
1266;2,09;0,07;222;false;true;true;2,52;0;2,46
1267;2,09;0,07;222;false;true;true;2,52;0;2,46
1268;2,09;0,06;222;false;true;true;2,52;0;2,46
1269;2,1;0,06;222;false;true;true;2,51;0;2,46
1270;2,1;0,06;222;false;true;true;2,52;0;2,46
1271;2,1;0,06;222;false;true;true;2,52;0;2,46
1272;2,1;0,06;222;false;true;true;2,52;0;2,46
1273;2,1;0,06;222;false;true;true;2,52;0;2,46
1274;2,1;0,06;222;false;true;true;2,52;0;2,46
1275;2,1;0,06;222;false;true;true;2,52;0;2,46
1276;2,1;0,06;222;false;true;true;2,52;0;2,46
1277;2,1;0,06;222;false;true;true;2,52;0;2,46
1278;2,1;0,06;222;false;true;true;2,52;0;2,46
1279;2,11;0,06;222;false;true;true;2,51;0;2,47
1280;2,11;0,06;222;false;true;true;2,52;0;2,47
1281;2,11;0,06;222;false;true;true;2,51;0;2,47
1282;2,11;0,06;222;false;true;true;2,52;0;2,47
1283;2,11;0,06;222;false;true;true;2,51;0;2,47
1284;2,11;0,06;222;false;true;true;2,51;0;2,47
1285;2,11;0,06;222;false;true;true;2,51;0;2,47
1286;2,11;0,06;222;false;true;true;2,52;0;2,47
1287;2,11;0,05;222;false;true;true;2,51;0;2,47
1288;2,11;0,05;222;false;true;true;2,51;0;2,47
1289;2,12;0,05;222;false;true;true;2,51;0;2,47
1290;2,12;0,05;222;false;true;true;2,51;0;2,47
1291;2,12;0,05;222;false;true;true;2,51;0;2,47
1292;2,12;0,05;222;false;true;true;2,51;0;2,47
1293;2,12;0,05;222;false;true;true;2,51;0;2,47
1294;2,12;0,05;222;false;true;true;2,51;0;2,47
1295;2,12;0,05;222;false;true;true;2,51;0;2,47
1296;2,12;0,05;222;false;true;true;2,51;0;2,47
1297;2,12;0,05;222;false;true;true;2,51;0;2,47
1298;2,12;0,05;222;false;true;true;2,51;0;2,47
1299;2,12;0,05;222;false;true;true;2,51;0;2,47
1300;2,13;0,05;222;false;true;true;2,51;0;2,47
1301;2,13;0,04;222;false;true;true;2,51;0;2,47
1302;2,13;0,04;222;false;true;true;2,51;0;2,47
1303;2,13;0,05;222;false;true;true;2,51;0;2,47
1304;2,13;0,05;222;false;true;true;2,51;0;2,47
1305;2,13;0,04;222;false;true;true;2,5;0;2,47
1306;2,13;0,04;222;false;true;true;2,5;0;2,47
1307;2,13;0,04;222;false;true;true;2,5;0;2,47
1308;2,13;0,04;222;false;true;true;2,51;0;2,47
1309;2,13;0,04;222;false;true;true;2,51;0;2,47
1310;2,14;0,04;222;false;true;true;2,5;0;2,47
1311;2,14;0,04;222;false;true;true;2,5;0;2,47
1312;2,14;0,04;222;false;true;true;2,5;0;2,47
1313;2,14;0,04;222;false;true;true;2,5;0;2,47
1314;2,14;0,04;222;false;true;true;2,5;0;2,47
1315;2,14;0,04;222;false;true;true;2,5;0;2,47
1316;2,14;0,04;222;false;true;true;2,5;0;2,47
1317;2,14;0,04;222;false;true;true;2,5;0;2,47
1318;2,14;0,04;222;false;true;true;2,5;0;2,47
1319;2,14;0,04;222;false;true;true;2,5;0;2,47
1320;2,15;0,04;222;false;true;true;2,5;0;2,47
1321;2,15;0,04;222;false;true;true;2,5;0;2,47
1322;2,15;0,04;222;false;true;true;2,5;0;2,47
1323;2,15;0,04;222;false;true;true;2,5;0;2,47
1324;2,15;0,04;222;false;true;true;2,5;0;2,47
1325;2,15;0,04;222;false;true;true;2,5;0;2,47
1326;2,15;0,04;222;false;true;true;2,5;0;2,47
1327;2,15;0,04;222;false;true;true;2,5;0;2,47
1328;2,15;0,04;222;false;true;true;2,5;0;2,47
1329;2,15;0,03;222;false;true;true;2,5;0;2,47
1330;2,16;0,04;222;false;true;true;2,5;0;2,47
1331;2,16;0,04;222;false;true;true;2,5;0;2,47
1332;2,16;0,03;222;false;true;true;2,5;0;2,47
1333;2,16;0,03;222;false;true;true;2,5;0;2,47
1334;2,16;0,03;222;false;true;true;2,5;0;2,47
1335;2,16;0,03;222;false;true;true;2,5;0;2,47
1336;2,16;0,03;222;false;true;true;2,5;0;2,47
1337;2,16;0,03;222;false;true;true;2,5;0;2,47
1338;2,17;0,03;222;false;true;true;2,5;0;2,47
1339;2,17;0,03;222;false;true;true;2,5;0;2,47
1340;2,17;0,03;222;false;true;true;2,5;0;2,47
1341;2,17;0,03;222;false;true;true;2,5;0;2,47
1342;2,17;0,03;222;false;true;true;2,5;0;2,47
1343;2,17;0,03;222;false;true;true;2,5;0;2,47
1344;2,17;0,03;222;false;true;true;2,5;0;2,47
1345;2,17;0,03;222;false;true;true;2,5;0;2,47
1346;2,17;0,03;222;false;true;true;2,5;0;2,47
1347;2,17;0,03;222;false;true;true;2,5;0;2,47
1348;2,18;0,02;222;false;true;true;2,49;0;2,47
1349;2,18;0,03;222;false;true;true;2,5;0;2,47
1350;2,18;0,03;222;false;true;true;2,5;0;2,47
1351;2,18;0,03;222;false;true;true;2,5;0;2,47
1352;2,18;0,03;222;false;true;true;2,5;0;2,47
1353;2,18;0,03;222;false;true;true;2,5;0;2,47
1354;2,18;0,03;222;false;true;true;2,5;0;2,47
1355;2,18;0,03;222;false;true;true;2,5;0;2,47
1356;2,18;0,03;222;false;true;true;2,5;0;2,47
1357;2,18;0,03;222;false;true;true;2,49;0;2,47
1358;2,19;0,02;222;false;true;true;2,49;0;2,47
1359;2,19;0,02;222;false;true;true;2,49;0;2,47
1360;2,19;0,02;222;false;true;true;2,49;0;2,47
1361;2,19;0,02;222;false;true;true;2,49;0;2,47
1362;2,19;0,02;222;false;true;true;2,49;0;2,47
1363;2,19;0,02;222;false;true;true;2,49;0;2,47
1364;2,19;0,02;222;false;true;true;2,49;0;2,47
1365;2,19;0,02;222;false;true;true;2,49;0;2,47
1366;2,19;0,02;222;false;true;true;2,49;0;2,47
1367;2,19;0,02;222;false;true;true;2,49;0;2,47
1368;2,2;0,02;222;false;true;true;2,49;0;2,47
1369;2,2;0,02;222;false;true;true;2,49;0;2,47
1370;2,2;0,02;222;false;true;true;2,49;0;2,47
1371;2,2;0,02;222;false;true;true;2,49;0;2,47
1372;2,2;0,02;222;false;true;true;2,49;0;2,47
1373;2,2;0,02;222;false;true;true;2,49;0;2,47
1374;2,2;0,02;222;false;true;true;2,49;0;2,47
1375;2,2;0,02;222;false;true;true;2,49;0;2,47
1376;2,2;0,01;222;false;true;true;2,48;0;2,47
1377;2,2;0,01;222;false;true;true;2,48;0;2,47
1378;2,21;0,01;222;false;true;true;2,49;0;2,47
1379;2,21;0,01;222;false;true;true;2,49;0;2,47
1380;2,21;0,01;222;false;true;true;2,49;0;2,47
1381;2,21;0,01;222;false;true;true;2,49;0;2,47
1382;2,21;0,01;222;false;true;true;2,48;0;2,47
1383;2,21;0,01;222;false;true;true;2,48;0;2,47
1384;2,21;0,01;222;false;true;true;2,48;0;2,47
1385;2,21;0,01;222;false;true;true;2,48;0;2,47
1386;2,21;0,01;222;false;true;true;2,48;0;2,47
1387;2,21;0,01;222;false;true;true;2,48;0;2,47
1388;2,22;0,01;222;false;true;true;2,48;0;2,47
1389;2,22;0,01;222;false;true;true;2,48;0;2,47
1390;2,22;0,01;222;false;true;true;2,48;0;2,47
1391;2,22;0,01;222;false;true;true;2,48;0;2,47
1392;2,22;0,01;222;false;true;true;2,48;0;2,47
1393;2,22;0,01;222;false;true;true;2,48;0;2,47
1394;2,22;0,01;222;false;true;true;2,48;0;2,47
1395;2,22;0,01;222;false;true;true;2,49;0;2,47
1396;2,22;0,01;222;false;true;true;2,49;0;2,47
1397;2,23;0,01;222;false;true;true;2,49;0;2,47
1398;2,23;0,01;222;false;true;true;2,48;0;2,47
1399;2,23;0,01;222;false;true;true;2,48;0;2,47
1400;2,23;0,01;222;false;true;true;2,48;0;2,47
1401;2,23;0,01;222;false;true;true;2,48;0;2,48
1402;2,23;0;222;false;true;true;2,48;0;2,48
1403;2,23;0;222;false;true;true;2,48;0;2,48
1404;2,23;0,01;222;false;true;true;2,48;0;2,48
1405;2,23;0;222;false;true;true;2,48;0;2,48
1406;2,24;0;222;false;true;true;2,48;0;2,48
1407;2,24;0;222;false;true;true;2,48;0;2,48
1408;2,24;0,01;222;false;true;true;2,48;0;2,48
1409;2,24;0,01;222;false;true;true;2,48;0;2,48
1410;2,24;0,01;222;false;true;true;2,48;0;2,48
1411;2,24;0,01;222;false;true;true;2,48;0;2,48
1412;2,24;0,01;222;false;true;true;2,48;0;2,48
1413;2,24;0;222;false;true;true;2,48;0;2,48
1414;2,24;0;222;false;true;true;2,48;0;2,48
1415;2,24;0;222;false;true;true;2,48;0;2,48
1416;2,25;0;222;false;true;true;2,48;0;2,48
1417;2,25;0;222;false;true;true;2,48;0;2,48
1418;2,25;0;222;false;true;true;2,48;0;2,48
1419;2,25;0;222;false;true;true;2,48;0;2,48
1420;2,25;0;222;false;true;true;2,48;0;2,48
1421;2,25;0;222;false;true;true;2,48;0;2,48
1422;2,25;0;222;false;true;true;2,48;0;2,48
1423;2,25;0;222;false;true;true;2,48;0;2,48
1424;2,26;0;222;false;true;true;2,48;0;2,48
1425;2,26;0;222;false;true;true;2,48;0;2,48
1426;2,26;0;222;false;true;true;2,48;0;2,48
1427;2,26;0;222;false;true;true;2,48;0;2,48
1428;2,26;0;222;false;true;true;2,48;0;2,48
1429;2,26;0;222;false;true;true;2,48;0;2,48
1430;2,26;0;222;false;true;true;2,48;0;2,48
1431;2,26;0;222;false;true;true;2,48;0;2,48
1432;2,26;0;222;false;true;true;2,48;0;2,48
1433;2,27;0;222;false;true;true;2,48;0;2,48
1434;2,27;0;222;false;true;true;2,48;0;2,48
1435;2,27;0;222;false;true;true;2,48;0;2,48
1436;2,27;0;222;false;true;true;2,48;0;2,48
1437;2,27;0;222;false;true;true;2,48;0;2,48
1438;2,27;0;222;false;true;true;2,48;0;2,48
1439;2,28;0;222;false;true;true;2,48;0;2,48
1440;2,28;0;222;false;true;true;2,48;0;2,48
1441;2,28;0;222;false;true;true;2,48;0;2,48
1442;2,28;0;222;false;true;true;2,48;0;2,48
1443;2,28;0;222;false;true;true;2,48;0;2,48
1444;2,28;0;222;false;true;true;2,48;0;2,48
1445;2,28;0;222;false;true;true;2,48;0;2,48
1446;2,29;0;222;false;true;true;2,48;0;2,48
1447;2,29;0;222;false;true;true;2,48;0;2,48
1448;2,29;0;222;false;true;true;2,48;0;2,48
1449;2,29;0;222;false;true;true;2,48;0;2,48
1450;2,29;0;222;false;true;true;2,48;0;2,48
1451;2,29;0;222;false;true;true;2,48;0;2,48
1452;2,29;0;222;false;true;true;2,48;0;2,48
1453;2,29;0;222;false;true;true;2,48;0;2,48
1454;2,29;0;222;false;true;true;2,48;0;2,48
1455;2,3;0;222;false;true;true;2,48;0;2,48
1456;2,3;0;222;false;true;true;2,48;0;2,48
1457;2,3;0;222;false;true;true;2,48;0;2,48
1458;2,3;0;222;false;true;true;2,48;0;2,48
1459;2,3;0;222;false;true;true;2,48;0;2,48
1460;2,3;0;222;false;true;true;2,48;0;2,48
1461;2,3;0;222;false;true;true;2,48;0;2,48
1462;2,3;0;222;false;true;true;2,48;0;2,48
1463;2,3;0;222;false;true;true;2,48;0;2,48
1464;2,31;0;222;false;true;true;2,48;0;2,48
1465;2,31;0;222;false;true;true;2,48;0;2,48
1466;2,31;0;222;false;true;true;2,48;0;2,48
1467;2,31;0;222;false;true;true;2,48;0;2,48
1468;2,31;0;222;false;true;true;2,48;0;2,48
1469;2,31;0;222;false;true;true;2,48;0;2,48
1470;2,31;0;222;false;true;true;2,48;0;2,48
1471;2,31;0;222;false;true;true;2,48;0;2,48
1472;2,31;0;222;false;true;true;2,48;0;2,48
1473;2,31;0;222;false;true;true;2,48;0;2,48
1474;2,32;0;222;false;true;true;2,48;0;2,48
1475;2,32;0;222;false;true;true;2,48;0;2,48
1476;2,32;0;222;false;true;true;2,48;0;2,48
1477;2,32;0;222;false;true;true;2,48;0;2,48
1478;2,32;0;222;false;true;true;2,48;0;2,48
1479;2,32;0;222;false;true;true;2,48;0;2,48
1480;2,32;0;222;false;true;true;2,48;0;2,48
1481;2,32;0;222;false;true;true;2,48;0;2,48
1482;2,32;0;222;false;true;true;2,48;0;2,48
1483;2,33;0;222;false;true;true;2,48;0;2,48
1484;2,33;0;222;false;true;true;2,48;0;2,48
1485;2,33;0;222;false;true;true;2,48;0;2,48
1486;2,33;0;222;false;true;true;2,48;0;2,48
1487;2,33;0;222;false;true;true;2,48;0;2,48
1488;2,33;0;222;false;true;true;2,48;0;2,48
1489;2,33;0;222;false;true;true;2,48;0;2,48
1490;2,33;0;222;false;true;true;2,48;0;2,48
1491;2,33;0;222;false;true;true;2,48;0;2,48
1492;2,34;0;222;false;true;true;2,48;0;2,48
1493;2,34;0;222;false;true;true;2,48;0;2,48
1494;2,34;0;222;false;true;true;2,48;0;2,48
1495;2,34;0;222;false;true;true;2,48;0;2,48
1496;2,34;0;222;false;true;true;2,48;0;2,48
1497;2,34;0;222;false;true;true;2,48;0;2,48
1498;2,34;0;222;false;true;true;2,48;0;2,48
1499;2,35;0;222;false;true;true;2,48;0;2,48
1500;2,35;0;222;false;true;true;2,48;0;2,48
1501;2,36;0;222;false;true;true;2,48;0;2,48
1502;2,36;0;222;false;true;true;2,48;0;2,48
1503;2,36;0;222;false;true;true;2,48;0;2,48
1504;2,36;0;222;false;true;true;2,48;0;2,48
1505;2,36;0;222;false;true;true;2,48;0;2,48
1506;2,37;0;222;false;true;true;2,48;0;2,48
1507;2,37;0;222;false;true;true;2,48;0;2,48
1508;2,37;0;222;false;true;true;2,48;0;2,48
1509;2,37;0;222;false;true;true;2,48;0;2,48
1510;2,37;0;222;false;true;true;2,48;0;2,48
1511;2,37;0;222;false;true;true;2,48;0;2,48
1512;2,38;0;222;false;true;true;2,48;0;2,48
1513;2,38;0;222;false;true;true;2,48;0;2,48
1514;2,38;0;222;false;true;true;2,48;0;2,48
1515;2,38;0;222;false;true;true;2,48;0;2,48
1516;2,38;0;222;false;true;true;2,48;0;2,48
1517;2,38;0;222;false;true;true;2,48;0;2,48
1518;2,39;0;222;false;true;true;2,48;0;2,48
1519;2,39;0;222;false;true;true;2,48;0;2,48
1520;2,39;0;222;false;true;true;2,48;0;2,48
1521;2,39;0;222;false;true;true;2,48;0;2,48
1522;2,39;0;222;false;true;true;2,48;0;2,48
1523;2,39;0;222;false;true;true;2,48;0;2,48
1524;2,4;0;222;false;true;true;2,48;0;2,48
1525;2,4;0;222;false;true;true;2,48;0;2,48
1526;2,4;0;222;false;true;true;2,48;0;2,48
1527;2,4;0;222;false;true;true;2,48;0;2,48
1528;2,4;0;222;false;true;true;2,48;0;2,48
1529;2,4;0;222;false;true;true;2,48;0;2,48
1530;2,4;0;222;false;true;true;2,48;0;2,48
1531;2,41;0;222;false;true;true;2,48;0;2,48
1532;2,41;0;222;false;true;true;2,48;0;2,48
1533;2,41;0;222;false;true;true;2,48;0;2,48
1534;2,41;0;222;false;true;true;2,48;0;2,48
1535;2,41;0;222;false;true;true;2,48;0;2,48
1536;2,41;0;222;false;true;true;2,48;0;2,48
1537;2,41;0;222;false;true;true;2,48;0;2,48
1538;2,41;0;222;false;true;true;2,48;0;2,48
1539;2,42;0;222;false;true;true;2,48;0;2,48
1540;2,42;0;222;false;true;true;2,48;0;2,48
1541;2,42;0;222;false;true;true;2,48;0;2,48
1542;2,42;0;222;false;true;true;2,48;0;2,48
1543;2,42;0;222;false;true;true;2,48;0;2,48
1544;2,42;0;222;false;true;true;2,48;0;2,48
1545;2,42;0;222;false;true;true;2,48;0;2,48
1546;2,42;0;222;false;true;true;2,48;0;2,48
1547;2,43;0;222;false;true;true;2,48;0;2,48
1548;2,43;0;222;false;true;true;2,48;0;2,48
1549;2,43;0;222;false;true;true;2,48;0;2,48
1550;2,43;0;222;false;true;true;2,48;0;2,48
1551;2,43;0;222;false;true;true;2,48;0;2,48
1552;2,43;0;222;false;true;true;2,48;0;2,48
1553;2,43;0;222;false;true;true;2,48;0;2,48
1554;2,43;0;222;false;true;true;2,48;0;2,48
1555;2,44;0;222;false;true;true;2,48;0;2,48
1556;2,44;0;222;false;true;true;2,48;0;2,48
1557;2,44;0;222;false;true;true;2,48;0;2,48
1558;2,44;0;222;false;true;true;2,48;0;2,48
1559;2,44;0;222;false;true;true;2,48;0;2,48
1560;2,44;0;222;false;true;true;2,48;0;2,48
1561;2,44;0;222;false;true;true;2,48;0;2,48
1562;2,44;0;222;false;true;true;2,48;0;2,48
1563;2,44;0;222;false;true;true;2,48;0;2,48
1564;2,44;0;222;false;true;true;2,48;0;2,48
1565;2,45;0;222;false;true;true;2,48;0;2,48
1566;2,45;0;222;false;true;true;2,48;0;2,48
1567;2,45;0;222;false;true;true;2,48;0;2,48
1568;2,45;0;222;false;true;true;2,48;0;2,48
1569;2,45;0;222;false;true;true;2,48;0;2,48
1570;2,45;0;222;false;true;true;2,48;0;2,48
1571;2,45;0;222;false;true;true;2,48;0;2,48
1572;2,45;0;222;false;true;true;2,48;0;2,48
1573;2,46;0;222;false;true;true;2,48;0;2,48
1574;2,46;0;222;false;true;true;2,48;0;2,48
1575;2,46;0;222;false;true;true;2,48;0;2,48
1576;2,46;0;222;false;true;true;2,48;0;2,48
1577;2,46;0;222;false;true;true;2,48;0;2,48
1578;2,46;0;222;false;true;true;2,48;0;2,48
1579;2,46;0;222;false;true;true;2,48;0;2,48
1580;2,46;0;222;false;true;true;2,48;0;2,48
1581;2,46;0;222;false;true;true;2,48;0;2,48
1582;2,47;0;222;false;true;true;2,48;0;2,48
1583;2,47;0;222;false;true;true;2,48;0;2,48
1584;2,47;0;222;false;true;true;2,48;0;2,48
1585;2,47;0;222;false;true;true;2,48;0;2,48
1586;2,47;0;222;false;true;true;2,48;0;2,48
1587;2,47;0;222;false;true;true;2,48;0;2,48
1588;2,47;0;222;false;true;true;2,48;0;2,48
1589;2,47;0;222;false;true;true;2,48;0;2,48
1590;2,47;0;222;false;true;true;2,48;0;2,48
1591;2,47;0;222;false;true;true;2,48;0;2,48
1592;2,48;0;222;false;true;true;2,48;0;2,48
1593;2,48;0;222;false;true;true;2,48;0;2,48
1594;2,48;0;222;false;true;true;2,48;0;2,48
1595;2,48;0;222;false;true;true;2,48;0;2,48
1596;2,48;0;222;false;true;true;2,48;0;2,48
1597;2,48;0;222;false;true;true;2,48;0;2,48
1598;2,48;0;222;false;true;true;2,48;0;2,48
1599;2,48;0;222;false;true;true;2,48;0;2,48
1600;2,48;0;222;false;true;true;2,48;0;2,48
1601;2,49;0;222;false;true;true;2,48;0;2,48
1602;2,49;0;222;false;true;true;2,48;0;2,48
1603;2,49;0;222;false;true;true;2,48;0;2,48
1604;2,49;0;222;false;true;true;2,48;0;2,48
1605;2,49;0;222;false;true;true;2,48;0;2,48
1606;2,49;0;222;false;true;true;2,48;0;2,48
1607;2,49;0;222;false;true;true;2,48;0;2,48
1608;2,49;0;222;false;true;true;2,48;0;2,48
1609;2,49;0;222;false;true;true;2,48;0;2,48
1610;2,49;0;222;false;true;true;2,48;0;2,48
1611;2,5;0;222;false;true;true;2,48;0;2,48
1612;2,5;0;222;false;true;true;2,48;0;2,48
1613;2,5;0;222;false;true;true;2,48;0;2,48
1614;2,5;0;222;false;true;true;2,48;0;2,48
1615;2,5;0;222;false;true;true;2,48;0;2,48
1616;2,5;0;222;false;true;true;2,48;0;2,48
1617;2,5;0;222;false;true;true;2,48;0;2,48
1618;2,5;0;222;false;true;true;2,48;0;2,48
1619;2,51;0;222;false;true;true;2,48;0;2,48
1620;2,51;0;222;false;true;true;2,48;0;2,48
1621;2,51;0;222;false;true;true;2,48;0;2,48
1622;2,51;0;222;false;true;true;2,48;0;2,48
1623;2,51;0;222;false;true;true;2,48;0;2,48
1624;2,51;0;222;false;true;true;2,48;0;2,48
1625;2,51;0;222;false;true;true;2,48;0;2,48
1626;2,51;0;222;false;true;true;2,48;0;2,48
1627;2,51;0;222;false;true;true;2,48;0;2,48
1628;2,51;0;222;false;true;true;2,48;0;2,48
1629;2,52;0;222;false;true;true;2,48;0;2,48
1630;2,52;0;222;false;true;true;2,48;0;2,48
1631;2,52;0;222;false;true;true;2,48;0;2,48
1632;2,52;0;222;false;true;true;2,48;0;2,48
1633;2,52;0;222;false;true;true;2,48;0;2,48
1634;2,52;0;222;false;true;true;2,48;0;2,48
1635;2,52;0;222;false;true;true;2,48;0;2,48
1636;2,52;0;222;false;true;true;2,48;0;2,48
1637;2,52;0;222;false;true;true;2,48;0;2,48
1638;2,53;0;222;false;true;true;2,48;0;2,48
1639;2,53;0;222;false;true;true;2,48;0;2,48
1640;2,53;0;222;false;true;true;2,48;0;2,48
1641;2,53;0;222;false;true;true;2,48;0;2,48
1642;2,53;0;222;false;true;true;2,48;0;2,48
1643;2,53;0;222;false;true;true;2,48;0;2,48
1644;2,53;0;222;false;true;true;2,48;0;2,48
1645;2,53;0;222;false;true;true;2,48;0;2,48
1646;2,53;0;222;false;true;true;2,48;0;2,48
1647;2,54;0;222;false;true;true;2,48;0;2,48
1648;2,54;0;222;false;true;true;2,48;0;2,48
1649;2,54;0;222;false;true;true;2,48;0;2,48
1650;2,54;0;222;false;true;true;2,48;0;2,48
1651;2,54;0;222;false;true;true;2,48;0;2,48
1652;2,54;0;222;false;true;true;2,48;0;2,48
1653;2,54;0;222;false;true;true;2,48;0;2,48
1654;2,54;0;222;false;true;true;2,48;0;2,48
1655;2,54;0;222;false;true;true;2,48;0;2,48
1656;2,55;0;222;false;true;true;2,48;0;2,48
1657;2,55;0;222;false;true;true;2,48;0;2,48
1658;2,55;0;222;false;true;true;2,48;0;2,48
1659;2,55;0;222;false;true;true;2,48;0;2,48
1660;2,55;0;222;false;true;true;2,48;0;2,48
1661;2,55;0;222;false;true;true;2,48;0;2,48
1662;2,55;0;222;false;true;true;2,48;0;2,48
1663;2,55;0;222;false;true;true;2,48;0;2,48
1664;2,55;0;222;false;true;true;2,48;0;2,48
1665;2,56;0;222;false;true;true;2,48;0;2,48
1666;2,56;0;222;false;true;true;2,48;0;2,48
1667;2,56;0;222;false;true;true;2,48;0;2,48
1668;2,56;0;222;false;true;true;2,48;0;2,48
1669;2,56;0;222;false;true;true;2,48;0;2,48
1670;2,56;0;222;false;true;true;2,48;0;2,48
1671;2,56;0;222;false;true;true;2,48;0;2,48
1672;2,56;0;222;false;true;true;2,48;0;2,48
1673;2,56;0;222;false;true;true;2,48;0;2,48
1674;2,56;0;222;false;true;true;2,48;0;2,48
1675;2,57;0;222;false;true;true;2,48;0;2,48
1676;2,57;0;222;false;true;true;2,48;0;2,48
1677;2,57;0;222;false;true;true;2,48;0;2,48
1678;2,57;0;222;false;true;true;2,48;0;2,48
1679;2,57;0;222;false;true;true;2,48;0;2,48
1680;2,57;0;222;false;true;true;2,48;0;2,48
1681;2,57;0;222;false;true;true;2,48;0;2,48
1682;2,57;0;222;false;true;true;2,48;0;2,48
1683;2,58;0;222;false;true;true;2,48;0;2,48
1684;2,58;0;222;false;true;true;2,48;0;2,48
1685;2,58;0;222;false;true;true;2,48;0;2,48
1686;2,58;0;222;false;true;true;2,48;0;2,48
1687;2,58;0;222;false;true;true;2,48;0;2,48
1688;2,58;0;222;false;true;true;2,48;0;2,48
1689;2,58;0;222;false;true;true;2,48;0;2,48
1690;2,58;0;222;false;true;true;2,48;0;2,48
1691;2,58;0;222;false;true;true;2,48;0;2,48
1692;2,59;0;222;false;true;true;2,48;0;2,48
1693;2,59;0;222;false;true;true;2,48;0;2,48
1694;2,59;101,02;222;true;true;true;0;100,51;0
1695;2,59;29,78;221;true;true;true;0;29,67;0
1696;2,6;25,91;221;true;true;true;0;25,79;0
1697;2,6;23,21;221;true;true;true;0;23,11;0
1698;2,61;21,13;221;true;true;true;0;21,04;0
1699;2,61;19,47;221;true;true;true;0;19,38;0
1700;2,61;18,13;221;true;true;true;0;18,03;0
1701;2,62;17,02;221;true;true;true;0;16,92;0
1702;2,62;16,09;221;true;true;true;0;15,99;0
1703;2,63;15,31;221;true;true;true;0;15,2;0
1704;2,63;14,64;221;true;true;true;0;14,53;0
1705;2,63;14,07;221;true;true;true;0;13,96;0
1706;2,64;13,58;221;true;true;true;0;13,47;0
1707;2,64;13,15;221;true;true;true;0;13,03;0
1708;2,65;12,77;221;true;true;true;0;12,65;0
1709;2,65;12,43;221;true;true;true;0;12,3;0
1710;2,66;12,13;221;true;true;true;0;12;0
1711;2,66;11,87;221;true;true;true;0;11,74;0
1712;2,66;11,63;221;true;true;true;0;11,49;0
1713;2,67;11,41;221;true;true;true;0;11,27;0
1714;2,67;11,22;221;true;true;true;0;11,08;0
1715;2,68;11,04;221;true;true;true;0;10,9;0
1716;2,68;10,88;221;true;true;true;0;10,74;0
1717;2,68;10,73;221;true;true;true;0;10,59;0
1718;2,69;10,59;221;true;true;true;0;10,44;0
1719;2,69;10,46;221;true;true;true;0;10,31;0
1720;2,7;10,34;221;true;true;true;0;10,19;0
1721;2,7;10,23;221;true;true;true;0;10,08;0
1722;2,71;10,12;221;true;true;true;0;9,98;0
1723;2,71;10,03;221;true;true;true;0;9,88;0
1724;2,71;9,94;221;true;true;true;0;9,79;0
1725;2,72;9,85;221;true;true;true;0;9,7;0
1726;2,72;9,77;221;true;true;true;0;9,62;0
1727;2,73;9,69;221;true;true;true;0;9,54;0
1728;2,73;9,61;221;true;true;true;0;9,46;0
1729;2,73;9,57;221;true;true;true;0;9,42;0
1730;2,74;9,54;221;true;true;true;0;9,39;0
1731;2,74;9,49;221;true;true;true;0;9,34;0
1732;2,75;9,43;221;true;true;true;0;9,28;0
1733;2,75;9,38;221;true;true;true;0;9,23;0
1734;2,76;9,33;221;true;true;true;0;9,18;0
1735;2,76;9,28;221;true;true;true;0;9,13;0
1736;2,77;9,24;221;true;true;true;0;9,09;0
1737;2,77;9,19;221;true;true;true;0;9,04;0
1738;2,77;9,15;221;true;true;true;0;9;0
1739;2,78;9,11;221;true;true;true;0;8,96;0
1740;2,78;9,07;221;true;true;true;0;8,92;0
1741;2,79;9,03;221;true;true;true;0;8,88;0
1742;2,79;9;221;true;true;true;0;8,84;0
1743;2,79;8,96;221;true;true;true;0;8,81;0
1744;2,8;8,93;221;true;true;true;0;8,78;0
1745;2,8;8,9;221;true;true;true;0;8,75;0
1746;2,81;8,87;221;true;true;true;0;8,72;0
1747;2,81;8,84;221;true;true;true;0;8,69;0
1748;2,82;8,81;221;true;true;true;0;8,66;0
1749;2,82;8,79;221;true;true;true;0;8,64;0
1750;2,82;8,76;221;true;true;true;0;8,61;0
1751;2,84;8,74;221;true;true;true;0;8,59;0
1752;2,84;8,72;221;true;true;true;0;8,57;0
1753;2,85;8,7;221;true;true;true;0;8,55;0
1754;2,85;8,68;221;true;true;true;0;8,53;0
1755;2,86;8,66;221;true;true;true;0;8,51;0
1756;2,86;8,64;221;true;true;true;0;8,49;0
1757;2,87;8,63;221;true;true;true;0;8,48;0
1758;2,87;8,61;221;true;true;true;0;8,46;0
1759;2,87;8,6;221;true;true;true;0;8,44;0
1760;2,88;8,58;221;true;true;true;0;8,43;0
1761;2,88;8,57;221;true;true;true;0;8,41;0
1762;2,89;8,55;221;true;true;true;0;8,4;0
1763;2,89;8,54;221;true;true;true;0;8,39;0
1764;2,9;8,52;221;true;true;true;0;8,37;0
1765;2,9;8,51;221;true;true;true;0;8,36;0
1766;2,91;8,5;221;true;true;true;0;8,35;0
1767;2,91;8,49;221;true;true;true;0;8,34;0
1768;2,91;8,48;221;true;true;true;0;8,33;0
1769;2,92;8,47;221;true;true;true;0;8,32;0
1770;2,92;8,46;221;true;true;true;0;8,31;0
1771;2,93;8,46;221;true;true;true;0;8,31;0
1772;2,93;8,46;221;true;true;true;0;8,3;0
1773;2,94;8,45;221;true;true;true;0;8,29;0
1774;2,94;8,44;221;true;true;true;0;8,29;0
1775;2,95;8,43;221;true;true;true;0;8,28;0
1776;2,95;8,43;221;true;true;true;0;8,27;0
1777;2,95;8,42;221;true;true;true;0;8,27;0
1778;2,96;8,42;221;true;true;true;0;8,26;0
1779;2,96;8,41;221;true;true;true;0;8,26;0
1780;2,97;8,4;221;true;true;true;0;8,25;0
1781;2,97;8,4;221;true;true;true;0;8,24;0
1782;2,98;8,39;221;true;true;true;0;8,24;0
1783;2,98;8,39;221;true;true;true;0;8,23;0
1784;2,99;8,38;221;true;true;true;0;8,23;0
1785;2,99;8,38;221;true;true;true;0;8,22;0
1786;2,99;8,37;221;true;true;true;0;8,22;0
1787;3;8,37;221;true;true;true;0;8,22;0
1788;3,01;8,37;221;true;true;true;0;8,22;0
1789;3,01;8,37;221;true;true;true;0;8,21;0
1790;3,02;8,36;221;true;true;true;0;8,21;0
1791;3,02;8,36;221;true;true;true;0;8,21;0
1792;3,02;8,36;221;true;true;true;0;8,2;0
1793;3,03;8,35;221;true;true;true;0;8,2;0
1794;3,03;8,35;221;true;true;true;0;8,2;0
1795;3,04;8,35;221;true;true;true;0;8,19;0
1796;3,04;8,35;221;true;true;true;0;8,19;0
1797;3,05;8,34;221;true;true;true;0;8,19;0
1798;3,05;8,34;221;true;true;true;0;8,18;0
1799;3,06;8,34;221;true;true;true;0;8,18;0
1800;3,06;8,33;221;true;true;true;0;8,18;0
1801;3,06;8,33;221;true;true;true;0;8,17;0
1802;3,07;8,33;221;true;true;true;0;8,17;0
1803;3,07;8,33;221;true;true;true;0;8,17;0
1804;3,08;8,33;221;true;true;true;0;8,17;0
1805;3,08;8,33;221;true;true;true;0;8,17;0
1806;3,09;8,33;221;true;true;true;0;8,17;0
1807;3,09;8,33;221;true;true;true;0;8,17;0
1808;3,09;8,33;221;true;true;true;0;8,17;0
1809;3,1;8,32;221;true;true;true;0;8,17;0
1810;3,1;8,32;221;true;true;true;0;8,17;0
1811;3,11;8,32;221;true;true;true;0;8,17;0
1812;3,11;8,32;221;true;true;true;0;8,16;0
1813;3,11;8,32;221;true;true;true;0;8,16;0
1814;3,12;8,32;221;true;true;true;0;8,16;0
1815;3,12;8,32;221;true;true;true;0;8,16;0
1816;3,13;8,32;221;true;true;true;0;8,16;0
1817;3,13;8,32;221;true;true;true;0;8,16;0
1818;3,13;8,31;221;true;true;true;0;8,16;0
1819;3,14;8,31;221;true;true;true;0;8,16;0
1820;3,14;8,31;221;true;true;true;0;8,15;0
1821;3,15;8,31;221;true;true;true;0;8,15;0
1822;3,15;8,31;221;true;true;true;0;8,15;0
1823;3,15;8,31;221;true;true;true;0;8,15;0
1824;3,16;8,31;221;true;true;true;0;8,15;0
1825;3,16;8,31;221;true;true;true;0;8,15;0
1826;3,17;8,3;221;true;true;true;0;8,15;0
1827;3,17;8,3;221;true;true;true;0;8,15;0
1828;3,17;8,3;221;true;true;true;0;8,14;0
1829;3,18;8,3;221;true;true;true;0;8,14;0
1830;3,18;8,3;221;true;true;true;0;8,14;0
1831;3,19;8,3;221;true;true;true;0;8,14;0
1832;3,19;8,3;221;true;true;true;0;8,14;0
1833;3,19;8,3;221;true;true;true;0;8,14;0
1834;3,2;8,3;221;true;true;true;0;8,14;0
1835;3,2;8,3;221;true;true;true;0;8,14;0
1836;3,21;8,29;221;true;true;true;0;8,14;0
1837;3,21;8,29;221;true;true;true;0;8,14;0
1838;3,21;8,29;221;true;true;true;0;8,14;0
1839;3,22;8,29;221;true;true;true;0;8,13;0
1840;3,22;8,29;221;true;true;true;0;8,13;0
1841;3,23;8,29;221;true;true;true;0;8,13;0
1842;3,23;8,29;221;true;true;true;0;8,13;0
1843;3,23;8,29;221;true;true;true;0;8,13;0
1844;3,24;8,29;221;true;true;true;0;8,13;0
1845;3,24;8,29;221;true;true;true;0;8,13;0
1846;3,25;8,29;221;true;true;true;0;8,13;0
1847;3,25;8,28;221;true;true;true;0;8,13;0
1848;3,25;8,28;221;true;true;true;0;8,13;0
1849;3,26;8,28;221;true;true;true;0;8,12;0
1850;3,26;8,28;221;true;true;true;0;8,12;0
1851;3,27;8,28;221;true;true;true;0;8,12;0
1852;3,27;8,28;221;true;true;true;0;8,12;0
1853;3,27;8,28;221;true;true;true;0;8,12;0
1854;3,28;8,28;221;true;true;true;0;8,12;0
1855;3,28;8,28;221;true;true;true;0;8,12;0
1856;3,29;8,28;221;true;true;true;0;8,12;0
1857;3,29;8,28;221;true;true;true;0;8,12;0
1858;3,3;8,28;221;true;true;true;0;8,12;0
1859;3,3;8,27;221;true;true;true;0;8,12;0
1860;3,3;8,27;221;true;true;true;0;8,12;0
1861;3,31;8,27;221;true;true;true;0;8,11;0
1862;3,31;8,27;221;true;true;true;0;8,11;0
1863;3,32;8,27;221;true;true;true;0;8,11;0
1864;3,32;8,27;221;true;true;true;0;8,11;0
1865;3,32;8,27;221;true;true;true;0;8,11;0
1866;3,33;8,27;221;true;true;true;0;8,11;0
1867;3,33;8,27;221;true;true;true;0;8,11;0
1868;3,34;8,27;221;true;true;true;0;8,11;0
1869;3,34;8,27;221;true;true;true;0;8,11;0
1870;3,34;8,27;221;true;true;true;0;8,11;0
1871;3,35;8,27;221;true;true;true;0;8,11;0
1872;3,35;8,27;221;true;true;true;0;8,11;0
1873;3,36;8,27;221;true;true;true;0;8,11;0
1874;3,36;8,26;221;true;true;true;0;8,11;0
1875;3,36;8,26;221;true;true;true;0;8,11;0
1876;3,37;8,26;221;true;true;true;0;8,11;0
1877;3,37;8,26;221;true;true;true;0;8,1;0
1878;3,38;8,26;221;true;true;true;0;8,1;0
1879;3,38;8,26;221;true;true;true;0;8,1;0
1880;3,38;8,26;221;true;true;true;0;8,1;0
1881;3,39;8,26;221;true;true;true;0;8,1;0
1882;3,39;8,26;221;true;true;true;0;8,1;0
1883;3,4;8,26;221;true;true;true;0;8,1;0
1884;3,4;8,26;221;true;true;true;0;8,1;0
1885;3,4;8,26;221;true;true;true;0;8,1;0
1886;3,41;8,26;221;true;true;true;0;8,1;0
1887;3,41;8,26;221;true;true;true;0;8,1;0
1888;3,42;8,26;221;true;true;true;0;8,1;0
1889;3,42;8,26;221;true;true;true;0;8,1;0
1890;3,43;8,26;221;true;true;true;0;8,1;0
1891;3,43;8,26;221;true;true;true;0;8,1;0
1892;3,44;8,26;221;true;true;true;0;8,1;0
1893;3,44;8,26;221;true;true;true;0;8,1;0
1894;3,45;8,25;221;true;true;true;0;8,1;0
1895;3,45;8,25;221;true;true;true;0;8,1;0
1896;3,45;8,25;221;true;true;true;0;8,1;0
1897;3,46;8,25;221;true;true;true;0;8,1;0
1898;3,46;8,25;221;true;true;true;0;8,09;0
1899;3,47;8,25;221;true;true;true;0;8,09;0
1900;3,47;8,25;221;true;true;true;0;8,09;0
1901;3,48;8,25;221;true;true;true;0;8,09;0
1902;3,48;8,25;221;true;true;true;0;8,09;0
1903;3,48;8,25;221;true;true;true;0;8,09;0
1904;3,49;8,25;221;true;true;true;0;8,09;0
1905;3,49;8,25;221;true;true;true;0;8,09;0
1906;3,5;8,25;221;true;true;true;0;8,09;0
1907;3,5;8,25;221;true;true;true;0;8,09;0
1908;3,5;8,25;221;true;true;true;0;8,09;0
1909;3,51;8,25;221;true;true;true;0;8,09;0
1910;3,51;8,25;221;true;true;true;0;8,09;0
1911;3,52;8,25;221;true;true;true;0;8,09;0
1912;3,52;8,25;221;true;true;true;0;8,09;0
1913;3,52;8,25;221;true;true;true;0;8,09;0
1914;3,54;8,25;221;true;true;true;0;8,09;0
1915;3,54;8,25;221;true;true;true;0;8,09;0
1916;3,55;8,25;221;true;true;true;0;8,09;0
1917;3,55;8,25;221;true;true;true;0;8,09;0
1918;3,56;8,25;221;true;true;true;0;8,09;0
1919;3,56;8,25;221;true;true;true;0;8,09;0
1920;3,57;8,25;221;true;true;true;0;8,09;0
1921;3,57;8,24;221;true;true;true;0;8,09;0
1922;3,58;8,24;221;true;true;true;0;8,09;0
1923;3,58;8,24;221;true;true;true;0;8,09;0
1924;3,58;8,24;221;true;true;true;0;8,09;0
1925;3,59;8,24;221;true;true;true;0;8,09;0
1926;3,59;8,24;221;true;true;true;0;8,08;0
1927;3,6;8,24;221;true;true;true;0;8,08;0
1928;3,6;8,24;221;true;true;true;0;8,08;0
1929;3,61;8,24;221;true;true;true;0;8,08;0
1930;3,61;8,24;221;true;true;true;0;8,08;0
1931;3,62;8,24;221;true;true;true;0;8,08;0
1932;3,62;8,24;221;true;true;true;0;8,08;0
1933;3,63;8,24;221;true;true;true;0;8,08;0
1934;3,63;8,24;221;true;true;true;0;8,08;0
1935;3,64;8,24;221;true;true;true;0;8,08;0
1936;3,64;8,24;221;true;true;true;0;8,08;0
1937;3,65;8,24;221;true;true;true;0;8,08;0
1938;3,65;8,24;221;true;true;true;0;8,08;0
1939;3,66;8,24;221;true;true;true;0;8,08;0
1940;3,66;8,24;221;true;true;true;0;8,08;0
1941;3,66;8,24;221;true;true;true;0;8,08;0
1942;3