lengthMiddleSegment: 85727.35
step_energy: 0.05
electrostatic_force_factor: 1.0
spring_force_factor: 0.1
reject_force_factor: 2.0
distanceRejectRadius: 21431.8375
distanceSamePosition: 21431.8375
Iteration;time;energy;num nodes;reject force is enabled;spring force is enabled;electrostatic force is enabled;str_force;rep_force;elec_force
1;0;46,94;1470;false;true;true;16,86;0;30,34
2;0,03;54,87;1424;false;true;true;18,83;0;37,74
3;0,17;53,59;1374;false;true;true;18,63;0;36,54
4;0,18;53,64;1316;false;true;true;17,82;0;36,96
5;0,19;50,11;1260;false;true;true;17,8;0;33,68
6;0,19;51,78;1208;false;true;true;17,27;0;36,74
7;0,2;51,2;1154;false;true;true;17,55;0;35,95
8;0,21;49,73;1100;false;true;true;17,94;0;34,26
9;0,22;48,35;1039;false;true;true;17,96;0;32,9
10;0,22;45,37;1002;false;true;true;16,63;0;30,69
11;0,23;43,88;959;false;true;true;18,01;0;28,74
12;0,23;44,18;925;false;true;true;17,43;0;30,04
13;0,24;41,22;886;false;true;true;16,8;0;27,7
14;0,24;38,86;853;false;true;true;15,61;0;25,64
15;0,25;36,81;821;false;true;true;15,94;0;23,11
16;0,25;35,08;799;false;true;true;15,28;0;22,8
17;0,26;33,86;777;false;true;true;14,91;0;22,04
18;0,26;32,55;758;false;true;true;14,6;0;20,95
19;0,27;31,52;740;false;true;true;14,77;0;21,05
20;0,27;31,79;722;false;true;true;15,08;0;21,58
21;0,27;27,99;701;false;true;true;14,95;0;17,29
22;0,28;26,32;687;false;true;true;14,49;0;15,04
23;0,28;24,58;678;false;true;true;13,75;0;13,67
24;0,28;25,55;671;false;true;true;13,36;0;15,37
25;0,28;24,04;659;false;true;true;14,1;0;12,76
26;0,29;23,95;652;false;true;true;13,21;0;13,79
27;0,29;24,05;646;false;true;true;12,85;0;15,02
28;0,29;24,3;638;false;true;true;13,85;0;15,33
29;0,29;23,76;628;false;true;true;14,24;0;13,94
30;0,3;23,73;623;false;true;true;13,63;0;15,16
31;0,3;22,79;613;false;true;true;13,61;0;12,93
32;0,3;22,99;607;false;true;true;12,99;0;13,37
33;0,31;22,38;599;false;true;true;13,51;0;12,74
34;0,31;22,61;594;false;true;true;13,08;0;13,44
35;0,31;22,32;587;false;true;true;12,72;0;12,85
36;0,31;22,48;583;false;true;true;12,75;0;13,96
37;0,32;21,43;574;false;true;true;13,15;0;11,9
38;0,32;20,88;570;false;true;true;12,4;0;12,27
39;0,32;19,79;564;false;true;true;12,18;0;11,48
40;0,32;20,46;560;false;true;true;12,13;0;12,24
41;0,32;19,69;554;false;true;true;12,51;0;11,61
42;0,33;19,68;549;false;true;true;12,3;0;11,6
43;0,33;19,68;543;false;true;true;12,42;0;11,16
44;0,33;19,8;540;false;true;true;12,53;0;12,38
45;0,33;17,95;533;false;true;true;12,95;0;10,33
46;0,34;18,07;531;false;true;true;12,82;0;11,61
47;0,34;17,49;525;false;true;true;12,77;0;10,17
48;0,34;17,81;522;false;true;true;12,81;0;10,75
49;0,34;18,23;520;false;true;true;13,17;0;12,23
50;0,34;17,97;515;false;true;true;13,13;0;11,1
51;0,34;17,72;511;false;true;true;13,12;0;10,73
52;0,35;17,98;505;false;true;true;12,12;0;8,75
53;0,35;16,91;502;false;true;true;11,48;0;8,37
54;0,35;16,33;500;false;true;true;11,09;0;8,61
55;0,35;16,32;497;false;true;true;11,17;0;8,66
56;0,35;16,47;496;false;true;true;11,37;0;9,82
57;0,36;16,48;493;false;true;true;12,31;0;10,2
58;0,36;16,62;490;false;true;true;12,15;0;10
59;0,36;17,02;487;false;true;true;12,3;0;10,44
60;0,36;16,25;482;false;true;true;11,88;0;8,65
61;0,37;15,67;478;false;true;true;11,34;0;7,54
62;0,37;15,28;477;false;true;true;10,71;0;8,28
63;0,37;15,47;476;false;true;true;11,05;0;9,52
64;0,37;14,72;473;false;true;true;11,41;0;8,69
65;0,37;15,16;472;false;true;true;12,16;0;9,96
66;0,38;15,3;468;false;true;true;12,23;0;8,93
67;0,38;14,82;465;false;true;true;11,77;0;8,21
68;0,38;14,59;462;false;true;true;11,23;0;7,71
69;0,38;14,99;462;false;true;true;11,17;0;9,41
70;0,38;14,63;458;false;true;true;10,98;0;7,93
71;0,39;14,03;456;false;true;true;10,72;0;7,65
72;0,39;14,37;456;false;true;true;10,95;0;9,17
73;0,39;14,39;453;false;true;true;11,26;0;8,72
74;0,39;14,86;450;false;true;true;11,36;0;8,67
75;0,39;13,7;446;false;true;true;10,67;0;6,72
76;0,4;13,45;445;false;true;true;10,22;0;7,11
77;0,4;13,23;444;false;true;true;10,01;0;7,44
78;0,4;13,49;444;false;true;true;10,55;0;8,69
79;0,4;13,85;442;false;true;true;11,48;0;9,06
80;0,4;13,64;438;false;true;true;11,67;0;7,77
81;0,41;13,15;436;false;true;true;11,27;0;7,38
82;0,41;13,22;436;false;true;true;11,17;0;8,53
83;0,41;13,16;434;false;true;true;10,92;0;8,16
84;0,41;13,44;433;false;true;true;11,31;0;8,75
85;0,41;13,41;431;false;true;true;11,53;0;8,59
86;0,42;13,71;429;false;true;true;11,55;0;8,78
87;0,42;13,16;425;false;true;true;11,19;0;7,09
88;0,42;12,88;424;false;true;true;10,86;0;7,41
89;0,42;12,67;423;false;true;true;10,66;0;7,73
90;0,42;12,44;421;false;true;true;10,69;0;7,44
91;0,43;12,42;421;false;true;true;10,94;0;8,44
92;0,43;12,37;420;false;true;true;11,14;0;8,61
93;0,43;13,02;420;false;true;true;11,8;0;10,15
94;0,43;12,71;416;false;true;true;11,94;0;8,42
95;0,43;12,79;415;false;true;true;12;0;8,99
96;0,44;12,65;413;false;true;true;11,92;0;8,82
97;0,44;12,69;411;false;true;true;11,7;0;8,83
98;0,44;12,33;409;false;true;true;11,34;0;8,45
99;0,44;12,5;408;false;true;true;11,2;0;8,8
100;0,44;13,06;407;false;true;true;11,29;0;9,44
101;0,45;12,61;404;false;true;true;11,08;0;8,32
102;0,45;12,45;402;false;true;true;10,98;0;7,92
103;0,45;12,74;402;false;true;true;11,18;0;9,29
104;0,45;12,4;398;false;true;true;10,76;0;7,22
105;0,45;12,14;397;false;true;true;10,67;0;7,47
106;0,46;12,09;396;false;true;true;10,46;0;7,61
107;0,46;12,21;395;false;true;true;10,48;0;8,07
108;0,46;11,67;391;false;true;true;10,31;0;6,28
109;0,46;11,29;391;false;true;true;10,15;0;6,94
110;0,46;11,31;391;false;true;true;10,27;0;7,81
111;0,46;11,56;389;false;true;true;9,79;0;6,94
112;0,46;11,39;388;false;true;true;9,87;0;7,03
113;0,46;11,45;386;false;true;true;10,18;0;6,64
114;0,47;11,49;385;false;true;true;10,44;0;7,04
115;0,47;11,76;383;false;true;true;10,49;0;6,81
116;0,47;11,19;381;false;true;true;9,91;0;6,13
117;0,47;10,83;380;false;true;true;9,53;0;5,9
118;0,47;10,71;380;false;true;true;9,56;0;6,56
119;0,47;10,71;379;false;true;true;9,61;0;6,53
120;0,47;10,96;379;false;true;true;10,07;0;7,48
121;0,47;10,89;377;false;true;true;10,27;0;6,94
122;0,47;10,78;376;false;true;true;10,3;0;6,99
123;0,47;10,71;375;false;true;true;10,34;0;7,08
124;0,48;10,63;374;false;true;true;10,31;0;7,19
125;0,48;11,2;373;false;true;true;10,39;0;7,61
126;0,48;11,04;370;false;true;true;9,87;0;6,17
127;0,48;10,87;369;false;true;true;9,5;0;6,16
128;0,48;10,5;368;false;true;true;9,38;0;6,04
129;0,48;10,49;368;false;true;true;9,5;0;6,75
130;0,48;10,89;367;false;true;true;9,84;0;7,06
131;0,48;10,6;365;false;true;true;9,77;0;6,31
132;0,48;10,48;364;false;true;true;9,8;0;6,46
133;0,49;10,22;363;false;true;true;9,62;0;6,3
134;0,49;10,39;363;false;true;true;9,77;0;7,15
135;0,49;10,2;361;false;true;true;9,91;0;6,43
136;0,49;10;360;false;true;true;9,83;0;6,38
137;0,49;10;359;false;true;true;9,87;0;6,3
138;0,49;9,95;359;false;true;true;9,93;0;6,93
139;0,5;10,09;358;false;true;true;10,27;0;7,07
140;0,5;10,14;357;false;true;true;10,39;0;7,18
141;0,5;10,19;356;false;true;true;10,5;0;7,38
142;0,5;10,3;355;false;true;true;10,35;0;7,39
143;0,5;10,29;354;false;true;true;10,45;0;7,45
144;0,5;10,47;352;false;true;true;10,41;0;6,93
145;0,51;10,5;350;false;true;true;10,25;0;6,34
146;0,51;10,49;350;false;true;true;10,31;0;7,14
147;0,51;10,42;349;false;true;true;10,23;0;7,19
148;0,51;10,5;347;false;true;true;9,95;0;6,4
149;0,51;10,58;346;false;true;true;9,95;0;6,51
150;0,51;10,19;344;false;true;true;9,55;0;5,71
151;0,51;9,94;344;false;true;true;9,42;0;6,24
152;0,51;9,77;343;false;true;true;9,46;0;6,16
153;0,52;9,74;343;false;true;true;9,67;0;6,75
154;0,52;9,78;342;false;true;true;9,98;0;6,68
155;0,52;9,87;342;false;true;true;10,35;0;7,4
156;0,52;10,34;341;false;true;true;10,43;0;7,45
157;0,52;10,4;340;false;true;true;10,57;0;7,64
158;0,52;10,49;338;false;true;true;10,35;0;7,16
159;0,52;10,02;335;false;true;true;9,78;0;5,67
160;0,52;9,7;335;false;true;true;9,55;0;6,15
161;0,52;9,63;335;false;true;true;9,6;0;6,74
162;0,53;9,86;335;false;true;true;9,92;0;7,57
163;0,53;10;333;false;true;true;10,02;0;6,91
164;0,53;9,88;332;false;true;true;9,9;0;6,78
165;0,53;10,1;331;false;true;true;10,08;0;7
166;0,53;10,05;329;false;true;true;9,71;0;6,23
167;0,53;10,03;328;false;true;true;9,15;0;5,95
168;0,53;10,2;328;false;true;true;9,33;0;6,86
169;0,53;9,5;325;false;true;true;8,78;0;5,1
170;0,53;9,14;325;false;true;true;8,75;0;5,46
171;0,54;9,06;325;false;true;true;8,88;0;5,75
172;0,54;8,93;325;false;true;true;9,07;0;6,21
173;0,54;8,96;325;false;true;true;9,53;0;6,77
174;0,54;9,2;325;false;true;true;10,12;0;7,54
175;0,54;9,45;324;false;true;true;10,4;0;7,62
176;0,54;9,77;323;false;true;true;10,7;0;7,93
177;0,54;9,9;320;false;true;true;10,21;0;6,54
178;0,54;9,86;319;false;true;true;9,93;0;6,56
179;0,54;9,6;317;false;true;true;9,39;0;5,88
180;0,55;9,58;317;false;true;true;9,25;0;6,62
181;0,55;9,48;316;false;true;true;9,14;0;6,58
182;0,55;9,28;314;false;true;true;8,62;0;5,45
183;0,55;9,05;314;false;true;true;8,69;0;5,94
184;0,55;8,96;313;false;true;true;8,72;0;5,82
185;0,55;8,84;313;false;true;true;8,97;0;6,34
186;0,55;8,99;313;false;true;true;9,46;0;7,08
187;0,55;8,97;312;false;true;true;9,66;0;6,98
188;0,55;9,33;311;false;true;true;9,74;0;7,18
189;0,55;9,32;309;false;true;true;9,65;0;6,57
190;0,56;8,98;307;false;true;true;9,22;0;5,58
191;0,56;8,69;307;false;true;true;9,09;0;6,04
192;0,56;8,71;307;false;true;true;9,13;0;6,69
193;0,56;8,43;306;false;true;true;9,01;0;6,39
194;0,56;8,27;305;false;true;true;9,19;0;6,21
195;0,56;8,11;305;false;true;true;9,34;0;6,68
196;0,56;8,18;305;false;true;true;9,6;0;7,31
197;0,56;8,19;304;false;true;true;9,7;0;7,15
198;0,56;8,28;303;false;true;true;9,87;0;7,04
199;0,56;8,42;303;false;true;true;10,17;0;7,8
200;0,56;8,4;301;false;true;true;9,92;0;6,99
201;0,57;8,5;301;false;true;true;10,04;0;7,78
202;0,57;8,42;299;false;true;true;9,51;0;6,84
203;0,57;8,35;297;false;true;true;9,13;0;5,92
204;0,57;8,21;297;false;true;true;9,08;0;6,52
205;0,57;8,07;295;false;true;true;8,57;0;5,65
206;0,57;7,5;294;false;true;true;8,06;0;5
207;0,57;7,27;294;false;true;true;8,18;0;5,29
208;0,57;7,15;294;false;true;true;8,39;0;5,63
209;0,57;7,14;294;false;true;true;8,72;0;6,04
210;0,57;7,15;293;false;true;true;8,63;0;5,6
211;0,58;7,29;293;false;true;true;8,93;0;6,19
212;0,58;7,28;291;false;true;true;8,57;0;4,99
213;0,58;7,15;291;false;true;true;8,57;0;5,35
214;0,58;7,2;291;false;true;true;8,69;0;5,83
215;0,58;7,34;290;false;true;true;8,75;0;5,65
216;0,59;7,54;290;false;true;true;8,99;0;6,32
217;0,59;7,6;287;false;true;true;8,43;0;4,56
218;0,6;7,29;287;false;true;true;8,18;0;4,87
219;0,6;7,19;287;false;true;true;8,14;0;5,28
220;0,6;7,06;286;false;true;true;7,87;0;4,91
221;0,6;7,32;285;false;true;true;7,68;0;4,45
222;0,6;7,05;285;false;true;true;7,68;0;4,76
223;0,6;7,01;285;false;true;true;7,87;0;5,13
224;0,6;7,17;285;false;true;true;8,21;0;5,67
225;0,6;7,25;284;false;true;true;8,3;0;5,48
226;0,61;7,3;282;false;true;true;7,69;0;4,31
227;0,61;7,16;282;false;true;true;7,65;0;4,67
228;0,61;7,15;281;false;true;true;7,62;0;4,35
229;0,61;7,02;281;false;true;true;7,67;0;4,67
230;0,61;7,07;281;false;true;true;7,88;0;5,13
231;0,61;7,04;280;false;true;true;7,86;0;4,73
232;0,61;6,92;279;false;true;true;7,61;0;4,26
233;0,61;6,75;279;false;true;true;7,64;0;4,52
234;0,61;6,71;279;false;true;true;7,74;0;4,84
235;0,62;6,83;279;false;true;true;7,99;0;5,3
236;0,62;6,76;278;false;true;true;7,93;0;4,87
237;0,62;6,75;277;false;true;true;7,81;0;4,52
238;0,62;6,68;277;false;true;true;7,87;0;4,84
239;0,62;6,79;277;false;true;true;8,01;0;5,3
240;0,62;6,69;276;false;true;true;7,85;0;4,85
241;0,62;6,8;276;false;true;true;8,03;0;5,31
242;0,62;6,89;274;false;true;true;7,73;0;4,17
243;0,62;6,66;274;false;true;true;7,63;0;4,41
244;0,62;6,56;274;false;true;true;7,65;0;4,72
245;0,62;6,62;273;false;true;true;7,59;0;4,33
246;0,63;6,44;273;false;true;true;7,61;0;4,58
247;0,63;6,4;273;false;true;true;7,75;0;4,92
248;0,63;6,37;272;false;true;true;7,44;0;4,39
249;0,63;6,32;272;false;true;true;7,55;0;4,69
250;0,63;6,22;271;false;true;true;7,43;0;4,25
251;0,63;6,08;271;false;true;true;7,49;0;4,44
252;0,63;6;271;false;true;true;7,6;0;4,65
253;0,63;5,98;271;false;true;true;7,76;0;4,91
254;0,63;6,03;271;false;true;true;7,97;0;5,23
255;0,64;6,28;270;false;true;true;7,96;0;4,88
256;0,64;6,27;270;false;true;true;8,05;0;5,25
257;0,64;6,41;269;false;true;true;7,94;0;5
258;0,64;6,36;268;false;true;true;7,66;0;4,61
259;0,64;6,39;268;false;true;true;7,71;0;5,01
260;0,64;6,53;266;false;true;true;7,43;0;3,92
261;0,64;6,21;266;false;true;true;7,2;0;4,1
262;0,64;6,02;266;false;true;true;7,14;0;4,3
263;0,65;5,94;266;false;true;true;7,16;0;4,55
264;0,65;5,99;266;false;true;true;7,36;0;4,89
265;0,65;5,98;265;false;true;true;7,21;0;4,36
266;0,65;5,85;264;false;true;true;7,03;0;3,87
267;0,65;5,65;264;false;true;true;6,98;0;4
268;0,65;5,51;264;false;true;true;6,97;0;4,13
269;0,65;5,4;264;false;true;true;7,03;0;4,27
270;0,65;5,32;264;false;true;true;7,15;0;4,42
271;0,65;5,27;264;false;true;true;7,31;0;4,59
272;0,65;5,25;264;false;true;true;7,47;0;4,78
273;0,66;5,28;264;false;true;true;7,65;0;5,03
274;0,66;5,41;264;false;true;true;7,86;0;5,37
275;0,66;5,47;263;false;true;true;7,81;0;4,9
276;0,66;5,43;263;false;true;true;7,83;0;5,18
277;0,66;5,56;263;false;true;true;7,94;0;5,59
278;0,66;5,61;262;false;true;true;7,72;0;5,19
279;0,66;5,57;261;false;true;true;7,42;0;4,73
280;0,66;5,59;260;false;true;true;7,21;0;4,28
281;0,66;5,38;260;false;true;true;7,06;0;4,45
282;0,67;5,27;260;false;true;true;7,07;0;4,64
283;0,67;5,25;260;false;true;true;7,17;0;4,88
284;0,67;5,22;259;false;true;true;7,04;0;4,41
285;0,67;5,11;259;false;true;true;7,07;0;4,57
286;0,67;5,05;259;false;true;true;7,14;0;4,74
287;0,67;5,01;259;false;true;true;7,25;0;4,93
288;0,67;5,03;259;false;true;true;7,43;0;5,17
289;0,67;5,13;259;false;true;true;7,66;0;5,5
290;0,67;5,31;258;false;true;true;7,71;0;5,13
291;0,67;5,37;257;false;true;true;7,42;0;4,65
292;0,68;5,2;257;false;true;true;7,3;0;4,88
293;0,68;5,44;256;false;true;true;6,92;0;4,34
294;0,68;5,19;256;false;true;true;6,88;0;4,5
295;0,68;5,05;256;false;true;true;6,98;0;4,68
296;0,68;4,99;256;false;true;true;7,15;0;4,89
297;0,68;5,01;256;false;true;true;7,37;0;5,16
298;0,68;5,18;256;false;true;true;7,62;0;5,55
299;0,68;5,19;255;false;true;true;7,52;0;5,06
300;0,68;5,15;254;false;true;true;7,26;0;4,58
301;0,68;5,03;254;false;true;true;7,21;0;4,79
302;0,69;5,01;254;false;true;true;7,24;0;5,04
303;0,69;5,11;254;false;true;true;7,4;0;5,39
304;0,69;5,15;253;false;true;true;7,19;0;4,92
305;0,69;5,25;253;false;true;true;7,33;0;5,3
306;0,69;5,42;252;false;true;true;7,28;0;4,94
307;0,69;5,5;251;false;true;true;6,96;0;4,47
308;0,69;5,3;250;false;true;true;6,33;0;3,72
309;0,69;5,02;250;false;true;true;6,2;0;3,84
310;0,69;4,83;250;false;true;true;6,2;0;3,96
311;0,69;4,68;250;false;true;true;6,3;0;4,1
312;0,69;4,59;250;false;true;true;6,44;0;4,24
313;0,7;4,56;250;false;true;true;6,61;0;4,43
314;0,7;4,8;249;false;true;true;6,4;0;3,9
315;0,7;4,64;249;false;true;true;6,38;0;4,02
316;0,7;4,53;249;false;true;true;6,4;0;4,15
317;0,7;4,46;249;false;true;true;6,54;0;4,3
318;0,7;4,42;249;false;true;true;6,68;0;4,45
319;0,7;4,41;249;false;true;true;6,84;0;4,64
320;0,7;4,45;249;false;true;true;7,01;0;4,86
321;0,7;4,56;249;false;true;true;7,21;0;5,16
322;0,7;4,86;249;false;true;true;7,46;0;5,66
323;0,71;4,83;247;false;true;true;7,06;0;4,47
324;0,71;4,69;247;false;true;true;6,92;0;4,7
325;0,71;4,7;246;false;true;true;6,56;0;4,16
326;0,71;4,5;246;false;true;true;6,41;0;4,29
327;0,71;4,36;246;false;true;true;6,45;0;4,44
328;0,71;4,28;246;false;true;true;6,56;0;4,59
329;0,71;4,25;246;false;true;true;6,76;0;4,78
330;0,71;4,27;246;false;true;true;6,96;0;5
331;0,71;4,38;246;false;true;true;7,18;0;5,31
332;0,71;4,67;245;false;true;true;7,17;0;4,97
333;0,72;4,52;244;false;true;true;6,76;0;4,36
334;0,72;4,38;244;false;true;true;6,69;0;4,52
335;0,72;4,32;244;false;true;true;6,7;0;4,71
336;0,72;4,33;244;false;true;true;6,83;0;4,95
337;0,72;4,45;244;false;true;true;7,05;0;5,28
338;0,72;4,63;243;false;true;true;7,08;0;4,9
339;0,72;4,71;242;false;true;true;6,7;0;4,51
340;0,72;4,65;241;false;true;true;6,21;0;3,84
341;0,72;4,42;241;false;true;true;6,03;0;3,95
342;0,73;4,29;241;false;true;true;6,07;0;4,06
343;0,73;4,19;241;false;true;true;6,18;0;4,18
344;0,73;4,13;241;false;true;true;6,36;0;4,3
345;0,73;4,08;241;false;true;true;6,53;0;4,43
346;0,73;4,07;241;false;true;true;6,69;0;4,58
347;0,73;4,08;241;false;true;true;6,84;0;4,75
348;0,73;4,13;241;false;true;true;7,01;0;4,96
349;0,73;4,24;241;false;true;true;7,21;0;5,23
350;0,73;4,46;241;false;true;true;7,44;0;5,63
351;0,73;4,94;240;false;true;true;7,35;0;5,36
352;0,74;4,92;238;false;true;true;6,79;0;4,16
353;0,74;4,79;238;false;true;true;6,58;0;4,42
354;0,74;4,67;237;false;true;true;6,25;0;3,83
355;0,74;4,44;237;false;true;true;6,08;0;3,94
356;0,74;4,29;237;false;true;true;6,1;0;4,05
357;0,74;4,18;237;false;true;true;6,16;0;4,16
358;0,74;4,11;237;false;true;true;6,32;0;4,29
359;0,74;4,08;237;false;true;true;6,48;0;4,43
360;0,74;4,07;237;false;true;true;6,64;0;4,59
361;0,74;4,12;237;false;true;true;6,81;0;4,8
362;0,75;4,24;237;false;true;true;7;0;5,09
363;0,75;4,53;236;false;true;true;6,79;0;4,7
364;0,75;4,34;235;false;true;true;6,37;0;3,99
365;0,75;4,22;235;false;true;true;6,31;0;4,13
366;0,75;4,16;235;false;true;true;6,31;0;4,29
367;0,75;4,18;235;false;true;true;6,42;0;4,5
368;0,75;4,33;235;false;true;true;6,62;0;4,83
369;0,75;4,27;234;false;true;true;6,5;0;4,22
370;0,75;4,25;234;false;true;true;6,5;0;4,45
371;0,75;4,19;233;false;true;true;6,17;0;3,84
372;0,75;4,02;233;false;true;true;6,04;0;3,94
373;0,76;3,94;233;false;true;true;6,08;0;4,04
374;0,76;3,88;233;false;true;true;6,15;0;4,16
375;0,76;3,87;233;false;true;true;6,28;0;4,31
376;0,76;3,93;233;false;true;true;6,44;0;4,52
377;0,76;4;232;false;true;true;6,27;0;3,89
378;0,76;3,85;232;false;true;true;6,22;0;3,98
379;0,76;3,74;232;false;true;true;6,2;0;4,07
380;0,76;3,68;232;false;true;true;6,21;0;4,17
381;0,76;3,65;232;false;true;true;6,3;0;4,28
382;0,76;3,66;232;false;true;true;6,42;0;4,43
383;0,77;3,75;232;false;true;true;6,55;0;4,67
384;0,77;3,82;231;false;true;true;6,36;0;4,04
385;0,77;3,66;231;false;true;true;6,29;0;4,12
386;0,77;3,55;231;false;true;true;6,25;0;4,2
387;0,77;3,47;231;false;true;true;6,24;0;4,29
388;0,77;3,43;231;false;true;true;6,35;0;4,38
389;0,77;3,4;231;false;true;true;6,44;0;4,49
390;0,77;3,39;231;false;true;true;6,54;0;4,6
391;0,77;3,41;231;false;true;true;6,65;0;4,74
392;0,77;3,46;231;false;true;true;6,77;0;4,91
393;0,78;3,58;231;false;true;true;6,91;0;5,15
394;0,78;3,84;231;false;true;true;7,1;0;5,54
395;0,78;4;229;false;true;true;6,56;0;4,36
396;0,78;3,83;229;false;true;true;6,38;0;4,54
397;0,78;3,8;229;false;true;true;6,32;0;4,76
398;0,78;3,93;229;false;true;true;6,47;0;5,1
399;0,78;3,87;228;false;true;true;6,6;0;4,79
400;0,78;3,75;227;false;true;true;6,1;0;4,11
401;0,78;3,57;227;false;true;true;5,98;0;4,21
402;0,79;3,46;227;false;true;true;5,93;0;4,31
403;0,79;3,39;227;false;true;true;5,97;0;4,41
404;0,79;3,33;227;false;true;true;6,1;0;4,52
405;0,79;3,3;227;false;true;true;6,25;0;4,64
406;0,79;3,29;227;false;true;true;6,38;0;4,77
407;0,79;3,31;227;false;true;true;6,52;0;4,92
408;0,79;3,36;227;false;true;true;6,67;0;5,12
409;0,79;3,52;227;false;true;true;6,85;0;5,43
410;0,79;3,55;226;false;true;true;6,58;0;4,75
411;0,79;3,49;226;false;true;true;6,58;0;4,91
412;0,8;3,49;226;false;true;true;6,64;0;5,12
413;0,8;3,6;226;false;true;true;6,76;0;5,4
414;0,8;3,64;225;false;true;true;6,69;0;4,94
415;0,8;3,66;225;false;true;true;6,75;0;5,19
416;0,8;3,73;224;false;true;true;6,51;0;4,75
417;0,8;3,71;224;false;true;true;6,47;0;5
418;0,8;3,79;223;false;true;true;6,13;0;4,32
419;0,8;3,62;223;false;true;true;6,06;0;4,45
420;0,8;3,52;223;false;true;true;6,09;0;4,59
421;0,8;3,49;223;false;true;true;6,2;0;4,76
422;0,81;3,54;223;false;true;true;6,38;0;5
423;0,81;3,59;222;false;true;true;6,05;0;4,29
424;0,81;3,45;222;false;true;true;6,03;0;4,42
425;0,81;3,39;222;false;true;true;6,07;0;4,56
426;0,81;3,39;222;false;true;true;6,19;0;4,74
427;0,81;3,48;222;false;true;true;6,37;0;5,01
428;0,81;3,54;221;false;true;true;6,04;0;4,39
429;0,81;3,51;221;false;true;true;6,07;0;4,58
430;0,81;3,58;221;false;true;true;6,16;0;4,86
431;0,81;3,54;220;false;true;true;5,84;0;4,21
432;0,81;3,48;220;false;true;true;5,89;0;4,38
433;0,82;3,52;220;false;true;true;5,98;0;4,62
434;0,82;3,53;219;false;true;true;5,72;0;4,03
435;0,82;3,43;219;false;true;true;5,72;0;4,17
436;0,82;3,43;219;false;true;true;5,77;0;4,37
437;0,82;3,36;218;false;true;true;5,5;0;3,74
438;0,82;3,19;218;false;true;true;5,47;0;3,81
439;0,82;3,08;218;false;true;true;5,48;0;3,87
440;0,82;2,99;218;false;true;true;5,51;0;3,93
441;0,82;2,92;218;false;true;true;5,57;0;3,99
442;0,83;2,86;218;false;true;true;5,65;0;4,05
443;0,83;2,81;218;false;true;true;5,72;0;4,12
444;0,83;2,76;218;false;true;true;5,78;0;4,19
445;0,83;2,73;218;false;true;true;5,84;0;4,26
446;0,83;2,71;218;false;true;true;5,91;0;4,35
447;0,83;2,7;218;false;true;true;5,98;0;4,45
448;0,83;2,71;218;false;true;true;6,05;0;4,56
449;0,83;2,76;218;false;true;true;6,15;0;4,72
450;0,83;2,87;218;false;true;true;6,27;0;4,94
451;0,84;3,17;217;false;true;true;6,04;0;4,44
452;0,84;3,08;216;false;true;true;5,63;0;3,78
453;0,84;2,91;216;false;true;true;5,46;0;3,84
454;0,84;2,78;216;false;true;true;5,37;0;3,89
455;0,84;2,69;216;false;true;true;5,38;0;3,94
456;0,84;2,62;216;false;true;true;5,43;0;4
457;0,84;2,56;216;false;true;true;5,49;0;4,05
458;0,84;2,52;216;false;true;true;5,56;0;4,11
459;0,84;2,48;216;false;true;true;5,61;0;4,18
460;0,85;2,46;216;false;true;true;5,67;0;4,26
461;0,85;2,46;216;false;true;true;5,73;0;4,36
462;0,85;2,5;216;false;true;true;5,8;0;4,49
463;0,85;2,63;216;false;true;true;5,9;0;4,73
464;0,85;2,53;215;false;true;true;5,5;0;3,95
465;0,85;2,43;215;false;true;true;5,43;0;3,99
466;0,85;2,37;215;false;true;true;5,4;0;4,04
467;0,85;2,32;215;false;true;true;5,42;0;4,09
468;0,85;2,27;215;false;true;true;5,46;0;4,14
469;0,86;2,24;215;false;true;true;5,51;0;4,19
470;0,86;2,22;215;false;true;true;5,57;0;4,25
471;0,86;2,21;215;false;true;true;5,62;0;4,32
472;0,86;2,22;215;false;true;true;5,68;0;4,41
473;0,86;2,25;215;false;true;true;5,75;0;4,52
474;0,86;2,34;215;false;true;true;5,83;0;4,7
475;0,86;2,34;214;false;true;true;5,45;0;3,97
476;0,86;2,25;214;false;true;true;5,38;0;4,01
477;0,86;2,19;214;false;true;true;5,35;0;4,05
478;0,86;2,14;214;false;true;true;5,34;0;4,1
479;0,87;2,1;214;false;true;true;5,37;0;4,14
480;0,87;2,07;214;false;true;true;5,42;0;4,19
481;0,87;2,05;214;false;true;true;5,47;0;4,25
482;0,87;2,05;214;false;true;true;5,52;0;4,31
483;0,87;2,06;214;false;true;true;5,58;0;4,39
484;0,87;2,1;214;false;true;true;5,64;0;4,5
485;0,87;2,21;214;false;true;true;5,72;0;4,68
486;0,87;2,21;213;false;true;true;5,39;0;3,97
487;0,87;2,12;213;false;true;true;5,31;0;4,01
488;0,87;2,05;213;false;true;true;5,26;0;4,04
489;0,88;2;213;false;true;true;5,24;0;4,08
490;0,88;1,96;213;false;true;true;5,27;0;4,12
491;0,88;1,93;213;false;true;true;5,31;0;4,15
492;0,88;1,91;213;false;true;true;5,36;0;4,19
493;0,88;1,89;213;false;true;true;5,39;0;4,24
494;0,88;1,88;213;false;true;true;5,44;0;4,29
495;0,88;1,88;213;false;true;true;5,48;0;4,35
496;0,88;1,89;213;false;true;true;5,53;0;4,42
497;0,88;1,93;213;false;true;true;5,58;0;4,51
498;0,88;2,01;213;false;true;true;5,66;0;4,66
499;0,88;2,2;212;false;true;true;5,34;0;3,94
500;0,89;2,07;212;false;true;true;5,23;0;3,98
501;0,89;1,98;212;false;true;true;5,16;0;4,01
502;0,89;1,92;212;false;true;true;5,15;0;4,05
503;0,89;1,87;212;false;true;true;5,2;0;4,08
504;0,89;1,84;212;false;true;true;5,24;0;4,12
505;0,89;1,82;212;false;true;true;5,28;0;4,15
506;0,89;1,8;212;false;true;true;5,32;0;4,2
507;0,89;1,79;212;false;true;true;5,36;0;4,24
508;0,89;1,79;212;false;true;true;5,4;0;4,29
509;0,89;1,8;212;false;true;true;5,44;0;4,36
510;0,9;1,82;212;false;true;true;5,49;0;4,44
511;0,9;1,88;212;false;true;true;5,55;0;4,57
512;0,9;2,03;211;false;true;true;5,17;0;3,93
513;0,9;1,94;211;false;true;true;5,09;0;3,97
514;0,9;1,89;211;false;true;true;5,07;0;4
515;0,9;1,86;211;false;true;true;5,11;0;4,04
516;0,9;1,83;211;false;true;true;5,14;0;4,07
517;0,9;1,8;211;false;true;true;5,18;0;4,11
518;0,9;1,78;211;false;true;true;5,22;0;4,15
519;0,9;1,76;211;false;true;true;5,26;0;4,19
520;0,91;1,75;211;false;true;true;5,3;0;4,23
521;0,91;1,75;211;false;true;true;5,34;0;4,29
522;0,91;1,76;211;false;true;true;5,38;0;4,35
523;0,91;1,79;211;false;true;true;5,43;0;4,44
524;0,91;1,85;211;false;true;true;5,5;0;4,57
525;0,91;1,97;210;false;true;true;5,21;0;3,94
526;0,91;1,87;210;false;true;true;5,12;0;3,97
527;0,91;1,8;210;false;true;true;5,06;0;3,99
528;0,91;1,75;210;false;true;true;5,02;0;4,02
529;0,92;1,72;210;false;true;true;5,04;0;4,05
530;0,92;1,68;210;false;true;true;5,08;0;4,07
531;0,92;1,66;210;false;true;true;5,11;0;4,1
532;0,92;1,64;210;false;true;true;5,14;0;4,13
533;0,92;1,62;210;false;true;true;5,17;0;4,15
534;0,92;1,59;210;false;true;true;5,19;0;4,18
535;0,92;1,58;210;false;true;true;5,22;0;4,21
536;0,92;1,56;210;false;true;true;5,24;0;4,23
537;0,92;1,55;210;false;true;true;5,26;0;4,26
538;0,92;1,54;210;false;true;true;5,29;0;4,3
539;0,93;1,53;210;false;true;true;5,31;0;4,33
540;0,93;1,52;210;false;true;true;5,34;0;4,36
541;0,93;1,52;210;false;true;true;5,37;0;4,4
542;0,93;1,52;210;false;true;true;5,4;0;4,44
543;0,93;1,52;210;false;true;true;5,44;0;4,49
544;0,93;1,53;210;false;true;true;5,47;0;4,54
545;0,93;1,55;210;false;true;true;5,52;0;4,61
546;0,93;1,58;210;false;true;true;5,57;0;4,69
547;0,94;1,63;210;false;true;true;5,63;0;4,79
548;0,94;1,73;210;false;true;true;5,71;0;4,95
549;0,94;1,84;209;false;true;true;5,36;0;4,26
550;0,94;1,75;209;false;true;true;5,27;0;4,31
551;0,94;1,7;209;false;true;true;5,24;0;4,36
552;0,94;1,68;209;false;true;true;5,27;0;4,43
553;0,94;1,68;209;false;true;true;5,32;0;4,51
554;0,94;1,72;209;false;true;true;5,39;0;4,62
555;0,94;1,84;208;false;true;true;5,02;0;3,98
556;0,94;1,74;208;false;true;true;4,96;0;4,01
557;0,94;1,68;208;false;true;true;4,92;0;4,04
558;0,95;1,63;208;false;true;true;4,91;0;4,07
559;0,95;1,59;208;false;true;true;4,96;0;4,1
560;0,95;1,55;208;false;true;true;5,01;0;4,12
561;0,95;1,52;208;false;true;true;5,05;0;4,15
562;0,95;1,5;208;false;true;true;5,09;0;4,19
563;0,95;1,49;208;false;true;true;5,12;0;4,22
564;0,95;1,48;208;false;true;true;5,15;0;4,25
565;0,95;1,47;208;false;true;true;5,19;0;4,29
566;0,95;1,47;208;false;true;true;5,22;0;4,34
567;0,95;1,47;208;false;true;true;5,25;0;4,39
568;0,96;1,49;208;false;true;true;5,3;0;4,46
569;0,96;1,53;208;false;true;true;5,35;0;4,55
570;0,96;1,61;208;false;true;true;5,42;0;4,69
571;0,96;1,72;207;false;true;true;5,09;0;4,03
572;0,96;1,66;207;false;true;true;4,99;0;4,06
573;0,96;1,6;207;false;true;true;4,93;0;4,09
574;0,96;1,57;207;false;true;true;4,91;0;4,13
575;0,96;1,55;207;false;true;true;4,95;0;4,17
576;0,96;1,53;207;false;true;true;5,01;0;4,21
577;0,96;1,52;207;false;true;true;5,06;0;4,26
578;0,97;1,53;207;false;true;true;5,11;0;4,33
579;0,97;1,56;207;false;true;true;5,17;0;4,42
580;0,97;1,51;206;false;true;true;4,57;0;3,55
581;0,97;1,42;206;false;true;true;4,53;0;3,57
582;0,97;1,38;206;false;true;true;4,53;0;3,58
583;0,97;1,35;206;false;true;true;4,53;0;3,6
584;0,97;1,33;206;false;true;true;4,54;0;3,61
585;0,97;1,31;206;false;true;true;4,54;0;3,63
586;0,97;1,3;206;false;true;true;4,55;0;3,64
587;0,98;1,28;206;false;true;true;4,55;0;3,66
588;0,98;1,27;206;false;true;true;4,56;0;3,68
589;0,98;1,25;206;false;true;true;4,57;0;3,69
590;0,98;1,25;206;false;true;true;4,59;0;3,71
591;0,98;1,23;206;false;true;true;4,59;0;3,73
592;0,98;1,23;206;false;true;true;4,61;0;3,75
593;0,98;1,22;206;false;true;true;4,62;0;3,77
594;0,98;1,21;206;false;true;true;4,63;0;3,8
595;0,98;1,21;206;false;true;true;4,64;0;3,82
596;0,98;1,21;206;false;true;true;4,66;0;3,86
597;0,99;1,22;206;false;true;true;4,68;0;3,89
598;0,99;1,24;206;false;true;true;4,71;0;3,94
599;0,99;1,27;206;false;true;true;4,76;0;4
600;0,99;1,32;206;false;true;true;4,8;0;4,09
601;0,99;1,42;206;false;true;true;4,87;0;4,24
602;0,99;1,59;205;false;true;true;4,5;0;3,46
603;0,99;1,48;205;false;true;true;4,39;0;3,48
604;0,99;1,4;205;false;true;true;4,31;0;3,5
605;0,99;1,34;205;false;true;true;4,3;0;3,51
606;0,99;1,3;205;false;true;true;4,33;0;3,53
607;1;1,27;205;false;true;true;4,36;0;3,54
608;1;1,24;205;false;true;true;4,38;0;3,56
609;1;1,22;205;false;true;true;4,39;0;3,57
610;1;1,2;205;false;true;true;4,4;0;3,59
611;1;1,18;205;false;true;true;4,41;0;3,6
612;1;1,16;205;false;true;true;4,42;0;3,62
613;1;1,15;205;false;true;true;4,43;0;3,63
614;1;1,14;205;false;true;true;4,44;0;3,65
615;1;1,13;205;false;true;true;4,45;0;3,66
616;1;1,12;205;false;true;true;4,46;0;3,68
617;1;1,11;205;false;true;true;4,47;0;3,7
618;1,01;1,11;205;false;true;true;4,48;0;3,72
619;1,01;1,11;205;false;true;true;4,5;0;3,74
620;1,01;1,1;205;false;true;true;4,51;0;3,76
621;1,01;1,11;205;false;true;true;4,53;0;3,79
622;1,01;1,11;205;false;true;true;4,54;0;3,82
623;1,01;1,13;205;false;true;true;4,57;0;3,86
624;1,01;1,14;205;false;true;true;4,59;0;3,91
625;1,01;1,19;205;false;true;true;4,63;0;3,97
626;1,01;1,25;205;false;true;true;4,67;0;4,07
627;1,01;1,39;205;false;true;true;4,74;0;4,24
628;1,02;1,47;204;false;true;true;4,25;0;3,41
629;1,02;1,37;204;false;true;true;4,22;0;3,42
630;1,02;1,29;204;false;true;true;4,18;0;3,43
631;1,02;1,24;204;false;true;true;4,16;0;3,44
632;1,02;1,19;204;false;true;true;4,18;0;3,45
633;1,02;1,16;204;false;true;true;4,2;0;3,46
634;1,02;1,13;204;false;true;true;4,21;0;3,47
635;1,02;1,11;204;false;true;true;4,23;0;3,48
636;1,02;1,08;204;false;true;true;4,24;0;3,49
637;1,02;1,06;204;false;true;true;4,24;0;3,5
638;1,03;1,04;204;false;true;true;4,25;0;3,51
639;1,03;1,03;204;false;true;true;4,26;0;3,52
640;1,03;1,01;204;false;true;true;4,26;0;3,52
641;1,03;1;204;false;true;true;4,26;0;3,53
642;1,03;0,98;204;false;true;true;4,27;0;3,54
643;1,03;0,97;204;false;true;true;4,27;0;3,55
644;1,03;0,96;204;false;true;true;4,27;0;3,56
645;1,03;0,94;204;false;true;true;4,27;0;3,57
646;1,03;0,93;204;false;true;true;4,28;0;3,58
647;1,03;0,92;204;false;true;true;4,28;0;3,58
648;1,04;0,91;204;false;true;true;4,28;0;3,59
649;1,04;0,91;204;false;true;true;4,29;0;3,6
650;1,04;0,9;204;false;true;true;4,29;0;3,61
651;1,04;0,89;204;false;true;true;4,29;0;3,62
652;1,04;0,88;204;false;true;true;4,29;0;3,63
653;1,04;0,87;204;false;true;true;4,3;0;3,64
654;1,04;0,86;204;false;true;true;4,3;0;3,65
655;1,04;0,85;204;false;true;true;4,3;0;3,66
656;1,04;0,85;204;false;true;true;4,31;0;3,67
657;1,04;0,84;204;false;true;true;4,31;0;3,68
658;1,05;0,84;204;false;true;true;4,32;0;3,69
659;1,05;0,83;204;false;true;true;4,32;0;3,7
660;1,05;0,82;204;false;true;true;4,33;0;3,71
661;1,05;0,82;204;false;true;true;4,33;0;3,73
662;1,05;0,81;204;false;true;true;4,34;0;3,74
663;1,05;0,81;204;false;true;true;4,35;0;3,75
664;1,05;0,81;204;false;true;true;4,35;0;3,76
665;1,05;0,8;204;false;true;true;4,36;0;3,78
666;1,05;0,8;204;false;true;true;4,37;0;3,79
667;1,05;0,79;204;false;true;true;4,37;0;3,81
668;1,06;0,79;204;false;true;true;4,38;0;3,83
669;1,06;0,79;204;false;true;true;4,4;0;3,84
670;1,06;0,79;204;false;true;true;4,41;0;3,86
671;1,06;0,79;204;false;true;true;4,42;0;3,88
672;1,06;0,8;204;false;true;true;4,44;0;3,91
673;1,06;0,8;204;false;true;true;4,46;0;3,93
674;1,06;0,81;204;false;true;true;4,48;0;3,96
675;1,06;0,82;204;false;true;true;4,5;0;3,99
676;1,06;0,84;204;false;true;true;4,53;0;4,03
677;1,07;0,85;204;false;true;true;4,55;0;4,07
678;1,07;0,88;204;false;true;true;4,6;0;4,12
679;1,07;0,92;204;false;true;true;4,64;0;4,19
680;1,07;0,97;204;false;true;true;4,69;0;4,29
681;1,07;1,08;204;false;true;true;4,76;0;4,43
682;1,07;1,24;203;false;true;true;4,43;0;3,8
683;1,07;1,19;203;false;true;true;4,37;0;3,86
684;1,07;1,19;203;false;true;true;4,35;0;3,95
685;1,07;1,25;203;false;true;true;4,37;0;4,09
686;1,08;1,3;202;false;true;true;3,91;0;3,32
687;1,08;1,2;202;false;true;true;3,86;0;3,34
688;1,08;1,15;202;false;true;true;3,85;0;3,36
689;1,08;1,1;202;false;true;true;3,86;0;3,37
690;1,08;1,06;202;false;true;true;3,91;0;3,39
691;1,08;1,03;202;false;true;true;3,95;0;3,4
692;1,08;1,01;202;false;true;true;3,99;0;3,41
693;1,08;0,98;202;false;true;true;4,01;0;3,42
694;1,08;0,95;202;false;true;true;4,03;0;3,43
695;1,08;0,94;202;false;true;true;4,04;0;3,44
696;1,09;0,92;202;false;true;true;4,06;0;3,45
697;1,09;0,9;202;false;true;true;4,06;0;3,46
698;1,09;0,89;202;false;true;true;4,07;0;3,47
699;1,09;0,87;202;false;true;true;4,08;0;3,48
700;1,09;0,85;202;false;true;true;4,08;0;3,49
701;1,09;0,84;202;false;true;true;4,09;0;3,5
702;1,09;0,83;202;false;true;true;4,1;0;3,51
703;1,09;0,82;202;false;true;true;4,1;0;3,52
704;1,09;0,81;202;false;true;true;4,11;0;3,53
705;1,09;0,8;202;false;true;true;4,11;0;3,54
706;1,1;0,79;202;false;true;true;4,11;0;3,55
707;1,1;0,78;202;false;true;true;4,12;0;3,56
708;1,1;0,77;202;false;true;true;4,13;0;3,57
709;1,1;0,76;202;false;true;true;4,13;0;3,58
710;1,1;0,76;202;false;true;true;4,14;0;3,59
711;1,1;0,75;202;false;true;true;4,14;0;3,6
712;1,1;0,74;202;false;true;true;4,14;0;3,61
713;1,1;0,74;202;false;true;true;4,15;0;3,62
714;1,1;0,73;202;false;true;true;4,15;0;3,63
715;1,1;0,73;202;false;true;true;4,16;0;3,64
716;1,11;0,72;202;false;true;true;4,17;0;3,65
717;1,11;0,71;202;false;true;true;4,17;0;3,66
718;1,11;0,71;202;false;true;true;4,18;0;3,67
719;1,11;0,7;202;false;true;true;4,19;0;3,69
720;1,11;0,7;202;false;true;true;4,2;0;3,7
721;1,11;0,7;202;false;true;true;4,21;0;3,71
722;1,11;0,7;202;false;true;true;4,21;0;3,73
723;1,11;0,7;202;false;true;true;4,23;0;3,75
724;1,11;0,7;202;false;true;true;4,24;0;3,76
725;1,12;0,7;202;false;true;true;4,25;0;3,78
726;1,12;0,7;202;false;true;true;4,26;0;3,8
727;1,12;0,7;202;false;true;true;4,28;0;3,83
728;1,12;0,71;202;false;true;true;4,3;0;3,85
729;1,12;0,72;202;false;true;true;4,32;0;3,88
730;1,12;0,74;202;false;true;true;4,34;0;3,92
731;1,12;0,76;202;false;true;true;4,38;0;3,97
732;1,12;0,8;202;false;true;true;4,41;0;4,03
733;1,12;0,86;202;false;true;true;4,46;0;4,12
734;1,12;0,98;202;false;true;true;4,53;0;4,28
735;1,12;1,02;201;false;true;true;4,12;0;3,51
736;1,13;0,95;201;false;true;true;4,04;0;3,53
737;1,13;0,9;201;false;true;true;3,99;0;3,54
738;1,13;0,86;201;false;true;true;3,96;0;3,56
739;1,13;0,83;201;false;true;true;3,99;0;3,57
740;1,13;0,81;201;false;true;true;4,02;0;3,58
741;1,13;0,8;201;false;true;true;4,05;0;3,6
742;1,13;0,78;201;false;true;true;4,07;0;3,61
743;1,13;0,77;201;false;true;true;4,08;0;3,62
744;1,13;0,76;201;false;true;true;4,1;0;3,64
745;1,13;0,75;201;false;true;true;4,12;0;3,65
746;1,14;0,74;201;false;true;true;4,13;0;3,67
747;1,14;0,73;201;false;true;true;4,14;0;3,68
748;1,14;0,73;201;false;true;true;4,16;0;3,7
749;1,14;0,73;201;false;true;true;4,17;0;3,72
750;1,14;0,73;201;false;true;true;4,19;0;3,74
751;1,14;0,74;201;false;true;true;4,21;0;3,77
752;1,14;0,74;201;false;true;true;4,23;0;3,8
753;1,14;0,76;201;false;true;true;4,26;0;3,84
754;1,14;0,78;201;false;true;true;4,29;0;3,88
755;1,14;0,83;201;false;true;true;4,33;0;3,95
756;1,15;0,91;201;false;true;true;4,39;0;4,06
757;1,15;1,03;200;false;true;true;4,13;0;3,33
758;1,15;0,93;200;false;true;true;4,03;0;3,33
759;1,15;0,86;200;false;true;true;3,97;0;3,33
760;1,15;0,8;200;false;true;true;3,94;0;3,34
761;1,15;0,76;200;false;true;true;3,92;0;3,34
762;1,15;0,73;200;false;true;true;3,91;0;3,34
763;1,15;0,71;200;false;true;true;3,91;0;3,35
764;1,15;0,7;200;false;true;true;3,9;0;3,35
765;1,15;0,68;200;false;true;true;3,9;0;3,35
766;1,16;0,66;200;false;true;true;3,89;0;3,36
767;1,16;0,65;200;false;true;true;3,89;0;3,36
768;1,16;0,64;200;false;true;true;3,88;0;3,37
769;1,16;0,63;200;false;true;true;3,88;0;3,37
770;1,16;0,62;200;false;true;true;3,87;0;3,37
771;1,16;0,61;200;false;true;true;3,87;0;3,38
772;1,16;0,6;200;false;true;true;3,87;0;3,38
773;1,16;0,6;200;false;true;true;3,86;0;3,39
774;1,16;0,59;200;false;true;true;3,86;0;3,39
775;1,16;0,58;200;false;true;true;3,86;0;3,39
776;1,17;0,58;200;false;true;true;3,86;0;3,4
777;1,17;0,57;200;false;true;true;3,86;0;3,4
778;1,17;0,56;200;false;true;true;3,86;0;3,41
779;1,17;0,56;200;false;true;true;3,85;0;3,41
780;1,17;0,55;200;false;true;true;3,86;0;3,42
781;1,17;0,54;200;false;true;true;3,85;0;3,42
782;1,17;0,54;200;false;true;true;3,86;0;3,43
783;1,17;0,54;200;false;true;true;3,85;0;3,43
784;1,17;0,53;200;false;true;true;3,86;0;3,43
785;1,17;0,52;200;false;true;true;3,85;0;3,44
786;1,18;0,53;200;false;true;true;3,86;0;3,45
787;1,18;0,52;200;false;true;true;3,86;0;3,45
788;1,18;0,52;200;false;true;true;3,86;0;3,46
789;1,18;0,51;200;false;true;true;3,86;0;3,46
790;1,18;0,51;200;false;true;true;3,86;0;3,47
791;1,18;0,5;200;false;true;true;3,86;0;3,47
792;1,18;0,5;200;false;true;true;3,87;0;3,48
793;1,18;0,5;200;false;true;true;3,87;0;3,48
794;1,18;0,49;200;false;true;true;3,87;0;3,49
795;1,18;0,49;200;false;true;true;3,87;0;3,5
796;1,19;0,49;200;false;true;true;3,88;0;3,5
797;1,19;0,49;200;false;true;true;3,88;0;3,51
798;1,19;0,49;200;false;true;true;3,88;0;3,52
799;1,19;0,48;200;false;true;true;3,89;0;3,53
800;1,19;0,48;200;false;true;true;3,89;0;3,53
801;1,19;0,48;200;false;true;true;3,9;0;3,54
802;1,19;0,48;200;false;true;true;3,9;0;3,55
803;1,19;0,48;200;false;true;true;3,91;0;3,56
804;1,19;0,48;200;false;true;true;3,91;0;3,57
805;1,2;0,48;200;false;true;true;3,92;0;3,58
806;1,2;0,48;200;false;true;true;3,93;0;3,59
807;1,2;0,48;200;false;true;true;3,93;0;3,6
808;1,2;0,48;200;false;true;true;3,94;0;3,61
809;1,2;0,48;200;false;true;true;3,96;0;3,62
810;1,2;0,48;200;false;true;true;3,96;0;3,64
811;1,2;0,49;200;false;true;true;3,98;0;3,65
812;1,2;0,49;200;false;true;true;3,98;0;3,67
813;1,2;0,5;200;false;true;true;4;0;3,69
814;1,2;0,5;200;false;true;true;4,01;0;3,71
815;1,21;0,51;200;false;true;true;4,03;0;3,73
816;1,21;0,52;200;false;true;true;4,05;0;3,76
817;1,21;0,53;200;false;true;true;4,08;0;3,79
818;1,21;0,55;200;false;true;true;4,1;0;3,82
819;1,21;0,57;200;false;true;true;4,13;0;3,86
820;1,21;0,59;200;false;true;true;4,16;0;3,92
821;1,21;0,63;200;false;true;true;4,2;0;3,98
822;1,21;0,7;200;false;true;true;4,26;0;4,07
823;1,21;0,79;200;false;true;true;4,33;0;4,21
824;1,21;0,98;200;false;true;true;4,44;0;4,45
825;1,22;1,08;199;false;true;true;4;0;3,73
826;1,22;1,19;198;false;true;true;3,47;0;2,98
827;1,22;1,02;198;false;true;true;3,28;0;2,99
828;1,22;0,9;198;false;true;true;3,2;0;3,01
829;1,22;0,83;198;false;true;true;3,24;0;3,02
830;1,22;0,77;198;false;true;true;3,3;0;3,03
831;1,22;0,73;198;false;true;true;3,35;0;3,04
832;1,22;0,7;198;false;true;true;3,38;0;3,05
833;1,22;0,68;198;false;true;true;3,42;0;3,06
834;1,22;0,65;198;false;true;true;3,43;0;3,07
835;1,23;0,63;198;false;true;true;3,45;0;3,07
836;1,23;0,62;198;false;true;true;3,46;0;3,08
837;1,23;0,61;198;false;true;true;3,48;0;3,09
838;1,23;0,59;198;false;true;true;3,48;0;3,09
839;1,23;0,58;198;false;true;true;3,49;0;3,1
840;1,23;0,57;198;false;true;true;3,49;0;3,1
841;1,23;0,57;198;false;true;true;3,5;0;3,11
842;1,23;0,56;198;false;true;true;3,5;0;3,11
843;1,23;0,55;198;false;true;true;3,5;0;3,12
844;1,23;0,54;198;false;true;true;3,5;0;3,12
845;1,24;0,54;198;false;true;true;3,51;0;3,13
846;1,24;0,54;198;false;true;true;3,51;0;3,13
847;1,24;0,53;198;false;true;true;3,52;0;3,14
848;1,24;0,53;198;false;true;true;3,52;0;3,14
849;1,24;0,52;198;false;true;true;3,52;0;3,15
850;1,24;0,52;198;false;true;true;3,53;0;3,15
851;1,24;0,52;198;false;true;true;3,53;0;3,16
852;1,24;0,51;198;false;true;true;3,53;0;3,17
853;1,24;0,51;198;false;true;true;3,53;0;3,17
854;1,24;0,5;198;false;true;true;3,53;0;3,18
855;1,25;0,5;198;false;true;true;3,54;0;3,18
856;1,25;0,5;198;false;true;true;3,54;0;3,19
857;1,25;0,5;198;false;true;true;3,55;0;3,19
858;1,25;0,49;198;false;true;true;3,55;0;3,2
859;1,25;0,49;198;false;true;true;3,55;0;3,21
860;1,25;0,49;198;false;true;true;3,56;0;3,21
861;1,25;0,49;198;false;true;true;3,56;0;3,22
862;1,25;0,49;198;false;true;true;3,57;0;3,23
863;1,25;0,48;198;false;true;true;3,57;0;3,24
864;1,25;0,48;198;false;true;true;3,58;0;3,24
865;1,25;0,49;198;false;true;true;3,58;0;3,25
866;1,26;0,48;198;false;true;true;3,59;0;3,26
867;1,26;0,48;198;false;true;true;3,6;0;3,27
868;1,26;0,48;198;false;true;true;3,6;0;3,28
869;1,26;0,49;198;false;true;true;3,61;0;3,29
870;1,26;0,49;198;false;true;true;3,62;0;3,31
871;1,26;0,49;198;false;true;true;3,63;0;3,32
872;1,26;0,5;198;false;true;true;3,65;0;3,34
873;1,26;0,51;198;false;true;true;3,66;0;3,36
874;1,26;0,52;198;false;true;true;3,68;0;3,38
875;1,26;0,53;198;false;true;true;3,7;0;3,41
876;1,27;0,55;198;false;true;true;3,72;0;3,44
877;1,27;0,58;198;false;true;true;3,75;0;3,49
878;1,27;0,62;198;false;true;true;3,78;0;3,55
879;1,27;0,7;198;false;true;true;3,84;0;3,64
880;1,27;0,85;198;false;true;true;3,91;0;3,83
881;1,27;0,83;197;false;true;true;3,46;0;2,99
882;1,27;0,76;197;false;true;true;3,38;0;3
883;1,27;0,71;197;false;true;true;3,32;0;3,01
884;1,27;0,68;197;false;true;true;3,29;0;3,02
885;1,27;0,65;197;false;true;true;3,33;0;3,02
886;1,28;0,63;197;false;true;true;3,35;0;3,03
887;1,28;0,61;197;false;true;true;3,37;0;3,04
888;1,28;0,59;197;false;true;true;3,38;0;3,04
889;1,28;0,58;197;false;true;true;3,4;0;3,04
890;1,28;0,57;197;false;true;true;3,4;0;3,05
891;1,28;0,56;197;false;true;true;3,41;0;3,05
892;1,28;0,55;197;false;true;true;3,41;0;3,06
893;1,28;0,54;197;false;true;true;3,42;0;3,06
894;1,28;0,53;197;false;true;true;3,42;0;3,06
895;1,28;0,53;197;false;true;true;3,42;0;3,07
896;1,29;0,52;197;false;true;true;3,43;0;3,07
897;1,29;0,51;197;false;true;true;3,43;0;3,07
898;1,29;0,5;197;false;true;true;3,43;0;3,08
899;1,29;0,5;197;false;true;true;3,43;0;3,08
900;1,29;0,49;197;false;true;true;3,43;0;3,08
901;1,29;0,49;197;false;true;true;3,43;0;3,08
902;1,29;0,48;197;false;true;true;3,43;0;3,09
903;1,29;0,48;197;false;true;true;3,43;0;3,09
904;1,29;0,47;197;false;true;true;3,43;0;3,09
905;1,29;0,47;197;false;true;true;3,43;0;3,1
906;1,3;0,47;197;false;true;true;3,43;0;3,1
907;1,3;0,46;197;false;true;true;3,44;0;3,1
908;1,3;0,46;197;false;true;true;3,44;0;3,1
909;1,3;0,46;197;false;true;true;3,44;0;3,11
910;1,3;0,45;197;false;true;true;3,43;0;3,11
911;1,3;0,45;197;false;true;true;3,44;0;3,11
912;1,3;0,44;197;false;true;true;3,44;0;3,11
913;1,3;0,44;197;false;true;true;3,44;0;3,12
914;1,3;0,44;197;false;true;true;3,44;0;3,12
915;1,3;0,43;197;false;true;true;3,44;0;3,12
916;1,31;0,43;197;false;true;true;3,44;0;3,12
917;1,31;0,43;197;false;true;true;3,44;0;3,13
918;1,31;0,43;197;false;true;true;3,44;0;3,13
919;1,31;0,42;197;false;true;true;3,44;0;3,13
920;1,31;0,42;197;false;true;true;3,44;0;3,14
921;1,31;0,42;197;false;true;true;3,44;0;3,14
922;1,31;0,42;197;false;true;true;3,45;0;3,14
923;1,31;0,41;197;false;true;true;3,44;0;3,14
924;1,31;0,41;197;false;true;true;3,44;0;3,15
925;1,32;0,41;197;false;true;true;3,44;0;3,15
926;1,32;0,4;197;false;true;true;3,44;0;3,15
927;1,32;0,4;197;false;true;true;3,45;0;3,15
928;1,32;0,4;197;false;true;true;3,45;0;3,16
929;1,32;0,4;197;false;true;true;3,45;0;3,16
930;1,32;0,4;197;false;true;true;3,45;0;3,16
931;1,32;0,39;197;false;true;true;3,45;0;3,16
932;1,32;0,39;197;false;true;true;3,45;0;3,17
933;1,32;0,39;197;false;true;true;3,45;0;3,17
934;1,32;0,38;197;false;true;true;3,45;0;3,17
935;1,33;0,39;197;false;true;true;3,46;0;3,18
936;1,33;0,38;197;false;true;true;3,46;0;3,18
937;1,33;0,38;197;false;true;true;3,46;0;3,18
938;1,33;0,38;197;false;true;true;3,46;0;3,19
939;1,33;0,38;197;false;true;true;3,46;0;3,19
940;1,33;0,38;197;false;true;true;3,47;0;3,19
941;1,33;0,37;197;false;true;true;3,47;0;3,19
942;1,33;0,37;197;false;true;true;3,46;0;3,2
943;1,33;0,37;197;false;true;true;3,47;0;3,2
944;1,33;0,37;197;false;true;true;3,47;0;3,21
945;1,34;0,37;197;false;true;true;3,48;0;3,21
946;1,34;0,37;197;false;true;true;3,47;0;3,21
947;1,34;0,37;197;false;true;true;3,48;0;3,22
948;1,34;0,36;197;false;true;true;3,48;0;3,22
949;1,34;0,37;197;false;true;true;3,48;0;3,23
950;1,34;0,36;197;false;true;true;3,48;0;3,23
951;1,34;0,36;197;false;true;true;3,49;0;3,23
952;1,34;0,36;197;false;true;true;3,49;0;3,24
953;1,34;0,36;197;false;true;true;3,49;0;3,24
954;1,34;0,36;197;false;true;true;3,5;0;3,25
955;1,35;0,36;197;false;true;true;3,5;0;3,25
956;1,35;0,36;197;false;true;true;3,51;0;3,26
957;1,35;0,36;197;false;true;true;3,51;0;3,27
958;1,35;0,36;197;false;true;true;3,52;0;3,27
959;1,35;0,36;197;false;true;true;3,52;0;3,28
960;1,35;0,36;197;false;true;true;3,53;0;3,29
961;1,35;0,37;197;false;true;true;3,54;0;3,3
962;1,35;0,37;197;false;true;true;3,54;0;3,31
963;1,35;0,37;197;false;true;true;3,55;0;3,32
964;1,35;0,38;197;false;true;true;3,56;0;3,33
965;1,36;0,38;197;false;true;true;3,57;0;3,34
966;1,36;0,39;197;false;true;true;3,58;0;3,35
967;1,36;0,4;197;false;true;true;3,6;0;3,37
968;1,36;0,4;197;false;true;true;3,61;0;3,39
969;1,36;0,42;197;false;true;true;3,62;0;3,41
970;1,36;0,43;197;false;true;true;3,64;0;3,44
971;1,36;0,46;197;false;true;true;3,67;0;3,48
972;1,36;0,49;197;false;true;true;3,7;0;3,53
973;1,36;0,54;197;false;true;true;3,74;0;3,6
974;1,36;0,64;197;false;true;true;3,8;0;3,73
975;1,37;0,75;196;false;true;true;3,38;0;2,98
976;1,37;0,67;196;false;true;true;3,29;0;2,99
977;1,37;0,62;196;false;true;true;3,23;0;2,99
978;1,37;0,58;196;false;true;true;3,21;0;3
979;1,37;0,56;196;false;true;true;3,24;0;3
980;1,37;0,54;196;false;true;true;3,26;0;3,01
981;1,37;0,52;196;false;true;true;3,28;0;3,01
982;1,37;0,5;196;false;true;true;3,29;0;3,02
983;1,37;0,49;196;false;true;true;3,31;0;3,02
984;1,37;0,48;196;false;true;true;3,31;0;3,02
985;1,38;0,47;196;false;true;true;3,32;0;3,03
986;1,38;0,46;196;false;true;true;3,32;0;3,03
987;1,38;0,45;196;false;true;true;3,32;0;3,03
988;1,38;0,45;196;false;true;true;3,33;0;3,03
989;1,38;0,44;196;false;true;true;3,33;0;3,04
990;1,38;0,43;196;false;true;true;3,33;0;3,04
991;1,38;0,43;196;false;true;true;3,33;0;3,04
992;1,38;0,42;196;false;true;true;3,33;0;3,04
993;1,38;0,42;196;false;true;true;3,34;0;3,05
994;1,38;0,42;196;false;true;true;3,33;0;3,05
995;1,38;0,41;196;false;true;true;3,34;0;3,05
996;1,39;0,41;196;false;true;true;3,34;0;3,05
997;1,39;0,4;196;false;true;true;3,33;0;3,05
998;1,39;0,4;196;false;true;true;3,34;0;3,05
999;1,39;0,4;196;false;true;true;3,34;0;3,06
1000;1,39;0,39;196;false;true;true;3,34;0;3,06
1001;1,39;0,39;196;false;true;true;3,34;0;3,06
1002;1,39;0,39;196;false;true;true;3,34;0;3,06
1003;1,39;0,38;196;false;true;true;3,34;0;3,06
1004;1,39;0,38;196;false;true;true;3,34;0;3,06
1005;1,39;0,38;196;false;true;true;3,34;0;3,06
1006;1,4;0,38;196;false;true;true;3,34;0;3,07
1007;1,4;0,37;196;false;true;true;3,34;0;3,07
1008;1,4;0,37;196;false;true;true;3,33;0;3,07
1009;1,4;0,37;196;false;true;true;3,34;0;3,07
1010;1,4;0,37;196;false;true;true;3,34;0;3,07
1011;1,4;0,36;196;false;true;true;3,34;0;3,07
1012;1,4;0,36;196;false;true;true;3,34;0;3,07
1013;1,4;0,36;196;false;true;true;3,34;0;3,07
1014;1,4;0,35;196;false;true;true;3,33;0;3,08
1015;1,4;0,35;196;false;true;true;3,33;0;3,08
1016;1,41;0,35;196;false;true;true;3,33;0;3,08
1017;1,41;0,35;196;false;true;true;3,34;0;3,08
1018;1,41;0,35;196;false;true;true;3,34;0;3,08
1019;1,41;0,34;196;false;true;true;3,33;0;3,08
1020;1,41;0,34;196;false;true;true;3,33;0;3,08
1021;1,41;0,33;196;false;true;true;3,33;0;3,08
1022;1,41;0,33;196;false;true;true;3,33;0;3,08
1023;1,41;0,33;196;false;true;true;3,33;0;3,09
1024;1,41;0,33;196;false;true;true;3,33;0;3,09
1025;1,41;0,32;196;false;true;true;3,33;0;3,09
1026;1,42;0,32;196;false;true;true;3,33;0;3,09
1027;1,42;0,32;196;false;true;true;3,33;0;3,09
1028;1,42;0,32;196;false;true;true;3,33;0;3,09
1029;1,42;0,32;196;false;true;true;3,33;0;3,09
1030;1,42;0,31;196;false;true;true;3,32;0;3,09
1031;1,42;0,31;196;false;true;true;3,32;0;3,09
1032;1,42;0,31;196;false;true;true;3,32;0;3,09
1033;1,42;0,3;196;false;true;true;3,32;0;3,09
1034;1,42;0,3;196;false;true;true;3,32;0;3,1
1035;1,42;0,3;196;false;true;true;3,32;0;3,1
1036;1,43;0,3;196;false;true;true;3,32;0;3,1
1037;1,43;0,29;196;false;true;true;3,32;0;3,1
1038;1,43;0,29;196;false;true;true;3,32;0;3,1
1039;1,43;0,29;196;false;true;true;3,32;0;3,1
1040;1,43;0,29;196;false;true;true;3,32;0;3,1
1041;1,43;0,28;196;false;true;true;3,32;0;3,1
1042;1,43;0,28;196;false;true;true;3,32;0;3,1
1043;1,43;0,28;196;false;true;true;3,32;0;3,1
1044;1,43;0,28;196;false;true;true;3,31;0;3,1
1045;1,43;0,28;196;false;true;true;3,32;0;3,1
1046;1,44;0,27;196;false;true;true;3,31;0;3,11
1047;1,44;0,27;196;false;true;true;3,31;0;3,11
1048;1,44;0,27;196;false;true;true;3,31;0;3,11
1049;1,44;0,27;196;false;true;true;3,32;0;3,11
1050;1,44;0,27;196;false;true;true;3,31;0;3,11
1051;1,44;0,27;196;false;true;true;3,31;0;3,11
1052;1,44;0,26;196;false;true;true;3,31;0;3,11
1053;1,44;0,26;196;false;true;true;3,31;0;3,11
1054;1,44;0,26;196;false;true;true;3,31;0;3,11
1055;1,45;0,26;196;false;true;true;3,31;0;3,11
1056;1,45;0,26;196;false;true;true;3,31;0;3,11
1057;1,45;0,26;196;false;true;true;3,31;0;3,11
1058;1,45;0,26;196;false;true;true;3,31;0;3,11
1059;1,45;0,26;196;false;true;true;3,31;0;3,12
1060;1,45;0,25;196;false;true;true;3,31;0;3,12
1061;1,45;0,25;196;false;true;true;3,31;0;3,12
1062;1,45;0,25;196;false;true;true;3,31;0;3,12
1063;1,45;0,25;196;false;true;true;3,31;0;3,12
1064;1,45;0,24;196;false;true;true;3,31;0;3,12
1065;1,46;0,25;196;false;true;true;3,31;0;3,12
1066;1,46;0,24;196;false;true;true;3,31;0;3,12
1067;1,46;0,24;196;false;true;true;3,31;0;3,12
1068;1,46;0,24;196;false;true;true;3,3;0;3,12
1069;1,46;0,24;196;false;true;true;3,31;0;3,12
1070;1,46;0,23;196;false;true;true;3,3;0;3,12
1071;1,46;0,24;196;false;true;true;3,31;0;3,12
1072;1,46;0,23;196;false;true;true;3,3;0;3,13
1073;1,46;0,23;196;false;true;true;3,3;0;3,13
1074;1,46;0,23;196;false;true;true;3,3;0;3,13
1075;1,47;0,23;196;false;true;true;3,3;0;3,13
1076;1,47;0,22;196;false;true;true;3,3;0;3,13
1077;1,47;0,22;196;false;true;true;3,3;0;3,13
1078;1,47;0,22;196;false;true;true;3,3;0;3,13
1079;1,47;0,22;196;false;true;true;3,3;0;3,13
1080;1,47;0,22;196;false;true;true;3,3;0;3,13
1081;1,47;0,22;196;false;true;true;3,3;0;3,13
1082;1,47;0,22;196;false;true;true;3,3;0;3,13
1083;1,47;0,21;196;false;true;true;3,3;0;3,13
1084;1,47;0,21;196;false;true;true;3,29;0;3,13
1085;1,48;0,21;196;false;true;true;3,3;0;3,13
1086;1,48;0,21;196;false;true;true;3,3;0;3,14
1087;1,48;0,21;196;false;true;true;3,3;0;3,14
1088;1,48;0,2;196;false;true;true;3,29;0;3,14
1089;1,48;0,2;196;false;true;true;3,29;0;3,14
1090;1,48;0,2;196;false;true;true;3,29;0;3,14
1091;1,48;0,2;196;false;true;true;3,29;0;3,14
1092;1,48;0,2;196;false;true;true;3,29;0;3,14
1093;1,48;0,2;196;false;true;true;3,29;0;3,14
1094;1,48;0,2;196;false;true;true;3,29;0;3,14
1095;1,49;0,2;196;false;true;true;3,29;0;3,14
1096;1,49;0,19;196;false;true;true;3,29;0;3,14
1097;1,49;0,19;196;false;true;true;3,29;0;3,14
1098;1,49;0,19;196;false;true;true;3,29;0;3,14
1099;1,49;0,19;196;false;true;true;3,29;0;3,15
1100;1,49;0,19;196;false;true;true;3,29;0;3,15
1101;1,49;0,19;196;false;true;true;3,29;0;3,15
1102;1,49;0,19;196;false;true;true;3,29;0;3,15
1103;1,49;0,19;196;false;true;true;3,29;0;3,15
1104;1,49;0,18;196;false;true;true;3,29;0;3,15
1105;1,5;0,18;196;false;true;true;3,29;0;3,15
1106;1,5;0,18;196;false;true;true;3,29;0;3,15
1107;1,5;0,18;196;false;true;true;3,29;0;3,15
1108;1,5;0,18;196;false;true;true;3,29;0;3,15
1109;1,5;0,18;196;false;true;true;3,29;0;3,15
1110;1,5;0,18;196;false;true;true;3,29;0;3,15
1111;1,5;0,17;196;false;true;true;3,29;0;3,15
1112;1,5;0,18;196;false;true;true;3,29;0;3,16
1113;1,5;0,18;196;false;true;true;3,29;0;3,16
1114;1,5;0,17;196;false;true;true;3,29;0;3,16
1115;1,5;0,17;196;false;true;true;3,29;0;3,16
1116;1,51;0,17;196;false;true;true;3,29;0;3,16
1117;1,51;0,17;196;false;true;true;3,29;0;3,16
1118;1,51;0,17;196;false;true;true;3,29;0;3,16
1119;1,51;0,17;196;false;true;true;3,29;0;3,16
1120;1,51;0,17;196;false;true;true;3,29;0;3,16
1121;1,51;0,17;196;false;true;true;3,29;0;3,16
1122;1,51;0,17;196;false;true;true;3,29;0;3,16
1123;1,51;0,16;196;false;true;true;3,29;0;3,16
1124;1,51;0,16;196;false;true;true;3,29;0;3,17
1125;1,51;0,16;196;false;true;true;3,29;0;3,17
1126;1,52;0,16;196;false;true;true;3,29;0;3,17
1127;1,52;0,16;196;false;true;true;3,29;0;3,17
1128;1,52;0,16;196;false;true;true;3,29;0;3,17
1129;1,52;0,16;196;false;true;true;3,29;0;3,17
1130;1,52;0,16;196;false;true;true;3,29;0;3,17
1131;1,52;0,16;196;false;true;true;3,29;0;3,17
1132;1,52;0,16;196;false;true;true;3,29;0;3,17
1133;1,52;0,15;196;false;true;true;3,29;0;3,17
1134;1,52;0,15;196;false;true;true;3,29;0;3,17
1135;1,52;0,15;196;false;true;true;3,29;0;3,18
1136;1,53;0,15;196;false;true;true;3,29;0;3,18
1137;1,53;0,15;196;false;true;true;3,29;0;3,18
1138;1,53;0,15;196;false;true;true;3,29;0;3,18
1139;1,53;0,15;196;false;true;true;3,29;0;3,18
1140;1,53;0,15;196;false;true;true;3,29;0;3,18
1141;1,53;0,14;196;false;true;true;3,29;0;3,18
1142;1,53;0,15;196;false;true;true;3,29;0;3,18
1143;1,53;0,14;196;false;true;true;3,29;0;3,18
1144;1,53;0,14;196;false;true;true;3,29;0;3,18
1145;1,53;0,14;196;false;true;true;3,29;0;3,19
1146;1,54;0,14;196;false;true;true;3,29;0;3,19
1147;1,54;0,14;196;false;true;true;3,29;0;3,19
1148;1,54;0,14;196;false;true;true;3,29;0;3,19
1149;1,54;0,14;196;false;true;true;3,29;0;3,19
1150;1,54;0,14;196;false;true;true;3,29;0;3,19
1151;1,54;0,14;196;false;true;true;3,29;0;3,19
1152;1,54;0,14;196;false;true;true;3,3;0;3,19
1153;1,54;0,14;196;false;true;true;3,3;0;3,19
1154;1,54;0,14;196;false;true;true;3,3;0;3,2
1155;1,54;0,14;196;false;true;true;3,3;0;3,2
1156;1,55;0,14;196;false;true;true;3,3;0;3,2
1157;1,55;0,14;196;false;true;true;3,3;0;3,2
1158;1,55;0,14;196;false;true;true;3,3;0;3,2
1159;1,55;0,14;196;false;true;true;3,3;0;3,2
1160;1,55;0,14;196;false;true;true;3,3;0;3,2
1161;1,55;0,14;196;false;true;true;3,3;0;3,21
1162;1,55;0,14;196;false;true;true;3,31;0;3,21
1163;1,55;0,14;196;false;true;true;3,31;0;3,21
1164;1,55;0,14;196;false;true;true;3,31;0;3,21
1165;1,55;0,14;196;false;true;true;3,31;0;3,21
1166;1,56;0,14;196;false;true;true;3,31;0;3,21
1167;1,56;0,13;196;false;true;true;3,31;0;3,21
1168;1,56;0,13;196;false;true;true;3,31;0;3,22
1169;1,56;0,13;196;false;true;true;3,31;0;3,22
1170;1,56;0,13;196;false;true;true;3,31;0;3,22
1171;1,56;0,13;196;false;true;true;3,31;0;3,22
1172;1,56;0,13;196;false;true;true;3,32;0;3,22
1173;1,56;0,13;196;false;true;true;3,32;0;3,22
1174;1,56;0,13;196;false;true;true;3,32;0;3,23
1175;1,57;0,13;196;false;true;true;3,32;0;3,23
1176;1,57;0,13;196;false;true;true;3,32;0;3,23
1177;1,57;0,13;196;false;true;true;3,32;0;3,23
1178;1,57;0,13;196;false;true;true;3,32;0;3,24
1179;1,57;0,13;196;false;true;true;3,32;0;3,24
1180;1,57;0,13;196;false;true;true;3,33;0;3,24
1181;1,57;0,13;196;false;true;true;3,33;0;3,24
1182;1,57;0,13;196;false;true;true;3,33;0;3,24
1183;1,57;0,13;196;false;true;true;3,33;0;3,25
1184;1,57;0,13;196;false;true;true;3,34;0;3,25
1185;1,58;0,13;196;false;true;true;3,34;0;3,25
1186;1,58;0,13;196;false;true;true;3,34;0;3,26
1187;1,58;0,13;196;false;true;true;3,34;0;3,26
1188;1,58;0,13;196;false;true;true;3,35;0;3,26
1189;1,58;0,14;196;false;true;true;3,35;0;3,27
1190;1,58;0,14;196;false;true;true;3,36;0;3,27
1191;1,58;0,14;196;false;true;true;3,36;0;3,27
1192;1,58;0,14;196;false;true;true;3,36;0;3,28
1193;1,58;0,14;196;false;true;true;3,37;0;3,28
1194;1,58;0,14;196;false;true;true;3,37;0;3,29
1195;1,59;0,15;196;false;true;true;3,38;0;3,29
1196;1,59;0,15;196;false;true;true;3,38;0;3,3
1197;1,59;0,15;196;false;true;true;3,39;0;3,31
1198;1,59;0,15;196;false;true;true;3,39;0;3,31
1199;1,59;0,16;196;false;true;true;3,4;0;3,32
1200;1,59;0,16;196;false;true;true;3,41;0;3,33
1201;1,59;0,16;196;false;true;true;3,41;0;3,34
1202;1,59;0,17;196;false;true;true;3,42;0;3,35
1203;1,59;0,17;196;false;true;true;3,43;0;3,36
1204;1,59;0,18;196;false;true;true;3,44;0;3,37
1205;1,6;0,19;196;false;true;true;3,46;0;3,39
1206;1,6;0,2;196;false;true;true;3,47;0;3,41
1207;1,6;0,22;196;false;true;true;3,49;0;3,44
1208;1,6;0,25;196;false;true;true;3,52;0;3,47
1209;1,6;0,27;196;false;true;true;3,54;0;3,52
1210;1,6;0,32;196;false;true;true;3,58;0;3,58
1211;1,6;0,41;196;false;true;true;3,63;0;3,69
1212;1,6;0,56;195;false;true;true;3,18;0;2,95
1213;1,6;0,49;195;false;true;true;3,1;0;2,96
1214;1,6;0,45;195;false;true;true;3,04;0;2,97
1215;1,61;0,41;195;false;true;true;3,04;0;2,98
1216;1,61;0,39;195;false;true;true;3,08;0;2,98
1217;1,61;0,37;195;false;true;true;3,11;0;2,99
1218;1,61;0,35;195;false;true;true;3,13;0;2,99
1219;1,61;0,34;195;false;true;true;3,14;0;3
1220;1,61;0,33;195;false;true;true;3,15;0;3
1221;1,61;0,32;195;false;true;true;3,16;0;3
1222;1,61;0,32;195;false;true;true;3,17;0;3,01
1223;1,61;0,31;195;false;true;true;3,18;0;3,01
1224;1,61;0,3;195;false;true;true;3,18;0;3,01
1225;1,62;0,3;195;false;true;true;3,18;0;3,01
1226;1,62;0,3;195;false;true;true;3,19;0;3,02
1227;1,62;0,29;195;false;true;true;3,19;0;3,02
1228;1,62;0,28;195;false;true;true;3,19;0;3,02
1229;1,62;0,28;195;false;true;true;3,19;0;3,02
1230;1,62;0,28;195;false;true;true;3,2;0;3,03
1231;1,62;0,28;195;false;true;true;3,2;0;3,03
1232;1,62;0,28;195;false;true;true;3,2;0;3,03
1233;1,62;0,27;195;false;true;true;3,2;0;3,03
1234;1,62;0,27;195;false;true;true;3,2;0;3,03
1235;1,62;0,27;195;false;true;true;3,2;0;3,04
1236;1,63;0,27;195;false;true;true;3,2;0;3,04
1237;1,63;0,26;195;false;true;true;3,2;0;3,04
1238;1,63;0,26;195;false;true;true;3,21;0;3,04
1239;1,63;0,26;195;false;true;true;3,21;0;3,04
1240;1,63;0,26;195;false;true;true;3,21;0;3,04
1241;1,63;0,25;195;false;true;true;3,21;0;3,04
1242;1,63;0,25;195;false;true;true;3,21;0;3,05
1243;1,63;0,25;195;false;true;true;3,21;0;3,05
1244;1,63;0,25;195;false;true;true;3,21;0;3,05
1245;1,63;0,24;195;false;true;true;3,21;0;3,05
1246;1,64;0,24;195;false;true;true;3,21;0;3,05
1247;1,64;0,24;195;false;true;true;3,21;0;3,05
1248;1,64;0,24;195;false;true;true;3,21;0;3,05
1249;1,64;0,24;195;false;true;true;3,22;0;3,05
1250;1,64;0,24;195;false;true;true;3,22;0;3,06
1251;1,64;0,23;195;false;true;true;3,22;0;3,06
1252;1,64;0,23;195;false;true;true;3,22;0;3,06
1253;1,64;0,23;195;false;true;true;3,22;0;3,06
1254;1,64;0,23;195;false;true;true;3,22;0;3,06
1255;1,64;0,23;195;false;true;true;3,22;0;3,06
1256;1,65;0,23;195;false;true;true;3,22;0;3,06
1257;1,65;0,23;195;false;true;true;3,22;0;3,06
1258;1,65;0,23;195;false;true;true;3,22;0;3,06
1259;1,65;0,22;195;false;true;true;3,22;0;3,06
1260;1,65;0,22;195;false;true;true;3,22;0;3,07
1261;1,65;0,22;195;false;true;true;3,22;0;3,07
1262;1,65;0,22;195;false;true;true;3,22;0;3,07
1263;1,65;0,22;195;false;true;true;3,22;0;3,07
1264;1,65;0,22;195;false;true;true;3,22;0;3,07
1265;1,65;0,21;195;false;true;true;3,22;0;3,07
1266;1,66;0,21;195;false;true;true;3,22;0;3,07
1267;1,66;0,21;195;false;true;true;3,22;0;3,07
1268;1,66;0,21;195;false;true;true;3,22;0;3,07
1269;1,66;0,21;195;false;true;true;3,22;0;3,07
1270;1,66;0,2;195;false;true;true;3,22;0;3,07
1271;1,66;0,2;195;false;true;true;3,22;0;3,07
1272;1,66;0,2;195;false;true;true;3,22;0;3,08
1273;1,66;0,2;195;false;true;true;3,23;0;3,08
1274;1,66;0,2;195;false;true;true;3,22;0;3,08
1275;1,66;0,2;195;false;true;true;3,22;0;3,08
1276;1,67;0,19;195;false;true;true;3,22;0;3,08
1277;1,67;0,19;195;false;true;true;3,22;0;3,08
1278;1,67;0,19;195;false;true;true;3,22;0;3,08
1279;1,67;0,19;195;false;true;true;3,22;0;3,08
1280;1,67;0,19;195;false;true;true;3,22;0;3,08
1281;1,67;0,18;195;false;true;true;3,22;0;3,08
1282;1,67;0,19;195;false;true;true;3,22;0;3,08
1283;1,67;0,18;195;false;true;true;3,22;0;3,08
1284;1,67;0,18;195;false;true;true;3,22;0;3,08
1285;1,67;0,18;195;false;true;true;3,22;0;3,08
1286;1,68;0,18;195;false;true;true;3,22;0;3,08
1287;1,68;0,18;195;false;true;true;3,22;0;3,09
1288;1,68;0,17;195;false;true;true;3,21;0;3,09
1289;1,68;0,17;195;false;true;true;3,21;0;3,09
1290;1,68;0,17;195;false;true;true;3,22;0;3,09
1291;1,68;0,17;195;false;true;true;3,21;0;3,09
1292;1,68;0,17;195;false;true;true;3,21;0;3,09
1293;1,68;0,17;195;false;true;true;3,21;0;3,09
1294;1,68;0,17;195;false;true;true;3,21;0;3,09
1295;1,68;0,17;195;false;true;true;3,21;0;3,09
1296;1,69;0,16;195;false;true;true;3,21;0;3,09
1297;1,69;0,17;195;false;true;true;3,22;0;3,09
1298;1,69;0,16;195;false;true;true;3,21;0;3,09
1299;1,69;0,16;195;false;true;true;3,21;0;3,09
1300;1,69;0,16;195;false;true;true;3,21;0;3,09
1301;1,69;0,16;195;false;true;true;3,21;0;3,09
1302;1,69;0,16;195;false;true;true;3,21;0;3,09
1303;1,69;0,16;195;false;true;true;3,21;0;3,09
1304;1,69;0,15;195;false;true;true;3,21;0;3,09
1305;1,7;0,16;195;false;true;true;3,21;0;3,1
1306;1,7;0,15;195;false;true;true;3,21;0;3,1
1307;1,7;0,15;195;false;true;true;3,21;0;3,1
1308;1,7;0,15;195;false;true;true;3,21;0;3,1
1309;1,7;0,15;195;false;true;true;3,21;0;3,1
1310;1,7;0,14;195;false;true;true;3,21;0;3,1
1311;1,7;0,15;195;false;true;true;3,21;0;3,1
1312;1,7;0,15;195;false;true;true;3,21;0;3,1
1313;1,7;0,14;195;false;true;true;3,21;0;3,1
1314;1,7;0,14;195;false;true;true;3,21;0;3,1
1315;1,71;0,14;195;false;true;true;3,21;0;3,1
1316;1,71;0,14;195;false;true;true;3,21;0;3,1
1317;1,71;0,14;195;false;true;true;3,21;0;3,1
1318;1,71;0,14;195;false;true;true;3,2;0;3,1
1319;1,71;0,14;195;false;true;true;3,21;0;3,1
1320;1,71;0,13;195;false;true;true;3,2;0;3,1
1321;1,71;0,13;195;false;true;true;3,2;0;3,1
1322;1,71;0,13;195;false;true;true;3,2;0;3,1
1323;1,71;0,13;195;false;true;true;3,2;0;3,1
1324;1,71;0,13;195;false;true;true;3,2;0;3,1
1325;1,72;0,13;195;false;true;true;3,2;0;3,1
1326;1,72;0,13;195;false;true;true;3,2;0;3,1
1327;1,72;0,13;195;false;true;true;3,2;0;3,11
1328;1,72;0,13;195;false;true;true;3,21;0;3,11
1329;1,72;0,13;195;false;true;true;3,2;0;3,11
1330;1,72;0,13;195;false;true;true;3,2;0;3,11
1331;1,72;0,13;195;false;true;true;3,2;0;3,11
1332;1,72;0,12;195;false;true;true;3,2;0;3,11
1333;1,72;0,12;195;false;true;true;3,2;0;3,11
1334;1,72;0,12;195;false;true;true;3,2;0;3,11
1335;1,73;0,12;195;false;true;true;3,2;0;3,11
1336;1,73;0,12;195;false;true;true;3,2;0;3,11
1337;1,73;0,12;195;false;true;true;3,2;0;3,11
1338;1,73;0,12;195;false;true;true;3,2;0;3,11
1339;1,73;0,12;195;false;true;true;3,2;0;3,11
1340;1,73;0,12;195;false;true;true;3,2;0;3,11
1341;1,73;0,12;195;false;true;true;3,2;0;3,11
1342;1,73;0,12;195;false;true;true;3,2;0;3,11
1343;1,73;0,11;195;false;true;true;3,2;0;3,11
1344;1,73;0,11;195;false;true;true;3,2;0;3,11
1345;1,74;0,11;195;false;true;true;3,2;0;3,11
1346;1,74;0,11;195;false;true;true;3,2;0;3,11
1347;1,74;0,11;195;false;true;true;3,2;0;3,11
1348;1,74;0,11;195;false;true;true;3,2;0;3,11
1349;1,74;0,11;195;false;true;true;3,2;0;3,11
1350;1,74;0,11;195;false;true;true;3,2;0;3,11
1351;1,74;0,11;195;false;true;true;3,2;0;3,11
1352;1,74;0,11;195;false;true;true;3,2;0;3,12
1353;1,74;0,1;195;false;true;true;3,19;0;3,12
1354;1,74;0,1;195;false;true;true;3,19;0;3,12
1355;1,75;0,1;195;false;true;true;3,19;0;3,12
1356;1,75;0,1;195;false;true;true;3,19;0;3,12
1357;1,75;0,1;195;false;true;true;3,19;0;3,12
1358;1,75;0,1;195;false;true;true;3,19;0;3,12
1359;1,75;0,1;195;false;true;true;3,19;0;3,12
1360;1,75;0,1;195;false;true;true;3,19;0;3,12
1361;1,75;0,1;195;false;true;true;3,19;0;3,12
1362;1,75;0,1;195;false;true;true;3,19;0;3,12
1363;1,75;0,1;195;false;true;true;3,2;0;3,12
1364;1,75;0,1;195;false;true;true;3,2;0;3,12
1365;1,75;0,1;195;false;true;true;3,19;0;3,12
1366;1,76;0,09;195;false;true;true;3,19;0;3,12
1367;1,76;0,1;195;false;true;true;3,19;0;3,12
1368;1,76;0,09;195;false;true;true;3,19;0;3,12
1369;1,76;0,09;195;false;true;true;3,19;0;3,12
1370;1,76;0,09;195;false;true;true;3,19;0;3,12
1371;1,76;0,09;195;false;true;true;3,19;0;3,12
1372;1,76;0,09;195;false;true;true;3,19;0;3,12
1373;1,76;0,09;195;false;true;true;3,2;0;3,12
1374;1,76;0,09;195;false;true;true;3,19;0;3,12
1375;1,76;0,09;195;false;true;true;3,19;0;3,12
1376;1,77;0,09;195;false;true;true;3,19;0;3,12
1377;1,77;0,09;195;false;true;true;3,19;0;3,12
1378;1,77;0,08;195;false;true;true;3,19;0;3,12
1379;1,77;0,09;195;false;true;true;3,19;0;3,12
1380;1,77;0,08;195;false;true;true;3,19;0;3,13
1381;1,77;0,08;195;false;true;true;3,19;0;3,13
1382;1,77;0,08;195;false;true;true;3,19;0;3,13
1383;1,77;0,08;195;false;true;true;3,19;0;3,13
1384;1,77;0,08;195;false;true;true;3,19;0;3,13
1385;1,77;0,08;195;false;true;true;3,19;0;3,13
1386;1,78;0,08;195;false;true;true;3,19;0;3,13
1387;1,78;0,08;195;false;true;true;3,19;0;3,13
1388;1,78;0,08;195;false;true;true;3,19;0;3,13
1389;1,78;0,08;195;false;true;true;3,19;0;3,13
1390;1,78;0,08;195;false;true;true;3,19;0;3,13
1391;1,78;0,08;195;false;true;true;3,19;0;3,13
1392;1,78;0,08;195;false;true;true;3,19;0;3,13
1393;1,78;0,07;195;false;true;true;3,19;0;3,13
1394;1,78;0,08;195;false;true;true;3,19;0;3,13
1395;1,78;0,08;195;false;true;true;3,19;0;3,13
1396;1,79;0,07;195;false;true;true;3,18;0;3,13
1397;1,79;0,07;195;false;true;true;3,18;0;3,13
1398;1,79;0,07;195;false;true;true;3,18;0;3,13
1399;1,79;0,07;195;false;true;true;3,18;0;3,13
1400;1,79;0,07;195;false;true;true;3,18;0;3,13
1401;1,79;0,07;195;false;true;true;3,19;0;3,13
1402;1,79;0,07;195;false;true;true;3,19;0;3,13
1403;1,79;0,07;195;false;true;true;3,19;0;3,13
1404;1,79;0,07;195;false;true;true;3,19;0;3,13
1405;1,79;0,07;195;false;true;true;3,19;0;3,13
1406;1,8;0,07;195;false;true;true;3,19;0;3,13
1407;1,8;0,07;195;false;true;true;3,19;0;3,13
1408;1,8;0,07;195;false;true;true;3,19;0;3,13
1409;1,8;0,07;195;false;true;true;3,19;0;3,13
1410;1,8;0,07;195;false;true;true;3,18;0;3,13
1411;1,8;0,06;195;false;true;true;3,18;0;3,13
1412;1,8;0,07;195;false;true;true;3,18;0;3,13
1413;1,8;0,06;195;false;true;true;3,18;0;3,14
1414;1,8;0,06;195;false;true;true;3,18;0;3,14
1415;1,8;0,06;195;false;true;true;3,18;0;3,14
1416;1,81;0,06;195;false;true;true;3,18;0;3,14
1417;1,81;0,06;195;false;true;true;3,18;0;3,14
1418;1,81;0,06;195;false;true;true;3,18;0;3,14
1419;1,81;0,06;195;false;true;true;3,18;0;3,14
1420;1,81;0,06;195;false;true;true;3,18;0;3,14
1421;1,81;0,06;195;false;true;true;3,18;0;3,14
1422;1,81;0,06;195;false;true;true;3,18;0;3,14
1423;1,81;0,06;195;false;true;true;3,18;0;3,14
1424;1,81;0,06;195;false;true;true;3,18;0;3,14
1425;1,82;0,06;195;false;true;true;3,18;0;3,14
1426;1,82;0,05;195;false;true;true;3,18;0;3,14
1427;1,82;0,06;195;false;true;true;3,18;0;3,14
1428;1,82;0,06;195;false;true;true;3,18;0;3,14
1429;1,82;0,06;195;false;true;true;3,18;0;3,14
1430;1,82;0,06;195;false;true;true;3,18;0;3,14
1431;1,82;0,05;195;false;true;true;3,18;0;3,14
1432;1,82;0,06;195;false;true;true;3,18;0;3,14
1433;1,82;0,06;195;false;true;true;3,18;0;3,14
1434;1,82;0,05;195;false;true;true;3,18;0;3,14
1435;1,83;0,05;195;false;true;true;3,18;0;3,14
1436;1,83;0,05;195;false;true;true;3,18;0;3,14
1437;1,83;0,05;195;false;true;true;3,18;0;3,14
1438;1,83;0,05;195;false;true;true;3,18;0;3,14
1439;1,83;0,05;195;false;true;true;3,18;0;3,14
1440;1,83;0,05;195;false;true;true;3,18;0;3,14
1441;1,83;0,05;195;false;true;true;3,18;0;3,14
1442;1,83;0,05;195;false;true;true;3,18;0;3,14
1443;1,83;0,05;195;false;true;true;3,18;0;3,14
1444;1,83;0,05;195;false;true;true;3,18;0;3,14
1445;1,84;0,05;195;false;true;true;3,18;0;3,14
1446;1,84;0,05;195;false;true;true;3,18;0;3,14
1447;1,84;0,05;195;false;true;true;3,18;0;3,14
1448;1,84;0,05;195;false;true;true;3,18;0;3,15
1449;1,84;0,05;195;false;true;true;3,18;0;3,15
1450;1,84;0,05;195;false;true;true;3,18;0;3,15
1451;1,84;0,05;195;false;true;true;3,18;0;3,15
1452;1,84;0,05;195;false;true;true;3,18;0;3,15
1453;1,84;0,04;195;false;true;true;3,18;0;3,15
1454;1,84;0,04;195;false;true;true;3,18;0;3,15
1455;1,85;0,04;195;false;true;true;3,18;0;3,15
1456;1,85;0,04;195;false;true;true;3,18;0;3,15
1457;1,85;0,04;195;false;true;true;3,18;0;3,15
1458;1,85;0,04;195;false;true;true;3,18;0;3,15
1459;1,85;0,04;195;false;true;true;3,18;0;3,15
1460;1,85;0,04;195;false;true;true;3,18;0;3,15
1461;1,85;0,04;195;false;true;true;3,18;0;3,15
1462;1,85;0,04;195;false;true;true;3,18;0;3,15
1463;1,85;0,04;195;false;true;true;3,18;0;3,15
1464;1,85;0,04;195;false;true;true;3,18;0;3,15
1465;1,86;0,04;195;false;true;true;3,18;0;3,15
1466;1,86;0,04;195;false;true;true;3,18;0;3,15
1467;1,86;0,04;195;false;true;true;3,18;0;3,15
1468;1,86;0,04;195;false;true;true;3,18;0;3,15
1469;1,86;0,04;195;false;true;true;3,18;0;3,15
1470;1,86;0,03;195;false;true;true;3,17;0;3,15
1471;1,86;0,04;195;false;true;true;3,18;0;3,15
1472;1,86;0,04;195;false;true;true;3,18;0;3,15
1473;1,86;0,04;195;false;true;true;3,18;0;3,15
1474;1,86;0,04;195;false;true;true;3,18;0;3,15
1475;1,87;0,04;195;false;true;true;3,18;0;3,15
1476;1,87;0,04;195;false;true;true;3,18;0;3,15
1477;1,87;0,04;195;false;true;true;3,18;0;3,15
1478;1,87;0,04;195;false;true;true;3,18;0;3,15
1479;1,87;0,03;195;false;true;true;3,18;0;3,15
1480;1,87;0,04;195;false;true;true;3,18;0;3,15
1481;1,87;0,04;195;false;true;true;3,18;0;3,15
1482;1,87;0,04;195;false;true;true;3,18;0;3,15
1483;1,87;0,04;195;false;true;true;3,18;0;3,15
1484;1,87;0,03;195;false;true;true;3,18;0;3,15
1485;1,88;0,03;195;false;true;true;3,18;0;3,16
1486;1,88;0,03;195;false;true;true;3,17;0;3,16
1487;1,88;0,03;195;false;true;true;3,18;0;3,16
1488;1,88;0,03;195;false;true;true;3,18;0;3,16
1489;1,88;0,03;195;false;true;true;3,18;0;3,16
1490;1,88;0,03;195;false;true;true;3,18;0;3,16
1491;1,88;0,03;195;false;true;true;3,18;0;3,16
1492;1,88;0,03;195;false;true;true;3,18;0;3,16
1493;1,88;0,03;195;false;true;true;3,18;0;3,16
1494;1,88;0,03;195;false;true;true;3,18;0;3,16
1495;1,88;0,03;195;false;true;true;3,17;0;3,16
1496;1,89;0,03;195;false;true;true;3,18;0;3,16
1497;1,89;0,03;195;false;true;true;3,18;0;3,16
1498;1,89;0,03;195;false;true;true;3,18;0;3,16
1499;1,89;0,03;195;false;true;true;3,18;0;3,16
1500;1,89;0,02;195;false;true;true;3,18;0;3,16
1501;1,89;0,02;195;false;true;true;3,18;0;3,16
1502;1,89;0,03;195;false;true;true;3,18;0;3,16
1503;1,89;0,03;195;false;true;true;3,18;0;3,16
1504;1,89;0,03;195;false;true;true;3,18;0;3,16
1505;1,89;0,03;195;false;true;true;3,18;0;3,16
1506;1,9;0,03;195;false;true;true;3,18;0;3,16
1507;1,9;0,03;195;false;true;true;3,18;0;3,16
1508;1,9;0,03;195;false;true;true;3,18;0;3,16
1509;1,9;0,02;195;false;true;true;3,18;0;3,16
1510;1,9;0,03;195;false;true;true;3,18;0;3,16
1511;1,9;0,03;195;false;true;true;3,18;0;3,16
1512;1,9;0,02;195;false;true;true;3,18;0;3,16
1513;1,9;0,03;195;false;true;true;3,18;0;3,16
1514;1,9;0,03;195;false;true;true;3,18;0;3,16
1515;1,9;0,03;195;false;true;true;3,18;0;3,16
1516;1,91;0,03;195;false;true;true;3,18;0;3,16
1517;1,91;0,02;195;false;true;true;3,18;0;3,16
1518;1,91;0,03;195;false;true;true;3,18;0;3,16
1519;1,91;0,02;195;false;true;true;3,18;0;3,16
1520;1,91;0,02;195;false;true;true;3,18;0;3,16
1521;1,91;0,02;195;false;true;true;3,18;0;3,16
1522;1,91;0,02;195;false;true;true;3,18;0;3,16
1523;1,91;0,02;195;false;true;true;3,18;0;3,17
1524;1,91;0,02;195;false;true;true;3,18;0;3,17
1525;1,91;0,02;195;false;true;true;3,18;0;3,17
1526;1,92;0,02;195;false;true;true;3,18;0;3,17
1527;1,92;0,02;195;false;true;true;3,18;0;3,17
1528;1,92;0,02;195;false;true;true;3,18;0;3,17
1529;1,92;0,02;195;false;true;true;3,18;0;3,17
1530;1,92;0,02;195;false;true;true;3,18;0;3,17
1531;1,92;0,02;195;false;true;true;3,18;0;3,17
1532;1,92;0,02;195;false;true;true;3,18;0;3,17
1533;1,92;0,02;195;false;true;true;3,18;0;3,17
1534;1,92;0,02;195;false;true;true;3,18;0;3,17
1535;1,92;0,02;195;false;true;true;3,18;0;3,17
1536;1,93;0,02;195;false;true;true;3,18;0;3,17
1537;1,93;0,02;195;false;true;true;3,18;0;3,17
1538;1,93;0,02;195;false;true;true;3,18;0;3,17
1539;1,93;0,02;195;false;true;true;3,19;0;3,17
1540;1,93;0,02;195;false;true;true;3,18;0;3,17
1541;1,93;0,02;195;false;true;true;3,18;0;3,17
1542;1,93;0,02;195;false;true;true;3,18;0;3,17
1543;1,93;0,02;195;false;true;true;3,18;0;3,17
1544;1,93;0,02;195;false;true;true;3,18;0;3,17
1545;1,93;0,02;195;false;true;true;3,18;0;3,17
1546;1,94;0,02;195;false;true;true;3,19;0;3,17
1547;1,94;0,02;195;false;true;true;3,19;0;3,17
1548;1,94;0,02;195;false;true;true;3,18;0;3,17
1549;1,94;0,02;195;false;true;true;3,18;0;3,17
1550;1,94;0,02;195;false;true;true;3,19;0;3,17
1551;1,94;0,02;195;false;true;true;3,19;0;3,17
1552;1,94;0,02;195;false;true;true;3,19;0;3,17
1553;1,94;0,02;195;false;true;true;3,19;0;3,17
1554;1,94;0,02;195;false;true;true;3,19;0;3,17
1555;1,95;0,02;195;false;true;true;3,19;0;3,17
1556;1,95;0,02;195;false;true;true;3,19;0;3,17
1557;1,95;0,02;195;false;true;true;3,18;0;3,17
1558;1,95;0,02;195;false;true;true;3,19;0;3,17
1559;1,95;0,02;195;false;true;true;3,19;0;3,17
1560;1,95;0,02;195;false;true;true;3,19;0;3,18
1561;1,95;0,02;195;false;true;true;3,19;0;3,18
1562;1,95;0,02;195;false;true;true;3,19;0;3,18
1563;1,95;0,02;195;false;true;true;3,19;0;3,18
1564;1,95;0,02;195;false;true;true;3,19;0;3,18
1565;1,96;0,02;195;false;true;true;3,19;0;3,18
1566;1,96;0,02;195;false;true;true;3,19;0;3,18
1567;1,96;0,02;195;false;true;true;3,19;0;3,18
1568;1,96;0,02;195;false;true;true;3,19;0;3,18
1569;1,96;0,02;195;false;true;true;3,19;0;3,18
1570;1,96;0,02;195;false;true;true;3,19;0;3,18
1571;1,96;0,02;195;false;true;true;3,19;0;3,18
1572;1,96;0,02;195;false;true;true;3,19;0;3,18
1573;1,96;0,02;195;false;true;true;3,19;0;3,18
1574;1,96;0,02;195;false;true;true;3,19;0;3,18
1575;1,97;0,02;195;false;true;true;3,19;0;3,18
1576;1,97;0,02;195;false;true;true;3,19;0;3,18
1577;1,97;0,01;195;false;true;true;3,19;0;3,18
1578;1,97;0,01;195;false;true;true;3,19;0;3,18
1579;1,97;0,02;195;false;true;true;3,19;0;3,18
1580;1,97;0,02;195;false;true;true;3,19;0;3,18
1581;1,97;0,02;195;false;true;true;3,19;0;3,18
1582;1,97;0,02;195;false;true;true;3,2;0;3,18
1583;1,97;0,02;195;false;true;true;3,19;0;3,18
1584;1,97;0,02;195;false;true;true;3,2;0;3,18
1585;1,98;0,02;195;false;true;true;3,19;0;3,18
1586;1,98;0,02;195;false;true;true;3,2;0;3,18
1587;1,98;0,02;195;false;true;true;3,2;0;3,18
1588;1,98;0,02;195;false;true;true;3,2;0;3,18
1589;1,98;0,02;195;false;true;true;3,19;0;3,18
1590;1,98;0,02;195;false;true;true;3,2;0;3,18
1591;1,98;0,02;195;false;true;true;3,2;0;3,18
1592;1,98;0,02;195;false;true;true;3,2;0;3,18
1593;1,98;0,02;195;false;true;true;3,19;0;3,18
1594;1,98;0,02;195;false;true;true;3,19;0;3,19
1595;1,99;0,02;195;false;true;true;3,2;0;3,19
1596;1,99;0,02;195;false;true;true;3,19;0;3,19
1597;1,99;0,02;195;false;true;true;3,2;0;3,19
1598;1,99;0,02;195;false;true;true;3,2;0;3,19
1599;1,99;0,02;195;false;true;true;3,2;0;3,19
1600;1,99;0,02;195;false;true;true;3,2;0;3,19
1601;1,99;0,02;195;false;true;true;3,2;0;3,19
1602;1,99;0,02;195;false;true;true;3,2;0;3,19
1603;1,99;0,02;195;false;true;true;3,2;0;3,19
1604;1,99;0,02;195;false;true;true;3,2;0;3,19
1605;2;0,02;195;false;true;true;3,2;0;3,19
1606;2;0,02;195;false;true;true;3,2;0;3,19
1607;2;0,02;195;false;true;true;3,2;0;3,19
1608;2;0,02;195;false;true;true;3,2;0;3,19
1609;2;0,02;195;false;true;true;3,2;0;3,19
1610;2;0,02;195;false;true;true;3,2;0;3,19
1611;2;0,02;195;false;true;true;3,2;0;3,19
1612;2;0,02;195;false;true;true;3,21;0;3,19
1613;2;0,02;195;false;true;true;3,2;0;3,19
1614;2;0,02;195;false;true;true;3,2;0;3,19
1615;2,01;0,02;195;false;true;true;3,2;0;3,19
1616;2,01;0,02;195;false;true;true;3,2;0;3,19
1617;2,01;0,02;195;false;true;true;3,2;0;3,19
1618;2,01;0,02;195;false;true;true;3,2;0;3,19
1619;2,01;0,01;195;false;true;true;3,2;0;3,19
1620;2,01;0,01;195;false;true;true;3,2;0;3,19
1621;2,01;0,02;195;false;true;true;3,2;0;3,19
1622;2,01;0,02;195;false;true;true;3,2;0;3,19
1623;2,01;0,02;195;false;true;true;3,2;0;3,19
1624;2,01;0,01;195;false;true;true;3,2;0;3,2
1625;2,02;0,01;195;false;true;true;3,2;0;3,2
1626;2,02;0,02;195;false;true;true;3,21;0;3,2
1627;2,02;0,02;195;false;true;true;3,21;0;3,2
1628;2,02;0,01;195;false;true;true;3,2;0;3,2
1629;2,02;0,01;195;false;true;true;3,2;0;3,2
1630;2,02;0,02;195;false;true;true;3,21;0;3,2
1631;2,02;0,02;195;false;true;true;3,21;0;3,2
1632;2,02;0,02;195;false;true;true;3,21;0;3,2
1633;2,02;0,02;195;false;true;true;3,21;0;3,2
1634;2,02;0,02;195;false;true;true;3,21;0;3,2
1635;2,03;0,02;195;false;true;true;3,21;0;3,2
1636;2,03;0,02;195;false;true;true;3,21;0;3,2
1637;2,03;0,01;195;false;true;true;3,21;0;3,2
1638;2,03;0,01;195;false;true;true;3,21;0;3,2
1639;2,03;0,02;195;false;true;true;3,21;0;3,2
1640;2,03;0,02;195;false;true;true;3,21;0;3,2
1641;2,03;0,02;195;false;true;true;3,21;0;3,2
1642;2,03;0,02;195;false;true;true;3,21;0;3,2
1643;2,03;0,02;195;false;true;true;3,21;0;3,2
1644;2,03;0,02;195;false;true;true;3,21;0;3,2
1645;2,04;0,02;195;false;true;true;3,21;0;3,2
1646;2,04;0,02;195;false;true;true;3,21;0;3,2
1647;2,04;0,02;195;false;true;true;3,21;0;3,2
1648;2,04;0,02;195;false;true;true;3,21;0;3,21
1649;2,04;0,02;195;false;true;true;3,21;0;3,21
1650;2,04;0,02;195;false;true;true;3,22;0;3,21
1651;2,04;0,02;195;false;true;true;3,22;0;3,21
1652;2,04;0,02;195;false;true;true;3,22;0;3,21
1653;2,04;0,02;195;false;true;true;3,22;0;3,21
1654;2,04;0,02;195;false;true;true;3,22;0;3,21
1655;2,05;0,02;195;false;true;true;3,22;0;3,21
1656;2,05;0,02;195;false;true;true;3,22;0;3,21
1657;2,05;0,02;195;false;true;true;3,22;0;3,21
1658;2,05;0,02;195;false;true;true;3,22;0;3,21
1659;2,05;0,02;195;false;true;true;3,22;0;3,21
1660;2,05;0,02;195;false;true;true;3,22;0;3,21
1661;2,05;0,02;195;false;true;true;3,23;0;3,21
1662;2,05;0,02;195;false;true;true;3,23;0;3,21
1663;2,05;0,02;195;false;true;true;3,23;0;3,21
1664;2,05;0,02;195;false;true;true;3,23;0;3,21
1665;2,06;0,02;195;false;true;true;3,23;0;3,22
1666;2,06;0,02;195;false;true;true;3,23;0;3,22
1667;2,06;0,02;195;false;true;true;3,23;0;3,22
1668;2,06;0,02;195;false;true;true;3,23;0;3,22
1669;2,06;0,02;195;false;true;true;3,23;0;3,22
1670;2,06;0,02;195;false;true;true;3,23;0;3,22
1671;2,06;0,02;195;false;true;true;3,23;0;3,22
1672;2,06;0,02;195;false;true;true;3,23;0;3,22
1673;2,06;0,03;195;false;true;true;3,24;0;3,22
1674;2,06;0,03;195;false;true;true;3,24;0;3,22
1675;2,07;0,02;195;false;true;true;3,23;0;3,22
1676;2,07;0,03;195;false;true;true;3,24;0;3,22
1677;2,07;0,03;195;false;true;true;3,24;0;3,22
1678;2,07;0,03;195;false;true;true;3,24;0;3,23
1679;2,07;0,02;195;false;true;true;3,24;0;3,23
1680;2,07;0,03;195;false;true;true;3,24;0;3,23
1681;2,07;0,02;195;false;true;true;3,24;0;3,23
1682;2,07;0,02;195;false;true;true;3,24;0;3,23
1683;2,07;0,02;195;false;true;true;3,24;0;3,23
1684;2,07;0,02;195;false;true;true;3,24;0;3,23
1685;2,08;0,03;195;false;true;true;3,24;0;3,23
1686;2,08;0,03;195;false;true;true;3,25;0;3,23
1687;2,08;0,03;195;false;true;true;3,25;0;3,23
1688;2,08;0,03;195;false;true;true;3,25;0;3,24
1689;2,08;0,03;195;false;true;true;3,25;0;3,24
1690;2,08;0,03;195;false;true;true;3,26;0;3,24
1691;2,08;0,04;195;false;true;true;3,26;0;3,24
1692;2,08;0,03;195;false;true;true;3,26;0;3,24
1693;2,08;0,03;195;false;true;true;3,26;0;3,24
1694;2,08;0,03;195;false;true;true;3,26;0;3,24
1695;2,09;0,03;195;false;true;true;3,26;0;3,25
1696;2,09;0,03;195;false;true;true;3,26;0;3,25
1697;2,09;0,03;195;false;true;true;3,26;0;3,25
1698;2,09;0,03;195;false;true;true;3,26;0;3,25
1699;2,09;0,03;195;false;true;true;3,27;0;3,25
1700;2,09;0,04;195;false;true;true;3,27;0;3,25
1701;2,09;0,04;195;false;true;true;3,27;0;3,26
1702;2,09;0,04;195;false;true;true;3,27;0;3,26
1703;2,09;0,04;195;false;true;true;3,28;0;3,26
1704;2,09;0,04;195;false;true;true;3,28;0;3,26
1705;2,1;0,05;195;false;true;true;3,29;0;3,26
1706;2,1;0,04;195;false;true;true;3,28;0;3,27
1707;2,1;0,05;195;false;true;true;3,29;0;3,27
1708;2,1;0,05;195;false;true;true;3,29;0;3,27
1709;2,1;0,05;195;false;true;true;3,29;0;3,27
1710;2,1;0,05;195;false;true;true;3,29;0;3,28
1711;2,1;0,05;195;false;true;true;3,3;0;3,28
1712;2,1;0,05;195;false;true;true;3,3;0;3,28
1713;2,1;0,05;195;false;true;true;3,3;0;3,29
1714;2,1;0,05;195;false;true;true;3,31;0;3,29
1715;2,11;0,06;195;false;true;true;3,31;0;3,3
1716;2,11;0,06;195;false;true;true;3,32;0;3,3
1717;2,11;0,06;195;false;true;true;3,32;0;3,31
1718;2,11;0,06;195;false;true;true;3,33;0;3,31
1719;2,11;0,07;195;false;true;true;3,34;0;3,32
1720;2,11;0,07;195;false;true;true;3,34;0;3,33
1721;2,11;0,08;195;false;true;true;3,35;0;3,33
1722;2,11;0,09;195;false;true;true;3,36;0;3,34
1723;2,11;0,09;195;false;true;true;3,37;0;3,35
1724;2,11;0,09;195;false;true;true;3,37;0;3,36
1725;2,12;0,11;195;false;true;true;3,39;0;3,38
1726;2,12;0,11;195;false;true;true;3,4;0;3,39
1727;2,12;0,13;195;false;true;true;3,42;0;3,41
1728;2,12;0,15;195;false;true;true;3,43;0;3,44
1729;2,12;0,17;195;false;true;true;3,46;0;3,47
1730;2,12;0,2;195;false;true;true;3,48;0;3,51
1731;2,12;0,25;195;false;true;true;3,52;0;3,57
1732;2,12;0,33;195;false;true;true;3,57;0;3,68
1733;2,12;0,48;194;false;true;true;3,1;0;2,92
1734;2,12;0,41;194;false;true;true;3,02;0;2,93
1735;2,12;0,37;194;false;true;true;2,97;0;2,93
1736;2,13;0,34;194;false;true;true;2,96;0;2,94
1737;2,13;0,31;194;false;true;true;2,99;0;2,94
1738;2,13;0,3;194;false;true;true;3,02;0;2,95
1739;2,13;0,29;194;false;true;true;3,03;0;2,95
1740;2,13;0,27;194;false;true;true;3,04;0;2,95
1741;2,13;0,27;194;false;true;true;3,06;0;2,96
1742;2,13;0,26;194;false;true;true;3,06;0;2,96
1743;2,13;0,26;194;false;true;true;3,07;0;2,96
1744;2,13;0,25;194;false;true;true;3,07;0;2,96
1745;2,13;0,25;194;false;true;true;3,08;0;2,96
1746;2,14;0,25;194;false;true;true;3,08;0;2,97
1747;2,14;0,24;194;false;true;true;3,09;0;2,97
1748;2,14;0,24;194;false;true;true;3,09;0;2,97
1749;2,14;0,24;194;false;true;true;3,09;0;2,97
1750;2,14;0,23;194;false;true;true;3,09;0;2,97
1751;2,14;0,23;194;false;true;true;3,1;0;2,97
1752;2,14;0,23;194;false;true;true;3,1;0;2,97
1753;2,14;0,23;194;false;true;true;3,1;0;2,97
1754;2,14;0,22;194;false;true;true;3,1;0;2,98
1755;2,14;0,22;194;false;true;true;3,1;0;2,98
1756;2,15;0,22;194;false;true;true;3,1;0;2,98
1757;2,15;0,22;194;false;true;true;3,11;0;2,98
1758;2,15;0,21;194;false;true;true;3,11;0;2,98
1759;2,15;0,21;194;false;true;true;3,11;0;2,98
1760;2,15;0,21;194;false;true;true;3,11;0;2,98
1761;2,15;0,21;194;false;true;true;3,11;0;2,98
1762;2,15;0,2;194;false;true;true;3,11;0;2,98
1763;2,15;0,2;194;false;true;true;3,11;0;2,98
1764;2,15;0,2;194;false;true;true;3,11;0;2,98
1765;2,15;0,2;194;false;true;true;3,11;0;2,98
1766;2,16;0,19;194;false;true;true;3,11;0;2,98
1767;2,16;0,19;194;false;true;true;3,11;0;2,98
1768;2,16;0,19;194;false;true;true;3,11;0;2,98
1769;2,16;0,19;194;false;true;true;3,11;0;2,99
1770;2,16;0,19;194;false;true;true;3,11;0;2,99
1771;2,16;0,19;194;false;true;true;3,11;0;2,99
1772;2,16;0,18;194;false;true;true;3,11;0;2,99
1773;2,16;0,18;194;false;true;true;3,11;0;2,99
1774;2,16;0,18;194;false;true;true;3,11;0;2,99
1775;2,16;0,18;194;false;true;true;3,11;0;2,99
1776;2,17;0,17;194;false;true;true;3,11;0;2,99
1777;2,17;0,17;194;false;true;true;3,11;0;2,99
1778;2,17;0,17;194;false;true;true;3,11;0;2,99
1779;2,17;0,17;194;false;true;true;3,11;0;2,99
1780;2,17;0,17;194;false;true;true;3,11;0;2,99
1781;2,17;0,17;194;false;true;true;3,11;0;2,99
1782;2,17;0,16;194;false;true;true;3,11;0;2,99
1783;2,17;0,16;194;false;true;true;3,11;0;2,99
1784;2,17;0,16;194;false;true;true;3,11;0;2,99
1785;2,17;0,16;194;false;true;true;3,11;0;2,99
1786;2,18;0,16;194;false;true;true;3,11;0;2,99
1787;2,18;0,15;194;false;true;true;3,1;0;2,99
1788;2,18;0,15;194;false;true;true;3,1;0;2,99
1789;2,18;0,15;194;false;true;true;3,1;0;2,99
1790;2,18;0,15;194;false;true;true;3,1;0;2,99
1791;2,18;0,15;194;false;true;true;3,1;0;2,99
1792;2,18;0,15;194;false;true;true;3,1;0;2,99
1793;2,18;0,14;194;false;true;true;3,1;0;2,99
1794;2,18;0,14;194;false;true;true;3,1;0;2,99
1795;2,18;0,14;194;false;true;true;3,1;0;2,99
1796;2,19;0,14;194;false;true;true;3,1;0;2,99
1797;2,19;0,14;194;false;true;true;3,1;0;2,99
1798;2,19;0,14;194;false;true;true;3,1;0;2,99
1799;2,19;0,14;194;false;true;true;3,1;0;2,99
1800;2,19;0,14;194;false;true;true;3,1;0;2,99
1801;2,19;0,13;194;false;true;true;3,09;0;2,99
1802;2,19;0,13;194;false;true;true;3,09;0;2,99
1803;2,19;0,13;194;false;true;true;3,09;0;2,99
1804;2,19;0,13;194;false;true;true;3,09;0;2,99
1805;2,19;0,13;194;false;true;true;3,09;0;2,99
1806;2,2;0,13;194;false;true;true;3,09;0;2,99
1807;2,2;0,13;194;false;true;true;3,09;0;2,99
1808;2,2;0,13;194;false;true;true;3,09;0;2,99
1809;2,2;0,12;194;false;true;true;3,09;0;2,99
1810;2,2;0,12;194;false;true;true;3,09;0;2,99
1811;2,2;0,12;194;false;true;true;3,09;0;2,99
1812;2,2;0,12;194;false;true;true;3,09;0;3
1813;2,2;0,12;194;false;true;true;3,09;0;3
1814;2,2;0,12;194;false;true;true;3,08;0;3
1815;2,2;0,12;194;false;true;true;3,08;0;3
1816;2,21;0,12;194;false;true;true;3,09;0;3
1817;2,21;0,12;194;false;true;true;3,08;0;3
1818;2,21;0,12;194;false;true;true;3,09;0;3
1819;2,21;0,11;194;false;true;true;3,08;0;3
1820;2,21;0,11;194;false;true;true;3,08;0;3
1821;2,21;0,11;194;false;true;true;3,08;0;3
1822;2,21;0,11;194;false;true;true;3,08;0;3
1823;2,21;0,11;194;false;true;true;3,08;0;3
1824;2,21;0,1;194;false;true;true;3,08;0;3
1825;2,21;0,11;194;false;true;true;3,08;0;3
1826;2,22;0,1;194;false;true;true;3,07;0;3
1827;2,22;0,1;194;false;true;true;3,08;0;3
1828;2,22;0,1;194;false;true;true;3,07;0;3
1829;2,22;0,1;194;false;true;true;3,08;0;3
1830;2,22;0,1;194;false;true;true;3,08;0;3
1831;2,22;0,1;194;false;true;true;3,07;0;3
1832;2,22;0,1;194;false;true;true;3,07;0;3
1833;2,22;0,1;194;false;true;true;3,07;0;3
1834;2,22;0,1;194;false;true;true;3,07;0;3
1835;2,22;0,09;194;false;true;true;3,07;0;3
1836;2,23;0,09;194;false;true;true;3,07;0;3
1837;2,23;0,1;194;false;true;true;3,07;0;3
1838;2,23;0,09;194;false;true;true;3,07;0;3
1839;2,23;0,1;194;false;true;true;3,07;0;3
1840;2,23;0,09;194;false;true;true;3,07;0;3
1841;2,23;0,09;194;false;true;true;3,07;0;3
1842;2,23;0,09;194;false;true;true;3,07;0;3
1843;2,23;0,09;194;false;true;true;3,07;0;3
1844;2,23;0,09;194;false;true;true;3,07;0;3
1845;2,23;0,09;194;false;true;true;3,07;0;3
1846;2,24;0,09;194;false;true;true;3,07;0;3
1847;2,24;0,09;194;false;true;true;3,07;0;3
1848;2,24;0,08;194;false;true;true;3,06;0;3
1849;2,24;0,08;194;false;true;true;3,06;0;3
1850;2,24;0,08;194;false;true;true;3,06;0;3
1851;2,24;0,08;194;false;true;true;3,06;0;3
1852;2,24;0,08;194;false;true;true;3,06;0;3
1853;2,24;0,08;194;false;true;true;3,06;0;3
1854;2,24;0,08;194;false;true;true;3,06;0;3
1855;2,24;0,08;194;false;true;true;3,06;0;3
1856;2,25;0,07;194;false;true;true;3,05;0;3
1857;2,25;0,08;194;false;true;true;3,06;0;3
1858;2,25;0,08;194;false;true;true;3,06;0;3
1859;2,25;0,07;194;false;true;true;3,06;0;3
1860;2,25;0,07;194;false;true;true;3,05;0;3
1861;2,25;0,07;194;false;true;true;3,06;0;3
1862;2,25;0,07;194;false;true;true;3,05;0;3
1863;2,25;0,07;194;false;true;true;3,05;0;3
1864;2,25;0,07;194;false;true;true;3,05;0;3
1865;2,26;0,07;194;false;true;true;3,05;0;3
1866;2,26;0,07;194;false;true;true;3,05;0;3
1867;2,26;0,07;194;false;true;true;3,05;0;3
1868;2,26;0,06;194;false;true;true;3,05;0;3
1869;2,26;0,07;194;false;true;true;3,05;0;3
1870;2,26;0,07;194;false;true;true;3,05;0;3
1871;2,26;0,07;194;false;true;true;3,05;0;3
1872;2,26;0,06;194;false;true;true;3,05;0;3
1873;2,26;0,06;194;false;true;true;3,05;0;3
1874;2,26;0,06;194;false;true;true;3,05;0;3
1875;2,27;0,06;194;false;true;true;3,05;0;3
1876;2,27;0,06;194;false;true;true;3,04;0;3
1877;2,27;0,06;194;false;true;true;3,05;0;3
1878;2,27;0,06;194;false;true;true;3,05;0;3
1879;2,27;0,06;194;false;true;true;3,05;0;3
1880;2,27;0,06;194;false;true;true;3,04;0;3
1881;2,27;0,06;194;false;true;true;3,04;0;3
1882;2,27;0,06;194;false;true;true;3,05;0;3
1883;2,27;0,06;194;false;true;true;3,04;0;3
1884;2,27;0,06;194;false;true;true;3,04;0;3
1885;2,28;0,06;194;false;true;true;3,04;0;3
1886;2,28;0,06;194;false;true;true;3,04;0;3
1887;2,28;0,06;194;false;true;true;3,04;0;3
1888;2,28;0,05;194;false;true;true;3,04;0;3
1889;2,28;0,05;194;false;true;true;3,04;0;3
1890;2,28;0,06;194;false;true;true;3,04;0;3
1891;2,28;0,06;194;false;true;true;3,04;0;3
1892;2,28;0,05;194;false;true;true;3,04;0;3
1893;2,28;0,05;194;false;true;true;3,04;0;3
1894;2,28;0,06;194;false;true;true;3,04;0;3
1895;2,29;0,05;194;false;true;true;3,04;0;3
1896;2,29;0,05;194;false;true;true;3,04;0;3
1897;2,29;0,05;194;false;true;true;3,04;0;3
1898;2,29;0,05;194;false;true;true;3,04;0;3
1899;2,29;0,05;194;false;true;true;3,04;0;3
1900;2,29;0,04;194;false;true;true;3,03;0;3
1901;2,29;0,04;194;false;true;true;3,03;0;3
1902;2,29;0,04;194;false;true;true;3,03;0;3
1903;2,29;0,04;194;false;true;true;3,03;0;3
1904;2,29;0,04;194;false;true;true;3,03;0;3
1905;2,3;0,05;194;false;true;true;3,03;0;3
1906;2,3;0,04;194;false;true;true;3,03;0;3
1907;2,3;0,04;194;false;true;true;3,03;0;3
1908;2,3;0,04;194;false;true;true;3,03;0;3
1909;2,3;0,04;194;false;true;true;3,03;0;3
1910;2,3;0,04;194;false;true;true;3,03;0;3
1911;2,3;0,04;194;false;true;true;3,03;0;3
1912;2,3;0,04;194;false;true;true;3,02;0;3
1913;2,3;0,04;194;false;true;true;3,03;0;3
1914;2,3;0,04;194;false;true;true;3,03;0;3
1915;2,31;0,04;194;false;true;true;3,03;0;3
1916;2,31;0,04;194;false;true;true;3,03;0;3
1917;2,31;0,03;194;false;true;true;3,02;0;3
1918;2,31;0,03;194;false;true;true;3,02;0;3
1919;2,31;0,03;194;false;true;true;3,03;0;3
1920;2,31;0,04;194;false;true;true;3,03;0;3
1921;2,31;0,03;194;false;true;true;3,02;0;3
1922;2,31;0,03;194;false;true;true;3,02;0;3
1923;2,31;0,03;194;false;true;true;3,02;0;3
1924;2,31;0,03;194;false;true;true;3,02;0;3
1925;2,32;0,03;194;false;true;true;3,02;0;3
1926;2,32;0,03;194;false;true;true;3,02;0;3
1927;2,32;0,03;194;false;true;true;3,02;0;3
1928;2,32;0,03;194;false;true;true;3,02;0;3
1929;2,32;0,03;194;false;true;true;3,02;0;3
1930;2,32;0,02;194;false;true;true;3,02;0;3
1931;2,32;0,02;194;false;true;true;3,02;0;3
1932;2,32;0,03;194;false;true;true;3,02;0;3
1933;2,32;0,03;194;false;true;true;3,02;0;3
1934;2,32;0,02;194;false;true;true;3,02;0;3
1935;2,33;220,43;194;true;true;true;0;221,23;0
1936;2,33;58,92;194;true;true;true;0;64,84;0
1937;2,33;57,72;194;true;true;true;0;56,81;0
1938;2,34;51,18;194;true;true;true;0;52,98;0
1939;2,34;49,08;194;true;true;true;0;47,58;0
1940;2,34;46,29;194;true;true;true;0;46,05;0
1941;2,34;44,48;194;true;true;true;0;44,09;0
1942;2,35;42,58;194;true;true;true;0;42,56;0
1943;2,35;41,03;194;true;true;true;0;40,82;0
1944;2,35;39,69;194;true;true;true;0;39,58;0
1945;2,36;38,56;194;true;true;true;0;39,59;0
1946;2,36;37,74;194;true;true;true;0;38,65;0
1947;2,36;37,04;194;true;true;true;0;37,82;0
1948;2,37;36,54;194;true;true;true;0;37,13;0
1949;2,37;35,98;194;true;true;true;0;36,16;0
1950;2,37;35,59;194;true;true;true;0;35,81;0
1951;2,37;35,33;194;true;true;true;0;35,51;0
1952;2,38;34,87;193;true;true;true;0;35,04;0
1953;2,38;33,48;192;true;true;true;0;33,95;0
1954;2,38;33,06;192;true;true;true;0;33,62;0
1955;2,39;32,8;192;true;true;true;0;33,32;0
1956;2,39;32,53;192;true;true;true;0;33,08;0
1957;2,39;32,28;192;true;true;true;0;32,82;0
1958;2,39;32,02;192;true;true;true;0;32,58;0
1959;2,4;31,78;192;true;true;true;0;32,33;0
1960;2,4;31,51;192;true;true;true;0;32,07;0
1961;2,4;31,24;192;true;true;true;0;31,8;0
1962;2,4;30,96;192;true;true;true;0;31,52;0
1963;2,41;30,64;192;true;true;true;0;30,09;0
1964;2,41;30,32;192;true;true;true;0;29,79;0
1965;2,41;29,95;192;true;true;true;0;29,38;0
1966;2,41;29,68;192;true;true;true;0;29,18;0
1967;2,42;29,34;192;true;true;true;0;28,93;0
1968;2,42;28,97;192;true;true;true;0;28,64;0
1969;2,42;28,57;192;true;true;true;0;28,32;0
1970;2,43;28,14;192;true;true;true;0;27,96;0
1971;2,43;27,7;192;true;true;true;0;27,58;0
1972;2,43;27,25;192;true;true;true;0;27,2;0
1973;2,43;26,79;192;true;true;true;0;26,82;0
1974;2,44;26,35;192;true;true;true;0;26,49;0
1975;2,44;25,95;192;true;true;true;0;26,2;0
1976;2,44;25,59;192;true;true;true;0;25,95;0
1977;2,45;25,24;192;true;true;true;0;24,95;0
1978;2,45;24,84;192;true;true;true;0;25;0
1979;2,45;24,67;192;true;true;true;0;24,96;0
1980;2,46;24,41;192;true;true;true;0;24,95;0
1981;2,46;24,21;192;true;true;true;0;24,86;0
1982;2,46;24,01;192;true;true;true;0;24,85;0
1983;2,46;23,83;192;true;true;true;0;24,83;0
1984;2,47;23,66;192;true;true;true;0;24,81;0
1985;2,47;23,49;192;true;true;true;0;24,79;0
1986;2,47;23,33;192;true;true;true;0;24,77;0
1987;2,48;23,17;192;true;true;true;0;24,75;0
1988;2,48;23,01;192;true;true;true;0;24,73;0
1989;2,48;22,86;192;true;true;true;0;24,71;0
1990;2,48;22,73;192;true;true;true;0;24,69;0
1991;2,49;22,62;192;true;true;true;0;24,66;0
1992;2,49;22,58;192;true;true;true;0;24,63;0
1993;2,49;22,59;192;true;true;true;0;24,59;0
1994;2,5;22,62;192;true;true;true;0;24,55;0
1995;2,5;22,65;192;true;true;true;0;24,49;0
1996;2,5;22,69;192;true;true;true;0;24,44;0
1997;2,51;22,74;192;true;true;true;0;24,37;0
1998;2,51;22,78;192;true;true;true;0;24,3;0
1999;2,51;22,82;192;true;true;true;0;24,22;0
2000;2,51;22,86;192;true;true;true;0;24,15;0
2001;2,52;22,89;192;true;true;true;0;24,07;0
2002;2,52;22,91;192;true;true;true;0;23,99;0
2003;2,52;22,92;192;true;true;true;0;23,91;0
2004;2,53;22,95;192;true;true;true;0;23,85;0
2005;2,53;23;192;true;true;true;0;23,82;0
2006;2,53;23,01;192;true;true;true;0;23,77;0
2007;2,54;23,04;192;true;true;true;0;23,73;0
2008;2,54;23,03;192;true;true;true;0;23,69;0
2009;2,54;23,04;192;true;true;true;0;23,67;0
2010;2,54;22,96;192;true;true;true;0;22,64;0
2011;2,55;22,95;192;true;true;true;0;22,65;0
2012;2,55;22,91;192;true;true;true;0;22,67;0
2013;2,55;22,88;192;true;true;true;0;22,68;0
2014;2,56;22,88;192;true;true;true;0;22,72;0
2015;2,56;22,89;192;true;true;true;0;22,76;0
2016;2,56;22,87;192;true;true;true;0;22,77;0
2017;2,57;22,85;192;true;true;true;0;22,78;0
2018;2,57;22,84;192;true;true;true;0;22,79;0
2019;2,57;22,82;192;true;true;true;0;22,8;0
2020;2,57;22,81;192;true;true;true;0;22,81;0
2021;2,58;22,79;192;true;true;true;0;22,82;0
2022;2,58;22,78;192;true;true;true;0;22,82;0
2023;2,58;22,76;192;true;true;true;0;22,82;0
2024;2,59;22,74;192;true;true;true;0;22,82;0
2025;2,59;22,72;192;true;true;true;0;22,82;0
2026;2,59;22,7;192;true;true;true;0;22,82;0
2027;2,59;22,68;192;true;true;true;0;22,81;0
2028;2,6;22,66;192;true;true;true;0;22,81;0
2029;2,6;22,63;192;true;true;true;0;22,8;0
2030;2,6;22,6;192;true;true;true;0;22,79;0
2031;2,6;22,58;192;true;true;true;0;22,78;0
2032;2,61;22,55;192;true;true;true;0;22,77;0
2033;2,61;22,51;192;true;true;true;0;22,75;0
2034;2,61;22,48;192;true;true;true;0;22,74;0
2035;2,61;22,44;192;true;true;true;0;22,72;0
2036;2,62;22,41;192;true;true;true;0;22,7;0
2037;2,62;22,37;192;true;true;true;0;22,68;0
2038;2,62;22,33;192;true;true;true;0;22,66;0
2039;2,62;22,28;192;true;true;true;0;23,14;0
2040;2,62;22,23;192;true;true;true;0;23,12;0
2041;2,63;22,19;192;true;true;true;0;23,1;0
2042;2,63;22,14;192;true;true;true;0;23,08;0
2043;2,63;22,08;192;true;true;true;0;23,05;0
2044;2,63;22,03;192;true;true;true;0;23,03;0
2045;2,63;21,98;192;true;true;true;0;23,01;0
2046;2,64;21,93;192;true;true;true;0;22,99;0
2047;2,64;21,87;192;true;true;true;0;22,97;0
2048;2,64;21,82;192;true;true;true;0;22,95;0
2049;2,64;21,77;192;true;true;true;0;22,94;0
2050;2,65;21,71;192;true;true;true;0;22,92;0
2051;2,65;21,66;192;true;true;true;0;22,91;0
2052;2,65;21,61;192;true;true;true;0;22,9;0
2053;2,66;21,56;192;true;true;true;0;22,88;0
2054;2,66;21,51;192;true;true;true;0;22,87;0
2055;2,66;21,46;192;true;true;true;0;22,86;0
2056;2,66;21,41;192;true;true;true;0;22,85;0
2057;2,67;21,37;192;true;true;true;0;22,84;0
2058;2,67;21,33;192;true;true;true;0;22,83;0
2059;2,67;21,29;192;true;true;true;0;22,81;0
2060;2,67;21,25;192;true;true;true;0;22,8;0
2061;2,68;21,22;192;true;true;true;0;22,78;0
2062;2,68;21,19;192;true;true;true;0;22,77;0
2063;2,68;21,16;192;true;true;true;0;22,75;0
2064;2,69;21,13;192;true;true;true;0;22,73;0
2065;2,69;21,11;192;true;true;true;0;22,71;0
2066;2,69;21,08;192;true;true;true;0;22,68;0
2067;2,69;21,06;192;true;true;true;0;22,66;0
2068;2,7;21,04;192;true;true;true;0;22,63;0
2069;2,7;21,02;192;true;true;true;0;22,6;0
2070;2,7;21;192;true;true;true;0;22,57;0
2071;2,7;20,98;192;true;true;true;0;22,54;0
2072;2,71;20,96;192;true;true;true;0;22,5;0
2073;2,71;20,94;192;true;true;true;0;22,47;0
2074;2,71;20,91;192;true;true;true;0;22,43;0
2075;2,72;20,89;192;true;true;true;0;22,39;0
2076;2,72;20,87;192;true;true;true;0;22,35;0
2077;2,72;20,84;192;true;true;true;0;22,31;0
2078;2,72;20,82;192;true;true;true;0;22,27;0
2079;2,73;20,82;192;true;true;true;0;22,25;0
2080;2,73;20,8;192;true;true;true;0;22,22;0
2081;2,73;20,78;192;true;true;true;0;22,18;0
2082;2,73;20,76;192;true;true;true;0;22,15;0
2083;2,73;20,74;192;true;true;true;0;22,11;0
2084;2,74;20,72;192;true;true;true;0;22,08;0
2085;2,74;20,7;192;true;true;true;0;22,05;0
2086;2,74;20,68;192;true;true;true;0;22,01;0
2087;2,74;20,66;192;true;true;true;0;21,98;0
2088;2,74;20,64;192;true;true;true;0;21,95;0
2089;2,75;20,63;192;true;true;true;0;21,92;0
2090;2,75;20,61;1