lengthMiddleSegment: 9575.605
step_energy: 0.05
electrostatic_force_factor: 1.0
spring_force_factor: 0.1
reject_force_factor: 2.0
distanceRejectRadius: 2393.90125
distanceSamePosition: 2393.90125
Iteration;time;energy;num nodes;reject force is enabled;spring force is enabled;electrostatic force is enabled;str_force;rep_force;elec_force
1;0;8,88;245;false;true;true;3,88;0;5,28
2;0,01;9,55;238;false;true;true;4,22;0;6,09
3;0,04;8,83;227;false;true;true;3,63;0;6,18
4;0,05;8,33;220;false;true;true;3,9;0;5,63
5;0,05;7,97;212;false;true;true;3,48;0;5,71
6;0,05;7,79;206;false;true;true;3,44;0;5,64
7;0,06;7,67;198;false;true;true;3,47;0;5,77
8;0,06;7,11;191;false;true;true;3,45;0;5,13
9;0,06;5,47;184;false;true;true;2,85;0;4
10;0,06;5,38;179;false;true;true;2,84;0;4,22
11;0,06;4,62;176;false;true;true;2,59;0;3,59
12;0,07;4,72;174;false;true;true;2,58;0;3,91
13;0,07;4,27;171;false;true;true;2,54;0;3,2
14;0,07;4,15;165;false;true;true;2,4;0;3,23
15;0,07;3,77;163;false;true;true;2,28;0;2,97
16;0,07;3,81;162;false;true;true;2,15;0;3,38
17;0,07;3,79;159;false;true;true;2,46;0;3,3
18;0,07;3,54;157;false;true;true;2,43;0;3,12
19;0,07;3,52;154;false;true;true;2,43;0;2,85
20;0,08;3,17;150;false;true;true;2,28;0;2,33
21;0,08;3,07;148;false;true;true;2,09;0;2,45
22;0,08;3,03;147;false;true;true;1,97;0;2,59
23;0,08;3,09;143;false;true;true;2,09;0;2,8
24;0,08;3,28;142;false;true;true;2,29;0;3,15
25;0,08;2,88;139;false;true;true;2,32;0;2,51
26;0,08;2,49;137;false;true;true;2,22;0;1,74
27;0,08;2,18;136;false;true;true;2,07;0;1,57
28;0,08;2,35;136;false;true;true;1,92;0;2,03
29;0,09;1,97;135;false;true;true;1,94;0;1,54
30;0,09;1,94;135;false;true;true;1,78;0;1,77
31;0,09;2,14;135;false;true;true;2,03;0;2,22
32;0,09;1,46;134;false;true;true;1,97;0;1,36
33;0,09;1,57;134;false;true;true;2,03;0;1,57
34;0,09;1,43;133;false;true;true;1,93;0;0,98
35;0,09;1,31;133;false;true;true;1,78;0;1,01
36;0,09;1,24;133;false;true;true;1,68;0;1,05
37;0,09;1,19;133;false;true;true;1,62;0;1,09
38;0,09;1,17;133;false;true;true;1,63;0;1,14
39;0,09;1,16;133;false;true;true;1,68;0;1,2
40;0,1;1,18;133;false;true;true;1,74;0;1,27
41;0,1;1,23;133;false;true;true;1,8;0;1,38
42;0,1;1,37;133;false;true;true;1,89;0;1,59
43;0,1;1,28;132;false;true;true;1,81;0;0,99
44;0,1;1,17;132;false;true;true;1,68;0;1,02
45;0,1;1,11;132;false;true;true;1,59;0;1,05
46;0,1;1,08;132;false;true;true;1,54;0;1,09
47;0,1;1,06;132;false;true;true;1,55;0;1,13
48;0,1;1,05;132;false;true;true;1,6;0;1,18
49;0,1;1,05;132;false;true;true;1,65;0;1,24
50;0,11;1,08;132;false;true;true;1,71;0;1,31
51;0,11;1,14;132;false;true;true;1,78;0;1,42
52;0,11;1,28;132;false;true;true;1,86;0;1,62
53;0,11;1,22;131;false;true;true;1,79;0;1,02
54;0,11;1,12;131;false;true;true;1,66;0;1,05
55;0,11;1,07;131;false;true;true;1,58;0;1,09
56;0,11;1,03;131;false;true;true;1,54;0;1,13
57;0,11;1,02;131;false;true;true;1,55;0;1,17
58;0,11;1,01;131;false;true;true;1,6;0;1,22
59;0,12;1,02;131;false;true;true;1,66;0;1,28
60;0,12;1,04;131;false;true;true;1,72;0;1,35
61;0,12;1,09;131;false;true;true;1,79;0;1,45
62;0,12;1,17;131;false;true;true;1,88;0;1,59
63;0,12;1,34;131;false;true;true;1,99;0;1,83
64;0,12;1,44;129;false;true;true;1,58;0;0,79
65;0,12;1,28;129;false;true;true;1,47;0;0,82
66;0,12;1,19;129;false;true;true;1,41;0;0,85
67;0,12;1,13;129;false;true;true;1,37;0;0,88
68;0,12;1,09;129;false;true;true;1,36;0;0,9
69;0,12;1,06;129;false;true;true;1,4;0;0,93
70;0,13;1,04;129;false;true;true;1,44;0;0,97
71;0,13;1,03;129;false;true;true;1,49;0;1
72;0,13;1,03;129;false;true;true;1,53;0;1,05
73;0,13;1,03;129;false;true;true;1,57;0;1,1
74;0,13;1,06;129;false;true;true;1,62;0;1,17
75;0,13;1,11;129;false;true;true;1,67;0;1,27
76;0,13;1,25;129;false;true;true;1,75;0;1,46
77;0,13;1,21;128;false;true;true;1,62;0;0,82
78;0,13;1,1;128;false;true;true;1,49;0;0,84
79;0,14;1,04;128;false;true;true;1,41;0;0,86
80;0,14;0,99;128;false;true;true;1,36;0;0,88
81;0,14;0,97;128;false;true;true;1,34;0;0,91
82;0,14;0,94;128;false;true;true;1,37;0;0,93
83;0,14;0,93;128;false;true;true;1,41;0;0,95
84;0,14;0,91;128;false;true;true;1,44;0;0,98
85;0,14;0,91;128;false;true;true;1,47;0;1,01
86;0,14;0,91;128;false;true;true;1,5;0;1,04
87;0,14;0,92;128;false;true;true;1,54;0;1,09
88;0,14;0,94;128;false;true;true;1,57;0;1,14
89;0,14;0,97;128;false;true;true;1,62;0;1,21
90;0,15;1,04;128;false;true;true;1,67;0;1,32
91;0,15;1,2;128;false;true;true;1,76;0;1,53
92;0,15;1,12;127;false;true;true;1,57;0;0,81
93;0,15;1,02;127;false;true;true;1,44;0;0,83
94;0,15;0,96;127;false;true;true;1,37;0;0,85
95;0,15;0,91;127;false;true;true;1,33;0;0,87
96;0,15;0,89;127;false;true;true;1,32;0;0,88
97;0,15;0,86;127;false;true;true;1,33;0;0,9
98;0,15;0,84;127;false;true;true;1,36;0;0,92
99;0,16;0,83;127;false;true;true;1,38;0;0,93
100;0,16;0,82;127;false;true;true;1,41;0;0,95
101;0,16;0,81;127;false;true;true;1,43;0;0,97
102;0,16;0,8;127;false;true;true;1,45;0;0,99
103;0,16;0,8;127;false;true;true;1,48;0;1,01
104;0,16;0,8;127;false;true;true;1,5;0;1,04
105;0,16;0,8;127;false;true;true;1,52;0;1,07
106;0,16;0,82;127;false;true;true;1,55;0;1,1
107;0,16;0,83;127;false;true;true;1,58;0;1,14
108;0,16;0,86;127;false;true;true;1,61;0;1,2
109;0,17;0,91;127;false;true;true;1,66;0;1,28
110;0,17;1;127;false;true;true;1,72;0;1,41
111;0,17;1,13;126;false;true;true;1,59;0;0,81
112;0,17;1;126;false;true;true;1,44;0;0,83
113;0,17;0,93;126;false;true;true;1,37;0;0,85
114;0,17;0,89;126;false;true;true;1,34;0;0,86
115;0,17;0,86;126;false;true;true;1,33;0;0,88
116;0,17;0,83;126;false;true;true;1,34;0;0,89
117;0,17;0,81;126;false;true;true;1,36;0;0,9
118;0,17;0,8;126;false;true;true;1,38;0;0,92
119;0,17;0,79;126;false;true;true;1,4;0;0,93
120;0,18;0,77;126;false;true;true;1,42;0;0,94
121;0,19;0,77;126;false;true;true;1,44;0;0,96
122;0,19;0,76;126;false;true;true;1,45;0;0,97
123;0,19;0,75;126;false;true;true;1,47;0;0,99
124;0,19;0,75;126;false;true;true;1,48;0;1,01
125;0,19;0,75;126;false;true;true;1,5;0;1,02
126;0,19;0,75;126;false;true;true;1,52;0;1,05
127;0,19;0,76;126;false;true;true;1,54;0;1,07
128;0,19;0,77;126;false;true;true;1,56;0;1,1
129;0,19;0,78;126;false;true;true;1,59;0;1,13
130;0,19;0,8;126;false;true;true;1,61;0;1,17
131;0,19;0,83;126;false;true;true;1,65;0;1,23
132;0,2;0,88;126;false;true;true;1,69;0;1,31
133;0,2;0,98;126;false;true;true;1,76;0;1,45
134;0,2;1,13;125;false;true;true;1,54;0;0,86
135;0,2;1,04;125;false;true;true;1,42;0;0,89
136;0,2;0,99;125;false;true;true;1,41;0;0,92
137;0,2;0,97;125;false;true;true;1,41;0;0,95
138;0,2;0,95;125;false;true;true;1,42;0;0,99
139;0,2;0,94;125;false;true;true;1,44;0;1,03
140;0,2;0,95;125;false;true;true;1,47;0;1,08
141;0,2;0,97;125;false;true;true;1,52;0;1,14
142;0,21;1,01;125;false;true;true;1,58;0;1,22
143;0,21;1,1;125;false;true;true;1,65;0;1,36
144;0,21;1,1;124;false;true;true;1,54;0;0,84
145;0,21;1,03;124;false;true;true;1,45;0;0,86
146;0,21;0,99;124;false;true;true;1,39;0;0,89
147;0,21;0,96;124;false;true;true;1,36;0;0,91
148;0,21;0,93;124;false;true;true;1,37;0;0,94
149;0,21;0,92;124;false;true;true;1,38;0;0,97
150;0,21;0,91;124;false;true;true;1,41;0;1
151;0,22;0,91;124;false;true;true;1,45;0;1,04
152;0,22;0,91;124;false;true;true;1,49;0;1,08
153;0,22;0,93;124;false;true;true;1,53;0;1,13
154;0,22;0,97;124;false;true;true;1,58;0;1,21
155;0,22;1,05;124;false;true;true;1,64;0;1,33
156;0,22;1,24;124;false;true;true;1,73;0;1,57
157;0,22;1,06;123;false;true;true;1,5;0;0,84
158;0,22;0,99;123;false;true;true;1,41;0;0,86
159;0,22;0,95;123;false;true;true;1,35;0;0,89
160;0,22;0,92;123;false;true;true;1,32;0;0,91
161;0,22;0,9;123;false;true;true;1,34;0;0,94
162;0,23;0,89;123;false;true;true;1,36;0;0,96
163;0,23;0,88;123;false;true;true;1,39;0;0,99
164;0,23;0,88;123;false;true;true;1,43;0;1,03
165;0,23;0,88;123;false;true;true;1,47;0;1,07
166;0,23;0,89;123;false;true;true;1,5;0;1,12
167;0,23;0,93;123;false;true;true;1,55;0;1,18
168;0,23;0,98;123;false;true;true;1,61;0;1,28
169;0,23;1,11;123;false;true;true;1,68;0;1,45
170;0,23;1,05;122;false;true;true;1,49;0;0,84
171;0,23;0,98;122;false;true;true;1,4;0;0,86
172;0,24;0,94;122;false;true;true;1,34;0;0,88
173;0,24;0,9;122;false;true;true;1,3;0;0,9
174;0,24;0,88;122;false;true;true;1,31;0;0,93
175;0,24;0,87;122;false;true;true;1,34;0;0,95
176;0,24;0,85;122;false;true;true;1,37;0;0,98
177;0,24;0,85;122;false;true;true;1,4;0;1,01
178;0,24;0,85;122;false;true;true;1,43;0;1,04
179;0,24;0,86;122;false;true;true;1,47;0;1,08
180;0,24;0,88;122;false;true;true;1,51;0;1,13
181;0,25;0,91;122;false;true;true;1,56;0;1,2
182;0,25;0,98;122;false;true;true;1,61;0;1,3
183;0,25;1,12;122;false;true;true;1,69;0;1,49
184;0,25;1,03;121;false;true;true;1,47;0;0,83
185;0,25;0,96;121;false;true;true;1,38;0;0,86
186;0,25;0,91;121;false;true;true;1,32;0;0,88
187;0,25;0,88;121;false;true;true;1,28;0;0,9
188;0,25;0,86;121;false;true;true;1,29;0;0,92
189;0,25;0,84;121;false;true;true;1,32;0;0,95
190;0,25;0,83;121;false;true;true;1,35;0;0,97
191;0,25;0,82;121;false;true;true;1,38;0;1
192;0,26;0,82;121;false;true;true;1,41;0;1,03
193;0,26;0,83;121;false;true;true;1,45;0;1,06
194;0,26;0,84;121;false;true;true;1,48;0;1,11
195;0,26;0,87;121;false;true;true;1,53;0;1,16
196;0,26;0,91;121;false;true;true;1,57;0;1,24
197;0,26;1;121;false;true;true;1,64;0;1,37
198;0,26;1,03;120;false;true;true;1,48;0;0,83
199;0,26;0,95;120;false;true;true;1,38;0;0,85
200;0,26;0,9;120;false;true;true;1,32;0;0,87
201;0,26;0,87;120;false;true;true;1,27;0;0,89
202;0,27;0,84;120;false;true;true;1,28;0;0,91
203;0,27;0,82;120;false;true;true;1,3;0;0,93
204;0,27;0,81;120;false;true;true;1,32;0;0,95
205;0,27;0,8;120;false;true;true;1,35;0;0,98
206;0,27;0,8;120;false;true;true;1,39;0;1,01
207;0,27;0,8;120;false;true;true;1,42;0;1,04
208;0,27;0,8;120;false;true;true;1,45;0;1,07
209;0,27;0,81;120;false;true;true;1,48;0;1,11
210;0,27;0,84;120;false;true;true;1,52;0;1,17
211;0,28;0,88;120;false;true;true;1,57;0;1,25
212;0,28;0,97;120;false;true;true;1,63;0;1,38
213;0,28;1;119;false;true;true;1,46;0;0,83
214;0,28;0,92;119;false;true;true;1,36;0;0,85
215;0,28;0,87;119;false;true;true;1,29;0;0,87
216;0,28;0,84;119;false;true;true;1,25;0;0,89
217;0,28;0,81;119;false;true;true;1,25;0;0,91
218;0,28;0,79;119;false;true;true;1,27;0;0,92
219;0,28;0,77;119;false;true;true;1,3;0;0,94
220;0,28;0,76;119;false;true;true;1,32;0;0,97
221;0,28;0,75;119;false;true;true;1,35;0;0,99
222;0,29;0,75;119;false;true;true;1,37;0;1,02
223;0,29;0,75;119;false;true;true;1,4;0;1,05
224;0,29;0,75;119;false;true;true;1,43;0;1,08
225;0,29;0,77;119;false;true;true;1,46;0;1,12
226;0,29;0,79;119;false;true;true;1,5;0;1,18
227;0,29;0,83;119;false;true;true;1,54;0;1,26
228;0,29;0,92;119;false;true;true;1,6;0;1,39
229;0,29;0,95;118;false;true;true;1,41;0;0,82
230;0,3;0,87;118;false;true;true;1,31;0;0,84
231;0,3;0,82;118;false;true;true;1,24;0;0,86
232;0,3;0,78;118;false;true;true;1,2;0;0,88
233;0,3;0,75;118;false;true;true;1,19;0;0,9
234;0,3;0,73;118;false;true;true;1,22;0;0,91
235;0,3;0,71;118;false;true;true;1,24;0;0,93
236;0,3;0,69;118;false;true;true;1,26;0;0,95
237;0,3;0,68;118;false;true;true;1,29;0;0,97
238;0,3;0,67;118;false;true;true;1,31;0;0,99
239;0,31;0,66;118;false;true;true;1,33;0;1,01
240;0,31;0,66;118;false;true;true;1,35;0;1,04
241;0,31;0,66;118;false;true;true;1,37;0;1,07
242;0,31;0,66;118;false;true;true;1,39;0;1,1
243;0,31;0,67;118;false;true;true;1,42;0;1,15
244;0,31;0,7;118;false;true;true;1,45;0;1,21
245;0,31;0,75;118;false;true;true;1,5;0;1,29
246;0,31;0,84;118;false;true;true;1,56;0;1,43
247;0,31;0,85;117;false;true;true;1,32;0;0,82
248;0,31;0,77;117;false;true;true;1,22;0;0,84
249;0,31;0,72;117;false;true;true;1,15;0;0,85
250;0,32;0,67;117;false;true;true;1,11;0;0,87
251;0,32;0,64;117;false;true;true;1,1;0;0,88
252;0,32;0,61;117;false;true;true;1,13;0;0,89
253;0,32;0,59;117;false;true;true;1,15;0;0,91
254;0,32;0,56;117;false;true;true;1,16;0;0,92
255;0,32;0,54;117;false;true;true;1,18;0;0,93
256;0,32;0,52;117;false;true;true;1,19;0;0,95
257;0,32;0,51;117;false;true;true;1,21;0;0,96
258;0,32;0,5;117;false;true;true;1,22;0;0,97
259;0,32;0,49;117;false;true;true;1,23;0;0,99
260;0,33;0,48;117;false;true;true;1,25;0;1
261;0,33;0,47;117;false;true;true;1,26;0;1,02
262;0,33;0,47;117;false;true;true;1,27;0;1,04
263;0,33;0,46;117;false;true;true;1,28;0;1,06
264;0,33;0,46;117;false;true;true;1,3;0;1,08
265;0,33;0,47;117;false;true;true;1,32;0;1,1
266;0,33;0,47;117;false;true;true;1,33;0;1,13
267;0,33;0,48;117;false;true;true;1,36;0;1,16
268;0,33;0,5;117;false;true;true;1,38;0;1,21
269;0,34;0,53;117;false;true;true;1,42;0;1,26
270;0,34;0,58;117;false;true;true;1,46;0;1,35
271;0,34;0,68;117;false;true;true;1,52;0;1,48
272;0,34;0,7;116;false;true;true;1,17;0;0,8
273;0,34;0,6;116;false;true;true;1,07;0;0,82
274;0,34;0,54;116;false;true;true;1;0;0,83
275;0,34;0,49;116;false;true;true;0,99;0;0,83
276;0,34;0,46;116;false;true;true;1;0;0,84
277;0,34;0,44;116;false;true;true;1,03;0;0,85
278;0,34;0,42;116;false;true;true;1,05;0;0,85
279;0,34;0,39;116;false;true;true;1,06;0;0,86
280;0,35;0,38;116;false;true;true;1,07;0;0,86
281;0,35;0,36;116;false;true;true;1,08;0;0,87
282;0,35;0,35;116;false;true;true;1,09;0;0,87
283;0,35;0,34;116;false;true;true;1,1;0;0,88
284;0,35;0,33;116;false;true;true;1,1;0;0,88
285;0,35;0,33;116;false;true;true;1,1;0;0,88
286;0,35;0,32;116;false;true;true;1,11;0;0,89
287;0,35;0,31;116;false;true;true;1,11;0;0,89
288;0,35;0,3;116;false;true;true;1,11;0;0,89
289;0,36;0,3;116;false;true;true;1,11;0;0,89
290;0,36;0,29;116;false;true;true;1,11;0;0,9
291;0,36;0,29;116;false;true;true;1,11;0;0,9
292;0,36;0,28;116;false;true;true;1,11;0;0,9
293;0,36;0,28;116;false;true;true;1,11;0;0,9
294;0,36;0,27;116;false;true;true;1,11;0;0,91
295;0,36;0,27;116;false;true;true;1,11;0;0,91
296;0,36;0,26;116;false;true;true;1,1;0;0,91
297;0,36;0,25;116;false;true;true;1,1;0;0,91
298;0,37;0,25;116;false;true;true;1,1;0;0,91
299;0,37;0,24;116;false;true;true;1,1;0;0,92
300;0,37;0,24;116;false;true;true;1,1;0;0,92
301;0,37;0,24;116;false;true;true;1,1;0;0,92
302;0,37;0,23;116;false;true;true;1,1;0;0,92
303;0,37;0,23;116;false;true;true;1,1;0;0,92
304;0,37;0,23;116;false;true;true;1,1;0;0,92
305;0,37;0,22;116;false;true;true;1,1;0;0,93
306;0,37;0,22;116;false;true;true;1,1;0;0,93
307;0,37;0,22;116;false;true;true;1,1;0;0,93
308;0,38;0,21;116;false;true;true;1,1;0;0,93
309;0,38;0,21;116;false;true;true;1,1;0;0,93
310;0,38;0,21;116;false;true;true;1,1;0;0,93
311;0,38;0,2;116;false;true;true;1,1;0;0,94
312;0,38;0,2;116;false;true;true;1,1;0;0,94
313;0,38;0,2;116;false;true;true;1,1;0;0,94
314;0,38;0,19;116;false;true;true;1,09;0;0,94
315;0,38;0,19;116;false;true;true;1,09;0;0,94
316;0,38;0,19;116;false;true;true;1,09;0;0,94
317;0,38;0,19;116;false;true;true;1,09;0;0,95
318;0,38;0,18;116;false;true;true;1,09;0;0,95
319;0,39;0,18;116;false;true;true;1,09;0;0,95
320;0,39;0,18;116;false;true;true;1,09;0;0,95
321;0,39;0,17;116;false;true;true;1,09;0;0,95
322;0,39;0,17;116;false;true;true;1,09;0;0,95
323;0,39;0,17;116;false;true;true;1,09;0;0,95
324;0,39;0,17;116;false;true;true;1,09;0;0,95
325;0,39;0,17;116;false;true;true;1,09;0;0,96
326;0,39;0,17;116;false;true;true;1,09;0;0,96
327;0,39;0,16;116;false;true;true;1,09;0;0,96
328;0,4;0,16;116;false;true;true;1,09;0;0,96
329;0,4;0,16;116;false;true;true;1,09;0;0,96
330;0,4;0,16;116;false;true;true;1,09;0;0,96
331;0,4;0,16;116;false;true;true;1,09;0;0,96
332;0,4;0,15;116;false;true;true;1,09;0;0,96
333;0,4;0,15;116;false;true;true;1,09;0;0,97
334;0,4;0,15;116;false;true;true;1,09;0;0,97
335;0,4;0,15;116;false;true;true;1,09;0;0,97
336;0,4;0,14;116;false;true;true;1,09;0;0,97
337;0,4;0,14;116;false;true;true;1,09;0;0,97
338;0,41;0,14;116;false;true;true;1,09;0;0,97
339;0,41;0,14;116;false;true;true;1,09;0;0,97
340;0,41;0,15;116;false;true;true;1,1;0;0,97
341;0,41;0,14;116;false;true;true;1,1;0;0,97
342;0,41;0,14;116;false;true;true;1,1;0;0,98
343;0,41;0,14;116;false;true;true;1,09;0;0,98
344;0,41;0,14;116;false;true;true;1,09;0;0,98
345;0,41;0,13;116;false;true;true;1,09;0;0,98
346;0,41;0,13;116;false;true;true;1,09;0;0,98
347;0,41;0,13;116;false;true;true;1,09;0;0,98
348;0,41;0,13;116;false;true;true;1,09;0;0,98
349;0,42;0,13;116;false;true;true;1,09;0;0,98
350;0,42;0,12;116;false;true;true;1,09;0;0,98
351;0,42;0,13;116;false;true;true;1,09;0;0,98
352;0,42;0,13;116;false;true;true;1,09;0;0,99
353;0,42;0,13;116;false;true;true;1,09;0;0,99
354;0,42;0,12;116;false;true;true;1,09;0;0,99
355;0,42;0,12;116;false;true;true;1,09;0;0,99
356;0,42;0,12;116;false;true;true;1,09;0;0,99
357;0,42;0,12;116;false;true;true;1,1;0;0,99
358;0,43;0,12;116;false;true;true;1,09;0;0,99
359;0,43;0,12;116;false;true;true;1,09;0;0,99
360;0,43;0,11;116;false;true;true;1,09;0;0,99
361;0,43;0,11;116;false;true;true;1,09;0;0,99
362;0,43;0,11;116;false;true;true;1,09;0;0,99
363;0,43;0,11;116;false;true;true;1,09;0;0,99
364;0,43;0,11;116;false;true;true;1,09;0;1
365;0,43;0,11;116;false;true;true;1,09;0;1
366;0,43;0,11;116;false;true;true;1,09;0;1
367;0,43;0,11;116;false;true;true;1,09;0;1
368;0,44;0,1;116;false;true;true;1,09;0;1
369;0,44;0,1;116;false;true;true;1,09;0;1
370;0,44;0,1;116;false;true;true;1,09;0;1
371;0,44;0,1;116;false;true;true;1,09;0;1
372;0,44;0,1;116;false;true;true;1,09;0;1
373;0,44;0,1;116;false;true;true;1,09;0;1
374;0,44;0,1;116;false;true;true;1,09;0;1
375;0,44;0,1;116;false;true;true;1,09;0;1
376;0,44;0,1;116;false;true;true;1,09;0;1
377;0,44;0,1;116;false;true;true;1,09;0;1,01
378;0,44;0,1;116;false;true;true;1,09;0;1,01
379;0,45;0,1;116;false;true;true;1,09;0;1,01
380;0,45;0,09;116;false;true;true;1,09;0;1,01
381;0,45;0,09;116;false;true;true;1,09;0;1,01
382;0,45;0,09;116;false;true;true;1,09;0;1,01
383;0,45;0,09;116;false;true;true;1,09;0;1,01
384;0,45;0,09;116;false;true;true;1,09;0;1,01
385;0,45;0,09;116;false;true;true;1,09;0;1,01
386;0,45;0,09;116;false;true;true;1,09;0;1,01
387;0,45;0,09;116;false;true;true;1,09;0;1,01
388;0,46;0,09;116;false;true;true;1,09;0;1,01
389;0,46;0,09;116;false;true;true;1,09;0;1,01
390;0,46;0,09;116;false;true;true;1,09;0;1,01
391;0,46;0,09;116;false;true;true;1,09;0;1,01
392;0,46;0,08;116;false;true;true;1,09;0;1,02
393;0,46;0,08;116;false;true;true;1,09;0;1,02
394;0,46;0,08;116;false;true;true;1,09;0;1,02
395;0,46;0,08;116;false;true;true;1,08;0;1,02
396;0,46;0,08;116;false;true;true;1,09;0;1,02
397;0,46;0,08;116;false;true;true;1,09;0;1,02
398;0,47;0,08;116;false;true;true;1,09;0;1,02
399;0,47;0,08;116;false;true;true;1,09;0;1,02
400;0,47;0,08;116;false;true;true;1,09;0;1,02
401;0,47;0,08;116;false;true;true;1,09;0;1,02
402;0,47;0,08;116;false;true;true;1,1;0;1,02
403;0,47;0,08;116;false;true;true;1,1;0;1,02
404;0,47;0,08;116;false;true;true;1,1;0;1,02
405;0,47;0,08;116;false;true;true;1,1;0;1,02
406;0,47;0,08;116;false;true;true;1,1;0;1,02
407;0,47;0,08;116;false;true;true;1,1;0;1,02
408;0,47;0,08;116;false;true;true;1,09;0;1,02
409;0,48;0,08;116;false;true;true;1,09;0;1,03
410;0,48;0,08;116;false;true;true;1,09;0;1,03
411;0,48;0,07;116;false;true;true;1,09;0;1,03
412;0,48;0,07;116;false;true;true;1,09;0;1,03
413;0,48;0,07;116;false;true;true;1,09;0;1,03
414;0,48;0,07;116;false;true;true;1,09;0;1,03
415;0,48;0,07;116;false;true;true;1,09;0;1,03
416;0,48;0,07;116;false;true;true;1,09;0;1,03
417;0,48;0,07;116;false;true;true;1,1;0;1,03
418;0,49;0,08;116;false;true;true;1,1;0;1,03
419;0,49;0,08;116;false;true;true;1,1;0;1,03
420;0,49;0,07;116;false;true;true;1,1;0;1,03
421;0,49;0,07;116;false;true;true;1,1;0;1,03
422;0,49;0,07;116;false;true;true;1,1;0;1,03
423;0,49;0,07;116;false;true;true;1,1;0;1,03
424;0,49;0,07;116;false;true;true;1,1;0;1,03
425;0,49;0,07;116;false;true;true;1,1;0;1,03
426;0,49;0,07;116;false;true;true;1,1;0;1,03
427;0,49;0,07;116;false;true;true;1,09;0;1,04
428;0,5;0,07;116;false;true;true;1,1;0;1,04
429;0,5;0,07;116;false;true;true;1,1;0;1,04
430;0,5;0,07;116;false;true;true;1,09;0;1,04
431;0,5;0,07;116;false;true;true;1,09;0;1,04
432;0,5;0,07;116;false;true;true;1,1;0;1,04
433;0,5;0,07;116;false;true;true;1,1;0;1,04
434;0,5;0,07;116;false;true;true;1,1;0;1,04
435;0,5;0,07;116;false;true;true;1,1;0;1,04
436;0,5;0,07;116;false;true;true;1,1;0;1,04
437;0,5;0,07;116;false;true;true;1,1;0;1,04
438;0,5;0,06;116;false;true;true;1,1;0;1,04
439;0,51;0,06;116;false;true;true;1,1;0;1,04
440;0,51;0,06;116;false;true;true;1,1;0;1,04
441;0,51;0,06;116;false;true;true;1,1;0;1,04
442;0,51;0,06;116;false;true;true;1,1;0;1,04
443;0,51;0,06;116;false;true;true;1,1;0;1,04
444;0,51;0,06;116;false;true;true;1,1;0;1,04
445;0,51;0,06;116;false;true;true;1,09;0;1,04
446;0,51;0,06;116;false;true;true;1,1;0;1,04
447;0,51;0,06;116;false;true;true;1,1;0;1,04
448;0,51;0,06;116;false;true;true;1,1;0;1,05
449;0,52;0,06;116;false;true;true;1,1;0;1,05
450;0,52;0,06;116;false;true;true;1,1;0;1,05
451;0,52;0,06;116;false;true;true;1,1;0;1,05
452;0,52;0,06;116;false;true;true;1,1;0;1,05
453;0,52;0,06;116;false;true;true;1,1;0;1,05
454;0,52;0,06;116;false;true;true;1,1;0;1,05
455;0,52;0,06;116;false;true;true;1,1;0;1,05
456;0,52;0,06;116;false;true;true;1,1;0;1,05
457;0,52;0,06;116;false;true;true;1,1;0;1,05
458;0,52;0,06;116;false;true;true;1,1;0;1,05
459;0,53;0,06;116;false;true;true;1,1;0;1,05
460;0,53;0,06;116;false;true;true;1,1;0;1,05
461;0,53;0,05;116;false;true;true;1,1;0;1,05
462;0,53;0,05;116;false;true;true;1,1;0;1,05
463;0,53;0,05;116;false;true;true;1,1;0;1,05
464;0,53;0,05;116;false;true;true;1,1;0;1,05
465;0,53;0,05;116;false;true;true;1,1;0;1,05
466;0,53;0,05;116;false;true;true;1,1;0;1,05
467;0,53;0,05;116;false;true;true;1,1;0;1,05
468;0,54;0,05;116;false;true;true;1,1;0;1,05
469;0,54;0,05;116;false;true;true;1,1;0;1,06
470;0,54;0,05;116;false;true;true;1,1;0;1,06
471;0,54;0,05;116;false;true;true;1,1;0;1,06
472;0,54;0,05;116;false;true;true;1,11;0;1,06
473;0,54;0,05;116;false;true;true;1,11;0;1,06
474;0,54;0,06;116;false;true;true;1,11;0;1,06
475;0,54;0,06;116;false;true;true;1,11;0;1,06
476;0,54;0,06;116;false;true;true;1,11;0;1,06
477;0,54;0,05;116;false;true;true;1,11;0;1,06
478;0,55;0,05;116;false;true;true;1,11;0;1,06
479;0,55;0,05;116;false;true;true;1,1;0;1,06
480;0,55;0,05;116;false;true;true;1,1;0;1,06
481;0,55;0,05;116;false;true;true;1,1;0;1,06
482;0,55;0,05;116;false;true;true;1,1;0;1,06
483;0,55;0,05;116;false;true;true;1,1;0;1,06
484;0,55;0,05;116;false;true;true;1,1;0;1,06
485;0,55;0,05;116;false;true;true;1,1;0;1,06
486;0,55;0,04;116;false;true;true;1,1;0;1,06
487;0,55;0,04;116;false;true;true;1,1;0;1,06
488;0,56;0,04;116;false;true;true;1,1;0;1,06
489;0,56;0,04;116;false;true;true;1,1;0;1,06
490;0,56;0,04;116;false;true;true;1,1;0;1,06
491;0,56;0,04;116;false;true;true;1,1;0;1,07
492;0,56;0,05;116;false;true;true;1,11;0;1,07
493;0,56;0,05;116;false;true;true;1,11;0;1,07
494;0,56;0,05;116;false;true;true;1,11;0;1,07
495;0,56;0,05;116;false;true;true;1,11;0;1,07
496;0,56;0,05;116;false;true;true;1,11;0;1,07
497;0,56;0,05;116;false;true;true;1,11;0;1,07
498;0,56;0,05;116;false;true;true;1,11;0;1,07
499;0,57;0,05;116;false;true;true;1,11;0;1,07
500;0,57;0,04;116;false;true;true;1,11;0;1,07
501;0,57;0,04;116;false;true;true;1,11;0;1,07
502;0,57;0,04;116;false;true;true;1,11;0;1,07
503;0,57;0,04;116;false;true;true;1,11;0;1,07
504;0,57;0,04;116;false;true;true;1,11;0;1,07
505;0,57;0,04;116;false;true;true;1,11;0;1,07
506;0,57;0,04;116;false;true;true;1,11;0;1,07
507;0,57;0,04;116;false;true;true;1,11;0;1,07
508;0,57;0,04;116;false;true;true;1,11;0;1,07
509;0,58;0,04;116;false;true;true;1,1;0;1,07
510;0,58;0,03;116;false;true;true;1,1;0;1,07
511;0,58;0,03;116;false;true;true;1,1;0;1,08
512;0,58;0,03;116;false;true;true;1,1;0;1,08
513;0,58;0,03;116;false;true;true;1,1;0;1,08
514;0,58;0,03;116;false;true;true;1,1;0;1,08
515;0,58;0,04;116;false;true;true;1,11;0;1,08
516;0,58;0,04;116;false;true;true;1,11;0;1,08
517;0,58;0,04;116;false;true;true;1,11;0;1,08
518;0,59;0,04;116;false;true;true;1,11;0;1,08
519;0,59;0,04;116;false;true;true;1,11;0;1,08
520;0,59;0,04;116;false;true;true;1,11;0;1,08
521;0,59;0,04;116;false;true;true;1,11;0;1,08
522;0,59;0,04;116;false;true;true;1,11;0;1,08
523;0,59;0,04;116;false;true;true;1,12;0;1,08
524;0,59;0,04;116;false;true;true;1,12;0;1,08
525;0,59;0,04;116;false;true;true;1,11;0;1,08
526;0,59;0,04;116;false;true;true;1,11;0;1,08
527;0,6;0,04;116;false;true;true;1,11;0;1,08
528;0,6;0,03;116;false;true;true;1,11;0;1,08
529;0,6;0,03;116;false;true;true;1,11;0;1,08
530;0,6;0,03;116;false;true;true;1,11;0;1,08
531;0,6;0,03;116;false;true;true;1,11;0;1,09
532;0,6;0,03;116;false;true;true;1,11;0;1,09
533;0,6;0,03;116;false;true;true;1,11;0;1,09
534;0,6;0,02;116;false;true;true;1,11;0;1,09
535;0,6;0,02;116;false;true;true;1,11;0;1,09
536;0,6;0,02;116;false;true;true;1,11;0;1,09
537;0,61;0,02;116;false;true;true;1,11;0;1,09
538;0,61;0,02;116;false;true;true;1,11;0;1,09
539;0,61;0,03;116;false;true;true;1,11;0;1,09
540;0,61;0,02;116;false;true;true;1,11;0;1,09
541;0,61;0,03;116;false;true;true;1,11;0;1,09
542;0,61;0,03;116;false;true;true;1,11;0;1,09
543;0,61;0,03;116;false;true;true;1,11;0;1,09
544;0,61;0,03;116;false;true;true;1,11;0;1,09
545;0,61;0,03;116;false;true;true;1,12;0;1,09
546;0,61;0,03;116;false;true;true;1,12;0;1,09
547;0,62;0,03;116;false;true;true;1,12;0;1,09
548;0,62;0,03;116;false;true;true;1,12;0;1,1
549;0,62;0,03;116;false;true;true;1,12;0;1,1
550;0,62;0,03;116;false;true;true;1,12;0;1,1
551;0,62;0,04;116;false;true;true;1,13;0;1,1
552;0,62;0,04;116;false;true;true;1,13;0;1,1
553;0,62;0,04;116;false;true;true;1,13;0;1,1
554;0,62;0,04;116;false;true;true;1,13;0;1,1
555;0,62;0,04;116;false;true;true;1,13;0;1,1
556;0,62;0,04;116;false;true;true;1,13;0;1,1
557;0,63;0,04;116;false;true;true;1,13;0;1,1
558;0,63;0,03;116;false;true;true;1,13;0;1,1
559;0,63;0,03;116;false;true;true;1,13;0;1,1
560;0,63;0,03;116;false;true;true;1,13;0;1,1
561;0,63;0,03;116;false;true;true;1,13;0;1,1
562;0,63;0,03;116;false;true;true;1,12;0;1,11
563;0,63;0,03;116;false;true;true;1,12;0;1,11
564;0,63;0,02;116;false;true;true;1,12;0;1,11
565;0,63;0,03;116;false;true;true;1,13;0;1,11
566;0,63;0,02;116;false;true;true;1,12;0;1,11
567;0,64;0,02;116;false;true;true;1,13;0;1,11
568;0,64;0,02;116;false;true;true;1,12;0;1,11
569;0,64;0,02;116;false;true;true;1,12;0;1,11
570;0,64;0,02;116;false;true;true;1,12;0;1,11
571;0,64;0,02;116;false;true;true;1,13;0;1,11
572;0,64;0,02;116;false;true;true;1,12;0;1,11
573;0,64;0,02;116;false;true;true;1,12;0;1,11
574;0,64;0,02;116;false;true;true;1,12;0;1,12
575;0,64;0,01;116;false;true;true;1,12;0;1,12
576;0,65;0,01;116;false;true;true;1,12;0;1,12
577;0,65;0,01;116;false;true;true;1,12;0;1,12
578;0,65;0,01;116;false;true;true;1,12;0;1,12
579;0,65;0,01;116;false;true;true;1,12;0;1,12
580;0,65;0,01;116;false;true;true;1,12;0;1,12
581;0,65;0,01;116;false;true;true;1,13;0;1,12
582;0,65;0,01;116;false;true;true;1,13;0;1,12
583;0,66;0,01;116;false;true;true;1,13;0;1,13
584;0,66;0,02;116;false;true;true;1,13;0;1,13
585;0,66;0,02;116;false;true;true;1,13;0;1,13
586;0,66;0,01;116;false;true;true;1,13;0;1,13
587;0,66;0,02;116;false;true;true;1,13;0;1,13
588;0,66;0,02;116;false;true;true;1,14;0;1,13
589;0,66;0,02;116;false;true;true;1,14;0;1,13
590;0,66;0,02;116;false;true;true;1,14;0;1,13
591;0,66;0,01;116;false;true;true;1,14;0;1,14
592;0,67;0,01;116;false;true;true;1,14;0;1,14
593;0,67;0,01;116;false;true;true;1,14;0;1,14
594;0,67;0,02;116;false;true;true;1,14;0;1,14
595;0,67;0,02;116;false;true;true;1,15;0;1,14
596;0,67;0,02;116;false;true;true;1,15;0;1,15
597;0,67;0,02;116;false;true;true;1,15;0;1,15
598;0,67;0,02;116;false;true;true;1,15;0;1,15
599;0,67;0,02;116;false;true;true;1,16;0;1,15
600;0,67;0,02;116;false;true;true;1,16;0;1,15
601;0,67;0,02;116;false;true;true;1,16;0;1,16
602;0,68;0,02;116;false;true;true;1,16;0;1,16
603;0,68;0,02;116;false;true;true;1,16;0;1,16
604;0,68;0,02;116;false;true;true;1,16;0;1,17
605;0,68;0,02;116;false;true;true;1,17;0;1,17
606;0,68;0,02;116;false;true;true;1,17;0;1,17
607;0,68;0,03;116;false;true;true;1,17;0;1,18
608;0,68;0,03;116;false;true;true;1,18;0;1,18
609;0,68;0,03;116;false;true;true;1,18;0;1,18
610;0,68;0,03;116;false;true;true;1,19;0;1,19
611;0,68;0,04;116;false;true;true;1,19;0;1,19
612;0,69;0,04;116;false;true;true;1,2;0;1,2
613;0,69;0,04;116;false;true;true;1,2;0;1,2
614;0,69;0,04;116;false;true;true;1,21;0;1,21
615;0,69;0,04;116;false;true;true;1,21;0;1,22
616;0,69;0,05;116;false;true;true;1,22;0;1,23
617;0,69;0,05;116;false;true;true;1,23;0;1,24
618;0,69;0,06;116;false;true;true;1,23;0;1,25
619;0,69;0,06;116;false;true;true;1,25;0;1,26
620;0,69;0,07;116;false;true;true;1,26;0;1,28
621;0,69;0,08;116;false;true;true;1,27;0;1,3
622;0,69;0,1;116;false;true;true;1,28;0;1,32
623;0,7;0,11;116;false;true;true;1,3;0;1,35
624;0,7;0,14;116;false;true;true;1,33;0;1,39
625;0,7;0,19;116;false;true;true;1,36;0;1,46
626;0,7;0,26;116;false;true;true;1,4;0;1,56
627;0,7;0,16;115;false;true;true;0,8;0;0,64
628;0,7;0,14;115;false;true;true;0,78;0;0,64
629;0,7;0,13;115;false;true;true;0,77;0;0,64
630;0,7;0,12;115;false;true;true;0,76;0;0,64
631;0,7;0,11;115;false;true;true;0,76;0;0,64
632;0,7;0,11;115;false;true;true;0,75;0;0,64
633;0,71;0,1;115;false;true;true;0,75;0;0,64
634;0,71;0,1;115;false;true;true;0,74;0;0,64
635;0,71;0,09;115;false;true;true;0,74;0;0,64
636;0,71;0,09;115;false;true;true;0,73;0;0,64
637;0,71;0,09;115;false;true;true;0,73;0;0,64
638;0,71;0,08;115;false;true;true;0,73;0;0,64
639;0,71;0,08;115;false;true;true;0,72;0;0,64
640;0,71;0,08;115;false;true;true;0,72;0;0,64
641;0,71;0,07;115;false;true;true;0,71;0;0,64
642;0,71;0,07;115;false;true;true;0,71;0;0,64
643;0,72;0,07;115;false;true;true;0,71;0;0,64
644;0,72;0,07;115;false;true;true;0,71;0;0,64
645;0,72;0,06;115;false;true;true;0,7;0;0,64
646;0,72;0,06;115;false;true;true;0,7;0;0,64
647;0,72;0,06;115;false;true;true;0,7;0;0,64
648;0,72;0,06;115;false;true;true;0,7;0;0,64
649;0,72;0,05;115;false;true;true;0,7;0;0,64
650;0,72;0,05;115;false;true;true;0,69;0;0,64
651;0,72;0,05;115;false;true;true;0,69;0;0,64
652;0,73;0,05;115;false;true;true;0,69;0;0,64
653;0,73;0,05;115;false;true;true;0,69;0;0,64
654;0,73;0,05;115;false;true;true;0,69;0;0,64
655;0,73;0,04;115;false;true;true;0,69;0;0,64
656;0,73;0,04;115;false;true;true;0,69;0;0,64
657;0,73;0,04;115;false;true;true;0,68;0;0,64
658;0,73;0,04;115;false;true;true;0,68;0;0,64
659;0,73;0,04;115;false;true;true;0,68;0;0,64
660;0,73;0,04;115;false;true;true;0,68;0;0,64
661;0,73;0,04;115;false;true;true;0,68;0;0,64
662;0,74;0,04;115;false;true;true;0,68;0;0,64
663;0,74;0,04;115;false;true;true;0,68;0;0,64
664;0,74;0,04;115;false;true;true;0,68;0;0,64
665;0,74;0,03;115;false;true;true;0,68;0;0,64
666;0,74;0,03;115;false;true;true;0,68;0;0,64
667;0,74;0,03;115;false;true;true;0,68;0;0,64
668;0,74;0,03;115;false;true;true;0,68;0;0,64
669;0,74;0,03;115;false;true;true;0,67;0;0,64
670;0,74;0,03;115;false;true;true;0,67;0;0,64
671;0,74;0,03;115;false;true;true;0,67;0;0,64
672;0,75;0,03;115;false;true;true;0,67;0;0,64
673;0,75;0,03;115;false;true;true;0,67;0;0,64
674;0,75;0,03;115;false;true;true;0,67;0;0,64
675;0,75;0,03;115;false;true;true;0,67;0;0,64
676;0,75;0,03;115;false;true;true;0,67;0;0,64
677;0,75;0,03;115;false;true;true;0,67;0;0,64
678;0,75;0,03;115;false;true;true;0,67;0;0,64
679;0,75;0,03;115;false;true;true;0,67;0;0,64
680;0,75;0,03;115;false;true;true;0,67;0;0,64
681;0,75;0,03;115;false;true;true;0,67;0;0,64
682;0,75;0,02;115;false;true;true;0,67;0;0,64
683;0,76;0,02;115;false;true;true;0,67;0;0,64
684;0,76;0,02;115;false;true;true;0,67;0;0,64
685;0,76;0,02;115;false;true;true;0,67;0;0,64
686;0,76;0,02;115;false;true;true;0,66;0;0,64
687;0,76;0,02;115;false;true;true;0,67;0;0,64
688;0,76;0,02;115;false;true;true;0,66;0;0,64
689;0,76;0,02;115;false;true;true;0,66;0;0,64
690;0,76;0,02;115;false;true;true;0,66;0;0,64
691;0,76;0,02;115;false;true;true;0,66;0;0,64
692;0,76;0,02;115;false;true;true;0,66;0;0,64
693;0,77;0,02;115;false;true;true;0,66;0;0,64
694;0,77;0,02;115;false;true;true;0,66;0;0,64
695;0,77;0,02;115;false;true;true;0,66;0;0,64
696;0,77;0,02;115;false;true;true;0,66;0;0,64
697;0,77;0,02;115;false;true;true;0,66;0;0,64
698;0,77;0,02;115;false;true;true;0,66;0;0,64
699;0,77;0,02;115;false;true;true;0,66;0;0,64
700;0,77;0,02;115;false;true;true;0,66;0;0,64
701;0,77;0,02;115;false;true;true;0,66;0;0,64
702;0,77;0,02;115;false;true;true;0,66;0;0,64
703;0,78;0,02;115;false;true;true;0,66;0;0,64
704;0,78;0,02;115;false;true;true;0,66;0;0,64
705;0,78;0,02;115;false;true;true;0,66;0;0,64
706;0,78;0,02;115;false;true;true;0,66;0;0,64
707;0,78;0,02;115;false;true;true;0,66;0;0,64
708;0,78;0,02;115;false;true;true;0,66;0;0,64
709;0,78;0,02;115;false;true;true;0,66;0;0,64
710;0,78;0,02;115;false;true;true;0,66;0;0,64
711;0,78;0,02;115;false;true;true;0,66;0;0,64
712;0,79;0,02;115;false;true;true;0,66;0;0,64
713;0,79;0,01;115;false;true;true;0,66;0;0,64
714;0,79;0,02;115;false;true;true;0,66;0;0,64
715;0,79;0,02;115;false;true;true;0,66;0;0,64
716;0,79;0,02;115;false;true;true;0,66;0;0,64
717;0,79;0,02;115;false;true;true;0,66;0;0,64
718;0,79;0,01;115;false;true;true;0,66;0;0,64
719;0,79;0,02;115;false;true;true;0,66;0;0,64
720;0,79;0,01;115;false;true;true;0,66;0;0,64
721;0,79;0,01;115;false;true;true;0,66;0;0,64
722;0,8;0,01;115;false;true;true;0,65;0;0,64
723;0,8;0,01;115;false;true;true;0,66;0;0,64
724;0,8;0,01;115;false;true;true;0,66;0;0,64
725;0,8;0,01;115;false;true;true;0,66;0;0,64
726;0,8;0,02;115;false;true;true;0,66;0;0,64
727;0,8;0,01;115;false;true;true;0,65;0;0,64
728;0,8;0,01;115;false;true;true;0,66;0;0,64
729;0,8;0,01;115;false;true;true;0,66;0;0,64
730;0,8;0,01;115;false;true;true;0,66;0;0,64
731;0,8;0,01;115;false;true;true;0,66;0;0,64
732;0,81;0,01;115;false;true;true;0,66;0;0,64
733;0,81;0,01;115;false;true;true;0,66;0;0,64
734;0,81;0,01;115;false;true;true;0,65;0;0,64
735;0,81;0,01;115;false;true;true;0,65;0;0,64
736;0,81;0,01;115;false;true;true;0,65;0;0,64
737;0,81;0,01;115;false;true;true;0,65;0;0,64
738;0,81;0,01;115;false;true;true;0,65;0;0,64
739;0,81;0,01;115;false;true;true;0,65;0;0,64
740;0,81;0,01;115;false;true;true;0,65;0;0,64
741;0,81;0,01;115;false;true;true;0,65;0;0,64
742;0,81;0,01;115;false;true;true;0,65;0;0,64
743;0,82;0,01;115;false;true;true;0,65;0;0,64
744;0,82;0,01;115;false;true;true;0,65;0;0,64
745;0,82;0,01;115;false;true;true;0,65;0;0,64
746;0,82;0,01;115;false;true;true;0,65;0;0,64
747;0,82;0,01;115;false;true;true;0,65;0;0,64
748;0,82;0,01;115;false;true;true;0,65;0;0,64
749;0,82;0,01;115;false;true;true;0,65;0;0,64
750;0,82;0,01;115;false;true;true;0,65;0;0,64
751;0,82;0,01;115;false;true;true;0,65;0;0,64
752;0,82;0,01;115;false;true;true;0,65;0;0,64
753;0,83;0,01;115;false;true;true;0,65;0;0,64
754;0,83;0,01;115;false;true;true;0,65;0;0,64
755;0,83;0,01;115;false;true;true;0,65;0;0,64
756;0,83;0,01;115;false;true;true;0,65;0;0,64
757;0,83;0,01;115;false;true;true;0,65;0;0,64
758;0,83;0,01;115;false;true;true;0,65;0;0,64
759;0,83;0,01;115;false;true;true;0,65;0;0,64
760;0,83;0,01;115;false;true;true;0,65;0;0,64
761;0,83;0,01;115;false;true;true;0,65;0;0,64
762;0,83;0,01;115;false;true;true;0,65;0;0,64
763;0,84;0,01;115;false;true;true;0,65;0;0,64
764;0,84;0,01;115;false;true;true;0,65;0;0,64
765;0,84;0,01;115;false;true;true;0,65;0;0,64
766;0,84;0,01;115;false;true;true;0,65;0;0,64
767;0,84;0,01;115;false;true;true;0,65;0;0,64
768;0,84;0,01;115;false;true;true;0,65;0;0,64
769;0,84;0,01;115;false;true;true;0,65;0;0,64
770;0,84;0;115;false;true;true;0,65;0;0,64
771;0,84;0;115;false;true;true;0,65;0;0,64
772;0,85;0,01;115;false;true;true;0,65;0;0,64
773;0,85;0,01;115;false;true;true;0,65;0;0,64
774;0,85;0,01;115;false;true;true;0,65;0;0,64
775;0,85;0;115;false;true;true;0,65;0;0,64
776;0,85;0;115;false;true;true;0,65;0;0,64
777;0,85;0;115;false;true;true;0,65;0;0,64
778;0,85;0;115;false;true;true;0,65;0;0,64
779;0,85;0;115;false;true;true;0,65;0;0,64
780;0,85;0;115;false;true;true;0,65;0;0,64
781;0,85;0;115;false;true;true;0,65;0;0,64
782;0,86;0;115;false;true;true;0,65;0;0,64
783;0,86;0;115;false;true;true;0,65;0;0,64
784;0,86;0;115;false;true;true;0,65;0;0,64
785;0,86;0;115;false;true;true;0,65;0;0,64
786;0,86;0;115;false;true;true;0,65;0;0,64
787;0,86;0;115;false;true;true;0,65;0;0,64
788;0,86;0,01;115;false;true;true;0,65;0;0,64
789;0,86;0;115;false;true;true;0,65;0;0,64
790;0,86;0;115;false;true;true;0,65;0;0,64
791;0,86;0;115;false;true;true;0,65;0;0,64
792;0,87;0;115;false;true;true;0,65;0;0,64
793;0,87;0;115;false;true;true;0,65;0;0,64
794;0,87;0;115;false;true;true;0,64;0;0,64
795;0,87;0;115;false;true;true;0,64;0;0,64
796;0,87;0;115;false;true;true;0,64;0;0,64
797;0,87;0;115;false;true;true;0,64;0;0,64
798;0,87;0;115;false;true;true;0,64;0;0,64
799;0,87;0;115;false;true;true;0,64;0;0,64
800;0,88;0;115;false;true;true;0,64;0;0,64
801;0,88;0;115;false;true;true;0,64;0;0,64
802;0,88;0;115;false;true;true;0,64;0;0,64
803;0,88;0;115;false;true;true;0,64;0;0,64
804;0,88;0;115;false;true;true;0,64;0;0,64
805;0,88;0;115;false;true;true;0,64;0;0,64
806;0,88;0;115;false;true;true;0,64;0;0,64
807;0,88;0;115;false;true;true;0,64;0;0,64
808;0,88;0;115;false;true;true;0,64;0;0,64
809;0,88;0;115;false;true;true;0,64;0;0,64
810;0,88;0;115;false;true;true;0,64;0;0,64
811;0,89;0;115;false;true;true;0,64;0;0,64
812;0,89;0;115;false;true;true;0,64;0;0,64
813;0,89;0;115;false;true;true;0,64;0;0,64
814;0,89;0;115;false;true;true;0,64;0;0,64
815;0,89;0;115;false;true;true;0,64;0;0,64
816;0,89;0;115;false;true;true;0,64;0;0,64
817;0,89;0;115;false;true;true;0,64;0;0,64
818;0,89;0;115;false;true;true;0,64;0;0,64
819;0,89;0;115;false;true;true;0,64;0;0,64
820;0,89;0;115;false;true;true;0,64;0;0,64
821;0,9;0;115;false;true;true;0,64;0;0,64
822;0,9;0;115;false;true;true;0,64;0;0,64
823;0,9;0;115;false;true;true;0,64;0;0,64
824;0,9;0;115;false;true;true;0,64;0;0,64
825;0,9;0;115;false;true;true;0,64;0;0,64
826;0,9;0;115;false;true;true;0,64;0;0,64
827;0,9;0;115;false;true;true;0,64;0;0,64
828;0,9;0;115;false;true;true;0,64;0;0,64
829;0,9;0;115;false;true;true;0,64;0;0,64
830;0,9;0;115;false;true;true;0,64;0;0,64
831;0,91;0;115;false;true;true;0,64;0;0,64
832;0,91;0;115;false;true;true;0,64;0;0,64
833;0,91;0;115;false;true;true;0,64;0;0,64
834;0,91;0;115;false;true;true;0,64;0;0,64
835;0,91;0;115;false;true;true;0,64;0;0,64
836;0,91;0;115;false;true;true;0,64;0;0,64
837;0,91;0;115;false;true;true;0,64;0;0,64
838;0,91;0;115;false;true;true;0,64;0;0,64
839;0,91;0;115;false;true;true;0,64;0;0,64
840;0,92;0;115;false;true;true;0,64;0;0,64
841;0,92;0;115;false;true;true;0,64;0;0,64
842;0,92;0;115;false;true;true;0,64;0;0,64
843;0,92;0;115;false;true;true;0,64;0;0,64
844;0,92;0;115;false;true;true;0,64;0;0,64
845;0,92;0;115;false;true;true;0,64;0;0,64
846;0,92;0;115;false;true;true;0,64;0;0,64
847;0,92;0;115;false;true;true;0,64;0;0,64
848;0,92;0;115;false;true;true;0,64;0;0,64
849;0,92;0;115;false;true;true;0,64;0;0,64
850;0,93;0;115;false;true;true;0,64;0;0,64
851;0,93;0;115;false;true;true;0,64;0;0,64
852;0,93;0;115;false;true;true;0,64;0;0,64
853;0,93;0;115;false;true;true;0,64;0;0,64
854;0,93;0;115;false;true;true;0,64;0;0,64
855;0,93;0;115;false;true;true;0,64;0;0,64
856;0,93;0;115;false;true;true;0,64;0;0,64
857;0,93;0;115;false;true;true;0,64;0;0,64
858;0,93;0;115;false;true;true;0,64;0;0,64
859;0,93;0;115;false;true;true;0,64;0;0,64
860;0,94;0;115;false;true;true;0,64;0;0,64
861;0,94;0;115;false;true;true;0,64;0;0,64
862;0,94;0;115;false;true;true;0,64;0;0,64
863;0,94;0;115;false;true;true;0,64;0;0,64
864;0,94;0;115;false;true;true;0,64;0;0,64
865;0,94;0;115;false;true;true;0,64;0;0,64
866;0,94;0;115;false;true;true;0,64;0;0,64
867;0,94;0;115;false;true;true;0,64;0;0,64
868;0,94;0;115;false;true;true;0,64;0;0,64
869;0,94;0;115;false;true;true;0,64;0;0,64
870;0,94;0;115;false;true;true;0,64;0;0,64
871;0,95;0;115;false;true;true;0,64;0;0,64
872;0,95;0;115;false;true;true;0,64;0;0,64
873;0,95;0;115;false;true;true;0,64;0;0,64
874;0,95;0;115;false;true;true;0,64;0;0,64
875;0,95;0;115;false;true;true;0,64;0;0,64
876;0,95;0;115;false;true;true;0,64;0;0,64
877;0,95;0;115;false;true;true;0,64;0;0,64
878;0,95;0;115;false;true;true;0,64;0;0,64
879;0,95;0;115;false;true;true;0,64;0;0,64
880;0,95;0;115;false;true;true;0,64;0;0,64
881;0,96;0;115;false;true;true;0,64;0;0,64
882;0,96;0;115;false;true;true;0,64;0;0,64
883;0,96;0;115;false;true;true;0,64;0;0,64
884;0,96;0;115;false;true;true;0,64;0;0,64
885;0,96;0;115;false;true;true;0,64;0;0,64
886;0,96;0;115;false;true;true;0,64;0;0,64
887;0,96;0;115;false;true;true;0,64;0;0,64
888;0,96;0;115;false;true;true;0,64;0;0,64
889;0,96;0;115;false;true;true;0,64;0;0,64
890;0,96;0;115;false;true;true;0,64;0;0,64
891;0,97;0;115;false;true;true;0,64;0;0,64
892;0,97;0;115;false;true;true;0,64;0;0,64
893;0,97;0;115;false;true;true;0,64;0;0,64
894;0,97;0;115;false;true;true;0,64;0;0,64
895;0,97;0;115;false;true;true;0,64;0;0,64
896;0,97;0;115;false;true;true;0,64;0;0,64
897;0,97;0;115;false;true;true;0,64;0;0,64
898;0,97;0;115;false;true;true;0,64;0;0,64
899;0,97;0;115;false;true;true;0,64;0;0,64
900;0,98;0;115;false;true;true;0,64;0;0,64
901;0,98;0;115;false;true;true;0,64;0;0,64
902;0,98;0;115;false;true;true;0,64;0;0,64
903;0,98;0;115;false;true;true;0,64;0;0,64
904;0,98;0;115;false;true;true;0,64;0;0,64
905;0,98;0;115;false;true;true;0,64;0;0,64
906;0,98;0;115;false;true;true;0,64;0;0,64
907;0,98;0;115;false;true;true;0,64;0;0,64
908;0,98;0;115;false;true;true;0,64;0;0,64
909;0,98;0;115;false;true;true;0,64;0;0,64
910;0,99;0;115;false;true;true;0,64;0;0,64
911;0,99;0;115;false;true;true;0,64;0;0,64
912;0,99;0;115;false;true;true;0,64;0;0,64
913;0,99;0;115;false;true;true;0,64;0;0,64
914;0,99;0;115;false;true;true;0,64;0;0,64
915;0,99;0;115;false;true;true;0,64;0;0,64
916;0,99;0;115;false;true;true;0,64;0;0,64
917;0,99;0;115;false;true;true;0,64;0;0,64
918;0,99;0;115;false;true;true;0,64;0;0,64
919;0,99;0;115;false;true;true;0,64;0;0,64
920;1;0;115;false;true;true;0,64;0;0,64
921;1;0;115;false;true;true;0,64;0;0,64
922;1;0;115;false;true;true;0,64;0;0,64
923;1;0;115;false;true;true;0,64;0;0,64
924;1;0;115;false;true;true;0,64;0;0,64
925;1;0;115;false;true;true;0,64;0;0,64
926;1;0;115;false;true;true;0,64;0;0,64
927;1;0;115;false;true;true;0,64;0;0,64
928;1;0;115;false;true;true;0,64;0;0,64
929;1;0;115;false;true;true;0,64;0;0,64
930;1;0;115;false;true;true;0,64;0;0,64
931;1,01;0;115;false;true;true;0,64;0;0,64
932;1,01;0;115;false;true;true;0,64;0;0,64
933;1,01;0;115;false;true;true;0,64;0;0,64
934;1,01;0;115;false;true;true;0,64;0;0,64
935;1,01;0;115;false;true;true;0,64;0;0,64
936;1,01;0;115;false;true;true;0,64;0;0,64
937;1,01;0;115;false;true;true;0,64;0;0,64
938;1,01;0;115;false;true;true;0,64;0;0,64
939;1,01;0;115;false;true;true;0,64;0;0,64
940;1,01;0;115;false;true;true;0,64;0;0,64
941;1,02;0;115;false;true;true;0,64;0;0,64
942;1,02;0;115;false;true;true;0,64;0;0,64
943;1,02;0;115;false;true;true;0,64;0;0,64
944;1,02;0;115;false;true;true;0,64;0;0,64
945;1,02;0;115;false;true;true;0,64;0;0,64
946;1,02;0;115;false;true;true;0,64;0;0,64
947;1,02;0;115;false;true;true;0,64;0;0,64
948;1,02;0;115;false;true;true;0,64;0;0,64
949;1,02;0;115;false;true;true;0,64;0;0,64
950;1,02;0;115;false;true;true;0,64;0;0,64
951;1,03;0;115;false;true;true;0,64;0;0,64
952;1,03;0;115;false;true;true;0,64;0;0,64
953;1,03;0;115;false;true;true;0,64;0;0,64
954;1,03;0;115;false;true;true;0,64;0;0,64
955;1,03;0;115;false;true;true;0,64;0;0,64
956;1,03;0;115;false;true;true;0,64;0;0,64
957;1,03;0;115;false;true;true;0,64;0;0,64
958;1,03;0;115;false;true;true;0,64;0;0,64
959;1,03;0;115;false;true;true;0,64;0;0,64
960;1,03;0;115;false;true;true;0,64;0;0,64
961;1,04;0;115;false;true;true;0,64;0;0,64
962;1,04;0;115;false;true;true;0,64;0;0,64
963;1,04;0;115;false;true;true;0,64;0;0,64
964;1,04;0;115;false;true;true;0,64;0;0,64
965;1,04;0;115;false;true;true;0,64;0;0,64
966;1,04;0;115;false;true;true;0,64;0;0,64
967;1,04;0;115;false;true;true;0,64;0;0,64
968;1,04;0;115;false;true;true;0,64;0;0,64
969;1,04;0;115;false;true;true;0,64;0;0,64
970;1,04;0;115;false;true;true;0,64;0;0,64
971;1,05;0;115;false;true;true;0,64;0;0,64
972;1,05;0;115;false;true;true;0,64;0;0,64
973;1,05;0;115;false;true;true;0,64;0;0,64
974;1,05;0;115;false;true;true;0,64;0;0,64
975;1,05;0;115;false;true;true;0,64;0;0,64
976;1,05;0;115;false;true;true;0,64;0;0,64
977;1,05;0;115;false;true;true;0,64;0;0,64
978;1,05;0;115;false;true;true;0,64;0;0,64
979;1,05;0;115;false;true;true;0,64;0;0,64
980;1,05;0;115;false;true;true;0,64;0;0,64
981;1,06;0;115;false;true;true;0,64;0;0,64
982;1,06;0;115;false;true;true;0,64;0;0,64
983;1,06;0;115;false;true;true;0,64;0;0,64
984;1,06;0;115;false;true;true;0,64;0;0,64
985;1,06;0;115;false;true;true;0,64;0;0,64
986;1,06;0;115;false;true;true;0,64;0;0,64
987;1,06;0;115;false;true;true;0,64;0;0,64
988;1,06;0;115;false;true;true;0,64;0;0,64
989;1,06;0;115;false;true;true;0,64;0;0,64
990;1,07;0;115;false;true;true;0,64;0;0,64
991;1,07;0;115;false;true;true;0,64;0;0,64
992;1,07;0;115;false;true;true;0,64;0;0,64
993;1,07;0;115;false;true;true;0,64;0;0,64
994;1,07;0;115;false;true;true;0,64;0;0,64
995;1,07;0;115;false;true;true;0,64;0;0,64
996;1,07;0;115;false;true;true;0,64;0;0,64
997;1,07;0;115;false;true;true;0,64;0;0,64
998;1,07;0;115;false;true;true;0,64;0;0,64
999;1,07;0;115;false;true;true;0,64;0;0,64
1000;1,08;0;115;false;true;true;0,64;0;0,64
1001;1,08;0;115;false;true;true;0,64;0;0,64
1002;1,08;0;115;false;true;true;0,64;0;0,64
1003;1,08;0;115;false;true;true;0,64;0;0,64
1004;1,08;0;115;false;true;true;0,64;0;0,64
1005;1,08;0;115;false;true;true;0,64;0;0,64
1006;1,08;0;115;false;true;true;0,64;0;0,64
1007;1,08;0;115;false;true;true;0,64;0;0,64
1008;1,08;0;115;false;true;true;0,64;0;0,64
1009;1,08;0;115;false;true;true;0,64;0;0,64
1010;1,09;0;115;false;true;true;0,64;0;0,64
1011;1,09;0;115;false;true;true;0,64;0;0,64
1012;1,09;0;115;false;true;true;0,64;0;0,64
1013;1,09;0;115;false;true;true;0,64;0;0,64
1014;1,09;0;115;false;true;true;0,64;0;0,64
1015;1,09;0;115;false;true;true;0,64;0;0,64
1016;1,09;0;115;false;true;true;0,64;0;0,64
1017;1,09;0;115;false;true;true;0,64;0;0,64
1018;1,09;0;115;false;true;true;0,64;0;0,64
1019;1,09;0;115;false;true;true;0,64;0;0,64
1020;1,1;0;115;false;true;true;0,64;0;0,64
1021;1,1;0;115;false;true;true;0,64;0;0,64
1022;1,1;0;115;false;true;true;0,64;0;0,64
1023;1,1;0;115;false;true;true;0,64;0;0,64
1024;1,1;0;115;false;true;true;0,64;0;0,64
1025;1,1;0;115;false;true;true;0,64;0;0,64
1026;1,1;0;115;false;true;true;0,64;0;0,64
1027;1,1;0;115;false;true;true;0,64;0;0,64
1028;1,1;0;115;false;true;true;0,64;0;0,64
1029;1,11;0;115;false;true;true;0,64;0;0,64
1030;1,11;0;115;false;true;true;0,64;0;0,64
1031;1,11;0;115;false;true;true;0,64;0;0,64
1032;1,11;0;115;false;true;true;0,64;0;0,64
1033;1,11;0;115;false;true;true;0,64;0;0,64
1034;1,11;0;115;false;true;true;0,64;0;0,64
1035;1,11;0;115;false;true;true;0,64;0;0,64
1036;1,11;0;115;false;true;true;0,64;0;0,64
1037;1,11;0;115;false;true;true;0,64;0;0,64
1038;1,11;0;115;false;true;true;0,64;0;0,64
1039;1,12;0;115;false;true;true;0,64;0;0,64
1040;1,12;0;115;false;true;true;0,64;0;0,64
1041;1,12;0;115;false;true;true;0,64;0;0,64
1042;1,12;0;115;false;true;true;0,64;0;0,64
1043;1,12;0;115;false;true;true;0,64;0;0,64
1044;1,12;0;115;false;true;true;0,64;0;0,64
1045;1,12;0;115;false;true;true;0,64;0;0,64
1046;1,12;0;115;false;true;true;0,64;0;0,64
1047;1,12;0;115;false;true;true;0,64;0;0,64
1048;1,12;0;115;false;true;true;0,64;0;0,64
1049;1,12;0;115;false;true;true;0,64;0;0,64
1050;1,13;0;115;false;true;true;0,64;0;0,64
1051;1,13;0;115;false;true;true;0,64;0;0,64
1052;1,13;0;115;false;true;true;0,64;0;0,64
1053;1,13;0;115;false;true;true;0,64;0;0,64
1054;1,13;0;115;false;true;true;0,64;0;0,64
1055;1,13;0;115;false;true;true;0,64;0;0,64
1056;1,13;0;115;false;true;true;0,64;0;0,64
1057;1,13;0;115;false;true;true;0,64;0;0,64
1058;1,13;0;115;false;true;true;0,64;0;0,64
1059;1,13;0;115;false;true;true;0,64;0;0,64
1060;1,14;0;115;false;true;true;0,64;0;0,64
1061;1,14;0;115;false;true;true;0,64;0;0,64
1062;1,14;0;115;false;true;true;0,64;0;0,64
1063;1,14;0;115;false;true;true;0,64;0;0,64
1064;1,14;0;115;false;true;true;0,64;0;0,64
1065;1,14;0;115;false;true;true;0,64;0;0,64
1066;1,14;0;115;false;true;true;0,64;0;0,64
1067;1,14;0;115;false;true;true;0,64;0;0,64
1068;1,14;0;115;false;true;true;0,64;0;0,64
1069;1,14;0;115;false;true;true;0,64;0;0,64
1070;1,15;0;115;false;true;true;0,64;0;0,64
1071;1,15;0;115;false;true;true;0,64;0;0,64
1072;1,15;0;115;false;true;true;0,64;0;0,64
1073;1,15;0;115;false;true;true;0,64;0;0,64
1074;1,15;0;115;false;true;true;0,64;0;0,64
1075;1,15;0;115;false;true;true;0,64;0;0,64
1076;1,15;0;115;false;true;true;0,64;0;0,64
1077;1,15;0;115;false;true;true;0,64;0;0,64
1078;1,15;0;115;false;true;true;0,64;0;0,64
1079;1,15;0;115;false;true;true;0,64;0;0,64
1080;1,16;0;115;false;true;true;0,64;0;0,64
1081;1,16;0;115;false;true;true;0,64;0;0,64
1082;1,16;0;115;false;true;true;0,64;0;0,64
1083;1,16;0;115;false;true;true;0,64;0;0,64
1084;1,16;0;115;false;true;true;0,64;0;0,64
1085;1,16;0;115;false;true;true;0,64;0;0,64
1086;1,16;0;115;false;true;true;0,64;0;0,64
1087;1,16;0,55;115;true;true;true;0;0,55;0
1088;1,16;0,29;115;true;true;true;0;0,29;0
1089;1,17;0,28;115;true;true;true;0;0,28;0
1090;1,17;0,26;115;true;true;true;0;0,26;0
1091;1,17;0,25;115;true;true;true;0;0,25;0
1092;1,17;0,25;115;true;true;true;0;0,25;0
1093;1,17;0,24;115;true;true;true;0;0,24;0
1094;1,18;0,23;115;true;true;true;0;0,23;0
1095;1,18;0,23;115;true;true;true;0;0,23;0
1096;1,18;0,22;115;true;true;true;0;0,22;0
1097;1,18;0,22;115;true;true;true;0;0,22;0
1098;1,18;0,22;115;true;true;true;0;0,22;0
1099;1,19;0,21;115;true;true;true;0;0,21;0
1100;1,19;0,21;115;true;true;true;0;0,21;0
1101;1,19;0,21;115;true;true;true;0;0,21;0
1102;1,19;0,2;115;true;true;true;0;0,2;0
1103;1,2;0,2;115;true;true;true;0;0,2;0
1104;1,2;0,2;115;true;true;true;0;0,2;0
1105;1,2;0,2;115;true;true;true;0;0,2;0
1106;1,2;0,19;115;true;true;true;0;0,19;0
1107;1,2;0,19;115;true;true;true;0;0,19;0
1108;1,21;0,19;115;true;true;true;0;0,19;0
1109;1,21;0,19;115;true;true;true;0;0,19;0
1110;1,21;0,18;115;true;true;true;0;0,18;0
1111;1,21;0,18;115;true;true;true;0;0,18;0
1112;1,21;0,18;115;true;true;true;0;0,18;0
1113;1,22;0,18;115;true;true;true;0;0,18;0
1114;1,22;0,18;115;true;true;true;0;0,18;0
1115;1,22;0,18;115;true;true;true;0;0,18;0
1116;1,22;0,18;115;true;true;true;0;0,18;0
1117;1,22;0,17;115;true;true;true;0;0,17;0
1118;1,23;0,17;115;true;true;true;0;0,17;0
1119;1,23;0,17;115;true;true;true;0;0,17;0
1120;1,23;0,17;115;true;true;true;0;0,17;0
1121;1,23;0,17;115;true;true;true;0;0,17;0
1122;1,23;0,17;115;true;true;true;0;0,17;0
1123;1,24;0,17;115;true;true;true;0;0,17;0
1124;1,24;0,17;115;true;true;true;0;0,17;0
1125;1,24;0,16;115;true;true;true;0;0,16;0
1126;1,24;0,16;115;true;true;true;0;0,16;0
1127;1,24;0,16;115;true;true;true;0;0,16;0
1128;1,25;0,16;115;true;true;true;0;0,16;0
1129;1,25;0,16;115;true;true;true;0;0,16;0
1130;1,25;0,16;115;true;true;true;0;0,16;0
1131;1,25;0,16;115;true;true;true;0;0,16;0
1132;1,25;0,16;115;true;true;true;0;0,16;0
1133;1,26;0,16;115;true;true;true;0;0,16;0
1134;1,26;0,16;115;true;true;true;0;0,16;0
1135;1,26;0,15;115;true;true;true;0;0,15;0
1136;1,26;0,15;115;true;true;true;0;0,15;0
1137;1,26;0,15;115;true;true;true;0;0,15;0
1138;1,27;0,15;115;true;true;true;0;0,15;0
1139;1,27;0,15;115;true;true;true;0;0,15;0
1140;1,27;0,15;115;true;true;true;0;0,15;0
1141;1,27;0,15;115;true;true;true;0;0,15;0
1142;1,27;0,15;115;true;true;true;0;0,15;0
1143;1,28;0,15;115;true;true;true;0;0,15;0
1144;1,28;0,15;115;true;true;true;0;0,15;0
1145;1,28;0,15;115;true;true;true;0;0,15;0
1146;1,28;0,15;115;true;true;true;0;0,15;0
1147;1,28;0,15;115;true;true;true;0;0,15;0
1148;1,29;0,15;115;true;true;true;0;0,15;0
1149;1,29;0,14;115;true;true;true;0;0,14;0
1150;1,29;0,14;115;true;true;true;0;0,14;0
1151;1,29;0,14;115;true;true;true;0;0,14;0
1152;1,29;0,14;115;true;true;true;0;0,14;0
1153;1,3;0,14;115;true;true;true;0;0,14;0
1154;1,3;0,14;115;true;true;true;0;0,14;0
1155;1,3;0,14;115;true;true;true;0;0,14;0
1156;1,3;0,14;115;true;true;true;0;0,14;0
1157;1,3;0,14;115;true;true;true;0;0,14;0
1158;1,31;0,14;115;true;true;true;0;0,14;0
1159;1,31;0,14;115;true;true;true;0;0,14;0
1160;1,31;0,14;115;true;true;true;0;0,14;0
1161;1,31;0,14;115;true;true;true;0;0,14;0
1162;1,32;0,14;115;true;true;true;0;0,14;0
1163;1,32;0,14;115;true;true;true;0;0,14;0
1164;1,32;0,14;115;true;true;true;0;0,14;0
1165;1,32;0,14;115;true;true;true;0;0,14;0
1166;1,32;0,14;115;true;true;true;0;0,14;0
1167;1,33;0,14;115;true;true;true;0;0,14;0
1168;1,33;0,14;115;true;true;true;0;0,14;0
1169;1,33;0,14;115;true;true;true;0;0,14;0
1170;1,33;0,14;115;true;true;true;0;0,14;0
1171;1,33;0,14;115;true;true;true;0;0,14;0
1172;1,34;0,14;115;true;true;true;0;0,14;0
1173;1,34;0,14;115;true;true;true;0;0,14;0
1174;1,34;0,13;115;true;true;true;0;0,13;0
1175;1,34;0,13;115;true;true;true;0;0,13;0
1176;1,35;0,13;115;true;true;true;0;0,13;0
1177;1,35;0,13;115;true;true;true;0;0,13;0
1178;1,35;0,13;115;true;true;true;0;0,13;0
1179;1,35;0,13;115;true;true;true;0;0,13;0
1180;1,36;0,13;115;true;true;true;0;0,13;0
1181;1,36;0,13;115;true;true;true;0;0,13;0
1182;1,36;0,13;115;true;true;true;0;0,13;0
1183;1,36;0,13;115;true;true;true;0;0,13;0
1184;1,36;0,13;115;true;true;true;0;0,13;0
1185;1,37;0,13;115;true;true;true;0;0,13;0
1186;1,37;0,13;115;true;true;true;0;0,13;0
1187;1,37;0,13;115;true;true;true;0;0,13;0
1188;1,37;0,13;115;true;true;true;0;0,13;0
1189;1,37;0,13;115;true;true;true;0;0,13;0
1190;1,38;0,13;115;true;true;true;0;0,13;0
1191;1,38;0,13;115;true;true;true;0;0,13;0
1192;1,38;0,13;115;true;true;true;0;0,13;0
1193;1,38;0,13;115;true;true;true;0;0,13;0
1194;1,38;0,13;115;true;true;true;0;0,13;0
1195;1,39;0,13;115;true;true;true;0;0,13;0
1196;1,39;0,13;115;true;true;true;0;0,13;0
1197;1,39;0,13;115;true;true;true;0;0,13;0
1198;1,39;0,13;115;true;true;true;0;0,13;0
1199;1,4;0,13;115;true;true;true;0;0,13;0
1200;1,4;0,13;115;true;true;true;0;0,13;0
1201;1,4;0,13;115;true;true;true;0;0,13;0
1202;1,4;0,13;115;true;true;true;0;0,13;0
1203;1,4;0,13;115;true;true;true;0;0,13;0
1204;1,41;0,13;115;true;true;true;0;0,13;0
1205;1,41;0,13;115;true;true;true;0;0,13;0
1206;1,41;0,13;115;true;true;true;0;0,13;0
1207;1,41;0,13;115;true;true;true;0;0,13;0
1208;1,41;0,13;115;true;true;true;0;0,13;0
1209;1,42;0,13;115;true;true;true;0;0,13;0
1210;1,42;0,13;115;true;true;true;0;0,13;0
1211;1,42;0,13;115;true;true;true;0;0,13;0
1212;1,42;0,13;115;true;true;true;0;0,13;0
1213;1,42;0,13;115;true;true;true;0;0,13;0
1214;1,43;0,13;115;true;true;true;0;0,13;0
1215;1,43;0,13;115;true;true;true;0;0,13;0
1216;1,43;0,13;115;true;true;true;0;0,13;0
1217;1,43;0,13;115;true;true;true;0;0,13;0
1218;1,44;0,12;115;true;true;true;0;0,12;0
1219;1,44;0,12;115;true;true;true;0;0,12;0
1220;1,44;0,12;115;true;true;true;0;0,12;0
1221;1,45;0,12;115;true;true;true;0;0,12;0
1222;1,45;0,12;115;true;true;true;0;0,12;0
1223;1,45;0,12;115;true;true;true;0;0,12;0
1224;1,45;0,12;115;true;true;true;0;0,12;0
1225;1,45;0,12;115;true;true;true;0;0,12;0
1226;1,46;0,12;115;true;true;true;0;0,12;0
1227;1,46;0,12;115;true;true;true;0;0,12;0
1228;1,46;0,12;115;true;true;true;0;0,12;0
1229;1,46;0,12;115;true;true;true;0;0,12;0
1230;1,47;0,12;115;true;true;true;0;0,12;0
1231;1,47;0,12;115;true;true;true;0;0,12;0
1232;1,47;0,12;115;true;true;true;0;0,12;0
1233;1,48;0,12;115;true;true;true;0;0,12;0
1234;1,48;0,12;115;true;true;true;0;0,12;0
1235;1,48;0,12;115;true;true;true;0;0,12;0
1236;1,48;0,12;115;true;true;true;0;0,12;0
1237;1,48;0,12;115;true;true;true;0;0,12;0
1238;1,49;0,12;115;true;true;true;0;0,12;0
1239;1,49;0,12;115;true;true;true;0;0,12;0
1240;1,49;0,12;115;true;true;true;0;0,12;0
1241;1,49;0,12;115;true;true;true;0;0,12;0
1242;1,49;0,12;115;true;true;true;0;0,12;0
1243;1,5;0,12;115;true;true;true;0;0,12;0
1244;1,5;0,12;115;true;true;true;0;0,12;0
1245;1,5;0,12;115;true;true;true;0;0,12;0
1246;1,5;0,12;115;true;true;true;0;0,12;0
1247;1,5;0,12;115;true;true;true;0;0,12;0
1248;1,51;0,12;115;true;true;true;0;0,12;0
1249;1,51;0,12;115;true;true;true;0;0,12;0
1250;1,51;0,12;115;true;true;true;0;0,12;0
1251;1,51;0,12;115;true;true;true;0;0,12;0
1252;1,51;0,12;115;true;true;true;0;0,12;0
1253;1,52;0,12;115;true;true;true;0;0,12;0
1254;1,52;0,12;115;true;true;true;0;0,12;0
1255;1,52;0,12;115;true;true;true;0;0,12;0
1256;1,52;0,12;115;true;true;true;0;0,12;0
1257;1,53;0,12;115;true;true;true;0;0,12;0
1258;1,53;0,12;115;true;true;true;0;0,12;0
1259;1,53;0,12;115;true;true;true;0;0,12;0
1260;1,53;0,12;115;true;true;true;0;0,12;0
1261;1,53;0,12;115;true;true;true;0;0,12;0
1262;1,54;0,12;115;true;true;true;0;0,12;0
1263;1,54;0,12;115;true;true;true;0;0,12;0
1264;1,54;0,12;115;true;true;true;0;0,12;0
1265;1,54;0,12;115;true;true;true;0;0,12;0
1266;1,54;0,12;115;true;true;true;0;0,12;0
1267;1,55;0,12;115;true;true;true;0;0,12;0
1268;1,55;0,12;115;true;true;true;0;0,12;0
1269;1,55;0,12;115;true;true;true;0;0,12;0
1270;1,55;0,12;115;true;true;true;0;0,12;0
1271;1,56;0,12;115;true;true;true;0;0,12;0
1272;1,56;0,12;115;true;true;true;0;0,12;0
1273;1,56;0,12;115;true;true;true;0;0,12;0
1274;1,56;0,12;115;true;true;true;0;0,12;0
1275;1,56;0,12;115;true;true;true;0;0,12;0
1276;1,57;0,12;115;true;true;true;0;0,12;0
1277;1,57;0,12;115;true;true;true;0;0,12;0
1278;1,57;0,12;115;true;true;true;0;0,12;0
1279;1,57;0,12;115;true;true;true;0;0,12;0
1280;1,57;0,12;115;true;true;true;0;0,12;0
1281;1,58;0,12;115;true;true;true;0;0,12;0
1282;1,58;0,12;115;true;true;true;0;0,12;0
1283;1,58;0,12;115;true;true;true;0;0,12;0
1284;1,58;0,12;115;true;true;true;0;0,12;0
1285;1,58;0,12;115;true;true;true;0;0,12;0
1286;1,59;0,12;115;true;true;true;0;0,12;0
1287;1,59;0,12;115;true;true;true;0;0,12;0
1288;1,59;0,12;115;true;true;true;0;0,12;0
1289;1,59;0,12;115;true;true;true;0;0,12;0
1290;1,59;0,12;115;true;true;true;0;0,12;0
1291;1,6;0,12;115;true;true;true;0;0,12;0
1292;1,6;0,12;115;true;true;true;0;0,12;0
1293;1,6;0,12;115;true;true;true;0;0,12;0
1294;1,6;0,12;115;true;true;true;0;0,12;0
1295;1,61;0,12;115;true;true;true;0;0,12;0
1296;1,61;0,12;115;true;true;true;0;0,12;0
1297;1,61;0,12;115;true;true;true;0;0,12;0
1298;1,61;0,12;115;true;true;true;0;0,12;0
1299;1,61;0,12;115;true;true;true;0;0,12;0
1300;1,62;0,12;115;true;true;true;0;0,12;0
1301;1,62;0,12;115;true;true;true;0;0,12;0
1302;1,62;0,12;115;true;true;true;0;0,12;0
1303;1,62;0,12;115;true;true;true;0;0,12;0
1304;1,62;0,12;115;true;true;true;0;0,12;0
1305;1,63;0,12;115;true;true;true;0;0,12;0
1306;1,63;0,12;115;true;true;true;0;0,12;0
1307;1,63;0,12;115;true;true;true;0;0,12;0
1308;1,63;0,12;115;true;true;true;0;0,12;0
1309;1,64;0,12;115;true;true;true;0;0,12;0
1310;1,64;0,12;115;true;true;true;0;0,12;0
1311;1,64;0,12;115;true;true;true;0;0,12;0
1312;1,64;0,12;115;true;true;true;0;0,12;0
1313;1,64;0,12;115;true;true;true;0;0,12;0
1314;1,65;0,12;115;true;true;true;0;0,12;0
1315;1,65;0,12;115;true;true;true;0;0,12;0
1316;1,65;0,12;115;true;true;true;0;0,12;0
1317;1,65;0,12;115;true;true;true;0;0,12;0
1318;1,65;0,12;115;true;true;true;0;0,12;0
1319;1,66;0,12;115;true;true;true;0;0,12;0
1320;1,66;0,12;115;true;true;true;0;0,12;0
1321;1,66;0,12;115;true;true;true;0;0,12;0
1322;1,66;0,12;115;true;true;true;0;0,12;0
1323;1,67;0,12;115;true;true;true;0;0,12;0
1324;1,67;0,12;115;true;true;true;0;0,12;0
1325;1,67;0,12;115;true;true;true;0;0,12;0
1326;1,67;0,12;115;true;true;true;0;0,12;0
1327;1,67;0,12;115;true;true;true;0;0,12;0
1328;1,68;0,12;115;true;true;true;0;0,12;0
1329;1,68;0,12;115;true;true;true;0;0,12;0
1330;1,68;0,12;115;true;true;true;0;0,12;0
1331;1,68;0,12;115;true;true;true;0;0,12;0
1332;1,69;0,12;115;true;true;true;0;0,12;0
1333;1,69;0,12;115;true;true;true;0;0,12;0
1334;1,69;0,12;115;true;true;true;0;0,12;0
1335;1,69;0,12;115;true;true;true;0;0,12;0
1336;1,69;0,12;115;true;true;true;0;0,12;0
1337;1,7;0,12;115;true;true;true;0;0,12;0
1338;1,7;0,12;115;true;true;true;0;0,12;0
1339;1,7;0,12;115;true;true;true;0;0,12;0
1340;1,7;0,12;115;true;true;true;0;0,12;0
1341;1,71;0,12;115;true;true;true;0;0,12;0
1342;1,71;0,12;115;true;true;true;0;0,12;0
1343;1,71;0,12;115;true;true;true;0;0,12;0
1344;1,71;0,12;115;true;true;true;0;0,12;0
1345;1,71;0,12;115;true;true;true;0;0,12;0
1346;1,72;0,12;115;true;true;true;0;0,12;0
1347;1,72;0,12;115;true;true;true;0;0,12;0
1348;1,72;0,12;115;true;true;true;0;0,12;0
1349;1,72;0,12;115;true;true;true;0;0,12;0
1350;1,73;0,12;115;true;true;true;0;0,12;0
1351;1,73;0,12;115;true;true;true;0;0,12;0
1352;1,73;0,12;115;true;true;true;0;0,12;0
1353;1,73;0,12;115;true;true;true;0;0,12;0
1354;1,73;0,12;115;true;true;true;0;0,12;0
1355;1,74;0,12;115;true;true;true;0;0,12;0
1356;1,74;0,12;115;true;true;true;0;0,12;0
1357;1,74;0,12;115;true;true;true;0;0,12;0
1358;1,74;0,12;115;true;true;true;0;0,12;0
1359;1,74;0,12;115;true;true;true;0;0,12;0
1360;1,75;0,12;115;true;true;true;0;0,12;0
1361;1,75;0,12;115;true;true;true;0;0,12;0
1362;1,75;0,12;115;true;true;true;0;0,12;0
1363;1,75;0,12;115;true;true;true;0;0,12;0
1364;1,75;0,12;115;true;true;true;0;0,12;0
1365;1,76;0,12;115;true;true;true;0;0,12;0
1366;1,76;0,12;115;true;true;true;0;0,12;0
1367;1,76;0,12;115;true;true;true;0;0,12;0
1368;1,76;0,12;115;true;true;true;0;0,12;0
1369;1,77;0,12;115;true;true;true;0;0,12;0
1370;1,77;0,12;115;true;true;true;0;0,12;0
1371;1,77;0,12;115;true;true;true;0;0,12;0
1372;1,77;0,12;115;true;true;true;0;0,12;0
1373;1,78;0,12;115;true;true;true;0;0,12;0
1374;1,78;0,12;115;true;true;true;0;0,12;0
1375;1,78;0,12;115;true;true;true;0;0,12;0
1376;1,78;0,12;115;true;true;true;0;0,12;0
1377;1,78;0,12;115;true;true;true;0;0,12;0
1378;1,79;0,12;115;true;true;true;0;0,12;0
1379;1,79;0,12;115;true;true;true;0;0,12;0
1380;1,79;0,12;115;true;true;true;0;0,12;0
1381;1,79;0,12;115;true;true;true;0;0,12;0
1382;1,79;0,12;115;true;true;true;0;0,12;0
1383;1,8;0,12;115;true;true;true;0;0,12;0
1384;1,8;0,12;115;true;true;true;0;0,12;0
1385;1,8;0,12;115;true;true;true;0;0,12;0
1386;1,8;0,12;115;true;true;true;0;0,12;0
1387;1,8;0,12;115;true;true;true;0;0,12;0
1388;1,81;0,12;115;true;true;true;0;0,12;0
1389;1,81;0,12;115;true;true;true;0;0,12;0
1390;1,81;0,12;115;true;true;true;0;0,12;0
1391;1,81;0,12;115;true;true;true;0;0,12;0
1392;1,81;0,12;115;true;true;true;0;0,12;0
1393;1,82;0,12;115;true;true;true;0;0,12;0
1394;1,82;0,12;115;true;true;true;0;0,12;0
1395;1,82;0,12;115;true;true;true;0;0,12;0
1396;1,82;0,12;115;true;true;true;0;0,12;0
1397;1,82;0,12;115;true;true;true;0;0,12;0
1398;1,83;0,12;115;true;true;true;0;0,12;0
1399;1,83;0,12;115;true;true;true;0;0,12;0
1400;1,83;0,12;115;true;true;true;0;0,12;0
1401;1,83;0,12;115;true;true;true;0;0,12;0
1402;1,84;0,12;115;true;true;true;0;0,12;0
1403;1,84;0,12;115;true;true;true;0;0,12;0
1404;1,84;0,12;115;true;true;true;0;0,12;0
1405;1,84;0,12;115;true;true;true;0;0,12;0
1406;1,84;0,12;115;true;true;true;0;0,12;0
1407;1,85;0,12;115;true;true;true;0;0,12;0
1408;1,85;0,12;115;true;true;true;0;0,12;0
1409;1,85;0,12;115;true;true;true;0;0,12;0
1410;1,85;0,12;115;true;true;true;0;0,12;0
1411;1,85;0,12;115;true;true;true;0;0,12;0
1412;1,86;0,12;115;true;true;true;0;0,12;0
1413;1,86;0,12;115;true;true;true;0;0,12;0
1414;1,86;0,12;115;true;true;true;0;0,12;0
1415;1,86;0,12;115;true;true;true;0;0,12;0
1416;1,86;0,12;115;true;true;true;0;0,12;0
1417;1,87;0,12;115;true;true;true;0;0,12;0
1418;1,87;0,12;115;true;true;true;0;0,12;0
1419;1,87;0,12;115;true;true;true;0;0,12;0
1420;1,87;0,12;115;true;true;true;0;0,12;0
1421;1,87;0,12;115;true;true;true;0;0,12;0
1422;1,88;0,12;115;true;true;true;0;0,12;0
1423;1,88;0,12;115;true;true;true;0;0,12;0
1424;1,88;0,12;115;true;true;true;0;0,12;0
1425;1,88;0,12;115;true;true;true;0;0,12;0
1426;1,88;0,12;115;true;true;true;0;0,12;0
1427;1,88;0,12;115;true;true;true;0;0,12;0
1428;1,89;0,12;115;true;true;true;0;0,12;0
1429;1,89;0,12;115;true;true;true;0;0,12;0
1430;1,89;0,12;115;true;true;true;0;0,12;0
1431;1,89;0,12;115;true;true;true;0;0,12;0
1432;1,89;0,12;115;true;true;true;0;0,12;0
1433;1,9;0,12;115;true;true;true;0;0,12;0
1434;1,9;0,12;115;true;true;true;0;0,12;0
1435;1,9;0,12;115;true;true;true;0;0,12;0
1436;1,9;0,12;115;true;true;true;0;0,12;0
1437;1,9;0,12;115;true;true;true;0;0,12;0
1438;1,91;0,12;115;true;true;true;0;0,12;0
1439;1,91;0,12;115;true;true;true;0;0,12;0
1440;1,91;0,12;115;true;true;true;0;0,12;0
14