lengthMiddleSegment: 60080.82
step_energy: 0.05
electrostatic_force_factor: 1.0
spring_force_factor: 0.1
reject_force_factor: 2.0
distanceRejectRadius: 15020.205
distanceSamePosition: 15020.205
Iteration;time;energy;num nodes;reject force is enabled;spring force is enabled;electrostatic force is enabled;str_force;rep_force;elec_force
1;0;49,6;1318;false;true;true;18,44;0;31,28
2;0,02;57,43;1275;false;true;true;21,53;0;38,13
3;0,08;54,27;1224;false;true;true;22,1;0;34,5
4;0,08;50,62;1178;false;true;true;20,2;0;32,03
5;0,09;48,72;1139;false;true;true;20,38;0;30,87
6;0,09;47,46;1104;false;true;true;19,46;0;30,57
7;0,1;44,92;1066;false;true;true;20,34;0;28,19
8;0,11;43,14;1038;false;true;true;19;0;27,79
9;0,11;41,84;1012;false;true;true;19,07;0;26,52
10;0,12;41,06;988;false;true;true;18,92;0;26,31
11;0,12;41,05;962;false;true;true;19,25;0;25,61
12;0,13;38,86;939;false;true;true;18,36;0;23,38
13;0,13;38,63;915;false;true;true;19,18;0;22,15
14;0,14;37,98;899;false;true;true;17,87;0;23,6
15;0,14;37,95;880;false;true;true;18,51;0;23,94
16;0,15;36,49;859;false;true;true;18,83;0;21,92
17;0,15;35,97;843;false;true;true;18,7;0;21,87
18;0,16;34,32;828;false;true;true;19,01;0;21,18
19;0,16;34,06;817;false;true;true;18,19;0;22,32
20;0,17;34,23;802;false;true;true;19,71;0;21,44
21;0,17;33,16;789;false;true;true;19,61;0;19,49
22;0,18;31,67;776;false;true;true;18;0;16,68
23;0,19;31,62;770;false;true;true;17,11;0;18,84
24;0,19;30,89;759;false;true;true;17,95;0;17,96
25;0,2;31,57;751;false;true;true;17,85;0;18,8
26;0,2;31,47;743;false;true;true;18,12;0;19,37
27;0,2;29,65;731;false;true;true;18,48;0;16,75
28;0,21;29,79;726;false;true;true;17,69;0;18,67
29;0,21;30,45;718;false;true;true;18,29;0;19,66
30;0,22;29,12;705;false;true;true;19,06;0;16,12
31;0,22;29,09;698;false;true;true;18,47;0;17,13
32;0,22;28,81;692;false;true;true;17,95;0;18,25
33;0,23;28,3;681;false;true;true;18,49;0;16,68
34;0,23;27,34;675;false;true;true;18,01;0;17,11
35;0,23;26,88;666;false;true;true;17,73;0;16,15
36;0,24;25,95;657;false;true;true;17,61;0;14,25
37;0,24;25,74;654;false;true;true;17,35;0;16,15
38;0,24;26,08;650;false;true;true;17,53;0;17,9
39;0,25;25,16;643;false;true;true;18,23;0;16,44
40;0,25;25,31;637;false;true;true;18,37;0;16,29
41;0,26;24,62;630;false;true;true;17,46;0;14,39
42;0,26;24,07;626;false;true;true;16,75;0;14,39
43;0,26;24,2;622;false;true;true;17,14;0;15,44
44;0,26;23,65;615;false;true;true;16,85;0;13,68
45;0,27;23,16;611;false;true;true;16,33;0;13,61
46;0,27;22,16;605;false;true;true;16,14;0;12,05
47;0,28;21,6;602;false;true;true;16,42;0;12,45
48;0,28;21,85;598;false;true;true;16,63;0;12,41
49;0,28;20,82;594;false;true;true;16,47;0;11,8
50;0,28;20,77;591;false;true;true;16,26;0;11,98
51;0,29;21,13;589;false;true;true;16,35;0;13,27
52;0,29;20,17;583;false;true;true;15,96;0;10,86
53;0,29;20,3;580;false;true;true;15,55;0;11,35
54;0,3;20,2;577;false;true;true;15,6;0;11,83
55;0,3;19,42;571;false;true;true;14,56;0;9
56;0,31;18,5;569;false;true;true;13,85;0;9,21
57;0,31;18,45;569;false;true;true;13,81;0;10,9
58;0,31;18,72;567;false;true;true;14,6;0;11,62
59;0,32;18,17;564;false;true;true;15,3;0;11,57
60;0,32;18,09;560;false;true;true;15,18;0;10,63
61;0,32;17,77;558;false;true;true;15,01;0;10,95
62;0,33;17,68;554;false;true;true;14,82;0;9,95
63;0,33;17,08;552;false;true;true;14,68;0;9,84
64;0,33;16,94;549;false;true;true;14,5;0;9,3
65;0,33;17,06;548;false;true;true;14,77;0;10,35
66;0,34;16,78;544;false;true;true;14,42;0;9,08
67;0,34;16,01;540;false;true;true;13,46;0;7
68;0,34;15,49;540;false;true;true;12,98;0;7,99
69;0,34;15,21;538;false;true;true;12,99;0;7,89
70;0,35;15,44;537;false;true;true;13,46;0;8,58
71;0,35;15,14;535;false;true;true;13,49;0;8,32
72;0,35;14,33;533;false;true;true;13,22;0;7,66
73;0,35;14,15;533;false;true;true;13,23;0;8,56
74;0,35;14,28;532;false;true;true;13,45;0;8,98
75;0,36;14,23;531;false;true;true;13,96;0;9,4
76;0,36;14,34;529;false;true;true;14,26;0;9,29
77;0,36;14,29;527;false;true;true;14,41;0;9,04
78;0,37;13,95;525;false;true;true;14,11;0;8,75
79;0,37;13,95;525;false;true;true;14,17;0;9,82
80;0,37;14,64;524;false;true;true;14,49;0;10,56
81;0,37;15,02;522;false;true;true;14,67;0;10,67
82;0,37;14,87;517;false;true;true;14,31;0;8,33
83;0,38;14,62;516;false;true;true;13,6;0;8,72
84;0,38;14,44;514;false;true;true;13,41;0;8,54
85;0,38;14,26;512;false;true;true;12,8;0;7,97
86;0,38;14,23;512;false;true;true;13,06;0;9,05
87;0,38;14,37;509;false;true;true;13,56;0;8,53
88;0,39;13,83;507;false;true;true;13,14;0;7,83
89;0,39;13,67;507;false;true;true;13,16;0;8,71
90;0,39;13,53;505;false;true;true;13,15;0;8,33
91;0,39;13,58;505;false;true;true;13,62;0;9,32
92;0,4;14,07;504;false;true;true;14,21;0;9,98
93;0,4;13,94;501;false;true;true;14,19;0;9,07
94;0,4;13,93;500;false;true;true;14,08;0;9,64
95;0,4;14,07;498;false;true;true;13,54;0;9,17
96;0,41;14,34;497;false;true;true;13,55;0;9,7
97;0,41;14,32;494;false;true;true;13,64;0;8,84
98;0,41;14,36;492;false;true;true;13,38;0;8,57
99;0,41;14,18;489;false;true;true;12,95;0;7,57
100;0,41;13,89;489;false;true;true;12,76;0;8,59
101;0,42;13,35;487;false;true;true;12,74;0;8,13
102;0,42;13,22;486;false;true;true;12,66;0;8,2
103;0,42;13,24;486;false;true;true;13,03;0;9,17
104;0,42;13,52;485;false;true;true;13,62;0;9,79
105;0,43;12,9;483;false;true;true;13,8;0;8,98
106;0,43;13,19;481;false;true;true;13,8;0;8,82
107;0,43;13,09;480;false;true;true;13,71;0;9,07
108;0,43;13,57;478;false;true;true;13,39;0;8,82
109;0,43;13,07;476;false;true;true;13,01;0;8,12
110;0,44;12,85;474;false;true;true;12,82;0;7,61
111;0,44;12,77;474;false;true;true;12,88;0;8,53
112;0,44;12,34;472;false;true;true;12,41;0;7,58
113;0,44;12,21;472;false;true;true;12,61;0;8,32
114;0,44;12,35;471;false;true;true;13,19;0;8,58
115;0,45;12,27;470;false;true;true;13,27;0;8,65
116;0,45;12,34;468;false;true;true;13,43;0;8,59
117;0,45;12,46;468;false;true;true;13,69;0;9,66
118;0,46;12,48;466;false;true;true;13,63;0;9,01
119;0,46;12,42;465;false;true;true;13,75;0;9,53
120;0,46;12,74;462;false;true;true;13,28;0;8,45
121;0,46;12,6;461;false;true;true;13,15;0;8,72
122;0,47;12,52;459;false;true;true;12,88;0;8,22
123;0,47;12,47;458;false;true;true;12,93;0;8,41
124;0,47;12,63;456;false;true;true;12,54;0;7,89
125;0,47;11,64;454;false;true;true;11,83;0;6,68
126;0,47;11,35;454;false;true;true;11,88;0;7,14
127;0,48;11,26;454;false;true;true;12,23;0;7,71
128;0,48;11,15;453;false;true;true;12,55;0;7,71
129;0,48;11,12;453;false;true;true;12,93;0;8,33
130;0,48;11,36;453;false;true;true;13,42;0;9,17
131;0,49;12,14;452;false;true;true;13,67;0;9,62
132;0,49;11,76;448;false;true;true;13,01;0;7,25
133;0,49;11,47;448;false;true;true;12,81;0;7,85
134;0,49;11,52;448;false;true;true;12,91;0;8,64
135;0,49;11,46;447;false;true;true;13,08;0;8,75
136;0,5;11,98;446;false;true;true;13,42;0;9,06
137;0,5;11,94;444;false;true;true;13,19;0;8,35
138;0,5;11,87;443;false;true;true;12,91;0;8,36
139;0,5;12,35;441;false;true;true;12,79;0;7,95
140;0,5;11,96;439;false;true;true;11,84;0;6,97
141;0,5;11,93;439;false;true;true;11,86;0;7,83
142;0,51;11,46;437;false;true;true;11,63;0;7,01
143;0,51;11,45;436;false;true;true;11,48;0;6,9
144;0,51;11,4;436;false;true;true;11,7;0;7,63
145;0,51;11,22;435;false;true;true;11,85;0;7,49
146;0,52;11,42;434;false;true;true;11,98;0;7,63
147;0,52;11,43;432;false;true;true;11,96;0;6,96
148;0,52;11,3;431;false;true;true;11,42;0;6,76
149;0,52;10,69;430;false;true;true;11,1;0;6,39
150;0,53;10,41;430;false;true;true;11,08;0;6,82
151;0,53;10,33;430;false;true;true;11,41;0;7,36
152;0,53;10,33;429;false;true;true;11,75;0;7,22
153;0,53;10,34;429;false;true;true;12,13;0;7,83
154;0,54;10,6;428;false;true;true;12,58;0;7,99
155;0,54;10,9;427;false;true;true;12,49;0;8
156;0,54;10,55;426;false;true;true;12,34;0;7,89
157;0,54;10,81;425;false;true;true;12,02;0;7,87
158;0,54;10,64;423;false;true;true;11,65;0;7,01
159;0,55;10,47;423;false;true;true;11,74;0;7,64
160;0,55;10,86;422;false;true;true;11,97;0;7,73
161;0,55;10,85;420;false;true;true;11,74;0;7,09
162;0,55;10,89;420;false;true;true;11,74;0;7,99
163;0,55;10,61;417;false;true;true;10,93;0;6,31
164;0,56;10,18;416;false;true;true;10,47;0;5,96
165;0,56;9,82;416;false;true;true;10,39;0;6,38
166;0,56;9,69;416;false;true;true;10,63;0;6,9
167;0,56;9,69;415;false;true;true;11,06;0;6,85
168;0,56;9,67;415;false;true;true;11,28;0;7,51
169;0,57;9,6;413;false;true;true;11,23;0;6,73
170;0,57;9,48;413;false;true;true;11,23;0;7,32
171;0,57;9,69;412;false;true;true;11,06;0;7,16
172;0,57;9,54;411;false;true;true;10,76;0;6,98
173;0,57;9,14;409;false;true;true;10,5;0;5,96
174;0,58;8,78;409;false;true;true;10,4;0;6,28
175;0,58;8,58;409;false;true;true;10,43;0;6,67
176;0,58;8,6;409;false;true;true;10,61;0;7,21
177;0,58;8,06;408;false;true;true;10,56;0;6,55
178;0,58;8,01;408;false;true;true;10,8;0;6,97
179;0,59;8,07;407;false;true;true;10,84;0;6,72
180;0,59;8,07;407;false;true;true;10,98;0;7,24
181;0,59;8,34;405;false;true;true;10,72;0;6,4
182;0,59;8,05;404;false;true;true;10,03;0;5,92
183;0,6;7,75;404;false;true;true;9,94;0;6,19
184;0,6;7,59;404;false;true;true;10,03;0;6,5
185;0,6;7,56;404;false;true;true;10,26;0;6,89
186;0,6;7,76;404;false;true;true;10,61;0;7,49
187;0,6;7,56;402;false;true;true;10,32;0;6,24
188;0,61;7,35;402;false;true;true;10,29;0;6,51
189;0,61;7,24;402;false;true;true;10,34;0;6,82
190;0,61;7,25;402;false;true;true;10,54;0;7,22
191;0,61;7,42;401;false;true;true;10,61;0;7,04
192;0,61;7,46;400;false;true;true;10,39;0;6,55
193;0,62;7,24;400;false;true;true;10,34;0;6,86
194;0,62;7,21;400;false;true;true;10,53;0;7,25
195;0,62;7,23;399;false;true;true;10,38;0;6,88
196;0,62;7,2;398;false;true;true;10,24;0;6,53
197;0,62;6,99;398;false;true;true;10,2;0;6,81
198;0,63;6,89;398;false;true;true;10,31;0;7,13
199;0,63;6,93;398;false;true;true;10,53;0;7,56
200;0,63;7,11;397;false;true;true;10,68;0;7,35
201;0,63;7,16;396;false;true;true;10,38;0;7,03
202;0,63;7,32;395;false;true;true;10,21;0;6,71
203;0,64;7,23;395;false;true;true;10,17;0;7,19
204;0,64;7,1;394;false;true;true;9,95;0;6,73
205;0,64;7,12;394;false;true;true;10,09;0;7,2
206;0,64;7,07;392;false;true;true;9,57;0;5,98
207;0,64;6,81;392;false;true;true;9,52;0;6,21
208;0,65;6,67;392;false;true;true;9,6;0;6,46
209;0,65;6,61;392;false;true;true;9,78;0;6,76
210;0,65;6,65;392;false;true;true;10,04;0;7,14
211;0,65;6,85;392;false;true;true;10,38;0;7,69
212;0,65;7,22;390;false;true;true;9,96;0;6,62
213;0,66;7,03;389;false;true;true;9,44;0;6,13
214;0,66;7,05;389;false;true;true;9,48;0;6,6
215;0,66;6,94;387;false;true;true;8,99;0;5,37
216;0,66;6,59;387;false;true;true;8,84;0;5,55
217;0,66;6,38;387;false;true;true;8,81;0;5,75
218;0,67;6,25;387;false;true;true;8,89;0;5,99
219;0,67;6,25;386;false;true;true;8,75;0;5,5
220;0,67;6,03;386;false;true;true;8,8;0;5,65
221;0,67;5,86;386;false;true;true;8,88;0;5,8
222;0,67;5,74;386;false;true;true;9,01;0;5,96
223;0,68;5,65;386;false;true;true;9,18;0;6,14
224;0,68;5,6;386;false;true;true;9,35;0;6,35
225;0,68;5,62;386;false;true;true;9,54;0;6,61
226;0,68;5,68;385;false;true;true;9,5;0;6,17
227;0,68;5,59;385;false;true;true;9,52;0;6,35
228;0,69;5,55;385;false;true;true;9,59;0;6,58
229;0,69;5,58;385;false;true;true;9,72;0;6,86
230;0,69;5,75;385;false;true;true;9,93;0;7,26
231;0,69;5,91;384;false;true;true;9,88;0;6,89
232;0,69;6,02;383;false;true;true;9,54;0;6,48
233;0,7;5,93;382;false;true;true;9,03;0;5,87
234;0,7;5,79;382;false;true;true;8,95;0;6,11
235;0,7;5,72;381;false;true;true;8,71;0;5,58
236;0,7;5,48;381;false;true;true;8,66;0;5,69
237;0,7;5,33;381;false;true;true;8,7;0;5,81
238;0,71;5,2;381;false;true;true;8,76;0;5,93
239;0,71;5,1;381;false;true;true;8,9;0;6,06
240;0,71;5,04;381;false;true;true;9,05;0;6,21
241;0,71;5;381;false;true;true;9,19;0;6,37
242;0,71;5,01;381;false;true;true;9,34;0;6,57
243;0,72;5,09;381;false;true;true;9,51;0;6,85
244;0,72;5,15;380;false;true;true;9,32;0;6,23
245;0,72;5,01;380;false;true;true;9,28;0;6,39
246;0,72;4,98;380;false;true;true;9,33;0;6,59
247;0,72;5,03;380;false;true;true;9,46;0;6,85
248;0,73;5,26;380;false;true;true;9,66;0;7,27
249;0,73;5,24;378;false;true;true;9,2;0;5,92
250;0,73;5,02;378;false;true;true;9,03;0;6,02
251;0,73;4,87;378;false;true;true;8,93;0;6,13
252;0,73;4,76;378;false;true;true;8,94;0;6,24
253;0,74;4,68;378;false;true;true;9,03;0;6,35
254;0,74;4,62;378;false;true;true;9,15;0;6,48
255;0,74;4,58;378;false;true;true;9,28;0;6,62
256;0,74;4,57;378;false;true;true;9,41;0;6,78
257;0,74;4,61;378;false;true;true;9,55;0;6,98
258;0,75;4,72;378;false;true;true;9,72;0;7,28
259;0,75;4,73;377;false;true;true;9,47;0;6,68
260;0,75;4,68;377;false;true;true;9,47;0;6,88
261;0,75;4,79;376;false;true;true;8,96;0;6,22
262;0,75;4,59;376;false;true;true;8,85;0;6,34
263;0,76;4,46;376;false;true;true;8,91;0;6,45
264;0,76;4,38;376;false;true;true;9,03;0;6,58
265;0,76;4,33;376;false;true;true;9,18;0;6,72
266;0,76;4,31;376;false;true;true;9,33;0;6,88
267;0,76;4,34;376;false;true;true;9,48;0;7,07
268;0,77;4,44;376;false;true;true;9,65;0;7,34
269;0,77;4,58;375;false;true;true;9,52;0;6,81
270;0,77;4,48;375;false;true;true;9,49;0;6,99
271;0,77;4,45;375;false;true;true;9,54;0;7,18
272;0,77;4,49;375;false;true;true;9,68;0;7,42
273;0,78;4,59;375;false;true;true;9,91;0;7,73
274;0,78;4,84;375;false;true;true;10,19;0;8,19
275;0,78;5,18;373;false;true;true;9,44;0;6,85
276;0,78;5,18;373;false;true;true;9,41;0;7,24
277;0,78;5,05;372;false;true;true;9,07;0;6,63
278;0,79;5,06;372;false;true;true;9,15;0;6,92
279;0,79;5,29;371;false;true;true;9,05;0;6,51
280;0,79;5,25;370;false;true;true;8,52;0;5,92
281;0,79;5,11;370;false;true;true;8,47;0;6,13
282;0,8;5,14;370;false;true;true;8,56;0;6,44
283;0,8;5,06;369;false;true;true;8,38;0;5,83
284;0,8;4,94;369;false;true;true;8,42;0;6,02
285;0,8;4,94;368;false;true;true;8;0;5,44
286;0,8;4,78;368;false;true;true;8;0;5,54
287;0,81;4,65;368;false;true;true;8,07;0;5,63
288;0,81;4,55;368;false;true;true;8,18;0;5,73
289;0,81;4,47;368;false;true;true;8,31;0;5,83
290;0,81;4,41;368;false;true;true;8,44;0;5,94
291;0,81;4,37;368;false;true;true;8,56;0;6,07
292;0,81;4,37;368;false;true;true;8,68;0;6,24
293;0,82;4,45;368;false;true;true;8,82;0;6,48
294;0,82;4,44;367;false;true;true;8,48;0;5,77
295;0,82;4,33;367;false;true;true;8,43;0;5,86
296;0,82;4,24;367;false;true;true;8,42;0;5,97
297;0,82;4,2;367;false;true;true;8,5;0;6,09
298;0,83;4,18;367;false;true;true;8,61;0;6,24
299;0,83;4,25;367;false;true;true;8,75;0;6,46
300;0,83;4,54;366;false;true;true;8,56;0;6,08
301;0,83;4,47;366;false;true;true;8,43;0;6,36
302;0,83;3,88;365;false;true;true;8,52;0;5,75
303;0,84;3,79;365;false;true;true;8,52;0;5,82
304;0,84;3,73;365;false;true;true;8,54;0;5,89
305;0,84;3,68;365;false;true;true;8,56;0;5,96
306;0,84;3,64;365;false;true;true;8,59;0;6,04
307;0,85;3,61;365;false;true;true;8,63;0;6,12
308;0,85;3,58;365;false;true;true;8,66;0;6,22
309;0,85;3,59;365;false;true;true;8,72;0;6,33
310;0,85;3,6;365;false;true;true;8,79;0;6,47
311;0,85;3,65;365;false;true;true;8,87;0;6,64
312;0,86;3,78;365;false;true;true;8,99;0;6,89
313;0,86;3,82;364;false;true;true;8,69;0;6,25
314;0,86;3,81;364;false;true;true;8,63;0;6,39
315;0,86;3,84;364;false;true;true;8,65;0;6,58
316;0,86;3,94;364;false;true;true;8,75;0;6,84
317;0,87;4,15;363;false;true;true;8,41;0;6,24
318;0,87;4,16;363;false;true;true;8,46;0;6,5
319;0,87;4,34;363;false;true;true;8,59;0;6,91
320;0,87;4,37;361;false;true;true;7,9;0;5,43
321;0,87;4,16;361;false;true;true;7,78;0;5,57
322;0,88;4,09;361;false;true;true;7,76;0;5,74
323;0,88;4,14;361;false;true;true;7,86;0;5,99
324;0,88;4,17;360;false;true;true;7,5;0;5,31
325;0,88;4,22;359;false;true;true;7,09;0;4,66
326;0,88;3,99;359;false;true;true;6,97;0;4,7
327;0,89;3,83;359;false;true;true;6,94;0;4,75
328;0,89;3,69;359;false;true;true;6,98;0;4,78
329;0,89;3,57;359;false;true;true;7,04;0;4,82
330;0,89;3,48;359;false;true;true;7,1;0;4,85
331;0,89;3,39;359;false;true;true;7,15;0;4,89
332;0,9;3,31;359;false;true;true;7,17;0;4,92
333;0,9;3,24;359;false;true;true;7,2;0;4,95
334;0,9;3,18;359;false;true;true;7,22;0;4,98
335;0,9;3,11;359;false;true;true;7,23;0;5
336;0,91;3,05;359;false;true;true;7,25;0;5,03
337;0,91;3;359;false;true;true;7,26;0;5,06
338;0,91;2,95;359;false;true;true;7,26;0;5,09
339;0,91;2,9;359;false;true;true;7,28;0;5,11
340;0,92;2,85;359;false;true;true;7,28;0;5,14
341;0,92;2,81;359;false;true;true;7,28;0;5,17
342;0,92;2,77;359;false;true;true;7,29;0;5,19
343;0,92;2,73;359;false;true;true;7,29;0;5,22
344;0,92;2,69;359;false;true;true;7,3;0;5,24
345;0,93;2,66;359;false;true;true;7,31;0;5,27
346;0,93;2,62;359;false;true;true;7,31;0;5,3
347;0,93;2,59;359;false;true;true;7,32;0;5,33
348;0,93;2,56;359;false;true;true;7,32;0;5,35
349;0,93;2,53;359;false;true;true;7,33;0;5,38
350;0,94;2,5;359;false;true;true;7,33;0;5,41
351;0,94;2,47;359;false;true;true;7,34;0;5,44
352;0,94;2,45;359;false;true;true;7,36;0;5,47
353;0,94;2,42;359;false;true;true;7,36;0;5,5
354;0,94;2,4;359;false;true;true;7,38;0;5,53
355;0,95;2,38;359;false;true;true;7,39;0;5,56
356;0,95;2,36;359;false;true;true;7,4;0;5,6
357;0,95;2,34;359;false;true;true;7,42;0;5,63
358;0,95;2,33;359;false;true;true;7,44;0;5,67
359;0,95;2,31;359;false;true;true;7,45;0;5,71
360;0,96;2,31;359;false;true;true;7,48;0;5,75
361;0,96;2,3;359;false;true;true;7,5;0;5,8
362;0,96;2,29;359;false;true;true;7,53;0;5,85
363;0,96;2,3;359;false;true;true;7,56;0;5,91
364;0,96;2,31;359;false;true;true;7,61;0;5,97
365;0,97;2,32;359;false;true;true;7,65;0;6,05
366;0,97;2,35;359;false;true;true;7,71;0;6,14
367;0,97;2,41;359;false;true;true;7,78;0;6,27
368;0,97;2,53;359;false;true;true;7,87;0;6,46
369;0,97;2,71;358;false;true;true;7,61;0;5,79
370;0,98;2,61;358;false;true;true;7,47;0;5,88
371;0,98;2,61;358;false;true;true;7,46;0;6,01
372;0,98;2,72;358;false;true;true;7,55;0;6,23
373;0,98;2,65;357;false;true;true;7,08;0;5,42
374;0,98;2,56;357;false;true;true;7,06;0;5,46
375;0,99;2,5;357;false;true;true;7,04;0;5,5
376;0,99;2,45;357;false;true;true;7,07;0;5,55
377;0,99;2,41;357;false;true;true;7,12;0;5,59
378;0,99;2,38;357;false;true;true;7,19;0;5,63
379;0,99;2,36;357;false;true;true;7,24;0;5,68
380;1;2,35;357;false;true;true;7,29;0;5,74
381;1;2,34;357;false;true;true;7,34;0;5,8
382;1;2,35;357;false;true;true;7,4;0;5,88
383;1;2,38;357;false;true;true;7,46;0;5,98
384;1;2,44;357;false;true;true;7,54;0;6,13
385;1,01;2,61;356;false;true;true;7,15;0;5,44
386;1,01;2,49;356;false;true;true;7,06;0;5,49
387;1,01;2,44;356;false;true;true;7,04;0;5,55
388;1,01;2,42;356;false;true;true;7,07;0;5,61
389;1,01;2,41;356;false;true;true;7,12;0;5,69
390;1,02;2,45;356;false;true;true;7,19;0;5,8
391;1,02;2,56;356;false;true;true;7,27;0;5,98
392;1,02;2,72;355;false;true;true;6,79;0;5,17
393;1,02;2,58;355;false;true;true;6,69;0;5,22
394;1,02;2,48;355;false;true;true;6,66;0;5,26
395;1,03;2,42;355;false;true;true;6,7;0;5,31
396;1,03;2,37;355;false;true;true;6,79;0;5,36
397;1,03;2,43;355;false;true;true;6,86;0;5,35
398;1,03;2,39;355;false;true;true;6,91;0;5,41
399;1,03;2,36;355;false;true;true;6,96;0;5,48
400;1,04;2,35;355;false;true;true;7,02;0;5,56
401;1,04;2,37;355;false;true;true;7,09;0;5,65
402;1,04;2,41;355;false;true;true;7,16;0;5,78
403;1,04;2,53;355;false;true;true;7,26;0;5,99
404;1,04;2,52;354;false;true;true;7,07;0;5,35
405;1,05;2,41;354;false;true;true;6,97;0;5,41
406;1,05;2,35;354;false;true;true;6,91;0;5,47
407;1,05;2,32;354;false;true;true;6,9;0;5,54
408;1,05;2,3;354;false;true;true;6,95;0;5,62
409;1,05;2,32;354;false;true;true;7,04;0;5,73
410;1,06;2,4;354;false;true;true;7,14;0;5,9
411;1,06;2,56;353;false;true;true;6,68;0;5,18
412;1,06;2,45;353;false;true;true;6,61;0;5,23
413;1,06;2,39;353;false;true;true;6,61;0;5,29
414;1,06;2,33;353;false;true;true;6,68;0;5,34
415;1,07;2,3;353;false;true;true;6,77;0;5,4
416;1,07;2,27;353;false;true;true;6,83;0;5,46
417;1,07;2,25;353;false;true;true;6,9;0;5,52
418;1,07;2,24;353;false;true;true;6,96;0;5,59
419;1,07;2,24;353;false;true;true;7,02;0;5,67
420;1,08;2,25;353;false;true;true;7,08;0;5,76
421;1,08;2,28;353;false;true;true;7,16;0;5,87
422;1,08;2,35;353;false;true;true;7,25;0;6,03
423;1,08;2,53;353;false;true;true;7,37;0;6,3
424;1,08;2,43;352;false;true;true;7,05;0;5,55
425;1,09;2,36;352;false;true;true;6,99;0;5,63
426;1,09;2,33;352;false;true;true;6,98;0;5,72
427;1,09;2,32;352;false;true;true;7,01;0;5,82
428;1,09;2,34;352;false;true;true;7,1;0;5,95
429;1,09;2,41;352;false;true;true;7,22;0;6,14
430;1,1;2,6;352;false;true;true;7,38;0;6,44
431;1,1;2,73;351;false;true;true;7,13;0;5,87
432;1,1;2,91;350;false;true;true;6,59;0;4,91
433;1,1;2,74;350;false;true;true;6,44;0;4,99
434;1,11;2,68;350;false;true;true;6,36;0;5,12
435;1,11;2,71;350;false;true;true;6,39;0;5,3
436;1,11;2,93;350;false;true;true;6,5;0;5,67
437;1,11;2,71;349;false;true;true;6,56;0;5,38
438;1,11;2,72;349;false;true;true;6,5;0;5,57
439;1,12;2,91;349;false;true;true;6,54;0;5,93
440;1,12;2,58;348;false;true;true;6,63;0;5,5
441;1,12;2,61;348;false;true;true;6,52;0;5,74
442;1,12;1,95;347;false;true;true;6,54;0;5,13
443;1,12;1,91;347;false;true;true;6,55;0;5,16
444;1,13;1,88;347;false;true;true;6,57;0;5,19
445;1,13;1,85;347;false;true;true;6,58;0;5,22
446;1,13;1,83;347;false;true;true;6,6;0;5,26
447;1,13;1,81;347;false;true;true;6,62;0;5,29
448;1,13;1,79;347;false;true;true;6,63;0;5,33
449;1,14;1,78;347;false;true;true;6,66;0;5,36
450;1,14;1,76;347;false;true;true;6,68;0;5,4
451;1,14;1,75;347;false;true;true;6,7;0;5,44
452;1,14;1,74;347;false;true;true;6,73;0;5,49
453;1,14;1,75;347;false;true;true;6,76;0;5,53
454;1,15;1,75;347;false;true;true;6,8;0;5,59
455;1,15;1,76;347;false;true;true;6,84;0;5,64
456;1,15;1,76;347;false;true;true;6,88;0;5,71
457;1,15;1,79;347;false;true;true;6,94;0;5,79
458;1,15;1,83;347;false;true;true;7;0;5,89
459;1,16;1,89;347;false;true;true;7,07;0;6,02
460;1,16;2,02;347;false;true;true;7,18;0;6,23
461;1,16;2,09;346;false;true;true;6,74;0;5,52
462;1,16;2,07;346;false;true;true;6,73;0;5,62
463;1,16;2,11;346;false;true;true;6,77;0;5,76
464;1,17;2,46;345;false;true;true;6,35;0;5,09
465;1,17;2,31;345;false;true;true;6,32;0;5,17
466;1,17;2,25;345;false;true;true;6,35;0;5,27
467;1,17;2,26;345;false;true;true;6,46;0;5,41
468;1,17;2,54;344;false;true;true;6,34;0;4,83
469;1,18;2,36;344;false;true;true;6,22;0;4,89
470;1,18;2,25;344;false;true;true;6,16;0;4,94
471;1,18;2,17;344;false;true;true;6,17;0;5
472;1,18;2,13;344;false;true;true;6,25;0;5,07
473;1,19;2,11;344;false;true;true;6,33;0;5,15
474;1,19;2,13;344;false;true;true;6,41;0;5,25
475;1,19;2,19;344;false;true;true;6,5;0;5,41
476;1,2;2,3;343;false;true;true;6,06;0;4,66
477;1,2;2,17;343;false;true;true;5,98;0;4,7
478;1,2;2,1;343;false;true;true;5,97;0;4,74
479;1,2;2,05;343;false;true;true;6;0;4,78
480;1,2;2,01;343;false;true;true;6,05;0;4,82
481;1,21;1,97;343;false;true;true;6,1;0;4,86
482;1,21;1,94;343;false;true;true;6,14;0;4,9
483;1,21;1,92;343;false;true;true;6,18;0;4,95
484;1,21;1,9;343;false;true;true;6,22;0;5
485;1,22;1,9;343;false;true;true;6,27;0;5,07
486;1,22;1,9;343;false;true;true;6,31;0;5,14
487;1,22;1,93;343;false;true;true;6,37;0;5,24
488;1,22;1,98;343;false;true;true;6,44;0;5,37
489;1,22;2,11;343;false;true;true;6,54;0;5,58
490;1,23;2,22;342;false;true;true;6,27;0;4,95
491;1,23;2,19;342;false;true;true;6,19;0;5,1
492;1,23;2,22;341;false;true;true;5,66;0;4,33
493;1,23;2,06;341;false;true;true;5,5;0;4,35
494;1,24;1,95;341;false;true;true;5,45;0;4,37
495;1,24;1,86;341;false;true;true;5,49;0;4,4
496;1,24;1,79;341;false;true;true;5,54;0;4,41
497;1,24;1,73;341;false;true;true;5,58;0;4,43
498;1,24;1,68;341;false;true;true;5,6;0;4,45
499;1,25;1,64;341;false;true;true;5,63;0;4,47
500;1,25;1,6;341;false;true;true;5,64;0;4,48
501;1,25;1,57;341;false;true;true;5,66;0;4,5
502;1,25;1,54;341;false;true;true;5,67;0;4,51
503;1,25;1,53;341;false;true;true;5,68;0;4,53
504;1,26;1,5;341;false;true;true;5,69;0;4,54
505;1,26;1,48;341;false;true;true;5,7;0;4,56
506;1,26;1,47;341;false;true;true;5,71;0;4,57
507;1,26;1,45;341;false;true;true;5,72;0;4,59
508;1,26;1,43;341;false;true;true;5,72;0;4,6
509;1,27;1,42;341;false;true;true;5,73;0;4,62
510;1,27;1,4;341;false;true;true;5,73;0;4,63
511;1,27;1,39;341;false;true;true;5,74;0;4,65
512;1,27;1,38;341;false;true;true;5,75;0;4,67
513;1,27;1,38;341;false;true;true;5,77;0;4,69
514;1,28;1,37;341;false;true;true;5,77;0;4,71
515;1,28;1,36;341;false;true;true;5,79;0;4,73
516;1,28;1,36;341;false;true;true;5,79;0;4,75
517;1,28;1,36;341;false;true;true;5,81;0;4,78
518;1,28;1,35;341;false;true;true;5,82;0;4,81
519;1,29;1,36;341;false;true;true;5,84;0;4,84
520;1,29;1,36;341;false;true;true;5,86;0;4,88
521;1,29;1,39;341;false;true;true;5,9;0;4,94
522;1,29;1,42;341;false;true;true;5,93;0;5,01
523;1,3;1,5;341;false;true;true;5,99;0;5,12
524;1,3;1,68;340;false;true;true;5,7;0;4,47
525;1,3;1,58;340;false;true;true;5,55;0;4,49
526;1,3;1,51;340;false;true;true;5,47;0;4,51
527;1,31;1,46;340;false;true;true;5,43;0;4,52
528;1,31;1,42;340;false;true;true;5,46;0;4,53
529;1,31;1,38;340;false;true;true;5,49;0;4,55
530;1,31;1,36;340;false;true;true;5,52;0;4,56
531;1,32;1,33;340;false;true;true;5,54;0;4,57
532;1,32;1,3;340;false;true;true;5,55;0;4,58
533;1,32;1,28;340;false;true;true;5,56;0;4,59
534;1,32;1,26;340;false;true;true;5,57;0;4,6
535;1,33;1,25;340;false;true;true;5,58;0;4,61
536;1,33;1,24;340;false;true;true;5,59;0;4,62
537;1,33;1,22;340;false;true;true;5,59;0;4,63
538;1,33;1,2;340;false;true;true;5,59;0;4,64
539;1,33;1,19;340;false;true;true;5,6;0;4,65
540;1,34;1,18;340;false;true;true;5,61;0;4,65
541;1,34;1,16;340;false;true;true;5,6;0;4,66
542;1,34;1,15;340;false;true;true;5,61;0;4,67
543;1,34;1,14;340;false;true;true;5,61;0;4,68
544;1,34;1,13;340;false;true;true;5,61;0;4,69
545;1,35;1,11;340;false;true;true;5,61;0;4,7
546;1,35;1,1;340;false;true;true;5,61;0;4,71
547;1,35;1,09;340;false;true;true;5,62;0;4,72
548;1,35;1,08;340;false;true;true;5,61;0;4,73
549;1,35;1,08;340;false;true;true;5,62;0;4,74
550;1,36;1,06;340;false;true;true;5,62;0;4,74
551;1,36;1,06;340;false;true;true;5,63;0;4,75
552;1,36;1,05;340;false;true;true;5,63;0;4,76
553;1,36;1,04;340;false;true;true;5,63;0;4,77
554;1,36;1,03;340;false;true;true;5,64;0;4,78
555;1,37;1,02;340;false;true;true;5,64;0;4,79
556;1,37;1,01;340;false;true;true;5,64;0;4,8
557;1,37;1,01;340;false;true;true;5,65;0;4,81
558;1,37;1;340;false;true;true;5,65;0;4,82
559;1,37;0,99;340;false;true;true;5,65;0;4,83
560;1,38;0,98;340;false;true;true;5,65;0;4,84
561;1,38;0,98;340;false;true;true;5,66;0;4,86
562;1,38;0,97;340;false;true;true;5,66;0;4,87
563;1,38;0,97;340;false;true;true;5,68;0;4,88
564;1,38;0,97;340;false;true;true;5,68;0;4,89
565;1,39;0,96;340;false;true;true;5,69;0;4,9
566;1,39;0,95;340;false;true;true;5,69;0;4,92
567;1,39;0,96;340;false;true;true;5,7;0;4,93
568;1,39;0,95;340;false;true;true;5,71;0;4,95
569;1,39;0,95;340;false;true;true;5,71;0;4,96
570;1,4;0,94;340;false;true;true;5,72;0;4,98
571;1,4;0,95;340;false;true;true;5,74;0;5
572;1,4;0,95;340;false;true;true;5,75;0;5,02
573;1,4;0,96;340;false;true;true;5,77;0;5,04
574;1,4;0,96;340;false;true;true;5,78;0;5,06
575;1,41;0,96;340;false;true;true;5,8;0;5,09
576;1,41;0,97;340;false;true;true;5,82;0;5,12
577;1,41;0,99;340;false;true;true;5,84;0;5,16
578;1,41;1,01;340;false;true;true;5,87;0;5,21
579;1,41;1,04;340;false;true;true;5,91;0;5,27
580;1,42;1,1;340;false;true;true;5,95;0;5,36
581;1,42;1,22;340;false;true;true;6,03;0;5,51
582;1,42;1,44;339;false;true;true;5,55;0;4,72
583;1,42;1,31;339;false;true;true;5,47;0;4,75
584;1,42;1,23;339;false;true;true;5,41;0;4,78
585;1,43;1,19;339;false;true;true;5,47;0;4,81
586;1,43;1,16;339;false;true;true;5,51;0;4,83
587;1,43;1,15;339;false;true;true;5,55;0;4,86
588;1,43;1,13;339;false;true;true;5,59;0;4,89
589;1,43;1,13;339;false;true;true;5,63;0;4,92
590;1,44;1,12;339;false;true;true;5,67;0;4,95
591;1,44;1,12;339;false;true;true;5,7;0;4,99
592;1,44;1,12;339;false;true;true;5,73;0;5,02
593;1,44;1,13;339;false;true;true;5,77;0;5,07
594;1,44;1,14;339;false;true;true;5,81;0;5,12
595;1,45;1,16;339;false;true;true;5,85;0;5,17
596;1,45;1,19;339;false;true;true;5,91;0;5,25
597;1,45;1,25;339;false;true;true;5,98;0;5,35
598;1,45;1,35;339;false;true;true;6,06;0;5,5
599;1,45;1,5;338;false;true;true;5,83;0;4,96
600;1,46;1,41;338;false;true;true;5,72;0;5,01
601;1,46;1,37;338;false;true;true;5,67;0;5,08
602;1,46;1,38;338;false;true;true;5,68;0;5,16
603;1,46;1,42;338;false;true;true;5,78;0;5,28
604;1,46;1,54;337;false;true;true;5,35;0;4,56
605;1,47;1,45;337;false;true;true;5,31;0;4,58
606;1,47;1,39;337;false;true;true;5,3;0;4,61
607;1,47;1,34;337;false;true;true;5,31;0;4,63
608;1,47;1,31;337;false;true;true;5,37;0;4,66
609;1,47;1,28;337;false;true;true;5,42;0;4,68
610;1,48;1,26;337;false;true;true;5,46;0;4,7
611;1,48;1,23;337;false;true;true;5,49;0;4,73
612;1,48;1,21;337;false;true;true;5,51;0;4,75
613;1,48;1,2;337;false;true;true;5,54;0;4,78
614;1,48;1,18;337;false;true;true;5,57;0;4,81
615;1,49;1,18;337;false;true;true;5,6;0;4,84
616;1,49;1,17;337;false;true;true;5,62;0;4,87
617;1,49;1,17;337;false;true;true;5,65;0;4,91
618;1,49;1,17;337;false;true;true;5,68;0;4,95
619;1,49;1,18;337;false;true;true;5,71;0;5
620;1,5;1,2;337;false;true;true;5,76;0;5,07
621;1,5;1,25;337;false;true;true;5,81;0;5,16
622;1,5;1,34;337;false;true;true;5,88;0;5,31
623;1,5;1,48;336;false;true;true;5,58;0;4,66
624;1,5;1,38;336;false;true;true;5,47;0;4,69
625;1,51;1,32;336;false;true;true;5,39;0;4,72
626;1,51;1,28;336;false;true;true;5,39;0;4,75
627;1,51;1,25;336;false;true;true;5,45;0;4,78
628;1,51;1,23;336;false;true;true;5,5;0;4,82
629;1,51;1,21;336;false;true;true;5,55;0;4,85
630;1,52;1,2;336;false;true;true;5,59;0;4,88
631;1,52;1,19;336;false;true;true;5,62;0;4,92
632;1,52;1,18;336;false;true;true;5,66;0;4,96
633;1,52;1,18;336;false;true;true;5,7;0;5
634;1,52;1,19;336;false;true;true;5,74;0;5,05
635;1,53;1,2;336;false;true;true;5,79;0;5,11
636;1,53;1,22;336;false;true;true;5,84;0;5,19
637;1,53;1,26;336;false;true;true;5,9;0;5,29
638;1,53;1,36;336;false;true;true;5,98;0;5,43
639;1,53;1,46;335;false;true;true;5,73;0;4,84
640;1,54;1,37;335;false;true;true;5,64;0;4,88
641;1,54;1,33;335;false;true;true;5,59;0;4,92
642;1,54;1,3;335;false;true;true;5,57;0;4,97
643;1,54;1,28;335;false;true;true;5,63;0;5,02
644;1,54;1,27;335;false;true;true;5,7;0;5,08
645;1,55;1,27;335;false;true;true;5,76;0;5,14
646;1,55;1,3;335;false;true;true;5,83;0;5,23
647;1,55;1,35;335;false;true;true;5,91;0;5,35
648;1,55;1,58;334;false;true;true;5,5;0;4,67
649;1,55;1,47;334;false;true;true;5,41;0;4,73
650;1,56;1,43;334;false;true;true;5,42;0;4,79
651;1,56;1,41;334;false;true;true;5,47;0;4,86
652;1,56;1,44;334;false;true;true;5,56;0;4,96
653;1,56;1,52;334;false;true;true;5,66;0;5,12
654;1,56;1,6;333;false;true;true;5,16;0;4,38
655;1,57;1,53;333;false;true;true;5,11;0;4,42
656;1,57;1,48;333;false;true;true;5,12;0;4,47
657;1,57;1,46;333;false;true;true;5,19;0;4,51
658;1,57;1,43;333;false;true;true;5,26;0;4,55
659;1,57;1,41;333;false;true;true;5,33;0;4,6
660;1,58;1,41;333;false;true;true;5,39;0;4,66
661;1,58;1,42;333;false;true;true;5,45;0;4,73
662;1,58;1,45;333;false;true;true;5,52;0;4,83
663;1,58;1,54;333;false;true;true;5,61;0;4,98
664;1,58;1,61;332;false;true;true;5,25;0;4,29
665;1,59;1,51;332;false;true;true;5,16;0;4,32
666;1,59;1,44;332;false;true;true;5,11;0;4,34
667;1,59;1,4;332;false;true;true;5,11;0;4,37
668;1,59;1,36;332;false;true;true;5,16;0;4,39
669;1,59;1,32;332;false;true;true;5,21;0;4,41
670;1,6;1,3;332;false;true;true;5,24;0;4,44
671;1,6;1,27;332;false;true;true;5,27;0;4,46
672;1,6;1,25;332;false;true;true;5,3;0;4,49
673;1,6;1,23;332;false;true;true;5,32;0;4,51
674;1,6;1,22;332;false;true;true;5,34;0;4,54
675;1,61;1,21;332;false;true;true;5,37;0;4,57
676;1,61;1,2;332;false;true;true;5,39;0;4,6
677;1,61;1,2;332;false;true;true;5,41;0;4,63
678;1,61;1,2;332;false;true;true;5,44;0;4,68
679;1,61;1,22;332;false;true;true;5,47;0;4,74
680;1,62;1,25;332;false;true;true;5,52;0;4,81
681;1,62;1,32;332;false;true;true;5,58;0;4,93
682;1,62;1,44;331;false;true;true;5,24;0;4,27
683;1,62;1,33;331;false;true;true;5,13;0;4,29
684;1,62;1,26;331;false;true;true;5,06;0;4,31
685;1,62;1,21;331;false;true;true;5,02;0;4,32
686;1,63;1,18;331;false;true;true;5,05;0;4,33
687;1,63;1,14;331;false;true;true;5,08;0;4,34
688;1,63;1,12;331;false;true;true;5,1;0;4,36
689;1,63;1,1;331;false;true;true;5,12;0;4,37
690;1,63;1,08;331;false;true;true;5,14;0;4,38
691;1,64;1,05;331;false;true;true;5,14;0;4,39
692;1,64;1,03;331;false;true;true;5,15;0;4,39
693;1,64;1,01;331;false;true;true;5,15;0;4,4
694;1,64;1;331;false;true;true;5,16;0;4,41
695;1,64;0,98;331;false;true;true;5,16;0;4,42
696;1,65;0,96;331;false;true;true;5,16;0;4,43
697;1,65;0,95;331;false;true;true;5,16;0;4,44
698;1,65;0,93;331;false;true;true;5,16;0;4,45
699;1,65;0,91;331;false;true;true;5,16;0;4,45
700;1,65;0,9;331;false;true;true;5,16;0;4,46
701;1,66;0,88;331;false;true;true;5,16;0;4,47
702;1,66;0,87;331;false;true;true;5,16;0;4,48
703;1,66;0,86;331;false;true;true;5,16;0;4,48
704;1,66;0,85;331;false;true;true;5,16;0;4,49
705;1,66;0,84;331;false;true;true;5,16;0;4,5
706;1,67;0,83;331;false;true;true;5,16;0;4,51
707;1,67;0,82;331;false;true;true;5,16;0;4,52
708;1,67;0,81;331;false;true;true;5,17;0;4,52
709;1,67;0,8;331;false;true;true;5,17;0;4,53
710;1,67;0,79;331;false;true;true;5,16;0;4,54
711;1,68;0,78;331;false;true;true;5,16;0;4,55
712;1,68;0,76;331;false;true;true;5,16;0;4,55
713;1,68;0,75;331;false;true;true;5,16;0;4,56
714;1,68;0,74;331;false;true;true;5,16;0;4,57
715;1,68;0,73;331;false;true;true;5,16;0;4,58
716;1,69;0,73;331;false;true;true;5,16;0;4,59
717;1,69;0,72;331;false;true;true;5,17;0;4,6
718;1,69;0,72;331;false;true;true;5,17;0;4,61
719;1,69;0,71;331;false;true;true;5,17;0;4,62
720;1,7;0,7;331;false;true;true;5,18;0;4,63
721;1,7;0,69;331;false;true;true;5,18;0;4,64
722;1,7;0,68;331;false;true;true;5,18;0;4,65
723;1,7;0,68;331;false;true;true;5,18;0;4,66
724;1,7;0,68;331;false;true;true;5,19;0;4,67
725;1,71;0,68;331;false;true;true;5,2;0;4,68
726;1,71;0,67;331;false;true;true;5,2;0;4,7
727;1,71;0,67;331;false;true;true;5,21;0;4,71
728;1,71;0,67;331;false;true;true;5,22;0;4,73
729;1,71;0,67;331;false;true;true;5,23;0;4,74
730;1,72;0,67;331;false;true;true;5,24;0;4,76
731;1,72;0,67;331;false;true;true;5,25;0;4,79
732;1,72;0,68;331;false;true;true;5,27;0;4,81
733;1,72;0,69;331;false;true;true;5,29;0;4,85
734;1,73;0,72;331;false;true;true;5,32;0;4,89
735;1,76;0,75;331;false;true;true;5,35;0;4,94
736;1,76;0,8;331;false;true;true;5,4;0;5,03
737;1,76;0,91;331;false;true;true;5,46;0;5,17
738;1,76;0,98;330;false;true;true;5,03;0;4,41
739;1,77;0,89;330;false;true;true;4,93;0;4,42
740;1,77;0,83;330;false;true;true;4,87;0;4,43
741;1,77;0,8;330;false;true;true;4,84;0;4,44
742;1,77;0,77;330;false;true;true;4,88;0;4,45
743;1,78;0,75;330;false;true;true;4,91;0;4,46
744;1,78;0,72;330;false;true;true;4,92;0;4,47
745;1,78;0,71;330;false;true;true;4,94;0;4,47
746;1,78;0,69;330;false;true;true;4,95;0;4,48
747;1,78;0,68;330;false;true;true;4,96;0;4,48
748;1,79;0,66;330;false;true;true;4,96;0;4,49
749;1,79;0,65;330;false;true;true;4,97;0;4,5
750;1,79;0,63;330;false;true;true;4,97;0;4,5
751;1,79;0,62;330;false;true;true;4,97;0;4,51
752;1,79;0,61;330;false;true;true;4,96;0;4,51
753;1,8;0,59;330;false;true;true;4,96;0;4,52
754;1,8;0,58;330;false;true;true;4,96;0;4,52
755;1,8;0,57;330;false;true;true;4,97;0;4,52
756;1,8;0,56;330;false;true;true;4,96;0;4,53
757;1,8;0,55;330;false;true;true;4,96;0;4,53
758;1,81;0,54;330;false;true;true;4,96;0;4,54
759;1,81;0,54;330;false;true;true;4,97;0;4,54
760;1,81;0,53;330;false;true;true;4,96;0;4,55
761;1,81;0,52;330;false;true;true;4,96;0;4,55
762;1,81;0,51;330;false;true;true;4,96;0;4,55
763;1,82;0,5;330;false;true;true;4,96;0;4,56
764;1,82;0,49;330;false;true;true;4,96;0;4,56
765;1,82;0,49;330;false;true;true;4,96;0;4,57
766;1,82;0,48;330;false;true;true;4,96;0;4,57
767;1,82;0,47;330;false;true;true;4,95;0;4,57
768;1,82;0,46;330;false;true;true;4,95;0;4,58
769;1,83;0,46;330;false;true;true;4,95;0;4,58
770;1,83;0,45;330;false;true;true;4,95;0;4,58
771;1,83;0,45;330;false;true;true;4,95;0;4,59
772;1,83;0,44;330;false;true;true;4,95;0;4,59
773;1,83;0,44;330;false;true;true;4,95;0;4,6
774;1,84;0,43;330;false;true;true;4,95;0;4,6
775;1,84;0,43;330;false;true;true;4,95;0;4,6
776;1,84;0,42;330;false;true;true;4,95;0;4,61
777;1,84;0,41;330;false;true;true;4,95;0;4,61
778;1,84;0,41;330;false;true;true;4,95;0;4,61
779;1,85;0,4;330;false;true;true;4,95;0;4,62
780;1,85;0,4;330;false;true;true;4,95;0;4,62
781;1,85;0,39;330;false;true;true;4,94;0;4,62
782;1,85;0,38;330;false;true;true;4,94;0;4,63
783;1,85;0,38;330;false;true;true;4,94;0;4,63
784;1,85;0,37;330;false;true;true;4,94;0;4,63
785;1,86;0,37;330;false;true;true;4,94;0;4,64
786;1,86;0,37;330;false;true;true;4,94;0;4,64
787;1,86;0,36;330;false;true;true;4,94;0;4,64
788;1,86;0,36;330;false;true;true;4,95;0;4,65
789;1,86;0,36;330;false;true;true;4,95;0;4,65
790;1,86;0,36;330;false;true;true;4,95;0;4,65
791;1,87;0,35;330;false;true;true;4,95;0;4,65
792;1,87;0,35;330;false;true;true;4,95;0;4,66
793;1,87;0,35;330;false;true;true;4,95;0;4,66
794;1,87;0,34;330;false;true;true;4,95;0;4,66
795;1,87;0,34;330;false;true;true;4,95;0;4,67
796;1,88;0,33;330;false;true;true;4,95;0;4,67
797;1,88;0,33;330;false;true;true;4,95;0;4,67
798;1,88;0,32;330;false;true;true;4,94;0;4,68
799;1,88;0,32;330;false;true;true;4,95;0;4,68
800;1,88;0,32;330;false;true;true;4,94;0;4,68
801;1,88;0,32;330;false;true;true;4,95;0;4,69
802;1,89;0,31;330;false;true;true;4,95;0;4,69
803;1,89;0,31;330;false;true;true;4,94;0;4,69
804;1,89;0,31;330;false;true;true;4,95;0;4,69
805;1,89;0,31;330;false;true;true;4,95;0;4,7
806;1,89;0,3;330;false;true;true;4,95;0;4,7
807;1,9;0,3;330;false;true;true;4,95;0;4,7
808;1,9;0,3;330;false;true;true;4,95;0;4,71
809;1,9;0,29;330;false;true;true;4,95;0;4,71
810;1,9;0,29;330;false;true;true;4,95;0;4,71
811;1,9;0,29;330;false;true;true;4,95;0;4,72
812;1,91;0,29;330;false;true;true;4,96;0;4,72
813;1,91;0,28;330;false;true;true;4,96;0;4,72
814;1,91;0,28;330;false;true;true;4,96;0;4,73
815;1,91;0,28;330;false;true;true;4,96;0;4,73
816;1,91;0,28;330;false;true;true;4,96;0;4,73
817;1,92;0,27;330;false;true;true;4,96;0;4,73
818;1,92;0,27;330;false;true;true;4,96;0;4,74
819;1,92;0,27;330;false;true;true;4,96;0;4,74
820;1,92;0,27;330;false;true;true;4,96;0;4,74
821;1,92;0,26;330;false;true;true;4,96;0;4,75
822;1,93;0,26;330;false;true;true;4,97;0;4,75
823;1,93;0,26;330;false;true;true;4,96;0;4,75
824;1,93;0,26;330;false;true;true;4,97;0;4,76
825;1,93;0,26;330;false;true;true;4,97;0;4,76
826;1,93;0,26;330;false;true;true;4,97;0;4,76
827;1,94;0,26;330;false;true;true;4,98;0;4,77
828;1,94;0,25;330;false;true;true;4,97;0;4,77
829;1,94;0,25;330;false;true;true;4,98;0;4,77
830;1,94;0,25;330;false;true;true;4,98;0;4,78
831;1,94;0,24;330;false;true;true;4,98;0;4,78
832;1,95;0,24;330;false;true;true;4,98;0;4,78
833;1,95;0,24;330;false;true;true;4,98;0;4,79
834;1,95;0,24;330;false;true;true;4,99;0;4,79
835;1,95;0,24;330;false;true;true;4,99;0;4,8
836;1,95;0,24;330;false;true;true;4,99;0;4,8
837;1,96;0,24;330;false;true;true;4,99;0;4,8
838;1,96;0,23;330;false;true;true;4,99;0;4,81
839;1,96;0,23;330;false;true;true;4,99;0;4,81
840;1,96;0,23;330;false;true;true;5;0;4,81
841;1,96;0,23;330;false;true;true;5;0;4,82
842;1,96;0,23;330;false;true;true;5;0;4,82
843;1,97;0,23;330;false;true;true;5,01;0;4,83
844;1,97;0,23;330;false;true;true;5,01;0;4,83
845;1,97;0,23;330;false;true;true;5,01;0;4,84
846;1,97;0,22;330;false;true;true;5,01;0;4,84
847;1,97;0,23;330;false;true;true;5,02;0;4,84
848;1,98;0,23;330;false;true;true;5,02;0;4,85
849;1,98;0,22;330;false;true;true;5,02;0;4,85
850;1,98;0,22;330;false;true;true;5,03;0;4,86
851;1,98;0,22;330;false;true;true;5,03;0;4,86
852;1,98;0,22;330;false;true;true;5,03;0;4,87
853;1,99;0,22;330;false;true;true;5,04;0;4,88
854;1,99;0,22;330;false;true;true;5,04;0;4,88
855;1,99;0,22;330;false;true;true;5,05;0;4,89
856;1,99;0,22;330;false;true;true;5,05;0;4,89
857;1,99;0,22;330;false;true;true;5,06;0;4,9
858;1,99;0,23;330;false;true;true;5,06;0;4,91
859;2;0,23;330;false;true;true;5,07;0;4,92
860;2;0,23;330;false;true;true;5,07;0;4,92
861;2;0,23;330;false;true;true;5,08;0;4,93
862;2;0,23;330;false;true;true;5,09;0;4,94
863;2;0,23;330;false;true;true;5,1;0;4,95
864;2;0,23;330;false;true;true;5,1;0;4,96
865;2,01;0,24;330;false;true;true;5,11;0;4,97
866;2,01;0,24;330;false;true;true;5,13;0;4,99
867;2,01;0,24;330;false;true;true;5,13;0;5
868;2,01;0,25;330;false;true;true;5,15;0;5,02
869;2,01;0,26;330;false;true;true;5,16;0;5,04
870;2,02;0,27;330;false;true;true;5,18;0;5,06
871;2,02;0,29;330;false;true;true;5,21;0;5,09
872;2,02;0,31;330;false;true;true;5,23;0;5,13
873;2,02;0,35;330;false;true;true;5,26;0;5,17
874;2,02;0,4;330;false;true;true;5,3;0;5,24
875;2,03;0,48;330;false;true;true;5,36;0;5,36
876;2,03;0,62;329;false;true;true;4,9;0;4,6
877;2,03;0,54;329;false;true;true;4,81;0;4,61
878;2,03;0,49;329;false;true;true;4,76;0;4,62
879;2,03;0,45;329;false;true;true;4,74;0;4,63
880;2,04;0,43;329;false;true;true;4,78;0;4,64
881;2,04;0,41;329;false;true;true;4,81;0;4,65
882;2,04;0,39;329;false;true;true;4,83;0;4,66
883;2,04;0,38;329;false;true;true;4,85;0;4,66
884;2,04;0,36;329;false;true;true;4,85;0;4,67
885;2,04;0,35;329;false;true;true;4,86;0;4,68
886;2,05;0,34;329;false;true;true;4,87;0;4,68
887;2,05;0,33;329;false;true;true;4,88;0;4,69
888;2,05;0,32;329;false;true;true;4,88;0;4,7
889;2,05;0,32;329;false;true;true;4,89;0;4,71
890;2,05;0,31;329;false;true;true;4,89;0;4,71
891;2,06;0,31;329;false;true;true;4,9;0;4,72
892;2,06;0,3;329;false;true;true;4,9;0;4,73
893;2,06;0,3;329;false;true;true;4,92;0;4,74
894;2,06;0,29;329;false;true;true;4,91;0;4,75
895;2,06;0,29;329;false;true;true;4,92;0;4,77
896;2,06;0,29;329;false;true;true;4,93;0;4,78
897;2,07;0,29;329;false;true;true;4,95;0;4,8
898;2,07;0,3;329;false;true;true;4,96;0;4,81
899;2,07;0,3;329;false;true;true;4,98;0;4,84
900;2,07;0,31;329;false;true;true;4,99;0;4,87
901;2,07;0,33;329;false;true;true;5,02;0;4,91
902;2,08;0,37;329;false;true;true;5,05;0;4,96
903;2,08;0,43;329;false;true;true;5,09;0;5,05
904;2,08;0,63;328;false;true;true;4,6;0;4,3
905;2,08;0,56;328;false;true;true;4,52;0;4,31
906;2,08;0,49;328;false;true;true;4,45;0;4,32
907;2,08;0,46;328;false;true;true;4,46;0;4,32
908;2,09;0,43;328;false;true;true;4,5;0;4,33
909;2,09;0,4;328;false;true;true;4,52;0;4,33
910;2,09;0,38;328;false;true;true;4,54;0;4,34
911;2,09;0,36;328;false;true;true;4,55;0;4,34
912;2,09;0,35;328;false;true;true;4,56;0;4,34
913;2,09;0,34;328;false;true;true;4,57;0;4,34
914;2,1;0,33;328;false;true;true;4,57;0;4,35
915;2,1;0,32;328;false;true;true;4,57;0;4,35
916;2,1;0,3;328;false;true;true;4,57;0;4,35
917;2,1;0,3;328;false;true;true;4,57;0;4,35
918;2,1;0,29;328;false;true;true;4,56;0;4,35
919;2,11;0,28;328;false;true;true;4,56;0;4,35
920;2,11;0,27;328;false;true;true;4,56;0;4,36
921;2,11;0,27;328;false;true;true;4,56;0;4,36
922;2,11;0,26;328;false;true;true;4,56;0;4,36
923;2,11;0,26;328;false;true;true;4,56;0;4,36
924;2,12;0,25;328;false;true;true;4,56;0;4,36
925;2,12;0,25;328;false;true;true;4,56;0;4,36
926;2,12;0,24;328;false;true;true;4,55;0;4,36
927;2,12;0,23;328;false;true;true;4,55;0;4,36
928;2,12;0,23;328;false;true;true;4,55;0;4,36
929;2,12;0,23;328;false;true;true;4,55;0;4,36
930;2,12;0,22;328;false;true;true;4,55;0;4,37
931;2,13;0,22;328;false;true;true;4,54;0;4,37
932;2,13;0,21;328;false;true;true;4,54;0;4,37
933;2,13;0,21;328;false;true;true;4,54;0;4,37
934;2,13;0,21;328;false;true;true;4,54;0;4,37
935;2,13;0,2;328;false;true;true;4,54;0;4,37
936;2,14;0,2;328;false;true;true;4,54;0;4,37
937;2,14;0,2;328;false;true;true;4,54;0;4,37
938;2,14;0,2;328;false;true;true;4,54;0;4,37
939;2,14;0,2;328;false;true;true;4,54;0;4,37
940;2,14;0,19;328;false;true;true;4,53;0;4,37
941;2,14;0,19;328;false;true;true;4,53;0;4,37
942;2,14;0,18;328;false;true;true;4,53;0;4,37
943;2,14;0,18;328;false;true;true;4,53;0;4,37
944;2,15;0,18;328;false;true;true;4,53;0;4,37
945;2,15;0,18;328;false;true;true;4,53;0;4,37
946;2,15;0,18;328;false;true;true;4,53;0;4,37
947;2,15;0,17;328;false;true;true;4,52;0;4,38
948;2,15;0,17;328;false;true;true;4,52;0;4,38
949;2,15;0,16;328;false;true;true;4,52;0;4,38
950;2,15;0,16;328;false;true;true;4,52;0;4,38
951;2,16;0,16;328;false;true;true;4,52;0;4,38
952;2,16;0,16;328;false;true;true;4,52;0;4,38
953;2,16;0,16;328;false;true;true;4,51;0;4,38
954;2,16;0,15;328;false;true;true;4,51;0;4,38
955;2,16;0,15;328;false;true;true;4,51;0;4,38
956;2,16;0,15;328;false;true;true;4,51;0;4,38
957;2,16;0,15;328;false;true;true;4,51;0;4,38
958;2,16;0,15;328;false;true;true;4,51;0;4,38
959;2,17;0,14;328;false;true;true;4,5;0;4,38
960;2,17;0,14;328;false;true;true;4,5;0;4,38
961;2,17;0,14;328;false;true;true;4,5;0;4,38
962;2,17;0,14;328;false;true;true;4,5;0;4,38
963;2,17;0,14;328;false;true;true;4,5;0;4,38
964;2,17;0,14;328;false;true;true;4,5;0;4,38
965;2,18;0,13;328;false;true;true;4,49;0;4,38
966;2,18;0,13;328;false;true;true;4,49;0;4,38
967;2,18;0,12;328;false;true;true;4,49;0;4,38
968;2,18;0,12;328;false;true;true;4,49;0;4,38
969;2,18;0,12;328;false;true;true;4,49;0;4,38
970;2,18;0,12;328;false;true;true;4,49;0;4,38
971;2,18;0,12;328;false;true;true;4,49;0;4,38
972;2,19;0,12;328;false;true;true;4,49;0;4,38
973;2,19;0,11;328;false;true;true;4,48;0;4,38
974;2,19;0,12;328;false;true;true;4,49;0;4,38
975;2,19;0,11;328;false;true;true;4,48;0;4,38
976;2,19;0,11;328;false;true;true;4,48;0;4,38
977;2,19;0,11;328;false;true;true;4,48;0;4,39
978;2,19;0,11;328;false;true;true;4,48;0;4,39
979;2,19;0,1;328;false;true;true;4,48;0;4,39
980;2,2;0,11;328;false;true;true;4,48;0;4,39
981;2,2;0,1;328;false;true;true;4,48;0;4,39
982;2,2;0,1;328;false;true;true;4,48;0;4,39
983;2,2;0,1;328;false;true;true;4,48;0;4,39
984;2,2;0,1;328;false;true;true;4,47;0;4,39
985;2,2;0,1;328;false;true;true;4,48;0;4,39
986;2,2;0,1;328;false;true;true;4,48;0;4,39
987;2,2;0,1;328;false;true;true;4,47;0;4,39
988;2,21;0,09;328;false;true;true;4,47;0;4,39
989;2,21;0,09;328;false;true;true;4,47;0;4,39
990;2,21;0,09;328;false;true;true;4,47;0;4,39
991;2,21;0,09;328;false;true;true;4,46;0;4,39
992;2,21;0,09;328;false;true;true;4,46;0;4,39
993;2,21;0,09;328;false;true;true;4,46;0;4,39
994;2,21;0,08;328;false;true;true;4,46;0;4,39
995;2,22;0,09;328;false;true;true;4,47;0;4,39
996;2,22;0,09;328;false;true;true;4,46;0;4,39
997;2,22;0,09;328;false;true;true;4,47;0;4,39
998;2,22;0,09;328;false;true;true;4,47;0;4,39
999;2,22;0,08;328;false;true;true;4,46;0;4,39
1000;2,22;0,08;328;false;true;true;4,46;0;4,39
1001;2,22;0,08;328;false;true;true;4,46;0;4,39
1002;2,23;0,08;328;false;true;true;4,46;0;4,39
1003;2,23;0,08;328;false;true;true;4,46;0;4,39
1004;2,23;0,08;328;false;true;true;4,46;0;4,39
1005;2,23;0,07;328;false;true;true;4,45;0;4,39
1006;2,23;0,07;328;false;true;true;4,45;0;4,39
1007;2,24;0,07;328;false;true;true;4,45;0;4,39
1008;2,24;0,07;328;false;true;true;4,45;0;4,39
1009;2,24;0,07;328;false;true;true;4,45;0;4,39
1010;2,24;0,07;328;false;true;true;4,45;0;4,39
1011;2,24;0,06;328;false;true;true;4,44;0;4,39
1012;2,24;0,07;328;false;true;true;4,45;0;4,39
1013;2,25;0,06;328;false;true;true;4,45;0;4,39
1014;2,25;0,06;328;false;true;true;4,45;0;4,39
1015;2,25;0,06;328;false;true;true;4,45;0;4,39
1016;2,25;0,06;328;false;true;true;4,45;0;4,39
1017;2,25;0,06;328;false;true;true;4,45;0;4,39
1018;2,25;0,06;328;false;true;true;4,45;0;4,39
1019;2,26;0,06;328;false;true;true;4,44;0;4,39
1020;2,26;0,06;328;false;true;true;4,45;0;4,39
1021;2,26;0,06;328;false;true;true;4,44;0;4,39
1022;2,26;0,06;328;false;true;true;4,45;0;4,39
1023;2,26;0,06;328;false;true;true;4,44;0;4,39
1024;2,27;0,06;328;false;true;true;4,44;0;4,39
1025;2,27;0,06;328;false;true;true;4,44;0;4,39
1026;2,27;0,06;328;false;true;true;4,44;0;4,39
1027;2,27;0,06;328;false;true;true;4,44;0;4,39
1028;2,27;0,06;328;false;true;true;4,44;0;4,39
1029;2,27;0,06;328;false;true;true;4,44;0;4,39
1030;2,27;0,05;328;false;true;true;4,44;0;4,39
1031;2,28;0,05;328;false;true;true;4,44;0;4,39
1032;2,28;0,05;328;false;true;true;4,44;0;4,39
1033;2,28;0,05;328;false;true;true;4,44;0;4,39
1034;2,28;0,05;328;false;true;true;4,44;0;4,39
1035;2,28;0,05;328;false;true;true;4,44;0;4,39
1036;2,28;0,05;328;false;true;true;4,44;0;4,39
1037;2,28;0,05;328;false;true;true;4,44;0;4,39
1038;2,29;0,05;328;false;true;true;4,43;0;4,39
1039;2,29;0,05;328;false;true;true;4,43;0;4,39
1040;2,29;0,05;328;false;true;true;4,44;0;4,39
1041;2,29;0,05;328;false;true;true;4,43;0;4,39
1042;2,29;0,04;328;false;true;true;4,43;0;4,39
1043;2,3;0,04;328;false;true;true;4,43;0;4,39
1044;2,3;0,04;328;false;true;true;4,43;0;4,39
1045;2,3;0,04;328;false;true;true;4,43;0;4,39
1046;2,3;0,04;328;false;true;true;4,43;0;4,39
1047;2,3;0,04;328;false;true;true;4,43;0;4,39
1048;2,3;0,04;328;false;true;true;4,43;0;4,39
1049;2,3;0,04;328;false;true;true;4,43;0;4,4
1050;2,31;0,04;328;false;true;true;4,43;0;4,4
1051;2,31;0,04;328;false;true;true;4,43;0;4,4
1052;2,31;0,04;328;false;true;true;4,43;0;4,4
1053;2,31;0,04;328;false;true;true;4,43;0;4,4
1054;2,31;0,03;328;false;true;true;4,43;0;4,4
1055;2,31;0,03;328;false;true;true;4,42;0;4,4
1056;2,31;0,03;328;false;true;true;4,43;0;4,4
1057;2,32;0,04;328;false;true;true;4,43;0;4,4
1058;2,32;0,04;328;false;true;true;4,43;0;4,4
1059;2,32;0,04;328;false;true;true;4,43;0;4,4
1060;2,32;0,04;328;false;true;true;4,43;0;4,4
1061;2,32;0,03;328;false;true;true;4,43;0;4,4
1062;2,33;0,03;328;false;true;true;4,42;0;4,4
1063;2,33;0,03;328;false;true;true;4,42;0;4,4
1064;2,33;0,03;328;false;true;true;4,42;0;4,4
1065;2,33;0,03;328;false;true;true;4,42;0;4,4
1066;2,33;0,03;328;false;true;true;4,42;0;4,4
1067;2,33;0,03;328;false;true;true;4,42;0;4,4
1068;2,33;0,03;328;false;true;true;4,42;0;4,4
1069;2,33;0,03;328;false;true;true;4,42;0;4,4
1070;2,33;0,03;328;false;true;true;4,42;0;4,4
1071;2,34;0,03;328;false;true;true;4,42;0;4,4
1072;2,34;0,02;328;false;true;true;4,42;0;4,4
1073;2,34;0,02;328;false;true;true;4,41;0;4,4
1074;2,34;0,02;328;false;true;true;4,41;0;4,4
1075;2,34;0,02;328;false;true;true;4,41;0;4,4
1076;2,34;0,02;328;false;true;true;4,42;0;4,4
1077;2,35;0,02;328;false;true;true;4,41;0;4,4
1078;2,35;0,02;328;false;true;true;4,41;0;4,4
1079;2,35;0,02;328;false;true;true;4,41;0;4,4
1080;2,35;0,02;328;false;true;true;4,41;0;4,4
1081;2,35;0,02;328;false;true;true;4,41;0;4,4
1082;2,35;0,02;328;false;true;true;4,41;0;4,4
1083;2,36;0,02;328;false;true;true;4,41;0;4,4
1084;2,36;0,02;328;false;true;true;4,41;0;4,4
1085;2,36;0,01;328;false;true;true;4,41;0;4,4
1086;2,36;0,01;328;false;true;true;4,41;0;4,4
1087;2,36;0,02;328;false;true;true;4,41;0;4,4
1088;2,36;0,01;328;false;true;true;4,41;0;4,4
1089;2,37;0,01;328;false;true;true;4,41;0;4,4
1090;2,37;0,01;328;false;true;true;4,41;0;4,4
1091;2,37;0,02;328;false;true;true;4,41;0;4,4
1092;2,37;0,01;328;false;true;true;4,41;0;4,4
1093;2,37;0,01;328;false;true;true;4,41;0;4,4
1094;2,37;0,02;328;false;true;true;4,41;0;4,4
1095;2,37;0,02;328;false;true;true;4,41;0;4,4
1096;2,37;0,02;328;false;true;true;4,41;0;4,4
1097;2,38;0,01;328;false;true;true;4,41;0;4,4
1098;2,38;0,01;328;false;true;true;4,41;0;4,4
1099;2,38;0,01;328;false;true;true;4,41;0;4,4
1100;2,38;0,01;328;false;true;true;4,41;0;4,4
1101;2,38;0,01;328;false;true;true;4,4;0;4,4
1102;2,38;0,01;328;false;true;true;4,4;0;4,4
1103;2,38;0,01;328;false;true;true;4,41;0;4,4
1104;2,38;0,01;328;false;true;true;4,41;0;4,4
1105;2,39;0,01;328;false;true;true;4,41;0;4,4
1106;2,39;0,01;328;false;true;true;4,41;0;4,4
1107;2,39;0,01;328;false;true;true;4,41;0;4,4
1108;2,39;0,01;328;false;true;true;4,41;0;4,4
1109;2,39;0,01;328;false;true;true;4,41;0;4,4
1110;2,4;0,01;328;false;true;true;4,41;0;4,4
1111;2,4;0,01;328;false;true;true;4,41;0;4,4
1112;2,4;0,01;328;false;true;true;4,41;0;4,4
1113;2,4;0,01;328;false;true;true;4,41;0;4,4
1114;2,4;0,01;328;false;true;true;4,41;0;4,4
1115;2,4;0,01;328;false;true;true;4,4;0;4,4
1116;2,4;0,01;328;false;true;true;4,4;0;4,4
1117;2,41;0,01;328;false;true;true;4,4;0;4,4
1118;2,41;0,01;328;false;true;true;4,4;0;4,4
1119;2,41;0,01;328;false;true;true;4,4;0;4,4
1120;2,41;0,01;328;false;true;true;4,4;0;4,4
1121;2,41;0,01;328;false;true;true;4,4;0;4,4
1122;2,41;0,01;328;false;true;true;4,4;0;4,4
1123;2,41;0;328;false;true;true;4,4;0;4,4
1124;2,42;0,01;328;false;true;true;4,4;0;4,4
1125;2,42;0;328;false;true;true;4,4;0;4,4
1126;2,42;0,01;328;false;true;true;4,4;0;4,4
1127;2,42;0,01;328;false;true;true;4,4;0;4,4
1128;2,42;0,01;328;false;true;true;4,4;0;4,4
1129;2,43;0,01;328;false;true;true;4,41;0;4,4
1130;2,43;0,01;328;false;true;true;4,41;0;4,4
1131;2,43;0,01;328;false;true;true;4,41;0;4,4
1132;2,43;0,01;328;false;true;true;4,4;0;4,4
1133;2,43;0;328;false;true;true;4,4;0;4,4
1134;2,44;0;328;false;true;true;4,4;0;4,4
1135;2,44;0;328;false;true;true;4,4;0;4,4
1136;2,44;0;328;false;true;true;4,4;0;4,4
1137;2,44;0;328;false;true;true;4,4;0;4,4
1138;2,44;0;328;false;true;true;4,4;0;4,4
1139;2,45;0;328;false;true;true;4,4;0;4,4
1140;2,45;0,01;328;false;true;true;4,4;0;4,4
1141;2,45;0,01;328;false;true;true;4,4;0;4,4
1142;2,45;0,01;328;false;true;true;4,4;0;4,4
1143;2,45;0,01;328;false;true;true;4,4;0;4,4
1144;2,46;0,01;328;false;true;true;4,4;0;4,4
1145;2,46;0,01;328;false;true;true;4,4;0;4,4
1146;2,46;0;328;false;true;true;4,4;0;4,4
1147;2,46;0,01;328;false;true;true;4,4;0;4,4
1148;2,46;0;328;false;true;true;4,4;0;4,4
1149;2,47;0;328;false;true;true;4,4;0;4,4
1150;2,47;0;328;false;true;true;4,4;0;4,4
1151;2,47;0;328;false;true;true;4,4;0;4,4
1152;2,47;0;328;false;true;true;4,4;0;4,4
1153;2,47;0;328;false;true;true;4,4;0;4,4
1154;2,48;0;328;false;true;true;4,4;0;4,4
1155;2,48;0;328;false;true;true;4,4;0;4,4
1156;2,48;0;328;false;true;true;4,4;0;4,4
1157;2,48;0;328;false;true;true;4,4;0;4,4
1158;2,48;0;328;false;true;true;4,4;0;4,4
1159;2,49;0;328;false;true;true;4,4;0;4,4
1160;2,49;0;328;false;true;true;4,4;0;4,4
1161;2,49;0;328;false;true;true;4,4;0;4,4
1162;2,49;0;328;false;true;true;4,4;0;4,4
1163;2,49;0;328;false;true;true;4,4;0;4,4
1164;2,5;0;328;false;true;true;4,4;0;4,4
1165;2,5;0;328;false;true;true;4,4;0;4,4
1166;2,5;0;328;false;true;true;4,4;0;4,4
1167;2,5;0;328;false;true;true;4,4;0;4,4
1168;2,5;0;328;false;true;true;4,4;0;4,4
1169;2,51;0;328;false;true;true;4,4;0;4,4
1170;2,51;0;328;false;true;true;4,4;0;4,4
1171;2,51;0;328;false;true;true;4,4;0;4,4
1172;2,51;0;328;false;true;true;4,4;0;4,4
1173;2,51;0;328;false;true;true;4,4;0;4,4
1174;2,52;0;328;false;true;true;4,4;0;4,4
1175;2,52;0;328;false;true;true;4,4;0;4,4
1176;2,52;0;328;false;true;true;4,4;0;4,4
1177;2,52;0;328;false;true;true;4,4;0;4,4
1178;2,52;0;328;false;true;true;4,4;0;4,4
1179;2,53;0;328;false;true;true;4,4;0;4,4
1180;2,53;0;328;false;true;true;4,4;0;4,4
1181;2,53;0;328;false;true;true;4,4;0;4,4
1182;2,53;0;328;false;true;true;4,4;0;4,4
1183;2,53;0;328;false;true;true;4,4;0;4,4
1184;2,54;0;328;false;true;true;4,4;0;4,4
1185;2,54;0;328;false;true;true;4,4;0;4,4
1186;2,54;0;328;false;true;true;4,4;0;4,4
1187;2,54;0;328;false;true;true;4,4;0;4,4
1188;2,54;0;328;false;true;true;4,4;0;4,4
1189;2,55;0;328;false;true;true;4,4;0;4,4
1190;2,55;0;328;false;true;true;4,4;0;4,4
1191;2,55;0;328;false;true;true;4,4;0;4,4
1192;2,55;0;328;false;true;true;4,4;0;4,4
1193;2,55;0;328;false;true;true;4,4;0;4,4
1194;2,56;0;328;false;true;true;4,4;0;4,4
1195;2,56;0;328;false;true;true;4,4;0;4,4
1196;2,56;0;328;false;true;true;4,4;0;4,4
1197;2,56;0;328;false;true;true;4,4;0;4,4
1198;2,56;0;328;false;true;true;4,4;0;4,4
1199;2,57;0;328;false;true;true;4,4;0;4,4
1200;2,57;0;328;false;true;true;4,4;0;4,4
1201;2,57;0;328;false;true;true;4,4;0;4,4
1202;2,57;0;328;false;true;true;4,4;0;4,4
1203;2,57;0;328;false;true;true;4,4;0;4,4
1204;2,58;0;328;false;true;true;4,4;0;4,4
1205;2,58;0;328;false;true;true;4,4;0;4,4
1206;2,58;0;328;false;true;true;4,4;0;4,4
1207;2,58;0;328;false;true;true;4,4;0;4,4
1208;2,58;0;328;false;true;true;4,4;0;4,4
1209;2,59;0;328;false;true;true;4,4;0;4,4
1210;2,59;0;328;false;true;true;4,4;0;4,4
1211;2,59;0;328;false;true;true;4,4;0;4,4
1212;2,59;0;328;false;true;true;4,4;0;4,4
1213;2,59;0;328;false;true;true;4,4;0;4,4
1214;2,6;0;328;false;true;true;4,4;0;4,4
1215;2,6;0;328;false;true;true;4,4;0;4,4
1216;2,6;0;328;false;true;true;4,4;0;4,4
1217;2,6;0;328;false;true;true;4,4;0;4,4
1218;2,6;0;328;false;true;true;4,4;0;4,4
1219;2,61;0;328;false;true;true;4,4;0;4,4
1220;2,61;0;328;false;true;true;4,4;0;4,4
1221;2,61;0;328;false;true;true;4,4;0;4,4
1222;2,61;0;328;false;true;true;4,4;0;4,4
1223;2,61;0;328;false;true;true;4,4;0;4,4
1224;2,61;0;328;false;true;true;4,4;0;4,4
1225;2,61;0;328;false;true;true;4,4;0;4,4
1226;2,62;0;328;false;true;true;4,4;0;4,4
1227;2,62;0;328;false;true;true;4,4;0;4,4
1228;2,62;0;328;false;true;true;4,4;0;4,4
1229;2,62;0;328;false;true;true;4,4;0;4,4
1230;2,62;0;328;false;true;true;4,4;0;4,4
1231;2,63;0;328;false;true;true;4,4;0;4,4
1232;2,63;0;328;false;true;true;4,4;0;4,4
1233;2,63;0;328;false;true;true;4,4;0;4,4
1234;2,63;0;328;false;true;true;4,4;0;4,4
1235;2,63;0;328;false;true;true;4,4;0;4,4
1236;2,64;0;328;false;true;true;4,4;0;4,4
1237;2,64;0;328;false;true;true;4,4;0;4,4
1238;2,64;0;328;false;true;true;4,4;0;4,4
1239;2,65;0;328;false;true;true;4,4;0;4,4
1240;2,65;0;328;false;true;true;4,4;0;4,4
1241;2,65;0;328;false;true;true;4,4;0;4,4
1242;2,65;0;328;false;true;true;4,4;0;4,4
1243;2,66;0;328;false;true;true;4,4;0;4,4
1244;2,66;0;328;false;true;true;4,4;0;4,4
1245;2,66;0;328;false;true;true;4,4;0;4,4
1246;2,66;0;328;false;true;true;4,4;0;4,4
1247;2,66;0;328;false;true;true;4,4;0;4,4
1248;2,67;0;328;false;true;true;4,4;0;4,4
1249;2,67;0;328;false;true;true;4,4;0;4,4
1250;2,67;0;328;false;true;true;4,4;0;4,4
1251;2,67;0;328;false;true;true;4,4;0;4,4
1252;2,67;0;328;false;true;true;4,4;0;4,4
1253;2,68;0;328;false;true;true;4,4;0;4,4
1254;2,68;0;328;false;true;true;4,4;0;4,4
1255;2,68;0;328;false;true;true;4,4;0;4,4
1256;2,68;0;328;false;true;true;4,4;0;4,4
1257;2,68;0;328;false;true;true;4,4;0;4,4
1258;2,69;0;328;false;true;true;4,4;0;4,4
1259;2,69;0;328;false;true;true;4,4;0;4,4
1260;2,69;0;328;false;true;true;4,4;0;4,4
1261;2,69;0;328;false;true;true;4,4;0;4,4
1262;2,69;0;328;false;true;true;4,4;0;4,4
1263;2,7;0;328;false;true;true;4,4;0;4,4
1264;2,7;0;328;false;true;true;4,4;0;4,4
1265;2,7;0;328;false;true;true;4,4;0;4,4
1266;2,7;0;328;false;true;true;4,4;0;4,4
1267;2,7;0;328;false;true;true;4,4;0;4,4
1268;2,7;0;328;false;true;true;4,4;0;4,4
1269;2,7;0;328;false;true;true;4,4;0;4,4
1270;2,71;0;328;false;true;true;4,4;0;4,4
1271;2,71;0;328;false;true;true;4,4;0;4,4
1272;2,71;0;328;false;true;true;4,4;0;4,4
1273;2,71;0;328;false;true;true;4,4;0;4,4
1274;2,71;0;328;false;true;true;4,4;0;4,4
1275;2,72;0;328;false;true;true;4,4;0;4,4
1276;2,72;0;328;false;true;true;4,4;0;4,4
1277;2,72;0;328;false;true;true;4,4;0;4,4
1278;2,72;0;328;false;true;true;4,4;0;4,4
1279;2,72;0;328;false;true;true;4,4;0;4,4
1280;2,73;0;328;false;true;true;4,4;0;4,4
1281;2,73;0;328;false;true;true;4,4;0;4,4
1282;2,73;0;328;false;true;true;4,4;0;4,4
1283;2,73;0;328;false;true;true;4,4;0;4,4
1284;2,73;0;328;false;true;true;4,4;0;4,4
1285;2,74;0;328;false;true;true;4,4;0;4,4
1286;2,74;0;328;false;true;true;4,4;0;4,4
1287;2,74;0;328;false;true;true;4,4;0;4,4
1288;2,74;0;328;false;true;true;4,4;0;4,4
1289;2,74;0;328;false;true;true;4,4;0;4,4
1290;2,75;0;328;false;true;true;4,4;0;4,4
1291;2,75;0;328;false;true;true;4,4;0;4,4
1292;2,75;0;328;false;true;true;4,4;0;4,4
1293;2,75;0;328;false;true;true;4,4;0;4,4
1294;2,76;0;328;false;true;true;4,4;0;4,4
1295;2,76;0;328;false;true;true;4,4;0;4,4
1296;2,76;0;328;false;true;true;4,4;0;4,4
1297;2,76;0;328;false;true;true;4,4;0;4,4
1298;2,76;0;328;false;true;true;4,4;0;4,4
1299;2,76;0;328;false;true;true;4,4;0;4,4
1300;2,77;0;328;false;true;true;4,4;0;4,4
1301;2,77;0;328;false;true;true;4,4;0;4,4
1302;2,77;0;328;false;true;true;4,4;0;4,4
1303;2,77;0;328;false;true;true;4,4;0;4,4
1304;2,77;0;328;false;true;true;4,4;0;4,4
1305;2,77;0;328;false;true;true;4,4;0;4,4
1306;2,78;0;328;false;true;true;4,4;0;4,4
1307;2,78;0;328;false;true;true;4,4;0;4,4
1308;2,78;0;328;false;true;true;4,4;0;4,4
1309;2,78;0;328;false;true;true;4,4;0;4,4
1310;2,78;0;328;false;true;true;4,4;0;4,4
1311;2,78;0;328;false;true;true;4,4;0;4,4
1312;2,79;0;328;false;true;true;4,4;0;4,4
1313;2,79;0;328;false;true;true;4,4;0;4,4
1314;2,79;0;328;false;true;true;4,4;0;4,4
1315;2,79;0;328;false;true;true;4,4;0;4,4
1316;2,79;0;328;false;true;true;4,4;0;4,4
1317;2,79;0;328;false;true;true;4,4;0;4,4
1318;2,8;0;328;false;true;true;4,4;0;4,4
1319;2,8;0;328;false;true;true;4,4;0;4,4
1320;2,8;0;328;false;true;true;4,4;0;4,4
1321;2,8;0;328;false;true;true;4,4;0;4,4
1322;2,8;0;328;false;true;true;4,4;0;4,4
1323;2,81;0;328;false;true;true;4,4;0;4,4
1324;2,81;0;328;false;true;true;4,4;0;4,4
1325;2,81;0;328;false;true;true;4,4;0;4,4
1326;2,81;0;328;false;true;true;4,4;0;4,4
1327;2,81;0;328;false;true;true;4,4;0;4,4
1328;2,81;0;328;false;true;true;4,4;0;4,4
1329;2,82;0;328;false;true;true;4,4;0;4,4
1330;2,82;0;328;false;true;true;4,4;0;4,4
1331;2,82;0;328;false;true;true;4,4;0;4,4
1332;2,82;0;328;false;true;true;4,4;0;4,4
1333;2,82;0;328;false;true;true;4,4;0;4,4
1334;2,83;0;328;false;true;true;4,4;0;4,4
1335;2,83;0;328;false;true;true;4,4;0;4,4
1336;2,83;0;328;false;true;true;4,4;0;4,4
1337;2,83;0;328;false;true;true;4,4;0;4,4
1338;2,83;0;328;false;true;true;4,4;0;4,4
1339;2,84;0;328;false;true;true;4,4;0;4,4
1340;2,84;0;328;false;true;true;4,4;0;4,4
1341;2,84;0;328;false;true;true;4,4;0;4,4
1342;2,84;0;328;false;true;true;4,4;0;4,4
1343;2,84;0;328;false;true;true;4,4;0;4,4
1344;2,85;0;328;false;true;true;4,4;0;4,4
1345;2,85;0;328;false;true;true;4,4;0;4,4
1346;2,85;0;328;false;true;true;4,4;0;4,4
1347;2,85;0;328;false;true;true;4,4;0;4,4
1348;2,85;0;328;false;true;true;4,4;0;4,4
1349;2,86;0;328;false;true;true;4,4;0;4,4
1350;2,86;0;328;false;true;true;4,4;0;4,4
1351;2,86;0;328;false;true;true;4,4;0;4,4
1352;2,86;0;328;false;true;true;4,4;0;4,4
1353;2,86;0;328;false;true;true;4,4;0;4,4
1354;2,87;0;328;false;true;true;4,4;0;4,4
1355;2,87;0;328;false;true;true;4,4;0;4,4
1356;2,87;0;328;false;true;true;4,4;0;4,4
1357;2,87;0;328;false;true;true;4,4;0;4,4
1358;2,87;0;328;false;true;true;4,4;0;4,4
1359;2,88;0;328;false;true;true;4,4;0;4,4
1360;2,88;0;328;false;true;true;4,4;0;4,4
1361;2,88;0;328;false;true;true;4,4;0;4,4
1362;2,88;0;328;false;true;true;4,4;0;4,4
1363;2,88;0;328;false;true;true;4,4;0;4,4
1364;2,88;0;328;false;true;true;4,4;0;4,4
1365;2,88;0;328;false;true;true;4,4;0;4,4
1366;2,89;0;328;false;true;true;4,4;0;4,4
1367;2,89;0;328;false;true;true;4,4;0;4,4
1368;2,89;0;328;false;true;true;4,4;0;4,4
1369;2,89;0;328;false;true;true;4,4;0;4,4
1370;2,89;0;328;false;true;true;4,4;0;4,4
1371;2,9;0;328;false;true;true;4,4;0;4,4
1372;2,9;0;328;false;true;true;4,4;0;4,4
1373;2,9;0;328;false;true;true;4,4;0;4,4
1374;2,9;0;328;false;true;true;4,4;0;4,4
1375;2,9;0;328;false;true;true;4,4;0;4,4
1376;2,91;0;328;false;true;true;4,4;0;4,4
1377;2,91;0;328;false;true;true;4,4;0;4,4
1378;2,91;0;328;false;true;true;4,4;0;4,4
1379;2,91;0;328;false;true;true;4,4;0;4,4
1380;2,91;0;328;false;true;true;4,4;0;4,4
1381;2,92;0;328;false;true;true;4,4;0;4,4
1382;2,92;0;328;false;true;true;4,4;0;4,4
1383;2,92;0;328;false;true;true;4,4;0;4,4
1384;2,92;0;328;false;true;true;4,4;0;4,4
1385;2,92;0;328;false;true;true;4,4;0;4,4
1386;2,93;0;328;false;true;true;4,4;0;4,4
1387;2,93;0;328;false;true;true;4,4;0;4,4
1388;2,93;0;328;false;true;true;4,4;0;4,4
1389;2,93;0;328;false;true;true;4,4;0;4,4
1390;2,93;0;328;false;true;true;4,4;0;4,4
1391;2,94;0;328;false;true;true;4,4;0;4,4
1392;2,94;0;328;false;true;true;4,4;0;4,4
1393;2,94;0;328;false;true;true;4,4;0;4,4
1394;2,94;0;328;false;true;true;4,4;0;4,4
1395;2,94;0;328;false;true;true;4,4;0;4,4
1396;2,95;0;328;false;true;true;4,4;0;4,4
1397;2,95;0;328;false;true;true;4,4;0;4,4
1398;2,95;0;328;false;true;true;4,4;0;4,4
1399;2,95;0;328;false;true;true;4,4;0;4,4
1400;2,95;0;328;false;true;true;4,4;0;4,4
1401;2,96;0;328;false;true;true;4,4;0;4,4
1402;2,96;0;328;false;true;true;4,4;0;4,4
1403;2,96;0;328;false;true;true;4,4;0;4,4
1404;2,96;0;328;false;true;true;4,4;0;4,4
1405;2,96;0;328;false;true;true;4,4;0;4,4
1406;2,97;0;328;false;true;true;4,4;0;4,4
1407;2,97;0;328;false;true;true;4,4;0;4,4
1408;2,97;0;328;false;true;true;4,4;0;4,4
1409;2,97;0;328;false;true;true;4,4;0;4,4
1410;2,97;0;328;false;true;true;4,4;0;4,4
1411;2,98;0;328;false;true;true;4,4;0;4,4
1412;2,98;0;328;false;true;true;4,4;0;4,4
1413;2,98;0;328;false;true;true;4,4;0;4,4
1414;2,98;0;328;false;true;true;4,4;0;4,4
1415;2,98;0;328;false;true;true;4,4;0;4,4
1416;2,98;0;328;false;true;true;4,4;0;4,4
1417;2,99;0;328;false;true;true;4,4;0;4,4
1418;2,99;0;328;false;true;true;4,4;0;4,4
1419;2,99;0;328;false;true;true;4,4;0;4,4
1420;2,99;0;328;false;true;true;4,4;0;4,4
1421;2,99;0;328;false;true;true;4,4;0;4,4
1422;2,99;0;328;false;true;true;4,4;0;4,4
1423;3;0;328;false;true;true;4,4;0;4,4
1424;3;0;328;false;true;true;4,4;0;4,4
1425;3;0;328;false;true;true;4,4;0;4,4
1426;3;0;328;false;true;true;4,4;0;4,4
1427;3;0;328;false;true;true;4,4;0;4,4
1428;3,01;0;328;false;true;true;4,4;0;4,4
1429;3,01;0;328;false;true;true;4,4;0;4,4
1430;3,01;0;328;false;true;true;4,4;0;4,4
1431;3,01;0;328;false;true;true;4,4;0;4,4
1432;3,01;0;328;false;true;true;4,4;0;4,4
1433;3,01;0;328;false;true;true;4,4;0;4,4
1434;3,02;0;328;false;true;true;4,4;0;4,4
1435;3,02;0;328;false;true;true;4,4;0;4,4
1436;3,02;0;328;false;true;true;4,4;0;4,4
1437;3,02;0;328;false;true;true;4,4;0;4,4
1438;3,02;0;328;false;true;true;4,4;0;4,4
1439;3,02;0;328;false;true;true;4,4;0;4,4
1440;3,03;0;328;false;true;true;4,4;0;4,4
1441;3,03;0;328;false;true;true;4,4;0;4,4
1442;3,03;0;328;false;true;true;4,4;0;4,4
1443;3,03;0;328;false;true;true;4,4;0;4,4
1444;3,03;0;328;false;true;true;4,4;0;4,4
1445;3,04;0;328;false;true;true;4,4;0;4,4
1446;3,04;0;328;false;true;true;4,4;0;4,4
1447;3,04;0;328;false;true;true;4,4;0;4,4
1448;3,05;0;328;false;true;true;4,4;0;4,4
1449;3,05;0;328;false;true;true;4,4;0;4,4
1450;3,05;0;328;false;true;true;4,4;0;4,4
1451;3,05;0;328;false;true;true;4,4;0;4,4
1452;3,06;0;328;false;true;true;4,4;0;4,4
1453;3,06;0;328;false;true;true;4,4;0;4,4
1454;3,06;0;328;false;true;true;4,4;0;4,4
1455;3,06;0;328;false;true;true;4,4;0;4,4
1456;3,06;0;328;false;true;true;4,4;0;4,4
1457;3,07;0;328;false;true;true;4,4;0;4,4
1458;3,07;0;328;false;true;true;4,4;0;4,4
1459;3,07;0;328;false;true;true;4,4;0;4,4
1460;3,07;0;328;false;true;true;4,4;0;4,4
1461;3,07;0;328;false;true;true;4,4;0;4,4
1462;3,08;0;328;false;true;true;4,4;0;4,4
1463;3,08;0;328;false;true;true;4,4;0;4,4
1464;3,08;0;328;false;true;true;4,4;0;4,4
1465;3,08;0;328;false;true;true;4,4;0;4,4
1466;3,08;0;328;false;true;true;4,4;0;4,4
1467;3,09;0;328;false;true;true;4,4;0;4,4
1468;3,09;0;328;false;true;true;4,4;0;4,4
1469;3,09;0;328;false;true;true;4,4;0;4,4
1470;3,09;0;328;false;true;true;4,4;0;4,4
1471;3,09;0;328;false;true;true;4,4;0;4,4
1472;3,1;0;328;false;true;true;4,4;0;4,4
1473;3,1;0;328;false;true;true;4,4;0;4,4
1474;3,1;0;328;false;true;true;4,4;0;4,4
1475;3,1;0;328;false;true;true;4,4;0;4,4
1476;3,1;0;328;false;true;true;4,4;0;4,4
1477;3,11;0;328;false;true;true;4,4;0;4,4
1478;3,11;0;328;false;true;true;4,4;0;4,4
1479;3,11;0;328;false;true;true;4,4;0;4,4
1480;3,11;0;328;false;true;true;4,4;0;4,4
1481;3,11;0;328;false;true;true;4,4;0;4,4
1482;3,12;0;328;false;true;true;4,4;0;4,4
1483;3,12;0;328;false;true;true;4,4;0;4,4
1484;3,12;0;328;false;true;true;4,4;0;4,4
1485;3,12;0;328;false;true;true;4,4;0;4,4
1486;3,12;0;328;false;true;true;4,4;0;4,4
1487;3,12;0;328;false;true;true;4,4;0;4,4
1488;3,13;0;328;false;true;true;4,4;0;4,4
1489;3,13;0;328;false;true;true;4,4;0;4,4
1490;3,13;0;328;false;true;true;4,4;0;4,4
1491;3,13;0;328;false;true;true;4,4;0;4,4
1492;3,13;0;328;false;true;true;4,4;0;4,4
1493;3,14;0;328;false;true;true;4,4;0;4,4
1494;3,14;0;328;false;true;true;4,4;0;4,4
1495;3,14;0;328;false;true;true;4,4;0;4,4
1496;3,14;0;328;false;true;true;4,4;0;4,4
1497;3,14;0;328;false;true;true;4,4;0;4,4
1498;3,15;0;328;false;true;true;4,4;0;4,4
1499;3,15;0;328;false;true;true;4,4;0;4,4
1500;3,15;0;328;false;true;true;4,4;0;4,4
1501;3,16;0;328;false;true;true;4,4;0;4,4
1502;3,16;0;328;false;true;true;4,4;0;4,4
1503;3,16;0;328;false;true;true;4,4;0;4,4
1504;3,16;0;328;false;true;true;4,4;0;4,4
1505;3,16;0;328;false;true;true;4,4;0;4,4
1506;3,17;0;328;false;true;true;4,4;0;4,4
1507;3,17;0;328;false;true;true;4,4;0;4,4
1508;3,17;0;328;false;true;true;4,4;0;4,4
1509;3,17;0;328;false;true;true;4,4;0;4,4
1510;3,17;0;328;false;true;true;4,4;0;4,4
1511;3,18;0;328;false;true;true;4,4;0;4,4
1512;3,18;0;328;false;true;true;4,4;0;4,4
1513;3,18;0;328;false;true;true;4,4;0;4,4
1514;3,18;0;328;false;true;true;4,4;0;4,4
1515;3,18;0;328;false;true;true;4,4;0;4,4
1516;3,19;0;328;false;true;true;4,4;0;4,4
1517;3,19;0;328;false;true;true;4,4;0;4,4
1518;3,19;0;328;false;true;true;4,4;0;4,4
1519;3,19;0;328;false;true;true;4,4;0;4,4
1520;3,19;0;328;false;true;true;4,4;0;4,4
1521;3,2;0;328;false;true;true;4,4;0;4,4
1522;3,2;0;328;false;true;true;4,4;0;4,4
1523;3,2;0;328;false;true;true;4,4;0;4,4
1524;3,2;0;328;false;true;true;4,4;0;4,4
1525;3,2;0;328;false;true;true;4,4;0;4,4
1526;3,2;0;328;false;true;true;4,4;0;4,4
1527;3,2;0;328;false;true;true;4,4;0;4,4
1528;3,2;0;328;false;true;true;4,4;0;4,4
1529;3,21;0;328;false;true;true;4,4;0;4,4
1530;3,21;0;328;false;true;true;4,4;0;4,4
1531;3,21;0;328;false;true;true;4,4;0;4,4
1532;3,21;0;328;false;true;true;4,4;0;4,4
1533;3,21;0;328;false;true;true;4,4;0;4,4
1534;3,21;0;328;false;true;true;4,4;0;4,4
1535;3,21;0;328;false;true;true;4,4;0;4,4
1536;3,21;0;328;false;true;true;4,4;0;4,4
1537;3,21;0;328;false;true;true;4,4;0;4,4
1538;3,22;0;328;false;true;true;4,4;0;4,4
1539;3,22;0;328;false;true;true;4,4;0;4,4
1540;3,22;0;328;false;true;true;4,4;0;4,4
1541;3,22;0;328;false;true;true;4,4;0;4,4
1542;3,22;0;328;false;true;true;4,4;0;4,4
1543;3,23;0;328;false;true;true;4,4;0;4,4
1544;3,23;0;328;false;true;true;4,4;0;4,4
1545;3,23;0;328;false;true;true;4,4;0;4,4
1546;3,23;0;328;false;true;true;4,4;0;4,4
1547;3,23;0;328;false;true;true;4,4;0;4,4
1548;3,24;0;328;false;true;true;4,4;0;4,4
1549;3,24;0;328;false;true;true;4,4;0;4,4
1550;3,24;0;328;false;true;true;4,4;0;4,4
1551;3,24;0;328;false;true;true;4,4;0;4,4
1552;3,24;0;328;false;true;true;4,4;0;4,4
1553;3,25;0;328;false;true;true;4,4;0;4,4
1554;3,25;0;328;false;true;true;4,4;0;4,4
1555;3,25;0;328;false;true;true;4,4;0;4,4
1556;3,25;0;328;false;true;true;4,4;0;4,4
1557;3,26;0;328;false;true;true;4,4;0;4,4
1558;3,26;0;328;false;true;true;4,4;0;4,4
1559;3,26;0;328;false;true;true;4,4;0;4,4
1560;3,26;0;328;false;true;true;4,4;0;4,4
1561;3,26;0;328;false;true;true;4,4;0;4,4
1562;3,27;0;328;false;true;true;4,4;0;4,4
1563;3,27;0;328;false;true;true;4,4;0;4,4
1564;3,27;0;328;false;true;true;4,4;0;4,4
1565;3,27;0;328;false;true;true;4,4;0;4,4
1566;3,27;0;328;false;true;true;4,4;0;4,4
1567;3,28;0;328;false;true;true;4,4;0;4,4
1568;3,28;0;328;false;true;true;4,4;0;4,4
1569;3,28;0;328;false;true;true;4,4;0;4,4
1570;3,28;0;328;false;true;true;4,4;0;4,4
1571;3,28;0;328;false;true;true;4,4;0;4,4
1572;3,29;0;328;false;true;true;4,4;0;4,4
1573;3,29;0;328;false;true;true;4,4;0;4,4
1574;3,29;0;328;false;true;true;4,4;0;4,4
1575;3,29;0;328;false;true;true;4,4;0;4,4
1576;3,29;0;328;false;true;true;4,4;0;4,4
1577;3,29;0;328;false;true;true;4,4;0;4,4
1578;3,3;0;328;false;true;true;4,4;0;4,4
1579;3,3;0;328;false;true;true;4,4;0;4,4
1580;3,3;0;328;false;true;true;4,4;0;4,4
1581;3,3;0;328;false;true;true;4,4;0;4,4
1582;3,31;0;328;false;true;true;4,4;0;4,4
1583;3,31;0;328;false;true;true;4,4;0;4,4
1584;3,31;0;328;false;true;true;4,4;0;4,4
1585;3,31;0;328;false;true;true;4,4;0;4,4
1586;3,31;0;328;false;true;true;4,4;0;4,4
1587;3,31;0;328;false;true;true;4,4;0;4,4
1588;3,32;0;328;false;true;true;4,4;0;4,4
1589;3,32;0;328;false;true;true;4,4;0;4,4
1590;3,32;0;328;false;true;true;4,4;0;4,4
1591;3,32;0;328;false;true;true;4,4;0;4,4
1592;3,32;0;328;false;true;true;4,4;0;4,4
1593;3,33;0;328;false;true;true;4,4;0;4,4
1594;3,33;0;328;false;true;true;4,4;0;4,4
1595;3,33;0;328;false;true;true;4,4;0;4,4
1596;3,33;0;328;false;true;true;4,4;0;4,4
1597;3,33;0;328;false;true;true;4,4;0;4,4
1598;3,34;0;328;false;true;true;4,4;0;4,4
1599;3,34;0;328;false;true;true;4,4;0;4,4
1600;3,34;0;328;false;true;true;4,4;0;4,4
1601;3,34;0;328;false;true;true;4,4;0;4,4
1602;3,34;0;328;false;true;true;4,4;0;4,4
1603;3,35;0;328;false;true;true;4,4;0;4,4
1604;3,35;0;328;false;true;true;4,4;0;4,4
1605;3,35;0;328;false;true;true;4,4;0;4,4
1606;3,35;0;328;false;true;true;4,4;0;4,4
1607;3,35;0;328;false;true;true;4,4;0;4,4
1608;3,36;0;328;false;true;true;4,4;0;4,4
1609;3,36;0;328;false;true;true;4,4;0;4,4
1610;3,36;0;328;false;true;true;4,4;0;4,4
1611;3,36;0;328;false;true;true;4,4;0;4,4
1612;3,36;0;328;false;true;true;4,4;0;4,4
1613;3,37;0;328;false;true;true;4,4;0;4,4
1614;3,37;0;328;false;true;true;4,4;0;4,4
1615;3,37;0;328;false;true;true;4,4;0;4,4
1616;3,37;0;328;false;true;true;4,4;0;4,4
1617;3,37;0;328;false;true;true;4,4;0;4,4
1618;3,37;0;328;false;true;true;4,4;0;4,4
1619;3,38;0;328;false;true;true;4,4;0;4,4
1620;3,38;0;328;false;true;true;4,4;0;4,4
1621;3,38;0;328;false;true;true;4,4;0;4,4
1622;3,38;0;328;false;true;true;4,4;0;4,4
1623;3,38;0;328;false;true;true;4,4;0;4,4
1624;3,38;0;328;false;true;true;4,4;0;4,4
1625;3,38;0;328;false;true;true;4,4;0;4,4
1626;3,39;0;328;false;true;true;4,4;0;4,4
1627;3,39;0;328;false;true;true;4,4;0;4,4
1628;3,39;0;328;false;true;true;4,4;0;4,4
1629;3,39;0;328;false;true;true;4,4;0;4,4
1630;3,39;0;328;false;true;true;4,4;0;4,4
1631;3,39;0;328;false;true;true;4,4;0;4,4
1632;3,39;0;328;false;true;true;4,4;0;4,4
1633;3,39;0;328;false;true;true;4,4;0;4,4
1634;3,39;0;328;false;true;true;4,4;0;4,4
1635;3,39;0;328;false;true;true;4,4;0;4,4
1636;3,4;0;328;false;true;true;4,4;0;4,4
1637;3,4;0;328;false;true;true;4,4;0;4,4
1638;3,4;0;328;false;true;true;4,4;0;4,4
1639;3,4;0;328;false;true;true;4,4;0;4,4
1640;3,4;0;328;false;true;true;4,4;0;4,4
1641;3,41;0;328;false;true;true;4,4;0;4,4
1642;3,41;0;328;false;true;true;4,4;0;4,4
1643;3,41;0;328;false;true;true;4,4;0;4,4
1644;3,41;0;328;false;true;true;4,4;0;4,4
1645;3,41;0;328;false;true;true;4,4;0;4,4
1646;3,42;0;328;false;true;true;4,4;0;4,4
1647;3,42;0;328;false;true;true;4,4;0;4,4
1648;3,42;0;328;false;true;true;4,4;0;4,4
1649;3,42;0;328;false;true;true;4,4;0;4,4
1650;3,42;0;328;false;true;true;4,4;0;4,4
1651;3,43;0;328;false;true;true;4,4;0;4,4
1652;3,43;0;328;false;true;true;4,4;0;4,4
1653;3,43;0;328;false;true;true;4,4;0;4,4
1654;3,43;0;328;false;true;true;4,4;0;4,4
1655;3,43;0;328;false;true;true;4,4;0;4,4
1656;3,44;0;328;false;true;true;4,4;0;4,4
1657;3,44;0;328;false;true;true;4,4;0;4,4
1658;3,44;0;328;false;true;true;4,4;0;4,4
1659;3,44;0;328;false;true;true;4,4;0;4,4
1660;3,44;0;328;false;true;true;4,4;0;4,4
1661;3,45;0;328;false;true;true;4,4;0;4,4
1662;3,45;0;328;false;true;true;4,4;0;4,4
1663;3,45;0;328;false;true;true;4,4;0;4,4
1664;3,45;0;328;false;true;true;4,4;0;4,4
1665;3,45;0;328;false;true;true;4,4;0;4,4
1666;3,46;0;328;false;true;true;4,4;0;4,4
1667;3,46;0;328;false;true;true;4,4;0;4,4
1668;3,46;0;328;false;true;true;4,4;0;4,4
1669;3,46;0;328;false;true;true;4,4;0;4,4
1670;3,46;0;328;false;true;true;4,4;0;4,4
1671;3,47;0;328;false;true;true;4,4;0;4,4
1672;3,47;0;328;false;true;true;4,4;0;4,4
1673;3,47;0;328;false;true;true;4,4;0;4,4
1674;3,47;0;328;false;true;true;4,4;0;4,4
1675;3,47;0;328;false;true;true;4,4;0;4,4
1676;3,47;0;328;false;true;true;4,4;0;4,4
1677;3,47;0;328;false;true;true;4,4;0;4,4
1678;3,47;0;328;false;true;true;4,4;0;4,4
1679;3,47;0;328;false;true;true;4,4;0;4,4
1680;3,47;0;328;false;true;true;4,4;0;4,4
1681;3,48;0;328;false;true;true;4,4;0;4,4
1682;3,48;0;328;false;true;true;4,4;0;4,4
1683;3,48;0;328;false;true;true;4,4;0;4,4
1684;3,48;0;328;false;true;true;4,4;0;4,4
1685;3,48;0;328;false;true;true;4,4;0;4,4
1686;3,48;0;328;false;true;true;4,4;0;4,4
1687;3,48;0;328;false;true;true;4,4;0;4,4
1688;3,48;0;328;false;true;true;4,4;0;4,4
1689;3,49;0;328;false;true;true;4,4;0;4,4
1690;3,49;0;328;false;true;true;4,4;0;4,4
1691;3,49;0;328;false;true;true;4,4;0;4,4
1692;3,49;0;328;false;true;true;4,4;0;4,4
1693;3,49;0;328;false;true;true;4,4;0;4,4
1694;3,49;0;328;false;true;true;4,4;0;4,4
1695;3,49;0;328;false;true;true;4,4;0;4,4
1696;3,5;0;328;false;true;true;4,4;0;4,4
1697;3,5;0;328;false;true;true;4,4;0;4,4
1698;3,5;0;328;false;true;true;4,4;0;4,4
1699;3,5;0;328;false;true;true;4,4;0;4,4
1700;3,5;0;328;false;true;true;4,4;0;4,4
1701;3,5;0;328;false;true;true;4,4;0;4,4
1702;3,5;0;328;false;true;true;4,4;0;4,4
1703;3,51;0;328;false;true;true;4,4;0;4,4
1704;3,51;0;328;false;true;true;4,4;0;4,4
1705;3,51;0;328;false;true;true;4,4;0;4,4
1706;3,51;0;328;false;true;true;4,4;0;4,4
1707;3,51;0;328;false;true;true;4,4;0;4,4
1708;3,51;0;328;false;true;true;4,4;0;4,4
1709;3,52;0;328;false;true;true;4,4;0;4,4
1710;3,52;0;328;false;true;true;4,4;0;4,4
1711;3,52;0;328;false;true;true;4,4;0;4,4
1712;3,52;0;328;false;true;true;4,4;0;4,4
1713;3,52;0;328;false;true;true;4,4;0;4,4
1714;3,53;0;328;false;true;true;4,4;0;4,4
1715;3,53;0;328;false;true;true;4,4;0;4,4
1716;3,53;0;328;false;true;true;4,4;0;4,4
1717;3,53;0;328;false;true;true;4,4;0;4,4
1718;3,53;0;328;false;true;true;4,4;0;4,4
1719;3,54;0;328;false;true;true;4,4;0;4,4
1720;3,54;0;328;false;true;true;4,4;0;4,4
1721;3,54;0;328;false;true;true;4,4;0;4,4
1722;3,54;0;328;false;true;true;4,4;0;4,4
1723;3,54;0;328;false;true;true;4,4;0;4,4
1724;3,55;0;328;false;true;true;4,4;0;4,4
1725;3,55;0;328;false;true;true;4,4;0;4,4
1726;3,55;0;328;false;true;true;4,4;0;4,4
1727;3,55;0;328;false;true;true;4,4;0;4,4
1728;3,55;0;328;false;true;true;4,4;0;4,4
1729;3,56;0;328;false;true;true;4,4;0;4,4
1730;3,56;0;328;false;true;true;4,4;0;4,4
1731;3,56;0;328;false;true;true;4,4;0;4,4
1732;3,56;0;328;false;true;true;4,4;0;4,4
1733;3,56;0;328;false;true;true;4,4;0;4,4
1734;3,57;0;328;false;true;true;4,4;0;4,4
1735;3,57;0;328;false;true;true;4,4;0;4,4
1736;3,57;0;328;false;true;true;4,4;0;4,4
1737;3,57;0;328;false;true;true;4,4;0;4,4
1738;3,57;0;328;false;true;true;4,4;0;4,4
1739;3,58;0;328;false;true;true;4,4;0;4,4
1740;3,58;0;328;false;true;true;4,4;0;4,4
1741;3,58;0;328;false;true;true;4,4;0;4,4
1742;3,58;0;328;false;true;true;4,4;0;4,4
1743;3,58;0;328;false;true;true;4,4;0;4,4
1744;3,58;0;328;false;true;true;4,4;0;4,4
1745;3,59;0;328;false;true;true;4,4;0;4,4
1746;3,59;0;328;false;true;true;4,4;0;4,4
1747;3,59;0;328;false;true;true;4,4;0;4,4
1748;3,59;0;328;false;true;true;4,4;0;4,4
1749;3,59;0;328;false;true;true;4,4;0;4,4
1750;3,59;0;328;false;true;true;4,4;0;4,4
1751;3,6;0;328;false;true;true;4,4;0;4,4
1752;3,6;0;328;false;true;true;4,4;0;4,4
1753;3,6;0;328;false;true;true;4,4;0;4,4
1754;3,6;0;328;false;true;true;4,4;0;4,4
1755;3,6;0;328;false;true;true;4,4;0;4,4
1756;3,6;0;328;false;true;true;4,4;0;4,4
1757;3,61;0;328;false;true;true;4,4;0;4,4
1758;3,61;0;328;false;true;true;4,4;0;4,4
1759;3,61;0;328;false;true;true;4,4;0;4,4
1760;3,61;0;328;false;true;true;4,4;0;4,4
1761;3,61;0;328;false;true;true;4,4;0;4,4
1762;3,61;0;328;false;true;true;4,4;0;4,4
1763;3,62;0;328;false;true;true;4,4;0;4,4
1764;3,62;0;328;false;true;true;4,4;0;4,4
1765;3,62;0;328;false;true;true;4,4;0;4,4
1766;3,62;0;328;false;true;true;4,4;0;4,4
1767;3,62;0;328;false;true;true;4,4;0;4,4
1768;3,62;0;328;false;true;true;4,4;0;4,4
1769;3,62;0;328;false;true;true;4,4;0;4,4
1770;3,63;0;328;false;true;true;4,4;0;4,4
1771;3,63;0;328;false;true;true;4,4;0;4,4
1772;3,63;0;328;false;true;true;4,4;0;4,4
1773;3,63;0;328;false;true;true;4,4;0;4,4
1774;3,63;0;328;false;true;true;4,4;0;4,4
1775;3,63;0;328;false;true;true;4,4;0;4,4
1776;3,64;0;328;false;true;true;4,4;0;4,4
1777;3,64;0;328;false;true;true;4,4;0;4,4
1778;3,64;0;328;false;true;true;4,4;0;4,4
1779;3,64;0;328;false;true;true;4,4;0;4,4
1780;3,64;0;328;false;true;true;4,4;0;4,4
1781;3,65;0;328;false;true;true;4,4;0;4,4
1782;3,65;0;328;false;true;true;4,4;0;4,4
1783;3,65;0;328;false;true;true;4,4;0;4,4
1784;3,65;0;328;false;true;true;4,4;0;4,4
1785;3,65;0;328;false;true;true;4,4;0;4,4
1786;3,65;0;328;false;true;true;4,4;0;4,4
1787;3,66;0;328;false;true;true;4,4;0;4,4
1788;3,66;0;328;false;true;true;4,4;0;4,4
1789;3,66;0;328;false;true;true;4,4;0;4,4
1790;3,66;0;328;false;true;true;4,4;0;4,4
1791;3,66;0;328;false;true;true;4,4;0;4,4
1792;3,67;0;328;false;true;true;4,4;0;4,4
1793;3,67;0;328;false;true;true;4,4;0;4,4
1794;3,67;0;328;false;true;true;4,4;0;4,4
1795;3,67;0;328;false;true;true;4,4;0;4,4
1796;3,