lengthMiddleSegment: 9575.605
step_energy: 0.05
electrostatic_force_factor: 1.0
spring_force_factor: 0.1
reject_force_factor: 2.0
distanceRejectRadius: 2393.90125
distanceSamePosition: 2393.90125
Iteration;time;energy;num nodes;reject force is enabled;spring force is enabled;electrostatic force is enabled;str_force;rep_force;elec_force
1;2,79;1,42;113;true;true;true;0;0,85;0
2;0,01;1,42;113;true;true;true;0;0,85;0
3;0,03;1,42;113;true;true;true;0;0,85;0
4;0,03;1,42;113;true;true;true;0;0,85;0
5;0,03;1,42;113;true;true;true;0;0,85;0
6;0,03;1,42;113;true;true;true;0;0,85;0
7;0,04;1,42;113;true;true;true;0;0,85;0
8;0,04;1,42;113;true;true;true;0;0,85;0
9;0,04;1,42;113;true;true;true;0;0,85;0
10;0,04;1,42;113;true;true;true;0;0,85;0
11;0,04;1,42;113;true;true;true;0;0,85;0
12;0,05;1,42;113;true;true;true;0;0,85;0
13;0,05;1,42;113;true;true;true;0;0,85;0
14;0,05;1,42;113;true;true;true;0;0,85;0
15;0,05;1,42;113;true;true;true;0;0,85;0
16;0,05;1,42;113;true;true;true;0;0,85;0
17;0,05;1,42;113;true;true;true;0;0,85;0
18;0,06;1,42;113;true;true;true;0;0,85;0
19;0,06;1,42;113;true;true;true;0;0,85;0
20;0,06;1,42;113;true;true;true;0;0,85;0
21;0,06;1,42;113;true;true;true;0;0,85;0
22;0,06;1,42;113;true;true;true;0;0,85;0
23;0,07;1,42;113;true;true;true;0;0,85;0
24;0,07;1,42;113;true;true;true;0;0,85;0
25;0,07;1,42;113;true;true;true;0;0,85;0
26;0,07;1,42;113;true;true;true;0;0,85;0
27;0,08;1,42;113;true;true;true;0;0,85;0
28;0,08;1,42;113;true;true;true;0;0,85;0
29;0,08;1,42;113;true;true;true;0;0,85;0
30;0,08;1,42;113;true;true;true;0;0,85;0
31;0,08;1,42;113;true;true;true;0;0,85;0
32;0,09;1,42;113;true;true;true;0;0,85;0
33;0,09;1,42;113;true;true;true;0;0,85;0
34;0,09;1,42;113;true;true;true;0;0,85;0
35;0,09;1,42;113;true;true;true;0;0,85;0
36;0,09;1,42;113;true;true;true;0;0,85;0
37;0,09;1,42;113;true;true;true;0;0,85;0
38;0,1;1,42;113;true;true;true;0;0,85;0
39;0,1;1,42;113;true;true;true;0;0,85;0
40;0,1;1,42;113;true;true;true;0;0,85;0
41;0,1;1,42;113;true;true;true;0;0,85;0
42;0,1;1,42;113;true;true;true;0;0,85;0
43;0,11;1,42;113;true;true;true;0;0,85;0
44;0,11;1,42;113;true;true;true;0;0,85;0
45;0,11;1,42;113;true;true;true;0;0,85;0
46;0,11;1,42;113;true;true;true;0;0,85;0
47;0,12;1,42;113;true;true;true;0;0,85;0
48;0,12;1,42;113;true;true;true;0;0,85;0
49;0,12;1,42;113;true;true;true;0;0,85;0
50;0,12;1,42;113;true;true;true;0;0,85;0
51;0,12;1,42;113;true;true;true;0;0,85;0
52;0,12;1,42;113;true;true;true;0;0,85;0
53;0,13;1,42;113;true;true;true;0;0,85;0
54;0,13;1,42;113;true;true;true;0;0,85;0
55;0,13;1,42;113;true;true;true;0;0,85;0
56;0,13;1,42;113;true;true;true;0;0,85;0
57;0,14;1,42;113;true;true;true;0;0,85;0
58;0,14;1,42;113;true;true;true;0;0,85;0
59;0,14;1,42;113;true;true;true;0;0,85;0
60;0,14;1,42;113;true;true;true;0;0,85;0
61;0,14;1,42;113;true;true;true;0;0,85;0
62;0,14;1,42;113;true;true;true;0;0,85;0
63;0,15;1,42;113;true;true;true;0;0,85;0
64;0,15;1,42;113;true;true;true;0;0,85;0
65;0,15;1,42;113;true;true;true;0;0,85;0
66;0,15;1,42;113;true;true;true;0;0,85;0
67;0,16;1,42;113;true;true;true;0;0,85;0
68;0,16;1,42;113;true;true;true;0;0,85;0
69;0,16;1,42;113;true;true;true;0;0,85;0
70;0,16;1,42;113;true;true;true;0;0,85;0
71;0,16;1,42;113;true;true;true;0;0,85;0
72;0,17;1,42;113;true;true;true;0;0,85;0
73;0,17;1,42;113;true;true;true;0;0,85;0
74;0,17;1,42;113;true;true;true;0;0,85;0
75;0,17;1,42;113;true;true;true;0;0,85;0
76;0,17;1,42;113;true;true;true;0;0,85;0
77;0,17;1,42;113;true;true;true;0;0,85;0
78;0,18;1,42;113;true;true;true;0;0,85;0
79;0,18;1,42;113;true;true;true;0;0,85;0
80;0,18;1,42;113;true;true;true;0;0,85;0
81;0,18;1,42;113;true;true;true;0;0,85;0
82;0,19;1,42;113;true;true;true;0;0,85;0
83;0,19;1,42;113;true;true;true;0;0,85;0
84;0,19;1,42;113;true;true;true;0;0,85;0
85;0,19;1,42;113;true;true;true;0;0,85;0
86;0,19;1,42;113;true;true;true;0;0,85;0
87;0,19;1,42;113;true;true;true;0;0,85;0
88;0,2;1,42;113;true;true;true;0;0,85;0
89;0,2;1,42;113;true;true;true;0;0,85;0
90;0,2;1,42;113;true;true;true;0;0,85;0
91;0,2;1,42;113;true;true;true;0;0,85;0
92;0,2;1,42;113;true;true;true;0;0,85;0
93;0,21;1,42;113;true;true;true;0;0,85;0
94;0,21;1,42;113;true;true;true;0;0,85;0
95;0,21;1,42;113;true;true;true;0;0,85;0
96;0,21;1,42;113;true;true;true;0;0,85;0
97;0,22;1,42;113;true;true;true;0;0,85;0
98;0,22;1,42;113;true;true;true;0;0,85;0
99;0,22;1,42;113;true;true;true;0;0,85;0
100;0,22;1,42;113;true;true;true;0;0,85;0
101;0,22;1,42;113;true;true;true;0;0,85;0
102;0,22;1,42;113;true;true;true;0;0,85;0
103;0,23;1,42;113;true;true;true;0;0,85;0
104;0,23;1,42;113;true;true;true;0;0,85;0
105;0,23;1,42;113;true;true;true;0;0,85;0
106;0,23;1,42;113;true;true;true;0;0,85;0
107;0,23;1,42;113;true;true;true;0;0,85;0
108;0,24;1,42;113;true;true;true;0;0,85;0
109;0,24;1,42;113;true;true;true;0;0,85;0
110;0,24;1,42;113;true;true;true;0;0,85;0
111;0,24;1,42;113;true;true;true;0;0,85;0
112;0,25;1,42;113;true;true;true;0;0,85;0
113;0,25;1,42;113;true;true;true;0;0,85;0
114;0,25;1,42;113;true;true;true;0;0,85;0
115;0,25;1,42;113;true;true;true;0;0,85;0
116;0,25;1,42;113;true;true;true;0;0,85;0
117;0,25;1,42;113;true;true;true;0;0,85;0
118;0,26;1,42;113;true;true;true;0;0,85;0
119;0,26;1,42;113;true;true;true;0;0,85;0
120;0,26;1,42;113;true;true;true;0;0,85;0
121;0,26;1,42;113;true;true;true;0;0,85;0
122;0,26;1,42;113;true;true;true;0;0,85;0
123;0,27;1,42;113;true;true;true;0;0,85;0
124;0,27;1,42;113;true;true;true;0;0,85;0
125;0,27;1,42;113;true;true;true;0;0,85;0
126;0,27;1,42;113;true;true;true;0;0,85;0
127;0,28;1,42;113;true;true;true;0;0,85;0
128;0,28;1,42;113;true;true;true;0;0,85;0
129;0,28;1,42;113;true;true;true;0;0,85;0
130;0,28;1,42;113;true;true;true;0;0,85;0
131;0,28;1,42;113;true;true;true;0;0,85;0
132;0,28;1,42;113;true;true;true;0;0,85;0
133;0,29;1,42;113;true;true;true;0;0,85;0
134;0,29;1,42;113;true;true;true;0;0,85;0
135;0,29;1,42;113;true;true;true;0;0,85;0
136;0,29;1,42;113;true;true;true;0;0,85;0
137;0,29;1,42;113;true;true;true;0;0,85;0
138;0,3;1,42;113;true;true;true;0;0,85;0
139;0,3;1,42;113;true;true;true;0;0,85;0
140;0,3;1,42;113;true;true;true;0;0,85;0
141;0,3;1,42;113;true;true;true;0;0,85;0
142;0,31;1,42;113;true;true;true;0;0,85;0
143;0,31;1,42;113;true;true;true;0;0,85;0
144;0,31;1,42;113;true;true;true;0;0,85;0
145;0,31;1,42;113;true;true;true;0;0,85;0
146;0,31;1,42;113;true;true;true;0;0,85;0
147;0,31;1,42;113;true;true;true;0;0,85;0
148;0,32;1,42;113;true;true;true;0;0,85;0
149;0,32;1,42;113;true;true;true;0;0,85;0
150;0,32;1,42;113;true;true;true;0;0,85;0
151;0,32;1,42;113;true;true;true;0;0,85;0
152;0,32;1,42;113;true;true;true;0;0,85;0
153;0,33;1,42;113;true;true;true;0;0,85;0
154;0,33;1,42;113;true;true;true;0;0,85;0
155;0,33;1,42;113;true;true;true;0;0,85;0
156;0,33;1,42;113;true;true;true;0;0,85;0
157;0,34;1,42;113;true;true;true;0;0,85;0
158;0,34;1,42;113;true;true;true;0;0,85;0
159;0,34;1,42;113;true;true;true;0;0,85;0
160;0,34;1,42;113;true;true;true;0;0,85;0
161;0,34;1,42;113;true;true;true;0;0,85;0
162;0,34;1,42;113;true;true;true;0;0,85;0
163;0,35;1,42;113;true;true;true;0;0,85;0
164;0,35;1,42;113;true;true;true;0;0,85;0
165;0,35;1,42;113;true;true;true;0;0,85;0
166;0,35;1,42;113;true;true;true;0;0,85;0
167;0,35;1,42;113;true;true;true;0;0,85;0
168;0,36;1,42;113;true;true;true;0;0,85;0
169;0,36;1,42;113;true;true;true;0;0,85;0
170;0,36;1,42;113;true;true;true;0;0,85;0
171;0,36;1,42;113;true;true;true;0;0,85;0
172;0,37;1,42;113;true;true;true;0;0,85;0
173;0,37;1,42;113;true;true;true;0;0,85;0
174;0,37;1,42;113;true;true;true;0;0,85;0
175;0,37;1,42;113;true;true;true;0;0,85;0
176;0,37;1,42;113;true;true;true;0;0,85;0
177;0,38;1,42;113;true;true;true;0;0,85;0
178;0,38;1,42;113;true;true;true;0;0,85;0
179;0,38;1,42;113;true;true;true;0;0,85;0
180;0,38;1,42;113;true;true;true;0;0,85;0
181;0,38;1,42;113;true;true;true;0;0,85;0
182;0,38;1,42;113;true;true;true;0;0,85;0
183;0,39;1,42;113;true;true;true;0;0,85;0
184;0,39;1,42;113;true;true;true;0;0,85;0
185;0,39;1,42;113;true;true;true;0;0,85;0
186;0,39;1,42;113;true;true;true;0;0,85;0
187;0,4;1,42;113;true;true;true;0;0,85;0
188;0,4;1,42;113;true;true;true;0;0,85;0
189;0,4;1,42;113;true;true;true;0;0,85;0
190;0,4;1,42;113;true;true;true;0;0,85;0
191;0,4;1,42;113;true;true;true;0;0,85;0
192;0,41;1,42;113;true;true;true;0;0,85;0
193;0,41;1,42;113;true;true;true;0;0,85;0
194;0,41;1,42;113;true;true;true;0;0,85;0
195;0,41;1,42;113;true;true;true;0;0,85;0
196;0,41;1,42;113;true;true;true;0;0,85;0
197;0,41;1,42;113;true;true;true;0;0,85;0
198;0,42;1,42;113;true;true;true;0;0,85;0
199;0,42;1,42;113;true;true;true;0;0,85;0
200;0,42;1,42;113;true;true;true;0;0,85;0
201;0,42;1,42;113;true;true;true;0;0,85;0
202;0,43;1,42;113;true;true;true;0;0,85;0
203;0,43;1,42;113;true;true;true;0;0,85;0
204;0,43;1,42;113;true;true;true;0;0,85;0
205;0,43;1,42;113;true;true;true;0;0,85;0
206;0,43;1,42;113;true;true;true;0;0,85;0
207;0,44;1,42;113;true;true;true;0;0,85;0
208;0,44;1,42;113;true;true;true;0;0,85;0
209;0,44;1,42;113;true;true;true;0;0,85;0
210;0,44;1,42;113;true;true;true;0;0,85;0
211;0,44;1,42;113;true;true;true;0;0,85;0
212;0,44;1,42;113;true;true;true;0;0,85;0
213;0,45;1,42;113;true;true;true;0;0,85;0
214;0,45;1,42;113;true;true;true;0;0,85;0
215;0,45;1,42;113;true;true;true;0;0,85;0
216;0,45;1,42;113;true;true;true;0;0,85;0
217;0,46;1,42;113;true;true;true;0;0,85;0
218;0,46;1,42;113;true;true;true;0;0,85;0
219;0,46;1,42;113;true;true;true;0;0,85;0
220;0,46;1,42;113;true;true;true;0;0,85;0
221;0,46;1,42;113;true;true;true;0;0,85;0
222;0,47;1,42;113;true;true;true;0;0,85;0
223;0,47;1,42;113;true;true;true;0;0,85;0
224;0,47;1,42;113;true;true;true;0;0,85;0
225;0,47;1,42;113;true;true;true;0;0,85;0
226;0,47;1,42;113;true;true;true;0;0,85;0
227;0,47;1,42;113;true;true;true;0;0,85;0
228;0,48;1,42;113;true;true;true;0;0,85;0
229;0,48;1,42;113;true;true;true;0;0,85;0
230;0,5;1,42;113;true;true;true;0;0,85;0
231;0,5;1,42;113;true;true;true;0;0,85;0
232;0,5;1,42;113;true;true;true;0;0,85;0
233;0,5;1,42;113;true;true;true;0;0,85;0
234;0,5;1,42;113;true;true;true;0;0,85;0
235;0,5;1,42;113;true;true;true;0;0,85;0
236;0,51;1,42;113;true;true;true;0;0,85;0
237;0,51;1,42;113;true;true;true;0;0,85;0
238;0,51;1,42;113;true;true;true;0;0,85;0
239;0,51;1,42;113;true;true;true;0;0,85;0
240;0,51;1,42;113;true;true;true;0;0,85;0
241;0,52;1,42;113;true;true;true;0;0,85;0
242;0,52;1,42;113;true;true;true;0;0,85;0
243;0,52;1,42;113;true;true;true;0;0,85;0
244;0,52;1,42;113;true;true;true;0;0,85;0
245;0,52;1,42;113;true;true;true;0;0,85;0
246;0,53;1,42;113;true;true;true;0;0,85;0
247;0,53;1,42;113;true;true;true;0;0,85;0
248;0,53;1,42;113;true;true;true;0;0,85;0
249;0,53;1,42;113;true;true;true;0;0,85;0
250;0,54;1,42;113;true;true;true;0;0,85;0
251;0,54;1,42;113;true;true;true;0;0,85;0
252;0,54;1,42;113;true;true;true;0;0,85;0
253;0,54;1,42;113;true;true;true;0;0,85;0
254;0,54;1,42;113;true;true;true;0;0,85;0
255;0,55;1,42;113;true;true;true;0;0,85;0
256;0,55;1,42;113;true;true;true;0;0,85;0
257;0,55;1,42;113;true;true;true;0;0,85;0
258;0,55;1,42;113;true;true;true;0;0,85;0
259;0,55;1,42;113;true;true;true;0;0,85;0
260;0,56;1,42;113;true;true;true;0;0,85;0
261;0,56;1,42;113;true;true;true;0;0,85;0
262;0,56;1,42;113;true;true;true;0;0,85;0
263;0,56;1,42;113;true;true;true;0;0,85;0
264;0,56;1,42;113;true;true;true;0;0,85;0
265;0,56;1,42;113;true;true;true;0;0,85;0
266;0,57;1,42;113;true;true;true;0;0,85;0
267;0,57;1,42;113;true;true;true;0;0,85;0
268;0,57;1,42;113;true;true;true;0;0,85;0
269;0,57;1,42;113;true;true;true;0;0,85;0
270;0,57;1,42;113;true;true;true;0;0,85;0
271;0,58;1,42;113;true;true;true;0;0,85;0
272;0,58;1,42;113;true;true;true;0;0,85;0
273;0,58;1,42;113;true;true;true;0;0,85;0
274;0,58;1,42;113;true;true;true;0;0,85;0
275;0,58;1,42;113;true;true;true;0;0,85;0
276;0,59;1,42;113;true;true;true;0;0,85;0
277;0,59;1,42;113;true;true;true;0;0,85;0
278;0,59;1,42;113;true;true;true;0;0,85;0
279;0,59;1,42;113;true;true;true;0;0,85;0
280;0,6;1,42;113;true;true;true;0;0,85;0
281;0,6;1,42;113;true;true;true;0;0,85;0
282;0,6;1,42;113;true;true;true;0;0,85;0
283;0,6;1,42;113;true;true;true;0;0,85;0
284;0,6;1,42;113;true;true;true;0;0,85;0
285;0,61;1,42;113;true;true;true;0;0,85;0
286;0,61;1,42;113;true;true;true;0;0,85;0
287;0,61;1,42;113;true;true;true;0;0,85;0
288;0,61;1,42;113;true;true;true;0;0,85;0
289;0,61;1,42;113;true;true;true;0;0,85;0
290;0,62;1,42;113;true;true;true;0;0,85;0
291;0,62;1,42;113;true;true;true;0;0,85;0
292;0,62;1,42;113;true;true;true;0;0,85;0
293;0,62;1,42;113;true;true;true;0;0,85;0
294;0,62;1,42;113;true;true;true;0;0,85;0
295;0,62;1,42;113;true;true;true;0;0,85;0
296;0,63;1,42;113;true;true;true;0;0,85;0
297;0,63;1,42;113;true;true;true;0;0,85;0
298;0,63;1,42;113;true;true;true;0;0,85;0
299;0,63;1,42;113;true;true;true;0;0,85;0
300;0,63;1,42;113;true;true;true;0;0,85;0
301;0,64;1,42;113;true;true;true;0;0,85;0
302;0,64;1,42;113;true;true;true;0;0,85;0
303;0,64;1,42;113;true;true;true;0;0,85;0
304;0,64;1,42;113;true;true;true;0;0,85;0
305;0,64;1,42;113;true;true;true;0;0,85;0
306;0,65;1,42;113;true;true;true;0;0,85;0
307;0,65;1,42;113;true;true;true;0;0,85;0
308;0,65;1,42;113;true;true;true;0;0,85;0
309;0,65;1,42;113;true;true;true;0;0,85;0
310;0,65;1,42;113;true;true;true;0;0,85;0
311;0,66;1,42;113;true;true;true;0;0,85;0
312;0,66;1,42;113;true;true;true;0;0,85;0
313;0,66;1,42;113;true;true;true;0;0,85;0
314;0,66;1,42;113;true;true;true;0;0,85;0
315;0,67;1,42;113;true;true;true;0;0,85;0
316;0,67;1,42;113;true;true;true;0;0,85;0
317;0,67;1,42;113;true;true;true;0;0,85;0
318;0,67;1,42;113;true;true;true;0;0,85;0
319;0,67;1,42;113;true;true;true;0;0,85;0
320;0,68;1,42;113;true;true;true;0;0,85;0
321;0,68;1,42;113;true;true;true;0;0,85;0
322;0,68;1,42;113;true;true;true;0;0,85;0
323;0,68;1,42;113;true;true;true;0;0,85;0
324;0,68;1,42;113;true;true;true;0;0,85;0
325;0,69;1,42;113;true;true;true;0;0,85;0
326;0,69;1,42;113;true;true;true;0;0,85;0
327;0,69;1,42;113;true;true;true;0;0,85;0
328;0,69;1,42;113;true;true;true;0;0,85;0
329;0,69;1,42;113;true;true;true;0;0,85;0
330;0,69;1,42;113;true;true;true;0;0,85;0
331;0,7;1,42;113;true;true;true;0;0,85;0
332;0,7;1,42;113;true;true;true;0;0,85;0
333;0,7;1,42;113;true;true;true;0;0,85;0
334;0,7;1,42;113;true;true;true;0;0,85;0
335;0,7;1,42;113;true;true;true;0;0,85;0
336;0,71;1,42;113;true;true;true;0;0,85;0
337;0,71;1,42;113;true;true;true;0;0,85;0
338;0,71;1,42;113;true;true;true;0;0,85;0
339;0,71;1,42;113;true;true;true;0;0,85;0
340;0,72;1,42;113;true;true;true;0;0,85;0
341;0,72;1,42;113;true;true;true;0;0,85;0
342;0,72;1,42;113;true;true;true;0;0,85;0
343;0,72;1,42;113;true;true;true;0;0,85;0
344;0,72;1,42;113;true;true;true;0;0,85;0
345;0,73;1,42;113;true;true;true;0;0,85;0
346;0,73;1,42;113;true;true;true;0;0,85;0
347;0,73;1,42;113;true;true;true;0;0,85;0
348;0,73;1,42;113;true;true;true;0;0,85;0
349;0,73;1,42;113;true;true;true;0;0,85;0
350;0,74;1,42;113;true;true;true;0;0,85;0
351;0,74;1,42;113;true;true;true;0;0,85;0
352;0,74;1,42;113;true;true;true;0;0,85;0
353;0,74;1,42;113;true;true;true;0;0,85;0
354;0,75;1,42;113;true;true;true;0;0,85;0
355;0,75;1,42;113;true;true;true;0;0,85;0
356;0,75;1,42;113;true;true;true;0;0,85;0
357;0,75;1,42;113;true;true;true;0;0,85;0
358;0,75;1,42;113;true;true;true;0;0,85;0
359;0,75;1,42;113;true;true;true;0;0,85;0
360;0,76;1,42;113;true;true;true;0;0,85;0
361;0,76;1,42;113;true;true;true;0;0,85;0
362;0,76;1,42;113;true;true;true;0;0,85;0
363;0,76;1,42;113;true;true;true;0;0,85;0
364;0,76;1,42;113;true;true;true;0;0,85;0
365;0,77;1,42;113;true;true;true;0;0,85;0
366;0,77;1,42;113;true;true;true;0;0,85;0
367;0,77;1,42;113;true;true;true;0;0,85;0
368;0,77;1,42;113;true;true;true;0;0,85;0
369;0,78;1,42;113;true;true;true;0;0,85;0
370;0,78;1,42;113;true;true;true;0;0,85;0
371;0,78;1,42;113;true;true;true;0;0,85;0
372;0,78;1,42;113;true;true;true;0;0,85;0
373;0,78;1,42;113;true;true;true;0;0,85;0
374;0,79;1,42;113;true;true;true;0;0,85;0
375;0,79;1,42;113;true;true;true;0;0,85;0
376;0,79;1,42;113;true;true;true;0;0,85;0
377;0,79;1,42;113;true;true;true;0;0,85;0
378;0,8;1,42;113;true;true;true;0;0,85;0
379;0,8;1,42;113;true;true;true;0;0,85;0
380;0,8;1,42;113;true;true;true;0;0,85;0
381;0,8;1,42;113;true;true;true;0;0,85;0
382;0,8;1,42;113;true;true;true;0;0,85;0
383;0,81;1,42;113;true;true;true;0;0,85;0
384;0,81;1,42;113;true;true;true;0;0,85;0
385;0,81;1,42;113;true;true;true;0;0,85;0
386;0,81;1,42;113;true;true;true;0;0,85;0
387;0,81;1,42;113;true;true;true;0;0,85;0
388;0,81;1,42;113;true;true;true;0;0,85;0
389;0,82;1,42;113;true;true;true;0;0,85;0
390;0,82;1,42;113;true;true;true;0;0,85;0
391;0,82;1,42;113;true;true;true;0;0,85;0
392;0,82;1,42;113;true;true;true;0;0,85;0
393;0,82;1,42;113;true;true;true;0;0,85;0
394;0,83;1,42;113;true;true;true;0;0,85;0
395;0,83;1,42;113;true;true;true;0;0,85;0
396;0,83;1,42;113;true;true;true;0;0,85;0
397;0,83;1,42;113;true;true;true;0;0,85;0
398;0,83;1,42;113;true;true;true;0;0,85;0
399;0,84;1,42;113;true;true;true;0;0,85;0
400;0,84;1,42;113;true;true;true;0;0,85;0
401;0,84;1,42;113;true;true;true;0;0,85;0
402;0,84;1,42;113;true;true;true;0;0,85;0
403;0,85;1,42;113;true;true;true;0;0,85;0
404;0,85;1,42;113;true;true;true;0;0,85;0
405;0,85;1,42;113;true;true;true;0;0,85;0
406;0,85;1,42;113;true;true;true;0;0,85;0
407;0,85;1,42;113;true;true;true;0;0,85;0
408;0,86;1,42;113;true;true;true;0;0,85;0
409;0,86;1,42;113;true;true;true;0;0,85;0
410;0,86;1,42;113;true;true;true;0;0,85;0
411;0,86;1,42;113;true;true;true;0;0,85;0
412;0,86;1,42;113;true;true;true;0;0,85;0
413;0,87;1,42;113;true;true;true;0;0,85;0
414;0,87;1,42;113;true;true;true;0;0,85;0
415;0,87;1,42;113;true;true;true;0;0,85;0
416;0,87;1,42;113;true;true;true;0;0,85;0
417;0,87;1,42;113;true;true;true;0;0,85;0
418;0,88;1,42;113;true;true;true;0;0,85;0
419;0,88;1,42;113;true;true;true;0;0,85;0
420;0,88;1,42;113;true;true;true;0;0,85;0
421;0,88;1,42;113;true;true;true;0;0,85;0
422;0,88;1,42;113;true;true;true;0;0,85;0
423;0,88;1,42;113;true;true;true;0;0,85;0
424;0,89;1,42;113;true;true;true;0;0,85;0
425;0,89;1,42;113;true;true;true;0;0,85;0
426;0,89;1,42;113;true;true;true;0;0,85;0
427;0,89;1,42;113;true;true;true;0;0,85;0
428;0,89;1,42;113;true;true;true;0;0,85;0
429;0,9;1,42;113;true;true;true;0;0,85;0
430;0,9;1,42;113;true;true;true;0;0,85;0
431;0,9;1,42;113;true;true;true;0;0,85;0
432;0,9;1,42;113;true;true;true;0;0,85;0
433;0,9;1,42;113;true;true;true;0;0,85;0
434;0,91;1,42;113;true;true;true;0;0,85;0
435;0,91;1,42;113;true;true;true;0;0,85;0
436;0,91;1,42;113;true;true;true;0;0,85;0
437;0,91;1,42;113;true;true;true;0;0,85;0
438;0,92;1,42;113;true;true;true;0;0,85;0
439;0,92;1,42;113;true;true;true;0;0,85;0
440;0,92;1,42;113;true;true;true;0;0,85;0
441;0,92;1,42;113;true;true;true;0;0,85;0
442;0,92;1,42;113;true;true;true;0;0,85;0
443;0,93;1,42;113;true;true;true;0;0,85;0
444;0,93;1,42;113;true;true;true;0;0,85;0
445;0,93;1,42;113;true;true;true;0;0,85;0
446;0,93;1,42;113;true;true;true;0;0,85;0
447;0,93;1,42;113;true;true;true;0;0,85;0
448;0,94;1,42;113;true;true;true;0;0,85;0
449;0,94;1,42;113;true;true;true;0;0,85;0
450;0,94;1,42;113;true;true;true;0;0,85;0
451;0,94;1,42;113;true;true;true;0;0,85;0
452;0,94;1,42;113;true;true;true;0;0,85;0
453;0,94;1,42;113;true;true;true;0;0,85;0
454;0,95;1,42;113;true;true;true;0;0,85;0
455;0,95;1,42;113;true;true;true;0;0,85;0
456;0,95;1,42;113;true;true;true;0;0,85;0
457;0,95;1,42;113;true;true;true;0;0,85;0
458;0,95;1,42;113;true;true;true;0;0,85;0
459;0,96;1,42;113;true;true;true;0;0,85;0
460;0,96;1,42;113;true;true;true;0;0,85;0
461;0,96;1,42;113;true;true;true;0;0,85;0
462;0,96;1,42;113;true;true;true;0;0,85;0
463;0,96;1,42;113;true;true;true;0;0,85;0
464;0,97;1,42;113;true;true;true;0;0,85;0
465;0,97;1,42;113;true;true;true;0;0,85;0
466;0,97;1,42;113;true;true;true;0;0,85;0
467;0,97;1,42;113;true;true;true;0;0,85;0
468;0,98;1,42;113;true;true;true;0;0,85;0
469;0,98;1,42;113;true;true;true;0;0,85;0
470;0,98;1,42;113;true;true;true;0;0,85;0
471;0,98;1,42;113;true;true;true;0;0,85;0
472;0,98;1,42;113;true;true;true;0;0,85;0
473;0,99;1,42;113;true;true;true;0;0,85;0
474;0,99;1,42;113;true;true;true;0;0,85;0
475;0,99;1,42;113;true;true;true;0;0,85;0
476;0,99;1,42;113;true;true;true;0;0,85;0
477;0,99;1,42;113;true;true;true;0;0,85;0
478;1;1,42;113;true;true;true;0;0,85;0
479;1;1,42;113;true;true;true;0;0,85;0
480;1;1,42;113;true;true;true;0;0,85;0
481;1;1,42;113;true;true;true;0;0,85;0
482;1;1,42;113;true;true;true;0;0,85;0
483;1,01;1,42;113;true;true;true;0;0,85;0
484;1,01;1,42;113;true;true;true;0;0,85;0
485;1,01;1,42;113;true;true;true;0;0,85;0
486;1,01;1,42;113;true;true;true;0;0,85;0
487;1,01;1,42;113;true;true;true;0;0,85;0
488;1,02;1,42;113;true;true;true;0;0,85;0
489;1,02;1,42;113;true;true;true;0;0,85;0
490;1,02;1,42;113;true;true;true;0;0,85;0
491;1,02;1,42;113;true;true;true;0;0,85;0
492;1,02;1,42;113;true;true;true;0;0,85;0
493;1,03;1,42;113;true;true;true;0;0,85;0
494;1,03;1,42;113;true;true;true;0;0,85;0
495;1,03;1,42;113;true;true;true;0;0,85;0
496;1,03;1,42;113;true;true;true;0;0,85;0
497;1,03;1,42;113;true;true;true;0;0,85;0
498;1,04;1,42;113;true;true;true;0;0,85;0
499;1,04;1,42;113;true;true;true;0;0,85;0
500;1,04;1,42;113;true;true;true;0;0,85;0
501;1,04;1,42;113;true;true;true;0;0,85;0
502;1,04;1,42;113;true;true;true;0;0,85;0
503;1,05;1,42;113;true;true;true;0;0,85;0
504;1,05;1,42;113;true;true;true;0;0,85;0
505;1,05;1,42;113;true;true;true;0;0,85;0
506;1,05;1,42;113;true;true;true;0;0,85;0
507;1,05;1,42;113;true;true;true;0;0,85;0
508;1,06;1,42;113;true;true;true;0;0,85;0
509;1,06;1,42;113;true;true;true;0;0,85;0
510;1,06;1,42;113;true;true;true;0;0,85;0
511;1,06;1,42;113;true;true;true;0;0,85;0
512;1,07;1,42;113;true;true;true;0;0,85;0
513;1,07;1,42;113;true;true;true;0;0,85;0
514;1,07;1,42;113;true;true;true;0;0,85;0
515;1,07;1,42;113;true;true;true;0;0,85;0
516;1,07;1,42;113;true;true;true;0;0,85;0
517;1,08;1,42;113;true;true;true;0;0,85;0
518;1,08;1,42;113;true;true;true;0;0,85;0
519;1,08;1,42;113;true;true;true;0;0,85;0
520;1,08;1,42;113;true;true;true;0;0,85;0
521;1,08;1,42;113;true;true;true;0;0,85;0
522;1,09;1,42;113;true;true;true;0;0,85;0
523;1,09;1,42;113;true;true;true;0;0,85;0
524;1,09;1,42;113;true;true;true;0;0,85;0
525;1,09;1,42;113;true;true;true;0;0,85;0
526;1,09;1,42;113;true;true;true;0;0,85;0
527;1,1;1,42;113;true;true;true;0;0,85;0
528;1,1;1,42;113;true;true;true;0;0,85;0
529;1,1;1,42;113;true;true;true;0;0,85;0
530;1,1;1,42;113;true;true;true;0;0,85;0
531;1,1;1,42;113;true;true;true;0;0,85;0
532;1,11;1,42;113;true;true;true;0;0,85;0
533;1,11;1,42;113;true;true;true;0;0,85;0
534;1,11;1,42;113;true;true;true;0;0,85;0
535;1,11;1,42;113;true;true;true;0;0,85;0
536;1,11;1,42;113;true;true;true;0;0,85;0
537;1,12;1,42;113;true;true;true;0;0,85;0
538;1,12;1,42;113;true;true;true;0;0,85;0
539;1,12;1,42;113;true;true;true;0;0,85;0
540;1,12;1,42;113;true;true;true;0;0,85;0
541;1,12;1,42;113;true;true;true;0;0,85;0
542;1,12;1,42;113;true;true;true;0;0,85;0
543;1,13;1,42;113;true;true;true;0;0,85;0
544;1,13;1,42;113;true;true;true;0;0,85;0
545;1,13;1,42;113;true;true;true;0;0,85;0
546;1,13;1,42;113;true;true;true;0;0,85;0
547;1,13;1,42;113;true;true;true;0;0,85;0
548;1,14;1,42;113;true;true;true;0;0,85;0
549;1,14;1,42;113;true;true;true;0;0,85;0
550;1,14;1,42;113;true;true;true;0;0,85;0
551;1,14;1,42;113;true;true;true;0;0,85;0
552;1,15;1,42;113;true;true;true;0;0,85;0
553;1,15;1,42;113;true;true;true;0;0,85;0
554;1,15;1,42;113;true;true;true;0;0,85;0
555;1,15;1,42;113;true;true;true;0;0,85;0
556;1,15;1,42;113;true;true;true;0;0,85;0
557;1,16;1,42;113;true;true;true;0;0,85;0
558;1,16;1,42;113;true;true;true;0;0,85;0
559;1,16;1,42;113;true;true;true;0;0,85;0
560;1,16;1,42;113;true;true;true;0;0,85;0
561;1,16;1,42;113;true;true;true;0;0,85;0
562;1,17;1,42;113;true;true;true;0;0,85;0
563;1,17;1,42;113;true;true;true;0;0,85;0
564;1,17;1,42;113;true;true;true;0;0,85;0
565;1,17;1,42;113;true;true;true;0;0,85;0
566;1,17;1,42;113;true;true;true;0;0,85;0
567;1,18;1,42;113;true;true;true;0;0,85;0
568;1,18;1,42;113;true;true;true;0;0,85;0
569;1,18;1,42;113;true;true;true;0;0,85;0
570;1,18;1,42;113;true;true;true;0;0,85;0
571;1,18;1,42;113;true;true;true;0;0,85;0
572;1,19;1,42;113;true;true;true;0;0,85;0
573;1,19;1,42;113;true;true;true;0;0,85;0
574;1,19;1,42;113;true;true;true;0;0,85;0
575;1,19;1,42;113;true;true;true;0;0,85;0
576;1,19;1,42;113;true;true;true;0;0,85;0
577;1,2;1,42;113;true;true;true;0;0,85;0
578;1,2;1,42;113;true;true;true;0;0,85;0
579;1,2;1,42;113;true;true;true;0;0,85;0
580;1,2;1,42;113;true;true;true;0;0,85;0
581;1,2;1,42;113;true;true;true;0;0,85;0
582;1,21;1,42;113;true;true;true;0;0,85;0
583;1,21;1,42;113;true;true;true;0;0,85;0
584;1,21;1,42;113;true;true;true;0;0,85;0
585;1,21;1,42;113;true;true;true;0;0,85;0
586;1,21;1,42;113;true;true;true;0;0,85;0
587;1,22;1,42;113;true;true;true;0;0,85;0
588;1,22;1,42;113;true;true;true;0;0,85;0
589;1,22;1,42;113;true;true;true;0;0,85;0
590;1,22;1,42;113;true;true;true;0;0,85;0
591;1,22;1,42;113;true;true;true;0;0,85;0
592;1,23;1,42;113;true;true;true;0;0,85;0
593;1,23;1,42;113;true;true;true;0;0,85;0
594;1,23;1,42;113;true;true;true;0;0,85;0
595;1,23;1,42;113;true;true;true;0;0,85;0
596;1,23;1,42;113;true;true;true;0;0,85;0
597;1,24;1,42;113;true;true;true;0;0,85;0
598;1,24;1,42;113;true;true;true;0;0,85;0
599;1,24;1,42;113;true;true;true;0;0,85;0
600;1,24;1,42;113;true;true;true;0;0,85;0
601;1,24;1,42;113;true;true;true;0;0,85;0
602;1,25;1,42;113;true;true;true;0;0,85;0
603;1,25;1,42;113;true;true;true;0;0,85;0
604;1,25;1,42;113;true;true;true;0;0,85;0
605;1,25;1,42;113;true;true;true;0;0,85;0
606;1,25;1,42;113;true;true;true;0;0,85;0
607;1,26;1,42;113;true;true;true;0;0,85;0
608;1,26;1,42;113;true;true;true;0;0,85;0
609;1,26;1,42;113;true;true;true;0;0,85;0
610;1,26;1,42;113;true;true;true;0;0,85;0
611;1,26;1,42;113;true;true;true;0;0,85;0
612;1,27;1,42;113;true;true;true;0;0,85;0
613;1,27;1,42;113;true;true;true;0;0,85;0
614;1,27;1,42;113;true;true;true;0;0,85;0
615;1,27;1,42;113;true;true;true;0;0,85;0
616;1,27;1,42;113;true;true;true;0;0,85;0
617;1,28;1,42;113;true;true;true;0;0,85;0
618;1,28;1,42;113;true;true;true;0;0,85;0
619;1,28;1,42;113;true;true;true;0;0,85;0
620;1,28;1,42;113;true;true;true;0;0,85;0
621;1,28;1,42;113;true;true;true;0;0,85;0
622;1,29;1,42;113;true;true;true;0;0,85;0
623;1,29;1,42;113;true;true;true;0;0,85;0
624;1,29;1,42;113;true;true;true;0;0,85;0
625;1,29;1,42;113;true;true;true;0;0,85;0
626;1,29;1,42;113;true;true;true;0;0,85;0
627;1,3;1,42;113;true;true;true;0;0,85;0
628;1,3;1,42;113;true;true;true;0;0,85;0
629;1,3;1,42;113;true;true;true;0;0,85;0
630;1,3;1,42;113;true;true;true;0;0,85;0
631;1,3;1,42;113;true;true;true;0;0,85;0
632;1,31;1,42;113;true;true;true;0;0,85;0
633;1,31;1,42;113;true;true;true;0;0,85;0
634;1,31;1,42;113;true;true;true;0;0,85;0
635;1,31;1,42;113;true;true;true;0;0,85;0
636;1,31;1,42;113;true;true;true;0;0,85;0
637;1,32;1,42;113;true;true;true;0;0,85;0
638;1,32;1,42;113;true;true;true;0;0,85;0
639;1,32;1,42;113;true;true;true;0;0,85;0
640;1,32;1,42;113;true;true;true;0;0,85;0
641;1,32;1,42;113;true;true;true;0;0,85;0
642;1,33;1,42;113;true;true;true;0;0,85;0
643;1,33;1,42;113;true;true;true;0;0,85;0
644;1,33;1,42;113;true;true;true;0;0,85;0
645;1,33;1,42;113;true;true;true;0;0,85;0
646;1,33;1,42;113;true;true;true;0;0,85;0
647;1,34;1,42;113;true;true;true;0;0,85;0
648;1,34;1,42;113;true;true;true;0;0,85;0
649;1,34;1,42;113;true;true;true;0;0,85;0
650;1,34;1,42;113;true;true;true;0;0,85;0
651;1,34;1,42;113;true;true;true;0;0,85;0
652;1,35;1,42;113;true;true;true;0;0,85;0
653;1,35;1,42;113;true;true;true;0;0,85;0
654;1,35;1,42;113;true;true;true;0;0,85;0
655;1,35;1,42;113;true;true;true;0;0,85;0
656;1,35;1,42;113;true;true;true;0;0,85;0
657;1,36;1,42;113;true;true;true;0;0,85;0
658;1,36;1,42;113;true;true;true;0;0,85;0
659;1,36;1,42;113;true;true;true;0;0,85;0
660;1,36;1,42;113;true;true;true;0;0,85;0
661;1,36;1,42;113;true;true;true;0;0,85;0
662;1,37;1,42;113;true;true;true;0;0,85;0
663;1,37;1,42;113;true;true;true;0;0,85;0
664;1,37;1,42;113;true;true;true;0;0,85;0
665;1,37;1,42;113;true;true;true;0;0,85;0
666;1,37;1,42;113;true;true;true;0;0,85;0
667;1,38;1,42;113;true;true;true;0;0,85;0
668;1,38;1,42;113;true;true;true;0;0,85;0
669;1,38;1,42;113;true;true;true;0;0,85;0
670;1,38;1,42;113;true;true;true;0;0,85;0
671;1,38;1,42;113;true;true;true;0;0,85;0
672;1,39;1,42;113;true;true;true;0;0,85;0
673;1,39;1,42;113;true;true;true;0;0,85;0
674;1,39;1,42;113;true;true;true;0;0,85;0
675;1,39;1,42;113;true;true;true;0;0,85;0
676;1,39;1,42;113;true;true;true;0;0,85;0
677;1,4;1,42;113;true;true;true;0;0,85;0
678;1,4;1,42;113;true;true;true;0;0,85;0
679;1,4;1,42;113;true;true;true;0;0,85;0
680;1,4;1,42;113;true;true;true;0;0,85;0
681;1,4;1,42;113;true;true;true;0;0,85;0
682;1,41;1,42;113;true;true;true;0;0,85;0
683;1,41;1,42;113;true;true;true;0;0,85;0
684;1,41;1,42;113;true;true;true;0;0,85;0
685;1,41;1,42;113;true;true;true;0;0,85;0
686;1,41;1,42;113;true;true;true;0;0,85;0
687;1,42;1,42;113;true;true;true;0;0,85;0
688;1,42;1,42;113;true;true;true;0;0,85;0
689;1,42;1,42;113;true;true;true;0;0,85;0
690;1,42;1,42;113;true;true;true;0;0,85;0
691;1,42;1,42;113;true;true;true;0;0,85;0
692;1,43;1,42;113;true;true;true;0;0,85;0
693;1,43;1,42;113;true;true;true;0;0,85;0
694;1,43;1,42;113;true;true;true;0;0,85;0
695;1,43;1,42;113;true;true;true;0;0,85;0
696;1,43;1,42;113;true;true;true;0;0,85;0
697;1,44;1,42;113;true;true;true;0;0,85;0
698;1,44;1,42;113;true;true;true;0;0,85;0
699;1,44;1,42;113;true;true;true;0;0,85;0
700;1,44;1,42;113;true;true;true;0;0,85;0
701;1,44;1,42;113;true;true;true;0;0,85;0
702;1,45;1,42;113;true;true;true;0;0,85;0
703;1,45;1,42;113;true;true;true;0;0,85;0
704;1,45;1,42;113;true;true;true;0;0,85;0
705;1,45;1,42;113;true;true;true;0;0,85;0
706;1,45;1,42;113;true;true;true;0;0,85;0
707;1,46;1,42;113;true;true;true;0;0,85;0
708;1,46;1,42;113;true;true;true;0;0,85;0
709;1,46;1,42;113;true;true;true;0;0,85;0
710;1,46;1,42;113;true;true;true;0;0,85;0
711;1,46;1,42;113;true;true;true;0;0,85;0
712;1,47;1,42;113;true;true;true;0;0,85;0
713;1,47;1,42;113;true;true;true;0;0,85;0
714;1,47;1,42;113;true;true;true;0;0,85;0
715;1,47;1,42;113;true;true;true;0;0,85;0
716;1,47;1,42;113;true;true;true;0;0,85;0
717;1,48;1,42;113;true;true;true;0;0,85;0
718;1,48;1,42;113;true;true;true;0;0,85;0
719;1,48;1,42;113;true;true;true;0;0,85;0
720;1,48;1,42;113;true;true;true;0;0,85;0
721;1,48;1,42;113;true;true;true;0;0,85;0
722;1,49;1,42;113;true;true;true;0;0,85;0
723;1,49;1,42;113;true;true;true;0;0,85;0
724;1,49;1,42;113;true;true;true;0;0,85;0
725;1,49;1,42;113;true;true;true;0;0,85;0
726;1,49;1,42;113;true;true;true;0;0,85;0
727;1,5;1,42;113;true;true;true;0;0,85;0
728;1,5;1,42;113;true;true;true;0;0,85;0
729;1,5;1,42;113;true;true;true;0;0,85;0
730;1,5;1,42;113;true;true;true;0;0,85;0
731;1,5;1,42;113;true;true;true;0;0,85;0
732;1,51;1,42;113;true;true;true;0;0,85;0
733;1,51;1,42;113;true;true;true;0;0,85;0
734;1,51;1,42;113;true;true;true;0;0,85;0
735;1,51;1,42;113;true;true;true;0;0,85;0
736;1,51;1,42;113;true;true;true;0;0,85;0
737;1,52;1,42;113;true;true;true;0;0,85;0
738;1,52;1,42;113;true;true;true;0;0,85;0
739;1,52;1,42;113;true;true;true;0;0,85;0
740;1,52;1,42;113;true;true;true;0;0,85;0
741;1,52;1,42;113;true;true;true;0;0,85;0
742;1,53;1,42;113;true;true;true;0;0,85;0
743;1,53;1,42;113;true;true;true;0;0,85;0
744;1,53;1,42;113;true;true;true;0;0,85;0
745;1,53;1,42;113;true;true;true;0;0,85;0
746;1,53;1,42;113;true;true;true;0;0,85;0
747;1,54;1,42;113;true;true;true;0;0,85;0
748;1,54;1,42;113;true;true;true;0;0,85;0
749;1,54;1,42;113;true;true;true;0;0,85;0
750;1,54;1,42;113;true;true;true;0;0,85;0
751;1,54;1,42;113;true;true;true;0;0,85;0
752;1,55;1,42;113;true;true;true;0;0,85;0
753;1,55;1,42;113;true;true;true;0;0,85;0
754;1,55;1,42;113;true;true;true;0;0,85;0
755;1,55;1,42;113;true;true;true;0;0,85;0
756;1,55;1,42;113;true;true;true;0;0,85;0
757;1,56;1,42;113;true;true;true;0;0,85;0
758;1,56;1,42;113;true;true;true;0;0,85;0
759;1,56;1,42;113;true;true;true;0;0,85;0
760;1,56;1,42;113;true;true;true;0;0,85;0
761;1,56;1,42;113;true;true;true;0;0,85;0
762;1,57;1,42;113;true;true;true;0;0,85;0
763;1,57;1,42;113;true;true;true;0;0,85;0
764;1,57;1,42;113;true;true;true;0;0,85;0
765;1,57;1,42;113;true;true;true;0;0,85;0
766;1,57;1,42;113;true;true;true;0;0,85;0
767;1,58;1,42;113;true;true;true;0;0,85;0
768;1,58;1,42;113;true;true;true;0;0,85;0
769;1,58;1,42;113;true;true;true;0;0,85;0
770;1,58;1,42;113;true;true;true;0;0,85;0
771;1,58;1,42;113;true;true;true;0;0,85;0
772;1,59;1,42;113;true;true;true;0;0,85;0
773;1,59;1,42;113;true;true;true;0;0,85;0
774;1,59;1,42;113;true;true;true;0;0,85;0
775;1,59;1,42;113;true;true;true;0;0,85;0
776;1,59;1,42;113;true;true;true;0;0,85;0
777;1,6;1,42;113;true;true;true;0;0,85;0
778;1,6;1,42;113;true;true;true;0;0,85;0
779;1,6;1,42;113;true;true;true;0;0,85;0
780;1,6;1,42;113;true;true;true;0;0,85;0
781;1,61;1,42;113;true;true;true;0;0,85;0
782;1,61;1,42;113;true;true;true;0;0,85;0
783;1,61;1,42;113;true;true;true;0;0,85;0
784;1,61;1,42;113;true;true;true;0;0,85;0
785;1,61;1,42;113;true;true;true;0;0,85;0
786;1,62;1,42;113;true;true;true;0;0,85;0
787;1,62;1,42;113;true;true;true;0;0,85;0
788;1,62;1,42;113;true;true;true;0;0,85;0
789;1,62;1,42;113;true;true;true;0;0,85;0
790;1,62;1,42;113;true;true;true;0;0,85;0
791;1,62;1,42;113;true;true;true;0;0,85;0
792;1,63;1,42;113;true;true;true;0;0,85;0
793;1,63;1,42;113;true;true;true;0;0,85;0
794;1,63;1,42;113;true;true;true;0;0,85;0
795;1,63;1,42;113;true;true;true;0;0,85;0
796;1,63;1,42;113;true;true;true;0;0,85;0
797;1,64;1,42;113;true;true;true;0;0,85;0
798;1,64;1,42;113;true;true;true;0;0,85;0
799;1,64;1,42;113;true;true;true;0;0,85;0
800;1,64;1,42;113;true;true;true;0;0,85;0
801;1,64;1,42;113;true;true;true;0;0,85;0
802;1,65;1,42;113;true;true;true;0;0,85;0
803;1,65;1,42;113;true;true;true;0;0,85;0
804;1,65;1,42;113;true;true;true;0;0,85;0
805;1,65;1,42;113;true;true;true;0;0,85;0
806;1,65;1,42;113;true;true;true;0;0,85;0
807;1,66;1,42;113;true;true;true;0;0,85;0
808;1,66;1,42;113;true;true;true;0;0,85;0
809;1,66;1,42;113;true;true;true;0;0,85;0
810;1,66;1,42;113;true;true;true;0;0,85;0
811;1,66;1,42;113;true;true;true;0;0,85;0
812;1,67;1,42;113;true;true;true;0;0,85;0
813;1,67;1,42;113;true;true;true;0;0,85;0
814;1,67;1,42;113;true;true;true;0;0,85;0
815;1,67;1,42;113;true;true;true;0;0,85;0
816;1,67;1,42;113;true;true;true;0;0,85;0
817;1,68;1,42;113;true;true;true;0;0,85;0
818;1,68;1,42;113;true;true;true;0;0,85;0
819;1,68;1,42;113;true;true;true;0;0,85;0
820;1,68;1,42;113;true;true;true;0;0,85;0
821;1,68;1,42;113;true;true;true;0;0,85;0
822;1,69;1,42;113;true;true;true;0;0,85;0
823;1,69;1,42;113;true;true;true;0;0,85;0
824;1,69;1,42;113;true;true;true;0;0,85;0
825;1,69;1,42;113;true;true;true;0;0,85;0
826;1,7;1,42;113;true;true;true;0;0,85;0
827;1,7;1,42;113;true;true;true;0;0,85;0
828;1,7;1,42;113;true;true;true;0;0,85;0
829;1,7;1,42;113;true;true;true;0;0,85;0
830;1,7;1,42;113;true;true;true;0;0,85;0
831;1,71;1,42;113;true;true;true;0;0,85;0
832;1,71;1,42;113;true;true;true;0;0,85;0
833;1,71;1,42;113;true;true;true;0;0,85;0
834;1,71;1,42;113;true;true;true;0;0,85;0
835;1,71;1,42;113;true;true;true;0;0,85;0
836;1,72;1,42;113;true;true;true;0;0,85;0
837;1,72;1,42;113;true;true;true;0;0,85;0
838;1,72;1,42;113;true;true;true;0;0,85;0
839;1,72;1,42;113;true;true;true;0;0,85;0
840;1,72;1,42;113;true;true;true;0;0,85;0
841;1,73;1,42;113;true;true;true;0;0,85;0
842;1,73;1,42;113;true;true;true;0;0,85;0
843;1,73;1,42;113;true;true;true;0;0,85;0
844;1,73;1,42;113;true;true;true;0;0,85;0
845;1,73;1,42;113;true;true;true;0;0,85;0
846;1,74;1,42;113;true;true;true;0;0,85;0
847;1,74;1,42;113;true;true;true;0;0,85;0
848;1,74;1,42;113;true;true;true;0;0,85;0
849;1,74;1,42;113;true;true;true;0;0,85;0
850;1,74;1,42;113;true;true;true;0;0,85;0
851;1,75;1,42;113;true;true;true;0;0,85;0
852;1,75;1,42;113;true;true;true;0;0,85;0
853;1,75;1,42;113;true;true;true;0;0,85;0
854;1,75;1,42;113;true;true;true;0;0,85;0
855;1,75;1,42;113;true;true;true;0;0,85;0
856;1,75;1,42;113;true;true;true;0;0,85;0
857;1,76;1,42;113;true;true;true;0;0,85;0
858;1,76;1,42;113;true;true;true;0;0,85;0
859;1,76;1,42;113;true;true;true;0;0,85;0
860;1,76;1,42;113;true;true;true;0;0,85;0
861;1,76;1,42;113;true;true;true;0;0,85;0
862;1,77;1,42;113;true;true;true;0;0,85;0
863;1,77;1,42;113;true;true;true;0;0,85;0
864;1,77;1,42;113;true;true;true;0;0,85;0
865;1,77;1,42;113;true;true;true;0;0,85;0
866;1,77;1,42;113;true;true;true;0;0,85;0
867;1,78;1,42;113;true;true;true;0;0,85;0
868;1,78;1,42;113;true;true;true;0;0,85;0
869;1,78;1,42;113;true;true;true;0;0,85;0
870;1,78;1,42;113;true;true;true;0;0,85;0
871;1,78;1,42;113;true;true;true;0;0,85;0
872;1,79;1,42;113;true;true;true;0;0,85;0
873;1,79;1,42;113;true;true;true;0;0,85;0
874;1,79;1,42;113;true;true;true;0;0,85;0
875;1,79;1,42;113;true;true;true;0;0,85;0
876;1,79;1,42;113;true;true;true;0;0,85;0
877;1,8;1,42;113;true;true;true;0;0,85;0
878;1,8;1,42;113;true;true;true;0;0,85;0
879;1,8;1,42;113;true;true;true;0;0,85;0
880;1,8;1,42;113;true;true;true;0;0,85;0
881;1,8;1,42;113;true;true;true;0;0,85;0
882;1,81;1,42;113;true;true;true;0;0,85;0
883;1,81;1,42;113;true;true;true;0;0,85;0
884;1,81;1,42;113;true;true;true;0;0,85;0
885;1,81;1,42;113;true;true;true;0;0,85;0
886;1,82;1,42;113;true;true;true;0;0,85;0
887;1,82;1,42;113;true;true;true;0;0,85;0
888;1,82;1,42;113;true;true;true;0;0,85;0
889;1,82;1,42;113;true;true;true;0;0,85;0
890;1,82;1,42;113;true;true;true;0;0,85;0
891;1,83;1,42;113;true;true;true;0;0,85;0
892;1,83;1,42;113;true;true;true;0;0,85;0
893;1,83;1,42;113;true;true;true;0;0,85;0
894;1,83;1,42;113;true;true;true;0;0,85;0
895;1,83;1,42;113;true;true;true;0;0,85;0
896;1,84;1,42;113;true;true;true;0;0,85;0
897;1,84;1,42;113;true;true;true;0;0,85;0
898;1,84;1,42;113;true;true;true;0;0,85;0
899;1,84;1,42;113;true;true;true;0;0,85;0
900;1,84;1,42;113;true;true;true;0;0,85;0
901;1,85;1,42;113;true;true;true;0;0,85;0
902;1,85;1,42;113;true;true;true;0;0,85;0
903;1,85;1,42;113;true;true;true;0;0,85;0
904;1,85;1,42;113;true;true;true;0;0,85;0
905;1,85;1,42;113;true;true;true;0;0,85;0
906;1,86;1,42;113;true;true;true;0;0,85;0
907;1,86;1,42;113;true;true;true;0;0,85;0
908;1,86;1,42;113;true;true;true;0;0,85;0
909;1,86;1,42;113;true;true;true;0;0,85;0
910;1,86;1,42;113;true;true;true;0;0,85;0
911;1,87;1,42;113;true;true;true;0;0,85;0
912;1,87;1,42;113;true;true;true;0;0,85;0
913;1,87;1,42;113;true;true;true;0;0,85;0
914;1,87;1,42;113;true;true;true;0;0,85;0
915;1,87;1,42;113;true;true;true;0;0,85;0
916;1,88;1,42;113;true;true;true;0;0,85;0
917;1,88;1,42;113;true;true;true;0;0,85;0
918;1,88;1,42;113;true;true;true;0;0,85;0
919;1,88;1,42;113;true;true;true;0;0,85;0
920;1,88;1,42;113;true;true;true;0;0,85;0
921;1,88;1,42;113;true;true;true;0;0,85;0
922;1,89;1,42;113;true;true;true;0;0,85;0
923;1,89;1,42;113;true;true;true;0;0,85;0
924;1,89;1,42;113;true;true;true;0;0,85;0
925;1,89;1,42;113;true;true;true;0;0,85;0
926;1,89;1,42;113;true;true;true;0;0,85;0
927;1,9;1,42;113;true;true;true;0;0,85;0
928;1,9;1,42;113;true;true;true;0;0,85;0
929;1,9;1,42;113;true;true;true;0;0,85;0
930;1,9;1,42;113;true;true;true;0;0,85;0
931;1,9;1,42;113;true;true;true;0;0,85;0
932;1,91;1,42;113;true;true;true;0;0,85;0
933;1,91;1,42;113;true;true;true;0;0,85;0
934;1,91;1,42;113;true;true;true;0;0,85;0
935;1,91;1,42;113;true;true;true;0;0,85;0
936;1,91;1,42;113;true;true;true;0;0,85;0
937;1,92;1,42;113;true;true;true;0;0,85;0
938;1,92;1,42;113;true;true;true;0;0,85;0
939;1,92;1,42;113;true;true;true;0;0,85;0
940;1,92;1,42;113;true;true;true;0;0,85;0
941;1,92;1,42;113;true;true;true;0;0,85;0
942;1,93;1,42;113;true;true;true;0;0,85;0
943;1,93;1,42;113;true;true;true;0;0,85;0
944;1,93;1,42;113;true;true;true;0;0,85;0
945;1,93;1,42;113;true;true;true;0;0,85;0
946;1,93;1,42;113;true;true;true;0;0,85;0
947;1,94;1,42;113;true;true;true;0;0,85;0
948;1,94;1,42;113;true;true;true;0;0,85;0
949;1,94;1,42;113;true;true;true;0;0,85;0
950;1,94;1,42;113;true;true;true;0;0,85;0
951;1,95;1,42;113;true;true;true;0;0,85;0
952;1,95;1,42;113;true;true;true;0;0,85;0
953;1,95;1,42;113;true;true;true;0;0,85;0
954;1,95;1,42;113;true;true;true;0;0,85;0
955;1,95;1,42;113;true;true;true;0;0,85;0
956;1,96;1,42;113;true;true;true;0;0,85;0
957;1,96;1,42;113;true;true;true;0;0,85;0
958;1,96;1,42;113;true;true;true;0;0,85;0
959;1,96;1,42;113;true;true;true;0;0,85;0
960;1,96;1,42;113;true;true;true;0;0,85;0
961;1,97;1,42;113;true;true;true;0;0,85;0
962;1,97;1,42;113;true;true;true;0;0,85;0
963;1,97;1,42;113;true;true;true;0;0,85;0
964;1,97;1,42;113;true;true;true;0;0,85;0
965;1,97;1,42;113;true;true;true;0;0,85;0
966;1,98;1,42;113;true;true;true;0;0,85;0
967;1,98;1,42;113;true;true;true;0;0,85;0
968;1,98;1,42;113;true;true;true;0;0,85;0
969;1,98;1,42;113;true;true;true;0;0,85;0
970;1,98;1,42;113;true;true;true;0;0,85;0
971;1,99;1,42;113;true;true;true;0;0,85;0
972;1,99;1,42;113;true;true;true;0;0,85;0
973;1,99;1,42;113;true;true;true;0;0,85;0
974;1,99;1,42;113;true;true;true;0;0,85;0
975;1,99;1,42;113;true;true;true;0;0,85;0
976;2;1,42;113;true;true;true;0;0,85;0
977;2;1,42;113;true;true;true;0;0,85;0
978;2;1,42;113;true;true;true;0;0,85;0
979;2;1,42;113;true;true;true;0;0,85;0
980;2;1,42;113;true;true;true;0;0,85;0
981;2,01;1,42;113;true;true;true;0;0,85;0
982;2,01;1,42;113;true;true;true;0;0,85;0
983;2,01;1,42;113;true;true;true;0;0,85;0
984;2,01;1,42;113;true;true;true;0;0,85;0
985;2,01;1,42;113;true;true;true;0;0,85;0
986;2,02;1,42;113;true;true;true;0;0,85;0
987;2,02;1,42;113;true;true;true;0;0,85;0
988;2,02;1,42;113;true;true;true;0;0,85;0
989;2,02;1,42;113;true;true;true;0;0,85;0
990;2,02;1,42;113;true;true;true;0;0,85;0
991;2,03;1,42;113;true;true;true;0;0,85;0
992;2,03;1,42;113;true;true;true;0;0,85;0
993;2,03;1,42;113;true;true;true;0;0,85;0
994;2,03;1,42;113;true;true;true;0;0,85;0
995;2,03;1,42;113;true;true;true;0;0,85;0
996;2,04;1,42;113;true;true;true;0;0,85;0
997;2,04;1,42;113;true;true;true;0;0,85;0
998;2,04;1,42;113;true;true;true;0;0,85;0
999;2,04;1,42;113;true;true;true;0;0,85;0
1000;2,04;1,42;113;true;true;true;0;0,85;0
1001;2,05;1,42;113;true;true;true;0;0,85;0
1002;2,05;1,42;113;true;true;true;0;0,85;0
1003;2,05;1,42;113;true;true;true;0;0,85;0
1004;2,05;1,42;113;true;true;true;0;0,85;0
1005;2,05;1,42;113;true;true;true;0;0,85;0
1006;2,06;1,42;113;true;true;true;0;0,85;0
1007;2,06;1,42;113;true;true;true;0;0,85;0
1008;2,06;1,42;113;true;true;true;0;0,85;0
1009;2,06;1,42;113;true;true;true;0;0,85;0
1010;2,06;1,42;113;true;true;true;0;0,85;0
1011;2,07;1,42;113;true;true;true;0;0,85;0
1012;2,07;1,42;113;true;true;true;0;0,85;0
1013;2,07;1,42;113;true;true;true;0;0,85;0
1014;2,07;1,42;113;true;true;true;0;0,85;0
1015;2,07;1,42;113;true;true;true;0;0,85;0
1016;2,08;1,42;113;true;true;true;0;0,85;0
1017;2,08;1,42;113;true;true;true;0;0,85;0
1018;2,08;1,42;113;true;true;true;0;0,85;0
1019;2,08;1,42;113;true;true;true;0;0,85;0
1020;2,08;1,42;113;true;true;true;0;0,85;0
1021;2,09;1,42;113;true;true;true;0;0,85;0
1022;2,09;1,42;113;true;true;true;0;0,85;0
1023;2,09;1,42;113;true;true;true;0;0,85;0
1024;2,09;1,42;113;true;true;true;0;0,85;0
1025;2,09;1,42;113;true;true;true;0;0,85;0
1026;2,1;1,42;113;true;true;true;0;0,85;0
1027;2,1;1,42;113;true;true;true;0;0,85;0
1028;2,1;1,42;113;true;true;true;0;0,85;0
1029;2,1;1,42;113;true;true;true;0;0,85;0
1030;2,1;1,42;113;true;true;true;0;0,85;0
1031;2,11;1,42;113;true;true;true;0;0,85;0
1032;2,11;1,42;113;true;true;true;0;0,85;0
1033;2,11;1,42;113;true;true;true;0;0,85;0
1034;2,11;1,42;113;true;true;true;0;0,85;0
1035;2,11;1,42;113;true;true;true;0;0,85;0
1036;2,12;1,42;113;true;true;true;0;0,85;0
1037;2,12;1,42;113;true;true;true;0;0,85;0
1038;2,12;1,42;113;true;true;true;0;0,85;0
1039;2,12;1,42;113;true;true;true;0;0,85;0
1040;2,12;1,42;113;true;true;true;0;0,85;0
1041;2,12;1,42;113;true;true;true;0;0,85;0
1042;2,13;1,42;113;true;true;true;0;0,85;0
1043;2,13;1,42;113;true;true;true;0;0,85;0
1044;2,13;1,42;113;true;true;true;0;0,85;0
1045;2,13;1,42;113;true;true;true;0;0,85;0
1046;2,13;1,42;113;true;true;true;0;0,85;0
1047;2,14;1,42;113;true;true;true;0;0,85;0
1048;2,14;1,42;113;true;true;true;0;0,85;0
1049;2,14;1,42;113;true;true;true;0;0,85;0
1050;2,14;1,42;113;true;true;true;0;0,85;0
1051;2,14;1,42;113;true;true;true;0;0,85;0
1052;2,15;1,42;113;true;true;true;0;0,85;0
1053;2,15;1,42;113;true;true;true;0;0,85;0
1054;2,15;1,42;113;true;true;true;0;0,85;0
1055;2,15;1,42;113;true;true;true;0;0,85;0
1056;2,15;1,42;113;true;true;true;0;0,85;0
1057;2,16;1,42;113;true;true;true;0;0,85;0
1058;2,16;1,42;113;true;true;true;0;0,85;0
1059;2,16;1,42;113;true;true;true;0;0,85;0
1060;2,16;1,42;113;true;true;true;0;0,85;0
1061;2,16;1,42;113;true;true;true;0;0,85;0
1062;2,17;1,42;113;true;true;true;0;0,85;0
1063;2,17;1,42;113;true;true;true;0;0,85;0
1064;2,17;1,42;113;true;true;true;0;0,85;0
1065;2,17;1,42;113;true;true;true;0;0,85;0
1066;2,17;1,42;113;true;true;true;0;0,85;0
1067;2,18;1,42;113;true;true;true;0;0,85;0
1068;2,18;1,42;113;true;true;true;0;0,85;0
1069;2,18;1,42;113;true;true;true;0;0,85;0
1070;2,18;1,42;113;true;true;true;0;0,85;0
1071;2,18;1,42;113;true;true;true;0;0,85;0
1072;2,19;1,42;113;true;true;true;0;0,85;0
1073;2,19;1,42;113;true;true;true;0;0,85;0
1074;2,19;1,42;113;true;true;true;0;0,85;0
1075;2,19;1,42;113;true;true;true;0;0,85;0
1076;2,19;1,42;113;true;true;true;0;0,85;0
1077;2,2;1,42;113;true;true;true;0;0,85;0
1078;2,2;1,42;113;true;true;true;0;0,85;0
1079;2,2;1,42;113;true;true;true;0;0,85;0
1080;2,2;1,42;113;true;true;true;0;0,85;0
1081;2,2;1,42;113;true;true;true;0;0,85;0
1082;2,21;1,42;113;true;true;true;0;0,85;0
1083;2,21;1,42;113;true;true;true;0;0,85;0
1084;2,21;1,42;113;true;true;true;0;0,85;0
1085;2,21;1,42;113;true;true;true;0;0,85;0
1086;2,21;1,42;113;true;true;true;0;0,85;0
1087;2,22;1,42;113;true;true;true;0;0,85;0
1088;2,22;1,42;113;true;true;true;0;0,85;0
1089;2,22;1,42;113;true;true;true;0;0,85;0
1090;2,22;1,42;113;true;true;true;0;0,85;0
1091;2,22;1,42;113;true;true;true;0;0,85;0
1092;2,23;1,42;113;true;true;true;0;0,85;0
1093;2,23;1,42;113;true;true;true;0;0,85;0
1094;2,23;1,42;113;true;true;true;0;0,85;0
1095;2,23;1,42;113;true;true;true;0;0,85;0
1096;2,23;1,42;113;true;true;true;0;0,85;0
1097;2,24;1,42;113;true;true;true;0;0,85;0
1098;2,24;1,42;113;true;true;true;0;0,85;0
1099;2,24;1,42;113;true;true;true;0;0,85;0
1100;2,24;1,42;113;true;true;true;0;0,85;0
1101;2,24;1,42;113;true;true;true;0;0,85;0
1102;2,25;1,42;113;true;true;true;0;0,85;0
1103;2,25;1,42;113;true;true;true;0;0,85;0
1104;2,25;1,42;113;true;true;true;0;0,85;0
1105;2,25;1,42;113;true;true;true;0;0,85;0
1106;2,26;1,42;113;true;true;true;0;0,85;0
1107;2,26;1,42;113;true;true;true;0;0,85;0
1108;2,26;1,42;113;true;true;true;0;0,85;0
1109;2,26;1,42;113;true;true;true;0;0,85;0
1110;2,26;1,42;113;true;true;true;0;0,85;0
1111;2,27;1,42;113;true;true;true;0;0,85;0
1112;2,27;1,42;113;true;true;true;0;0,85;0
1113;2,27;1,42;113;true;true;true;0;0,85;0
1114;2,27;1,42;113;true;true;true;0;0,85;0
1115;2,27;1,42;113;true;true;true;0;0,85;0
1116;2,28;1,42;113;true;true;true;0;0,85;0
1117;2,28;1,42;113;true;true;true;0;0,85;0
1118;2,28;1,42;113;true;true;true;0;0,85;0
1119;2,28;1,42;113;true;true;true;0;0,85;0
1120;2,28;1,42;113;true;true;true;0;0,85;0
1121;2,29;1,42;113;true;true;true;0;0,85;0
1122;2,29;1,42;113;true;true;true;0;0,85;0
1123;2,29;1,42;113;true;true;true;0;0,85;0
1124;2,29;1,42;113;true;true;true;0;0,85;0
1125;2,29;1,42;113;true;true;true;0;0,85;0
1126;2,3;1,42;113;true;true;true;0;0,85;0
1127;2,3;1,42;113;true;true;true;0;0,85;0
1128;2,3;1,42;113;true;true;true;0;0,85;0
1129;2,3;1,42;113;true;true;true;0;0,85;0
1130;2,3;1,42;113;true;true;true;0;0,85;0
1131;2,31;1,42;113;true;true;true;0;0,85;0
1132;2,31;1,42;113;true;true;true;0;0,85;0
1133;2,31;1,42;113;true;true;true;0;0,85;0
1134;2,31;1,42;113;true;true;true;0;0,85;0
1135;2,31;1,42;113;true;true;true;0;0,85;0
1136;2,32;1,42;113;true;true;true;0;0,85;0
1137;2,32;1,42;113;true;true;true;0;0,85;0
1138;2,32;1,42;113;