lengthMiddleSegment: 85597.07
step_energy: 0.05
electrostatic_force_factor: 1.0
spring_force_factor: 0.1
reject_force_factor: 2.0
distanceRejectRadius: 21399.2675
distanceSamePosition: 21399.2675
Iteration;time;energy;num nodes;reject force is enabled;spring force is enabled;electrostatic force is enabled;str_force;rep_force;elec_force
1;0;50,26;1456;false;true;true;18,78;0;31,6
2;0,03;57,84;1401;false;true;true;21,25;0;37,57
3;0,37;58,61;1343;false;true;true;20,57;0;39,16
4;0,38;56,6;1292;false;true;true;20,29;0;37,59
5;0,39;51,91;1232;false;true;true;19,02;0;34,84
6;0,4;51,14;1182;false;true;true;18,9;0;34,44
7;0,41;49,61;1133;false;true;true;18,85;0;32,8
8;0,41;48,28;1094;false;true;true;18,08;0;32,42
9;0,42;46,43;1054;false;true;true;18,21;0;30,01
10;0,43;46,37;1016;false;true;true;18,19;0;30,49
11;0,44;45,86;977;false;true;true;18,02;0;30,03
12;0,44;46,35;939;false;true;true;18,05;0;30,05
13;0,44;43,85;905;false;true;true;17,59;0;28,19
14;0,45;43,95;869;false;true;true;17,32;0;28,97
15;0,45;43,32;837;false;true;true;17,84;0;28,2
16;0,46;40,78;805;false;true;true;17,71;0;25,34
17;0,46;39,97;786;false;true;true;16,48;0;26,77
18;0,47;37,24;764;false;true;true;16,48;0;25,02
19;0,47;36,09;746;false;true;true;16,53;0;24,26
20;0,47;31,97;721;false;true;true;16,36;0;17,48
21;0,48;32,3;712;false;true;true;14,62;0;20,27
22;0,49;31,96;698;false;true;true;15,12;0;19,97
23;0,49;31,48;685;false;true;true;15,47;0;20,21
24;0,49;30,01;672;false;true;true;15,59;0;19,06
25;0,5;29,72;660;false;true;true;15,5;0;18,8
26;0,5;28,58;646;false;true;true;14,54;0;16,88
27;0,5;27,36;636;false;true;true;14,1;0;16,69
28;0,5;27,02;624;false;true;true;14,29;0;16,26
29;0,51;24,79;613;false;true;true;13,88;0;14,62
30;0,51;24,2;605;false;true;true;13,87;0;14,55
31;0,51;23,94;599;false;true;true;13,29;0;14,81
32;0,52;25,53;593;false;true;true;14,54;0;17,13
33;0,52;23,36;581;false;true;true;14,2;0;12,86
34;0,52;23,38;577;false;true;true;13,46;0;14,53
35;0,53;24,05;572;false;true;true;13,44;0;15,83
36;0,53;23,18;563;false;true;true;13,95;0;14,08
37;0,53;21,92;555;false;true;true;13,38;0;12,06
38;0,54;21,35;550;false;true;true;12,4;0;12,03
39;0,54;20,83;544;false;true;true;12,21;0;11,5
40;0,54;20,46;540;false;true;true;12,37;0;11,98
41;0,54;20,8;535;false;true;true;12,83;0;12,56
42;0,55;19,77;528;false;true;true;12,64;0;10,81
43;0,55;20,08;525;false;true;true;12,31;0;11,95
44;0,55;19,75;519;false;true;true;12,4;0;11,36
45;0,55;19,79;515;false;true;true;12,15;0;11,78
46;0,56;20,1;511;false;true;true;12,27;0;12,16
47;0,56;19,12;505;false;true;true;12,27;0;10,86
48;0,56;19,25;503;false;true;true;11,87;0;12,34
49;0,56;18,6;497;false;true;true;12,06;0;11,16
50;0,56;18,26;493;false;true;true;12,18;0;11,35
51;0,57;16,22;488;false;true;true;11,25;0;9,1
52;0,57;16,54;487;false;true;true;10,96;0;10,23
53;0,57;17,36;485;false;true;true;11,81;0;11,53
54;0,57;16,31;479;false;true;true;12,41;0;9,66
55;0,57;16,41;477;false;true;true;12,08;0;10,42
56;0,58;16,84;475;false;true;true;11,94;0;11,41
57;0,58;16,8;471;false;true;true;12,29;0;11,17
58;0,58;15,44;466;false;true;true;11,54;0;8,97
59;0,58;15,92;466;false;true;true;11,42;0;10,98
60;0,59;15,8;462;false;true;true;11,87;0;10,46
61;0,59;15,5;458;false;true;true;11,84;0;9,64
62;0,59;15,53;456;false;true;true;11,86;0;10,3
63;0,6;15,5;451;false;true;true;11,01;0;8,5
64;0,6;15,5;450;false;true;true;11,18;0;9,56
65;0,6;15,95;447;false;true;true;11,73;0;10,03
66;0,6;15,05;442;false;true;true;11,32;0;8,3
67;0,6;15,28;441;false;true;true;11,07;0;9,27
68;0,61;15,07;438;false;true;true;10,95;0;8,84
69;0,61;15,52;436;false;true;true;11,42;0;9,69
70;0,61;15,08;431;false;true;true;11,58;0;8,28
71;0,61;15,61;431;false;true;true;11,54;0;10,26
72;0,61;15,3;425;false;true;true;10,52;0;7,4
73;0,62;15,26;424;false;true;true;10,42;0;8,59
74;0,62;14,5;421;false;true;true;10,3;0;7,71
75;0,62;14,31;419;false;true;true;10,3;0;7,85
76;0,62;14,01;417;false;true;true;10,51;0;7,95
77;0,62;14,47;416;false;true;true;10,7;0;9,08
78;0,63;13,71;411;false;true;true;10,43;0;6,95
79;0,63;13,74;411;false;true;true;10,38;0;8,38
80;0,63;13,44;409;false;true;true;10,33;0;8,38
81;0,63;13,05;406;false;true;true;10,2;0;7,59
82;0,64;12,63;403;false;true;true;10,2;0;6,91
83;0,64;12,65;402;false;true;true;9,87;0;7,35
84;0,64;12,55;401;false;true;true;9,91;0;7,87
85;0,64;12,59;399;false;true;true;10,12;0;7,94
86;0,64;12,37;397;false;true;true;10,15;0;7,7
87;0,65;12,28;395;false;true;true;10,04;0;7,55
88;0,65;12,25;393;false;true;true;10,06;0;7,46
89;0,65;12,52;392;false;true;true;9,84;0;8,03
90;0,65;12,25;389;false;true;true;9,75;0;7,18
91;0,65;12,31;387;false;true;true;9,65;0;7,11
92;0,66;11,97;385;false;true;true;9,58;0;6,94
93;0,66;11,5;383;false;true;true;8,99;0;6,23
94;0,66;11,44;382;false;true;true;8,88;0;6,51
95;0,66;10,9;380;false;true;true;8,88;0;5,95
96;0,66;11,02;380;false;true;true;9,17;0;6,89
97;0,67;10,86;378;false;true;true;9,37;0;6,53
98;0,67;10,92;377;false;true;true;9,62;0;6,88
99;0,67;10,76;375;false;true;true;9,52;0;6,39
100;0,67;10,96;374;false;true;true;9,63;0;6,79
101;0,68;11,13;373;false;true;true;9,77;0;7,26
102;0,68;10,83;370;false;true;true;9,63;0;6,29
103;0,68;11,17;369;false;true;true;9,49;0;6,81
104;0,68;10,77;367;false;true;true;9,09;0;6,24
105;0,68;10,04;365;false;true;true;8,59;0;5,26
106;0,69;9,85;365;false;true;true;8,53;0;5,85
107;0,69;10;365;false;true;true;8,78;0;6,7
108;0,69;9,62;364;false;true;true;9,03;0;6,49
109;0,69;10,04;363;false;true;true;9,64;0;6,91
110;0,69;9,89;361;false;true;true;9,67;0;6,27
111;0,7;9,59;360;false;true;true;9,55;0;6,2
112;0,7;9,59;358;false;true;true;9,48;0;5,68
113;0,7;9,3;357;false;true;true;9,04;0;5,53
114;0,7;9,17;357;false;true;true;9,04;0;6,08
115;0,71;9,28;356;false;true;true;8,94;0;5,98
116;0,71;9,35;356;false;true;true;9,28;0;6,7
117;0,71;9,91;356;false;true;true;9,88;0;7,83
118;0,71;9,85;353;false;true;true;9,98;0;6,74
119;0,71;10,15;352;false;true;true;9,87;0;7,03
120;0,72;9,64;349;false;true;true;9,35;0;5,51
121;0,72;9,49;348;false;true;true;8,75;0;5,39
122;0,72;9,35;348;false;true;true;8,64;0;5,99
123;0,72;9,26;347;false;true;true;8,33;0;5,71
124;0,72;9,31;347;false;true;true;8,76;0;6,42
125;0,73;9,48;346;false;true;true;9,09;0;6,57
126;0,73;9,57;345;false;true;true;9,33;0;6,75
127;0,73;9,58;343;false;true;true;9,21;0;6,27
128;0,73;9,5;341;false;true;true;9,02;0;5,64
129;0,73;9,39;340;false;true;true;8,88;0;5,64
130;0,74;8,98;339;false;true;true;8,76;0;5,7
131;0,74;8,81;339;false;true;true;8,69;0;6,26
132;0,74;8,91;339;false;true;true;8,99;0;6,99
133;0,74;9,64;338;false;true;true;9,35;0;7,23
134;0,74;9,8;335;false;true;true;8,94;0;6,07
135;0,75;9,42;334;false;true;true;8,86;0;6,16
136;0,75;9,22;332;false;true;true;8,47;0;5,34
137;0,75;9,2;331;false;true;true;8,31;0;5,43
138;0,75;9,08;330;false;true;true;8,06;0;5,37
139;0,75;8,47;328;false;true;true;7,61;0;4,18
140;0,76;8,16;328;false;true;true;7,49;0;4,51
141;0,76;8,01;328;false;true;true;7,61;0;4,9
142;0,76;8,05;328;false;true;true;7,89;0;5,42
143;0,76;7,99;327;false;true;true;8,12;0;5,25
144;0,76;8,14;326;false;true;true;8,06;0;4,89
145;0,77;8,09;326;false;true;true;8,22;0;5,4
146;0,77;8,36;326;false;true;true;8,51;0;6,17
147;0,77;8,01;324;false;true;true;8,29;0;5,04
148;0,77;7,7;323;false;true;true;8,23;0;4,56
149;0,77;7,8;323;false;true;true;8,42;0;5,11
150;0,78;7,85;322;false;true;true;8,39;0;4,94
151;0,78;7,9;321;false;true;true;8,29;0;4,84
152;0,78;7,87;320;false;true;true;8,17;0;4,78
153;0,78;7,59;318;false;true;true;7,36;0;3,48
154;0,78;7,35;318;false;true;true;7,12;0;3,8
155;0,79;7,17;317;false;true;true;6,78;0;3,31
156;0,79;6,92;317;false;true;true;6,71;0;3,52
157;0,79;6,79;317;false;true;true;6,85;0;3,77
158;0,79;6,74;317;false;true;true;7,05;0;4,07
159;0,79;6,83;317;false;true;true;7,34;0;4,49
160;0,8;6,96;316;false;true;true;7,44;0;4,26
161;0,8;6,96;315;false;true;true;7,41;0;4,11
162;0,8;6,65;314;false;true;true;7,07;0;3,56
163;0,8;6,49;314;false;true;true;6,93;0;3,81
164;0,81;6,49;314;false;true;true;6,94;0;4,15
165;0,81;6,34;313;false;true;true;6,77;0;3,69
166;0,81;6,24;313;false;true;true;6,87;0;3,94
167;0,81;6,29;313;false;true;true;7,03;0;4,3
168;0,81;6,18;312;false;true;true;6,94;0;3,8
169;0,82;6,06;312;false;true;true;6,97;0;4,04
170;0,82;6,07;312;false;true;true;7,1;0;4,37
171;0,82;6,02;311;false;true;true;7,06;0;4,04
172;0,82;6;311;false;true;true;7,13;0;4,34
173;0,82;6,15;311;false;true;true;7,3;0;4,8
174;0,82;6,24;310;false;true;true;7,22;0;4,49
175;0,83;5,98;309;false;true;true;6,94;0;3,91
176;0,83;5,88;309;false;true;true;6,92;0;4,18
177;0,83;5,93;309;false;true;true;6,97;0;4,55
178;0,83;5,91;308;false;true;true;6,78;0;4,04
179;0,83;5,9;308;false;true;true;6,89;0;4,4
180;0,84;5,72;307;false;true;true;6,71;0;3,88
181;0,84;5,63;307;false;true;true;6,73;0;4,12
182;0,84;5,68;307;false;true;true;6,86;0;4,47
183;0,84;5,58;306;false;true;true;6,74;0;4,03
184;0,84;5,57;306;false;true;true;6,81;0;4,33
185;0,85;5,54;305;false;true;true;6,72;0;3,83
186;0,85;5,39;305;false;true;true;6,71;0;4,04
187;0,85;5,36;305;false;true;true;6,78;0;4,31
188;0,85;5,35;304;false;true;true;6,69;0;3,85
189;0,85;5,2;304;false;true;true;6,68;0;4,03
190;0,86;5,14;304;false;true;true;6,76;0;4,25
191;0,86;5,19;304;false;true;true;6,87;0;4,56
192;0,86;5,1;303;false;true;true;6,65;0;3,94
193;0,86;4,95;303;false;true;true;6,64;0;4,12
194;0,86;4,9;303;false;true;true;6,71;0;4,33
195;0,87;4,98;303;false;true;true;6,91;0;4,66
196;0,87;4,79;302;false;true;true;6,73;0;4,04
197;0,87;4,69;302;false;true;true;6,76;0;4,2
198;0,87;4,65;302;false;true;true;6,83;0;4,38
199;0,87;4,67;302;false;true;true;6,93;0;4,61
200;0,88;4,82;302;false;true;true;7,11;0;4,97
201;0,88;5,04;301;false;true;true;6,88;0;4,64
202;0,88;5,27;301;false;true;true;7,02;0;5,14
203;0,88;5,27;300;false;true;true;7,25;0;5,15
204;0,88;5,49;299;false;true;true;7,06;0;4,93
205;0,88;5,26;298;false;true;true;7,17;0;4,82
206;0,88;5,25;297;false;true;true;6,81;0;4,43
207;0,89;5,16;296;false;true;true;6,36;0;3,91
208;0,89;4,98;296;false;true;true;6,3;0;4,17
209;0,89;5,05;296;false;true;true;6,34;0;4,61
210;0,89;4,3;295;false;true;true;6,12;0;3,76
211;0,89;4,27;295;false;true;true;6,24;0;3,92
212;0,89;4,33;295;false;true;true;6,4;0;4,16
213;0,89;4,21;294;false;true;true;6,18;0;3,52
214;0,9;4,08;294;false;true;true;6,15;0;3,6
215;0,9;3,99;294;false;true;true;6,14;0;3,68
216;0,9;3,92;294;false;true;true;6,14;0;3,77
217;0,9;3,87;294;false;true;true;6,21;0;3,87
218;0,9;3,84;294;false;true;true;6,31;0;3,97
219;0,91;3,83;294;false;true;true;6,41;0;4,09
220;0,91;3,85;294;false;true;true;6,51;0;4,25
221;0,91;3,93;294;false;true;true;6,64;0;4,46
222;0,91;3,99;293;false;true;true;6,54;0;3,94
223;0,91;3,89;293;false;true;true;6,49;0;4,06
224;0,92;3,85;293;false;true;true;6,48;0;4,2
225;0,92;3,88;293;false;true;true;6,51;0;4,4
226;0,92;3,96;292;false;true;true;6,25;0;3,82
227;0,92;3,83;292;false;true;true;6,2;0;3,92
228;0,92;3,76;292;false;true;true;6,2;0;4,02
229;0,93;3,71;292;false;true;true;6,25;0;4,13
230;0,93;3,7;292;false;true;true;6,36;0;4,27
231;0,93;3,75;292;false;true;true;6,49;0;4,45
232;0,93;3,78;291;false;true;true;6,3;0;3,92
233;0,93;3,68;291;false;true;true;6,27;0;4
234;0,94;3,61;291;false;true;true;6,27;0;4,09
235;0,94;3,56;291;false;true;true;6,29;0;4,19
236;0,94;3,53;291;false;true;true;6,37;0;4,29
237;0,94;3,52;291;false;true;true;6,48;0;4,4
238;0,94;3,53;291;false;true;true;6,59;0;4,53
239;0,95;3,56;291;false;true;true;6,71;0;4,69
240;0,95;3,65;291;false;true;true;6,84;0;4,9
241;0,95;3,81;290;false;true;true;6,8;0;4,42
242;0,95;3,7;290;false;true;true;6,75;0;4,55
243;0,95;3,67;290;false;true;true;6,76;0;4,71
244;0,96;3,69;290;false;true;true;6,82;0;4,9
245;0,96;3,8;290;false;true;true;6,94;0;5,18
246;0,96;3,94;289;false;true;true;6,84;0;4,7
247;0,96;3,96;289;false;true;true;6,87;0;4,96
248;0,96;4;288;false;true;true;6,41;0;4,3
249;0,97;3,91;288;false;true;true;6,36;0;4,5
250;0,97;4,11;287;false;true;true;6,03;0;3,92
251;0,97;3,93;287;false;true;true;5,97;0;4,06
252;0,97;3,88;287;false;true;true;6,06;0;4,24
253;0,98;3,93;287;false;true;true;6,22;0;4,49
254;0,98;4,11;286;false;true;true;5,86;0;3,94
255;0,98;4,07;286;false;true;true;5,93;0;4,16
256;0,98;4,3;285;false;true;true;5,73;0;3,59
257;0,98;4,15;285;false;true;true;5,76;0;3,74
258;0,98;4,08;285;false;true;true;5,85;0;3,92
259;0,99;4,1;285;false;true;true;5,98;0;4,15
260;0,99;4,22;284;false;true;true;5,82;0;3,67
261;0,99;4,17;284;false;true;true;5,88;0;3,86
262;0,99;4,22;284;false;true;true;5,99;0;4,11
263;0,99;4,39;284;false;true;true;6,16;0;4,48
264;1;4,51;282;false;true;true;5,66;0;3,22
265;1;4,35;282;false;true;true;5,55;0;3,39
266;1,04;4,36;282;false;true;true;5,54;0;3,65
267;1,04;4,31;281;false;true;true;5,23;0;3,03
268;1,05;4,16;281;false;true;true;5,21;0;3,14
269;1,05;4,06;281;false;true;true;5,28;0;3,26
270;1,05;4,01;281;false;true;true;5,36;0;3,39
271;1,05;3,99;281;false;true;true;5,53;0;3,55
272;1,05;4,04;281;false;true;true;5,7;0;3,77
273;1,05;4,2;281;false;true;true;5,9;0;4,09
274;1,05;4,39;280;false;true;true;5,71;0;3,62
275;1,06;4,1;279;false;true;true;5,49;0;3,04
276;1,06;3,97;279;false;true;true;5,38;0;3,13
277;1,06;3,88;279;false;true;true;5,32;0;3,24
278;1,06;3,83;279;false;true;true;5,36;0;3,36
279;1,06;3,82;279;false;true;true;5,46;0;3,51
280;1,06;3,87;279;false;true;true;5,62;0;3,71
281;1,06;4,04;279;false;true;true;5,8;0;4,04
282;1,06;3,92;278;false;true;true;5,54;0;3,36
283;1,07;3,92;278;false;true;true;5,56;0;3,56
284;1,07;3,82;277;false;true;true;5,44;0;3,1
285;1,07;3,7;277;false;true;true;5,33;0;3,19
286;1,07;3,64;277;false;true;true;5,31;0;3,3
287;1,07;3,61;277;false;true;true;5,33;0;3,42
288;1,07;3,63;277;false;true;true;5,41;0;3,58
289;1,08;3,73;277;false;true;true;5,57;0;3,83
290;1,08;3,71;276;false;true;true;5,23;0;3,17
291;1,08;3,65;276;false;true;true;5,23;0;3,3
292;1,08;3,66;276;false;true;true;5,27;0;3,46
293;1,08;3,77;276;false;true;true;5,39;0;3,71
294;1,08;3,59;275;false;true;true;5,29;0;3,14
295;1,08;3,49;275;false;true;true;5,27;0;3,23
296;1,09;3,44;275;false;true;true;5,26;0;3,32
297;1,09;3,41;275;false;true;true;5,28;0;3,42
298;1,09;3,4;275;false;true;true;5,35;0;3,53
299;1,09;3,41;275;false;true;true;5,48;0;3,67
300;1,09;3,46;275;false;true;true;5,62;0;3,83
301;1,09;3,56;275;false;true;true;5,77;0;4,06
302;1,09;3,78;275;false;true;true;5,96;0;4,42
303;1,09;4,06;274;false;true;true;5,91;0;4,2
304;1,1;3,84;272;false;true;true;5,35;0;2,91
305;1,1;3,63;272;false;true;true;5,09;0;2,98
306;1,1;3,5;272;false;true;true;4,91;0;3,06
307;1,1;3,4;272;false;true;true;4,83;0;3,13
308;1,1;3,34;272;false;true;true;4,88;0;3,21
309;1,1;3,29;272;false;true;true;5,01;0;3,29
310;1,1;3,26;272;false;true;true;5,13;0;3,39
311;1,1;3,27;272;false;true;true;5,25;0;3,51
312;1,1;3,32;272;false;true;true;5,37;0;3,66
313;1,11;3,46;272;false;true;true;5,51;0;3,93
314;1,11;3,29;271;false;true;true;5,39;0;3,34
315;1,11;3,22;271;false;true;true;5,34;0;3,43
316;1,11;3,19;271;false;true;true;5,33;0;3,53
317;1,11;3,2;271;false;true;true;5,34;0;3,66
318;1,11;3,26;271;false;true;true;5,42;0;3,83
319;1,11;3,44;271;false;true;true;5,59;0;4,13
320;1,11;3,29;270;false;true;true;5,34;0;3,44
321;1,12;3,24;270;false;true;true;5,33;0;3,55
322;1,12;3,26;270;false;true;true;5,36;0;3,71
323;1,12;3,38;270;false;true;true;5,43;0;3,97
324;1,12;3,22;269;false;true;true;5,31;0;3,39
325;1,12;3,13;269;false;true;true;5,27;0;3,47
326;1,12;3,09;269;false;true;true;5,27;0;3,56
327;1,12;3,08;269;false;true;true;5,29;0;3,67
328;1,12;3,09;269;false;true;true;5,36;0;3,8
329;1,13;3,14;269;false;true;true;5,5;0;3,96
330;1,13;3,28;269;false;true;true;5,66;0;4,21
331;1,13;3,31;268;false;true;true;5,41;0;3,6
332;1,13;3,3;268;false;true;true;5,42;0;3,76
333;1,13;3,4;268;false;true;true;5,48;0;4,01
334;1,14;3,27;267;false;true;true;5,35;0;3,48
335;1,14;3,21;267;false;true;true;5,3;0;3,6
336;1,14;3,22;267;false;true;true;5,33;0;3,76
337;1,14;3,34;267;false;true;true;5,4;0;4,03
338;1,14;3,2;266;false;true;true;5,1;0;3,33
339;1,14;3,11;266;false;true;true;5,09;0;3,42
340;1,14;3,07;266;false;true;true;5,12;0;3,51
341;1,14;3,05;266;false;true;true;5,16;0;3,61
342;1,14;3,07;266;false;true;true;5,27;0;3,75
343;1,15;3,17;266;false;true;true;5,4;0;3,97
344;1,15;3,08;265;false;true;true;5,34;0;3,44
345;1,15;2,99;265;false;true;true;5,28;0;3,52
346;1,15;2,94;265;false;true;true;5,26;0;3,6
347;1,15;2,92;265;false;true;true;5,27;0;3,69
348;1,15;2,91;265;false;true;true;5,31;0;3,8
349;1,15;2,93;265;false;true;true;5,43;0;3,93
350;1,16;2,99;265;false;true;true;5,56;0;4,09
351;1,16;3,12;265;false;true;true;5,72;0;4,33
352;1,16;3,29;264;false;true;true;5,38;0;3,67
353;1,16;3,32;264;false;true;true;5,4;0;3,88
354;1,16;3,24;263;false;true;true;5,28;0;3,42
355;1,16;3,14;263;false;true;true;5,21;0;3,53
356;1,16;3,11;263;false;true;true;5,23;0;3,66
357;1,16;3,14;263;false;true;true;5,28;0;3,84
358;1,16;3,3;263;false;true;true;5,38;0;4,14
359;1,17;3,16;262;false;true;true;5,09;0;3,41
360;1,17;3,1;262;false;true;true;5,1;0;3,52
361;1,17;3,1;262;false;true;true;5,15;0;3,67
362;1,17;3,17;262;false;true;true;5,25;0;3,89
363;1,17;3,35;261;false;true;true;5,05;0;3,41
364;1,17;3,44;261;false;true;true;5,07;0;3,72
365;1,17;3,09;260;false;true;true;4,81;0;2,98
366;1,17;2,96;260;false;true;true;4,7;0;3,03
367;1,17;2,87;260;false;true;true;4,66;0;3,09
368;1,18;2,8;260;false;true;true;4,65;0;3,14
369;1,18;2,74;260;false;true;true;4,69;0;3,2
370;1,18;2,7;260;false;true;true;4,77;0;3,26
371;1,18;2,66;260;false;true;true;4,85;0;3,33
372;1,18;2,65;260;false;true;true;4,92;0;3,41
373;1,18;2,66;260;false;true;true;4,99;0;3,51
374;1,18;2,71;260;false;true;true;5,07;0;3,65
375;1,18;2,88;260;false;true;true;5,18;0;3,93
376;1,19;2,64;259;false;true;true;4,96;0;3,22
377;1,19;2,54;259;false;true;true;4,87;0;3,27
378;1,19;2,48;259;false;true;true;4,82;0;3,32
379;1,19;2,42;259;false;true;true;4,78;0;3,37
380;1,19;2,38;259;false;true;true;4,82;0;3,42
381;1,19;2,34;259;false;true;true;4,88;0;3,48
382;1,19;2,31;259;false;true;true;4,93;0;3,54
383;1,19;2,29;259;false;true;true;4,99;0;3,61
384;1,2;2,28;259;false;true;true;5,05;0;3,69
385;1,2;2,29;259;false;true;true;5,1;0;3,78
386;1,2;2,31;259;false;true;true;5,18;0;3,89
387;1,2;2,37;259;false;true;true;5,27;0;4,03
388;1,2;2,49;259;false;true;true;5,37;0;4,25
389;1,21;2,54;258;false;true;true;5,22;0;3,74
390;1,21;2,53;258;false;true;true;5,16;0;3,92
391;1,21;2,54;257;false;true;true;4,71;0;3,29
392;1,21;2,43;257;false;true;true;4,6;0;3,36
393;1,21;2,36;257;false;true;true;4,59;0;3,43
394;1,21;2,31;257;false;true;true;4,67;0;3,5
395;1,21;2,29;257;false;true;true;4,76;0;3,59
396;1,22;2,3;257;false;true;true;4,86;0;3,7
397;1,22;2,37;257;false;true;true;4,98;0;3,87
398;1,22;2,42;256;false;true;true;4,68;0;3,21
399;1,22;2,31;256;false;true;true;4,62;0;3,26
400;1,22;2,25;256;false;true;true;4,6;0;3,31
401;1,22;2,21;256;false;true;true;4,61;0;3,36
402;1,22;2,18;256;false;true;true;4,66;0;3,42
403;1,22;2,17;256;false;true;true;4,73;0;3,49
404;1,23;2,18;256;false;true;true;4,81;0;3,57
405;1,23;2,22;256;false;true;true;4,89;0;3,69
406;1,23;2,34;256;false;true;true;4,99;0;3,89
407;1,23;2,29;255;false;true;true;4,72;0;3,21
408;1,23;2,19;255;false;true;true;4,64;0;3,25
409;1,23;2,13;255;false;true;true;4,59;0;3,29
410;1,24;2,09;255;false;true;true;4,57;0;3,33
411;1,24;2,06;255;false;true;true;4,61;0;3,37
412;1,24;2,04;255;false;true;true;4,66;0;3,41
413;1,24;2,03;255;false;true;true;4,71;0;3,46
414;1,24;2,03;255;false;true;true;4,77;0;3,51
415;1,24;2,03;255;false;true;true;4,82;0;3,58
416;1,25;2,06;255;false;true;true;4,88;0;3,66
417;1,25;2,12;255;false;true;true;4,95;0;3,78
418;1,25;2,41;254;false;true;true;4,7;0;3,11
419;1,25;2,27;254;false;true;true;4,56;0;3,15
420;1,25;2,17;254;false;true;true;4,48;0;3,19
421;1,25;2,11;254;false;true;true;4,47;0;3,23
422;1,25;2,08;254;false;true;true;4,53;0;3,27
423;1,25;2,06;254;false;true;true;4,58;0;3,32
424;1,25;2,05;254;false;true;true;4,64;0;3,38
425;1,26;2,06;254;false;true;true;4,69;0;3,46
426;1,26;2,09;254;false;true;true;4,75;0;3,55
427;1,26;2,18;254;false;true;true;4,83;0;3,71
428;1,26;2,24;253;false;true;true;4,58;0;3,09
429;1,26;2,14;253;false;true;true;4,49;0;3,13
430;1,26;2,08;253;false;true;true;4,44;0;3,17
431;1,26;2,04;253;false;true;true;4,4;0;3,21
432;1,27;2,02;253;false;true;true;4,43;0;3,26
433;1,27;2,01;253;false;true;true;4,49;0;3,31
434;1,27;2,01;253;false;true;true;4,54;0;3,37
435;1,27;2,02;253;false;true;true;4,6;0;3,44
436;1,27;2,07;253;false;true;true;4,67;0;3,55
437;1,27;2,18;253;false;true;true;4,76;0;3,72
438;1,27;2,19;252;false;true;true;4,39;0;2,99
439;1,27;2,1;252;false;true;true;4,31;0;3,03
440;1,28;2,04;252;false;true;true;4,27;0;3,06
441;1,28;2;252;false;true;true;4,26;0;3,09
442;1,28;1,97;252;false;true;true;4,29;0;3,13
443;1,28;1,96;252;false;true;true;4,35;0;3,16
444;1,28;1,94;252;false;true;true;4,39;0;3,21
445;1,28;1,94;252;false;true;true;4,43;0;3,26
446;1,29;1,95;252;false;true;true;4,48;0;3,33
447;1,29;1,99;252;false;true;true;4,54;0;3,42
448;1,29;2,09;252;false;true;true;4,62;0;3,58
449;1,29;2,09;251;false;true;true;4,33;0;2,92
450;1,29;2;251;false;true;true;4,23;0;2,95
451;1,29;1,94;251;false;true;true;4,16;0;2,97
452;1,29;1,88;251;false;true;true;4,11;0;2,99
453;1,29;1,85;251;false;true;true;4,12;0;3,01
454;1,3;1,82;251;false;true;true;4,15;0;3,03
455;1,3;1,79;251;false;true;true;4,18;0;3,04
456;1,3;1,76;251;false;true;true;4,2;0;3,06
457;1,3;1,74;251;false;true;true;4,22;0;3,08
458;1,3;1,71;251;false;true;true;4,24;0;3,1
459;1,3;1,69;251;false;true;true;4,25;0;3,12
460;1,3;1,67;251;false;true;true;4,27;0;3,14
461;1,31;1,66;251;false;true;true;4,29;0;3,16
462;1,31;1,63;251;false;true;true;4,3;0;3,18
463;1,31;1,62;251;false;true;true;4,32;0;3,2
464;1,31;1,61;251;false;true;true;4,34;0;3,23
465;1,31;1,6;251;false;true;true;4,35;0;3,25
466;1,31;1,59;251;false;true;true;4,37;0;3,28
467;1,32;1,58;251;false;true;true;4,39;0;3,31
468;1,32;1,58;251;false;true;true;4,41;0;3,35
469;1,32;1,58;251;false;true;true;4,44;0;3,39
470;1,32;1,59;251;false;true;true;4,47;0;3,44
471;1,32;1,61;251;false;true;true;4,5;0;3,5
472;1,32;1,64;251;false;true;true;4,54;0;3,57
473;1,33;1,71;251;false;true;true;4,6;0;3,69
474;1,33;1,85;251;false;true;true;4,68;0;3,88
475;1,33;1,82;250;false;true;true;4,32;0;3,14
476;1,33;1,77;250;false;true;true;4,2;0;3,17
477;1,33;1,73;250;false;true;true;4,13;0;3,21
478;1,33;1,7;250;false;true;true;4,11;0;3,25
479;1,33;1,68;250;false;true;true;4,16;0;3,29
480;1,33;1,67;250;false;true;true;4,23;0;3,35
481;1,34;1,68;250;false;true;true;4,29;0;3,41
482;1,34;1,72;250;false;true;true;4,36;0;3,51
483;1,34;1,81;250;false;true;true;4,44;0;3,68
484;1,34;1,81;249;false;true;true;4,05;0;2,92
485;1,34;1,71;249;false;true;true;3,97;0;2,94
486;1,34;1,64;249;false;true;true;3,92;0;2,96
487;1,34;1,6;249;false;true;true;3,91;0;2,97
488;1,34;1,55;249;false;true;true;3,93;0;2,99
489;1,34;1,52;249;false;true;true;3,96;0;3
490;1,35;1,48;249;false;true;true;3,98;0;3,01
491;1,35;1,46;249;false;true;true;4;0;3,03
492;1,35;1,43;249;false;true;true;4,01;0;3,04
493;1,35;1,4;249;false;true;true;4,02;0;3,05
494;1,35;1,38;249;false;true;true;4,04;0;3,07
495;1,36;1,36;249;false;true;true;4,04;0;3,08
496;1,36;1,35;249;false;true;true;4,05;0;3,09
497;1,36;1,33;249;false;true;true;4,06;0;3,11
498;1,36;1,31;249;false;true;true;4,06;0;3,12
499;1,36;1,3;249;false;true;true;4,07;0;3,13
500;1,36;1,28;249;false;true;true;4,08;0;3,15
501;1,37;1,27;249;false;true;true;4,09;0;3,16
502;1,37;1,25;249;false;true;true;4,09;0;3,18
503;1,37;1,24;249;false;true;true;4,1;0;3,19
504;1,37;1,23;249;false;true;true;4,11;0;3,21
505;1,37;1,22;249;false;true;true;4,12;0;3,23
506;1,37;1,21;249;false;true;true;4,13;0;3,24
507;1,37;1,21;249;false;true;true;4,14;0;3,26
508;1,38;1,2;249;false;true;true;4,15;0;3,28
509;1,38;1,2;249;false;true;true;4,16;0;3,3
510;1,38;1,19;249;false;true;true;4,17;0;3,33
511;1,38;1,19;249;false;true;true;4,18;0;3,36
512;1,38;1,19;249;false;true;true;4,2;0;3,39
513;1,39;1,2;249;false;true;true;4,22;0;3,42
514;1,39;1,22;249;false;true;true;4,25;0;3,47
515;1,39;1,26;249;false;true;true;4,28;0;3,52
516;1,39;1,3;249;false;true;true;4,32;0;3,6
517;1,39;1,4;249;false;true;true;4,37;0;3,73
518;1,39;1,63;248;false;true;true;3,89;0;2,98
519;1,4;1,51;248;false;true;true;3,83;0;3,01
520;1,4;1,43;248;false;true;true;3,8;0;3,03
521;1,4;1,37;248;false;true;true;3,79;0;3,05
522;1,4;1,32;248;false;true;true;3,82;0;3,08
523;1,4;1,29;248;false;true;true;3,87;0;3,1
524;1,4;1,26;248;false;true;true;3,91;0;3,13
525;1,4;1,25;248;false;true;true;3,94;0;3,15
526;1,41;1,24;248;false;true;true;3,97;0;3,18
527;1,41;1,23;248;false;true;true;4;0;3,21
528;1,41;1,22;248;false;true;true;4,03;0;3,24
529;1,41;1,22;248;false;true;true;4,06;0;3,27
530;1,41;1,21;248;false;true;true;4,08;0;3,3
531;1,41;1,21;248;false;true;true;4,11;0;3,34
532;1,42;1,21;248;false;true;true;4,14;0;3,39
533;1,42;1,23;248;false;true;true;4,18;0;3,44
534;1,42;1,24;248;false;true;true;4,22;0;3,5
535;1,42;1,28;248;false;true;true;4,27;0;3,57
536;1,42;1,32;248;false;true;true;4,33;0;3,67
537;1,42;1,41;248;false;true;true;4,4;0;3,81
538;1,42;1,57;248;false;true;true;4,51;0;4,03
539;1,42;1,79;247;false;true;true;4,27;0;3,35
540;1,42;1,81;247;false;true;true;4,21;0;3,55
541;1,43;1,69;246;false;true;true;3,64;0;2,73
542;1,43;1,55;246;false;true;true;3,51;0;2,75
543;1,43;1,46;246;false;true;true;3,48;0;2,78
544;1,43;1,39;246;false;true;true;3,48;0;2,8
545;1,43;1,33;246;false;true;true;3,51;0;2,81
546;1,43;1,28;246;false;true;true;3,55;0;2,83
547;1,43;1,24;246;false;true;true;3,58;0;2,85
548;1,43;1,21;246;false;true;true;3,61;0;2,86
549;1,44;1,18;246;false;true;true;3,63;0;2,88
550;1,44;1,14;246;false;true;true;3,64;0;2,89
551;1,44;1,12;246;false;true;true;3,65;0;2,91
552;1,44;1,09;246;false;true;true;3,66;0;2,92
553;1,44;1,07;246;false;true;true;3,67;0;2,93
554;1,45;1,04;246;false;true;true;3,68;0;2,95
555;1,45;1,03;246;false;true;true;3,7;0;2,96
556;1,45;1,01;246;false;true;true;3,71;0;2,97
557;1,45;1;246;false;true;true;3,72;0;2,99
558;1,45;0,99;246;false;true;true;3,73;0;3
559;1,46;0,98;246;false;true;true;3,74;0;3,02
560;1,46;0,96;246;false;true;true;3,75;0;3,03
561;1,46;0,96;246;false;true;true;3,76;0;3,05
562;1,46;0,95;246;false;true;true;3,78;0;3,07
563;1,46;0,95;246;false;true;true;3,79;0;3,09
564;1,46;0,95;246;false;true;true;3,81;0;3,11
565;1,47;0,95;246;false;true;true;3,83;0;3,14
566;1,47;0,95;246;false;true;true;3,84;0;3,17
567;1,47;0,96;246;false;true;true;3,87;0;3,21
568;1,47;0,98;246;false;true;true;3,9;0;3,27
569;1,47;1,04;246;false;true;true;3,95;0;3,35
570;1,47;1,43;245;false;true;true;3,6;0;2,62
571;1,47;1,23;245;false;true;true;3,4;0;2,63
572;1,47;1,14;245;false;true;true;3,33;0;2,65
573;1,48;1,09;245;false;true;true;3,34;0;2,66
574;1,48;1,06;245;false;true;true;3,37;0;2,67
575;1,48;1,03;245;false;true;true;3,39;0;2,68
576;1,48;1,01;245;false;true;true;3,4;0;2,68
577;1,48;0,99;245;false;true;true;3,42;0;2,69
578;1,48;0,97;245;false;true;true;3,43;0;2,7
579;1,48;0,96;245;false;true;true;3,44;0;2,71
580;1,48;0,94;245;false;true;true;3,44;0;2,72
581;1,49;0,92;245;false;true;true;3,45;0;2,72
582;1,49;0,92;245;false;true;true;3,46;0;2,73
583;1,49;0,91;245;false;true;true;3,46;0;2,74
584;1,49;0,9;245;false;true;true;3,46;0;2,75
585;1,49;0,88;245;false;true;true;3,46;0;2,75
586;1,49;0,88;245;false;true;true;3,47;0;2,76
587;1,5;0,87;245;false;true;true;3,47;0;2,77
588;1,5;0,86;245;false;true;true;3,48;0;2,77
589;1,5;0,85;245;false;true;true;3,48;0;2,78
590;1,5;0,84;245;false;true;true;3,48;0;2,79
591;1,5;0,83;245;false;true;true;3,48;0;2,79
592;1,5;0,82;245;false;true;true;3,48;0;2,8
593;1,5;0,82;245;false;true;true;3,48;0;2,81
594;1,5;0,81;245;false;true;true;3,48;0;2,82
595;1,51;0,8;245;false;true;true;3,48;0;2,82
596;1,51;0,8;245;false;true;true;3,49;0;2,83
597;1,51;0,79;245;false;true;true;3,48;0;2,84
598;1,51;0,78;245;false;true;true;3,49;0;2,85
599;1,51;0,78;245;false;true;true;3,5;0;2,85
600;1,52;0,78;245;false;true;true;3,5;0;2,86
601;1,52;0,77;245;false;true;true;3,51;0;2,87
602;1,52;0,77;245;false;true;true;3,51;0;2,88
603;1,52;0,76;245;false;true;true;3,51;0;2,89
604;1,52;0,76;245;false;true;true;3,52;0;2,9
605;1,52;0,76;245;false;true;true;3,52;0;2,91
606;1,53;0,75;245;false;true;true;3,53;0;2,92
607;1,53;0,76;245;false;true;true;3,54;0;2,93
608;1,53;0,75;245;false;true;true;3,54;0;2,94
609;1,53;0,75;245;false;true;true;3,55;0;2,96
610;1,53;0,75;245;false;true;true;3,56;0;2,97
611;1,53;0,75;245;false;true;true;3,57;0;2,99
612;1,53;0,75;245;false;true;true;3,58;0;3,01
613;1,54;0,76;245;false;true;true;3,59;0;3,03
614;1,54;0,76;245;false;true;true;3,6;0;3,05
615;1,54;0,77;245;false;true;true;3,62;0;3,07
616;1,54;0,79;245;false;true;true;3,64;0;3,11
617;1,54;0,81;245;false;true;true;3,67;0;3,15
618;1,54;0,84;245;false;true;true;3,7;0;3,2
619;1,54;0,89;245;false;true;true;3,74;0;3,27
620;1,55;0,98;245;false;true;true;3,8;0;3,39
621;1,55;1,1;244;false;true;true;3,39;0;2,67
622;1,55;1,04;244;false;true;true;3,27;0;2,69
623;1,55;1,01;244;false;true;true;3,22;0;2,7
624;1,55;0,98;244;false;true;true;3,22;0;2,71
625;1,55;0,95;244;false;true;true;3,25;0;2,72
626;1,55;0,93;244;false;true;true;3,28;0;2,73
627;1,56;0,91;244;false;true;true;3,31;0;2,74
628;1,56;0,89;244;false;true;true;3,34;0;2,75
629;1,56;0,88;244;false;true;true;3,36;0;2,76
630;1,56;0,86;244;false;true;true;3,37;0;2,77
631;1,56;0,85;244;false;true;true;3,39;0;2,78
632;1,56;0,84;244;false;true;true;3,4;0;2,8
633;1,56;0,83;244;false;true;true;3,41;0;2,81
634;1,57;0,83;244;false;true;true;3,43;0;2,82
635;1,57;0,82;244;false;true;true;3,44;0;2,83
636;1,57;0,82;244;false;true;true;3,45;0;2,85
637;1,57;0,82;244;false;true;true;3,47;0;2,86
638;1,57;0,82;244;false;true;true;3,48;0;2,88
639;1,57;0,82;244;false;true;true;3,49;0;2,91
640;1,57;0,83;244;false;true;true;3,51;0;2,93
641;1,57;0,84;244;false;true;true;3,54;0;2,97
642;1,58;0,87;244;false;true;true;3,57;0;3,01
643;1,58;0,91;244;false;true;true;3,6;0;3,08
644;1,58;0,98;244;false;true;true;3,65;0;3,18
645;1,58;1,45;243;false;true;true;3,3;0;2,56
646;1,58;1,28;243;false;true;true;3,17;0;2,6
647;1,58;1,18;243;false;true;true;3,16;0;2,64
648;1,58;1,13;243;false;true;true;3,22;0;2,68
649;1,58;1,11;243;false;true;true;3,28;0;2,72
650;1,59;1,1;243;false;true;true;3,34;0;2,76
651;1,59;1,1;243;false;true;true;3,39;0;2,81
652;1,59;1,12;243;false;true;true;3,44;0;2,88
653;1,59;1,16;243;false;true;true;3,51;0;2,96
654;1,59;1,25;243;false;true;true;3,58;0;3,1
655;1,59;1,4;242;false;true;true;3,23;0;2,5
656;1,59;1,26;242;false;true;true;3,14;0;2,52
657;1,59;1,19;242;false;true;true;3,1;0;2,55
658;1,6;1,14;242;false;true;true;3,09;0;2,57
659;1,6;1,1;242;false;true;true;3,15;0;2,59
660;1,6;1,08;242;false;true;true;3,21;0;2,61
661;1,6;1,05;242;false;true;true;3,25;0;2,63
662;1,6;1,04;242;false;true;true;3,28;0;2,65
663;1,61;1,02;242;false;true;true;3,31;0;2,67
664;1,61;1;242;false;true;true;3,33;0;2,69
665;1,61;0,99;242;false;true;true;3,35;0;2,7
666;1,61;0,99;242;false;true;true;3,38;0;2,73
667;1,61;0,98;242;false;true;true;3,4;0;2,75
668;1,61;0,98;242;false;true;true;3,42;0;2,77
669;1,61;0,99;242;false;true;true;3,46;0;2,8
670;1,61;0,98;242;false;true;true;3,47;0;2,82
671;1,61;0,98;242;false;true;true;3,5;0;2,86
672;1,62;1;242;false;true;true;3,53;0;2,9
673;1,62;1,02;242;false;true;true;3,57;0;2,95
674;1,62;1,06;242;false;true;true;3,61;0;3,02
675;1,62;1,12;242;false;true;true;3,67;0;3,12
676;1,62;1,26;242;false;true;true;3,75;0;3,31
677;1,62;1,34;241;false;true;true;3,46;0;2,54
678;1,62;1,21;241;false;true;true;3,31;0;2,56
679;1,62;1,13;241;false;true;true;3,22;0;2,58
680;1,62;1,08;241;false;true;true;3,19;0;2,59
681;1,63;1,05;241;false;true;true;3,23;0;2,61
682;1,63;1,03;241;false;true;true;3,26;0;2,62
683;1,63;1,01;241;false;true;true;3,29;0;2,64
684;1,63;0,99;241;false;true;true;3,31;0;2,65
685;1,63;0,97;241;false;true;true;3,32;0;2,66
686;1,63;0,96;241;false;true;true;3,34;0;2,67
687;1,64;0,95;241;false;true;true;3,35;0;2,69
688;1,64;0,94;241;false;true;true;3,37;0;2,7
689;1,64;0,93;241;false;true;true;3,38;0;2,71
690;1,64;0,91;241;false;true;true;3,39;0;2,73
691;1,64;0,91;241;false;true;true;3,4;0;2,74
692;1,64;0,9;241;false;true;true;3,41;0;2,75
693;1,64;0,9;241;false;true;true;3,43;0;2,77
694;1,64;0,89;241;false;true;true;3,43;0;2,79
695;1,64;0,89;241;false;true;true;3,45;0;2,8
696;1,65;0,88;241;false;true;true;3,46;0;2,82
697;1,65;0,88;241;false;true;true;3,48;0;2,84
698;1,65;0,89;241;false;true;true;3,5;0;2,86
699;1,65;0,89;241;false;true;true;3,51;0;2,89
700;1,65;0,89;241;false;true;true;3,53;0;2,91
701;1,65;0,91;241;false;true;true;3,56;0;2,95
702;1,65;0,92;241;false;true;true;3,59;0;2,99
703;1,65;0,95;241;false;true;true;3,62;0;3,04
704;1,66;0,99;241;false;true;true;3,67;0;3,11
705;1,66;1,07;241;false;true;true;3,73;0;3,22
706;1,66;1,36;240;false;true;true;3,54;0;2,59
707;1,66;1,22;240;false;true;true;3,38;0;2,61
708;1,66;1,13;240;false;true;true;3,27;0;2,62
709;1,66;1,08;240;false;true;true;3,23;0;2,64
710;1,66;1,03;240;false;true;true;3,26;0;2,65
711;1,66;1,01;240;false;true;true;3,29;0;2,66
712;1,67;0,98;240;false;true;true;3,32;0;2,67
713;1,67;0,96;240;false;true;true;3,33;0;2,68
714;1,67;0,94;240;false;true;true;3,35;0;2,69
715;1,67;0,92;240;false;true;true;3,36;0;2,71
716;1,67;0,91;240;false;true;true;3,37;0;2,72
717;1,67;0,9;240;false;true;true;3,38;0;2,73
718;1,67;0,89;240;false;true;true;3,39;0;2,74
719;1,67;0,87;240;false;true;true;3,4;0;2,75
720;1,67;0,86;240;false;true;true;3,4;0;2,76
721;1,68;0,85;240;false;true;true;3,41;0;2,77
722;1,68;0,85;240;false;true;true;3,42;0;2,78
723;1,68;0,84;240;false;true;true;3,43;0;2,8
724;1,68;0,83;240;false;true;true;3,44;0;2,81
725;1,68;0,83;240;false;true;true;3,44;0;2,82
726;1,68;0,82;240;false;true;true;3,46;0;2,83
727;1,68;0,82;240;false;true;true;3,47;0;2,85
728;1,68;0,82;240;false;true;true;3,48;0;2,86
729;1,68;0,82;240;false;true;true;3,49;0;2,88
730;1,69;0,81;240;false;true;true;3,5;0;2,89
731;1,69;0,81;240;false;true;true;3,51;0;2,91
732;1,69;0,81;240;false;true;true;3,53;0;2,93
733;1,69;0,81;240;false;true;true;3,54;0;2,95
734;1,69;0,82;240;false;true;true;3,56;0;2,97
735;1,69;0,82;240;false;true;true;3,57;0;2,99
736;1,69;0,83;240;false;true;true;3,6;0;3,02
737;1,69;0,84;240;false;true;true;3,62;0;3,05
738;1,7;0,85;240;false;true;true;3,65;0;3,08
739;1,7;0,87;240;false;true;true;3,68;0;3,13
740;1,7;0,9;240;false;true;true;3,71;0;3,18
741;1,7;0,95;240;false;true;true;3,76;0;3,26
742;1,7;1,03;240;false;true;true;3,83;0;3,37
743;1,7;1,6;239;false;true;true;3,67;0;2,87
744;1,7;1,5;239;false;true;true;3,46;0;2,98
745;1,71;1,56;239;false;true;true;3,51;0;3,17
746;1,71;1,41;238;false;true;true;3,46;0;2,76
747;1,71;1,31;238;false;true;true;3,39;0;2,81
748;1,71;1,24;238;false;true;true;3,34;0;2,85
749;1,71;1,19;238;false;true;true;3,32;0;2,9
750;1,71;1,16;238;false;true;true;3,39;0;2,95
751;1,71;1,15;238;false;true;true;3,47;0;3
752;1,71;1,15;238;false;true;true;3,54;0;3,06
753;1,72;1,17;238;false;true;true;3,61;0;3,14
754;1,72;1,22;238;false;true;true;3,69;0;3,24
755;1,72;1,31;238;false;true;true;3,77;0;3,39
756;1,72;1,69;237;false;true;true;3,37;0;2,55
757;1,72;1,65;237;false;true;true;3,27;0;2,68
758;1,72;1,69;237;false;true;true;3,25;0;2,86
759;1,72;1,84;237;false;true;true;3,31;0;3,13
760;1,72;1,9;236;false;true;true;3,57;0;3,1
761;1,72;2,05;236;false;true;true;3,56;0;3,41
762;1,73;2,2;235;false;true;true;3,33;0;2,91
763;1,73;1,82;234;false;true;true;3,28;0;2,42
764;1,73;1,67;234;false;true;true;3,12;0;2,47
765;1,73;1,58;234;false;true;true;3,04;0;2,51
766;1,73;1,52;234;false;true;true;3,08;0;2,55
767;1,73;1,47;234;false;true;true;3,16;0;2,59
768;1,73;1,43;234;false;true;true;3,23;0;2,63
769;1,91;1,4;234;false;true;true;3,29;0;2,67
770;1,91;1,38;234;false;true;true;3,34;0;2,71
771;1,92;1,36;234;false;true;true;3,4;0;2,76
772;1,92;1,35;234;false;true;true;3,45;0;2,8
773;1,92;1,34;234;false;true;true;3,5;0;2,86
774;1,92;1,35;234;false;true;true;3,56;0;2,92
775;1,92;1,36;234;false;true;true;3,62;0;2,99
776;1,93;1,39;234;false;true;true;3,69;0;3,07
777;1,93;1,44;234;false;true;true;3,77;0;3,18
778;1,93;1,52;234;false;true;true;3,87;0;3,33
779;1,93;1,67;234;false;true;true;3,99;0;3,56
780;1,93;2,02;234;false;true;true;4,16;0;4
781;1,93;1,89;232;false;true;true;3,48;0;2,41
782;1,94;1,69;232;false;true;true;3,25;0;2,45
783;1,94;1,58;232;false;true;true;3,11;0;2,48
784;1,94;1,51;232;false;true;true;3,07;0;2,52
785;1,94;1,45;232;false;true;true;3,15;0;2,55
786;1,95;1,41;232;false;true;true;3,22;0;2,58
787;1,95;1,37;232;false;true;true;3,27;0;2,61
788;1,95;1,35;232;false;true;true;3,32;0;2,63
789;1,95;1,32;232;false;true;true;3,36;0;2,66
790;1,95;1,3;232;false;true;true;3,4;0;2,7
791;1,95;1,28;232;false;true;true;3,43;0;2,73
792;1,95;1,26;232;false;true;true;3,47;0;2,76
793;1,95;1,25;232;false;true;true;3,5;0;2,8
794;1,95;1,24;232;false;true;true;3,53;0;2,84
795;1,96;1,24;232;false;true;true;3,57;0;2,88
796;1,96;1,24;232;false;true;true;3,61;0;2,93
797;1,96;1,25;232;false;true;true;3,65;0;2,99
798;1,96;1,27;232;false;true;true;3,7;0;3,06
799;1,96;1,3;232;false;true;true;3,76;0;3,14
800;1,96;1,36;232;false;true;true;3,83;0;3,26
801;1,96;1,47;232;false;true;true;3,92;0;3,43
802;1,96;1,68;231;false;true;true;3,73;0;2,84
803;1,96;1,6;231;false;true;true;3,62;0;2,95
804;1,96;1,62;231;false;true;true;3,59;0;3,1
805;1,97;1,68;230;false;true;true;3,3;0;2,45
806;1,97;1,53;230;false;true;true;3,21;0;2,48
807;1,97;1,44;230;false;true;true;3,17;0;2,51
808;1,97;1,37;230;false;true;true;3,14;0;2,54
809;1,97;1,32;230;false;true;true;3,18;0;2,56
810;1,97;1,28;230;false;true;true;3,22;0;2,59
811;1,97;1,24;230;false;true;true;3,26;0;2,61
812;1,97;1,22;230;false;true;true;3,29;0;2,63
813;1,97;1,19;230;false;true;true;3,32;0;2,66
814;1,97;1,17;230;false;true;true;3,35;0;2,68
815;1,98;1,15;230;false;true;true;3,38;0;2,7
816;1,98;1,13;230;false;true;true;3,39;0;2,73
817;1,98;1,11;230;false;true;true;3,42;0;2,76
818;1,98;1,1;230;false;true;true;3,44;0;2,79
819;1,98;1,09;230;false;true;true;3,46;0;2,82
820;1,98;1,08;230;false;true;true;3,48;0;2,85
821;1,98;1,08;230;false;true;true;3,51;0;2,89
822;1,98;1,08;230;false;true;true;3,54;0;2,93
823;1,98;1,08;230;false;true;true;3,58;0;2,98
824;1,98;1,1;230;false;true;true;3,61;0;3,04
825;1,99;1,13;230;false;true;true;3,67;0;3,12
826;1,99;1,2;230;false;true;true;3,73;0;3,24
827;1,99;1,33;230;false;true;true;3,82;0;3,43
828;1,99;1,4;229;false;true;true;3,48;0;2,68
829;1,99;1,29;229;false;true;true;3,36;0;2,72
830;1,99;1,22;229;false;true;true;3,29;0;2,76
831;1,99;1,19;229;false;true;true;3,3;0;2,8
832;1,99;1,17;229;false;true;true;3,36;0;2,85
833;1,99;1,17;229;false;true;true;3,43;0;2,91
834;1,99;1,18;229;false;true;true;3,48;0;2,98
835;2;1,23;229;false;true;true;3,55;0;3,09
836;2;1,36;229;false;true;true;3,64;0;3,28
837;2;1,36;228;false;true;true;3,31;0;2,51
838;2;1,24;228;false;true;true;3,2;0;2,53
839;2;1,16;228;false;true;true;3,13;0;2,55
840;2;1,1;228;false;true;true;3,09;0;2,57
841;2;1,06;228;false;true;true;3,11;0;2,59
842;2;1,03;228;false;true;true;3,15;0;2,61
843;2;1;228;false;true;true;3,17;0;2,63
844;2;0,97;228;false;true;true;3,2;0;2,64
845;2,01;0,95;228;false;true;true;3,21;0;2,66
846;2,01;0,93;228;false;true;true;3,23;0;2,67
847;2,01;0,91;228;false;true;true;3,25;0;2,69
848;2,01;0,89;228;false;true;true;3,26;0;2,71
849;2,01;0,88;228;false;true;true;3,27;0;2,73
850;2,01;0,86;228;false;true;true;3,28;0;2,74
851;2,01;0,85;228;false;true;true;3,3;0;2,76
852;2,01;0,84;228;false;true;true;3,31;0;2,78
853;2,01;0,82;228;false;true;true;3,32;0;2,8
854;2,02;0,82;228;false;true;true;3,34;0;2,82
855;2,02;0,81;228;false;true;true;3,35;0;2,84
856;2,02;0,8;228;false;true;true;3,37;0;2,86
857;2,02;0,8;228;false;true;true;3,38;0;2,88
858;2,02;0,8;228;false;true;true;3,4;0;2,91
859;2,02;0,79;228;false;true;true;3,42;0;2,94
860;2,03;0,8;228;false;true;true;3,44;0;2,97
861;2,03;0,8;228;false;true;true;3,47;0;3,01
862;2,03;0,82;228;false;true;true;3,5;0;3,05
863;2,03;0,83;228;false;true;true;3,54;0;3,1
864;2,03;0,87;228;false;true;true;3,58;0;3,17
865;2,03;0,93;228;false;true;true;3,64;0;3,27
866;2,04;1,04;228;false;true;true;3,71;0;3,43
867;2,04;1,18;227;false;true;true;3,33;0;2,66
868;2,04;1,07;227;false;true;true;3,21;0;2,69
869;2,04;1;227;false;true;true;3,15;0;2,71
870;2,04;0,96;227;false;true;true;3,17;0;2,74
871;2,04;0,93;227;false;true;true;3,21;0;2,77
872;2,04;0,9;227;false;true;true;3,24;0;2,8
873;2,04;0,89;227;false;true;true;3,28;0;2,83
874;2,05;0,88;227;false;true;true;3,31;0;2,87
875;2,05;0,89;227;false;true;true;3,34;0;2,92
876;2,05;0,91;227;false;true;true;3,38;0;2,99
877;2,05;0,96;227;false;true;true;3,44;0;3,09
878;2,05;1,09;227;false;true;true;3,51;0;3,27
879;2,05;1,11;226;false;true;true;3,13;0;2,48
880;2,05;1;226;false;true;true;3,03;0;2,49
881;2,05;0,93;226;false;true;true;2,96;0;2,51
882;2,05;0,87;226;false;true;true;2,91;0;2,52
883;2,06;0,83;226;false;true;true;2,94;0;2,53
884;2,06;0,8;226;false;true;true;2,97;0;2,54
885;2,06;0,77;226;false;true;true;2,99;0;2,55
886;2,06;0,75;226;false;true;true;3;0;2,55
887;2,06;0,73;226;false;true;true;3,01;0;2,56
888;2,06;0,71;226;false;true;true;3,02;0;2,57
889;2,06;0,69;226;false;true;true;3,03;0;2,58
890;2,06;0,68;226;false;true;true;3,04;0;2,58
891;2,07;0,66;226;false;true;true;3,05;0;2,59
892;2,07;0,65;226;false;true;true;3,05;0;2,6
893;2,07;0,63;226;false;true;true;3,05;0;2,6
894;2,07;0,62;226;false;true;true;3,06;0;2,61
895;2,07;0,61;226;false;true;true;3,06;0;2,62
896;2,07;0,6;226;false;true;true;3,06;0;2,62
897;2,07;0,59;226;false;true;true;3,06;0;2,63
898;2,07;0,58;226;false;true;true;3,06;0;2,63
899;2,08;0,57;226;false;true;true;3,06;0;2,64
900;2,08;0,56;226;false;true;true;3,06;0;2,64
901;2,08;0,55;226;false;true;true;3,06;0;2,65
902;2,08;0,54;226;false;true;true;3,06;0;2,66
903;2,08;0,54;226;false;true;true;3,07;0;2,66
904;2,08;0,53;226;false;true;true;3,07;0;2,67
905;2,08;0,52;226;false;true;true;3,07;0;2,67
906;2,08;0,52;226;false;true;true;3,07;0;2,68
907;2,09;0,51;226;false;true;true;3,07;0;2,68
908;2,09;0,5;226;false;true;true;3,07;0;2,69
909;2,09;0,49;226;false;true;true;3,07;0;2,69
910;2,09;0,49;226;false;true;true;3,08;0;2,7
911;2,09;0,49;226;false;true;true;3,08;0;2,7
912;2,09;0,49;226;false;true;true;3,08;0;2,71
913;2,09;0,48;226;false;true;true;3,09;0;2,71
914;2,09;0,48;226;false;true;true;3,09;0;2,72
915;2,1;0,47;226;false;true;true;3,09;0;2,73
916;2,1;0,47;226;false;true;true;3,09;0;2,73
917;2,1;0,47;226;false;true;true;3,1;0;2,74
918;2,1;0,46;226;false;true;true;3,1;0;2,75
919;2,1;0,46;226;false;true;true;3,1;0;2,75
920;2,1;0,46;226;false;true;true;3,11;0;2,76
921;2,1;0,46;226;false;true;true;3,11;0;2,77
922;2,1;0,45;226;false;true;true;3,12;0;2,77
923;2,11;0,45;226;false;true;true;3,12;0;2,78
924;2,11;0,45;226;false;true;true;3,13;0;2,79
925;2,11;0,45;226;false;true;true;3,13;0;2,8
926;2,11;0,45;226;false;true;true;3,14;0;2,81
927;2,11;0,45;226;false;true;true;3,14;0;2,82
928;2,11;0,45;226;false;true;true;3,15;0;2,83
929;2,11;0,45;226;false;true;true;3,16;0;2,84
930;2,11;0,45;226;false;true;true;3,17;0;2,86
931;2,12;0,46;226;false;true;true;3,18;0;2,87
932;2,12;0,46;226;false;true;true;3,19;0;2,89
933;2,12;0,46;226;false;true;true;3,2;0;2,91
934;2,12;0,47;226;false;true;true;3,22;0;2,93
935;2,12;0,49;226;false;true;true;3,24;0;2,96
936;2,12;0,5;226;false;true;true;3,26;0;2,99
937;2,12;0,53;226;false;true;true;3,29;0;3,03
938;2,12;0,57;226;false;true;true;3,32;0;3,09
939;2,12;0,64;226;false;true;true;3,37;0;3,19
940;2,12;0,78;226;false;true;true;3,45;0;3,36
941;2,13;0,87;225;false;true;true;3,02;0;2,6
942;2,13;0,8;225;false;true;true;2,92;0;2,62
943;2,13;0,75;225;false;true;true;2,85;0;2,64
944;2,13;0,71;225;false;true;true;2,89;0;2,66
945;2,13;0,69;225;false;true;true;2,94;0;2,69
946;2,13;0,67;225;false;true;true;2,99;0;2,71
947;2,13;0,66;225;false;true;true;3,03;0;2,73
948;2,13;0,66;225;false;true;true;3,06;0;2,75
949;2,13;0,65;225;false;true;true;3,09;0;2,77
950;2,13;0,65;225;false;true;true;3,12;0;2,8
951;2,14;0,65;225;false;true;true;3,15;0;2,83
952;2,14;0,66;225;false;true;true;3,18;0;2,87
953;2,14;0,68;225;false;true;true;3,21;0;2,91
954;2,14;0,71;225;false;true;true;3,25;0;2,97
955;2,14;0,75;225;false;true;true;3,3;0;3,05
956;2,14;0,85;225;false;true;true;3,37;0;3,18
957;2,14;0,96;224;false;true;true;3,15;0;2,56
958;2,14;0,86;224;false;true;true;3,04;0;2,57
959;2,14;0,79;224;false;true;true;2,96;0;2,59
960;2,15;0,75;224;false;true;true;2,91;0;2,6
961;2,15;0,72;224;false;true;true;2,91;0;2,61
962;2,15;0,69;224;false;true;true;2,94;0;2,62
963;2,15;0,67;224;false;true;true;2,97;0;2,63
964;2,15;0,65;224;false;true;true;2,99;0;2,65
965;2,15;0,64;224;false;true;true;3,01;0;2,66
966;2,15;0,62;224;false;true;true;3,02;0;2,67
967;2,15;0,61;224;false;true;true;3,04;0;2,68
968;2,15;0,6;224;false;true;true;3,05;0;2,69
969;2,15;0,59;224;false;true;true;3,06;0;2,7
970;2,16;0,58;224;false;true;true;3,07;0;2,71
971;2,16;0,58;224;false;true;true;3,08;0;2,72
972;2,16;0,57;224;false;true;true;3,09;0;2,74
973;2,16;0,57;224;false;true;true;3,1;0;2,75
974;2,16;0,56;224;false;true;true;3,11;0;2,76
975;2,16;0,56;224;false;true;true;3,13;0;2,78
976;2,16;0,55;224;false;true;true;3,13;0;2,79
977;2,16;0,55;224;false;true;true;3,15;0;2,81
978;2,16;0,56;224;false;true;true;3,17;0;2,83
979;2,16;0,56;224;false;true;true;3,18;0;2,86
980;2,17;0,57;224;false;true;true;3,2;0;2,88
981;2,17;0,58;224;false;true;true;3,22;0;2,92
982;2,17;0,6;224;false;true;true;3,25;0;2,96
983;2,17;0,63;224;false;true;true;3,29;0;3,01
984;2,17;0,68;224;false;true;true;3,33;0;3,09
985;2,17;0,78;224;false;true;true;3,39;0;3,21
986;2,17;0,9;223;false;true;true;3,1;0;2,55
987;2,17;0,81;223;false;true;true;3;0;2,57
988;2,17;0,74;223;false;true;true;2,91;0;2,58
989;2,18;0,69;223;false;true;true;2,86;0;2,59
990;2,18;0,66;223;false;true;true;2,89;0;2,6
991;2,18;0,63;223;false;true;true;2,91;0;2,61
992;2,18;0,61;223;false;true;true;2,94;0;2,62
993;2,18;0,59;223;false;true;true;2,95;0;2,63
994;2,18;0,57;223;false;true;true;2,97;0;2,64
995;2,18;0,56;223;false;true;true;2,98;0;2,64
996;2,18;0,55;223;false;true;true;2,99;0;2,65
997;2,18;0,54;223;false;true;true;2,99;0;2,66
998;2,19;0,53;223;false;true;true;3;0;2,67
999;2,19;0,52;223;false;true;true;3,01;0;2,67
1000;2,19;0,51;223;false;true;true;3,02;0;2,68
1001;2,19;0,5;223;false;true;true;3,02;0;2,69
1002;2,19;0,5;223;false;true;true;3,03;0;2,7
1003;2,19;0,48;223;false;true;true;3,03;0;2,7
1004;2,19;0,48;223;false;true;true;3,04;0;2,71
1005;2,19;0,47;223;false;true;true;3,04;0;2,72
1006;2,19;0,46;223;false;true;true;3,04;0;2,73
1007;2,19;0,46;223;false;true;true;3,05;0;2,74
1008;2,2;0,45;223;false;true;true;3,05;0;2,74
1009;2,2;0,45;223;false;true;true;3,06;0;2,75
1010;2,2;0,45;223;false;true;true;3,07;0;2,76
1011;2,2;0,44;223;false;true;true;3,07;0;2,77
1012;2,2;0,44;223;false;true;true;3,08;0;2,78
1013;2,2;0,44;223;false;true;true;3,08;0;2,79
1014;2,2;0,43;223;false;true;true;3,09;0;2,81
1015;2,2;0,43;223;false;true;true;3,09;0;2,82
1016;2,21;0,43;223;false;true;true;3,11;0;2,83
1017;2,21;0,43;223;false;true;true;3,12;0;2,85
1018;2,21;0,44;223;false;true;true;3,13;0;2,87
1019;2,21;0,44;223;false;true;true;3,15;0;2,89
1020;2,21;0,45;223;false;true;true;3,16;0;2,91
1021;2,21;0,46;223;false;true;true;3,18;0;2,94
1022;2,21;0,48;223;false;true;true;3,2;0;2,97
1023;2,22;0,5;223;false;true;true;3,23;0;3,02
1024;2,22;0,54;223;false;true;true;3,27;0;3,08
1025;2,22;0,6;223;false;true;true;3,31;0;3,17
1026;2,22;0,74;223;false;true;true;3,39;0;3,33
1027;2,22;0,78;222;false;true;true;2,99;0;2,55
1028;2,22;0,69;222;false;true;true;2,89;0;2,56
1029;2,22;0,64;222;false;true;true;2,83;0;2,57
1030;2,22;0,6;222;false;true;true;2,8;0;2,58
1031;2,22;0,56;222;false;true;true;2,83;0;2,59
1032;2,22;0,53;222;false;true;true;2,85;0;2,6
1033;2,23;0,51;222;false;true;true;2,87;0;2,6
1034;2,23;0,5;222;false;true;true;2,89;0;2,61
1035;2,23;0,48;222;false;true;true;2,9;0;2,61
1036;2,23;0,46;222;false;true;true;2,9;0;2,62
1037;2,23;0,45;222;false;true;true;2,91;0;2,62
1038;2,23;0,44;222;false;true;true;2,91;0;2,63
1039;2,23;0,43;222;false;true;true;2,92;0;2,63
1040;2,23;0,42;222;false;true;true;2,92;0;2,64
1041;2,23;0,4;222;false;true;true;2,92;0;2,64
1042;2,24;0,4;222;false;true;true;2,92;0;2,64
1043;2,24;0,39;222;false;true;true;2,93;0;2,65
1044;2,24;0,39;222;false;true;true;2,93;0;2,65
1045;2,24;0,38;222;false;true;true;2,93;0;2,65
1046;2,24;0,37;222;false;true;true;2,93;0;2,66
1047;2,24;0,36;222;false;true;true;2,93;0;2,66
1048;2,24;0,36;222;false;true;true;2,93;0;2,66
1049;2,24;0,35;222;false;true;true;2,93;0;2,67
1050;2,24;0,34;222;false;true;true;2,92;0;2,67
1051;2,24;0,33;222;false;true;true;2,92;0;2,67
1052;2,25;0,33;222;false;true;true;2,93;0;2,68
1053;2,25;0,33;222;false;true;true;2,93;0;2,68
1054;2,25;0,32;222;false;true;true;2,93;0;2,68
1055;2,25;0,32;222;false;true;true;2,93;0;2,69
1056;2,25;0,31;222;false;true;true;2,93;0;2,69
1057;2,26;0,31;222;false;true;true;2,93;0;2,69
1058;2,26;0,3;222;false;true;true;2,93;0;2,7
1059;2,26;0,3;222;false;true;true;2,93;0;2,7
1060;2,26;0,3;222;false;true;true;2,93;0;2,7
1061;2,26;0,29;222;false;true;true;2,93;0;2,71
1062;2,26;0,29;222;false;true;true;2,93;0;2,71
1063;2,26;0,28;222;false;true;true;2,93;0;2,71
1064;2,26;0,28;222;false;true;true;2,93;0;2,72
1065;2,27;0,27;222;false;true;true;2,93;0;2,72
1066;2,27;0,27;222;false;true;true;2,93;0;2,72
1067;2,27;0,27;222;false;true;true;2,93;0;2,73
1068;2,27;0,27;222;false;true;true;2,93;0;2,73
1069;2,27;0,26;222;false;true;true;2,93;0;2,73
1070;2,27;0,26;222;false;true;true;2,93;0;2,74
1071;2,27;0,26;222;false;true;true;2,93;0;2,74
1072;2,27;0,26;222;false;true;true;2,94;0;2,74
1073;2,27;0,25;222;false;true;true;2,94;0;2,75
1074;2,27;0,25;222;false;true;true;2,94;0;2,75
1075;2,28;0,25;222;false;true;true;2,94;0;2,75
1076;2,28;0,24;222;false;true;true;2,94;0;2,76
1077;2,28;0,24;222;false;true;true;2,94;0;2,76
1078;2,28;0,24;222;false;true;true;2,94;0;2,76
1079;2,28;0,23;222;false;true;true;2,94;0;2,77
1080;2,28;0,23;222;false;true;true;2,94;0;2,77
1081;2,28;0,23;222;false;true;true;2,94;0;2,77
1082;2,28;0,23;222;false;true;true;2,95;0;2,78
1083;2,28;0,23;222;false;true;true;2,95;0;2,78
1084;2,28;0,22;222;false;true;true;2,95;0;2,79
1085;2,29;0,22;222;false;true;true;2,95;0;2,79
1086;2,29;0,22;222;false;true;true;2,96;0;2,79
1087;2,29;0,22;222;false;true;true;2,96;0;2,8
1088;2,29;0,22;222;false;true;true;2,96;0;2,8
1089;2,29;0,22;222;false;true;true;2,96;0;2,81
1090;2,29;0,22;222;false;true;true;2,97;0;2,81
1091;2,29;0,22;222;false;true;true;2,97;0;2,82
1092;2,29;0,22;222;false;true;true;2,97;0;2,82
1093;2,29;0,21;222;false;true;true;2,98;0;2,83
1094;2,3;0,21;222;false;true;true;2,98;0;2,84
1095;2,3;0,21;222;false;true;true;2,98;0;2,84
1096;2,3;0,21;222;false;true;true;2,99;0;2,85
1097;2,3;0,21;222;false;true;true;2,99;0;2,86
1098;2,3;0,21;222;false;true;true;3;0;2,86
1099;2,3;0,21;222;false;true;true;3;0;2,87
1100;2,3;0,22;222;false;true;true;3,01;0;2,88
1101;2,3;0,22;222;false;true;true;3,02;0;2,89
1102;2,31;0,22;222;false;true;true;3,03;0;2,9
1103;2,31;0,23;222;false;true;true;3,04;0;2,92
1104;2,31;0,23;222;false;true;true;3,05;0;2,93
1105;2,31;0,24;222;false;true;true;3,06;0;2,95
1106;2,31;0,25;222;false;true;true;3,08;0;2,96
1107;2,31;0,26;222;false;true;true;3,09;0;2,99
1108;2,31;0,28;222;false;true;true;3,12;0;3,02
1109;2,31;0,3;222;false;true;true;3,14;0;3,05
1110;2,31;0,33;222;false;true;true;3,17;0;3,1
1111;2,32;0,38;222;false;true;true;3,21;0;3,17
1112;2,32;0,48;222;false;true;true;3,26;0;3,3
1113;2,32;0,65;221;false;true;true;2,84;0;2,57
1114;2,32;0,57;221;false;true;true;2,74;0;2,59
1115;2,32;0,51;221;false;true;true;2,67;0;2,6
1116;2,32;0,47;221;false;true;true;2,7;0;2,61
1117;2,32;0,45;221;false;true;true;2,74;0;2,62
1118;2,32;0,43;221;false;true;true;2,77;0;2,63
1119;2,32;0,41;221;false;true;true;2,8;0;2,64
1120;2,32;0,39;221;false;true;true;2,81;0;2,65
1121;2,33;0,38;221;false;true;true;2,83;0;2,66
1122;2,33;0,37;221;false;true;true;2,84;0;2,66
1123;2,33;0,36;221;false;true;true;2,86;0;2,67
1124;2,33;0,36;221;false;true;true;2,86;0;2,68
1125;2,33;0,35;221;false;true;true;2,87;0;2,69
1126;2,33;0,34;221;false;true;true;2,88;0;2,69
1127;2,33;0,33;221;false;true;true;2,89;0;2,7
1128;2,33;0,33;221;false;true;true;2,9;0;2,71
1129;2,33;0,33;221;false;true;true;2,9;0;2,72
1130;2,33;0,32;221;false;true;true;2,91;0;2,72
1131;2,34;0,32;221;false;true;true;2,92;0;2,73
1132;2,34;0,32;221;false;true;true;2,93;0;2,74
1133;2,34;0,31;221;false;true;true;2,93;0;2,75
1134;2,34;0,31;221;false;true;true;2,94;0;2,75
1135;2,34;0,31;221;false;true;true;2,95;0;2,76
1136;2,34;0,3;221;false;true;true;2,95;0;2,77
1137;2,34;0,3;221;false;true;true;2,96;0;2,78
1138;2,34;0,3;221;false;true;true;2,97;0;2,79
1139;2,34;0,3;221;false;true;true;2,97;0;2,8
1140;2,34;0,3;221;false;true;true;2,98;0;2,81
1141;2,35;0,3;221;false;true;true;2,99;0;2,82
1142;2,35;0,3;221;false;true;true;3;0;2,83
1143;2,35;0,3;221;false;true;true;3,01;0;2,85
1144;2,35;0,3;221;false;true;true;3,02;0;2,86
1145;2,35;0,31;221;false;true;true;3,03;0;2,88
1146;2,35;0,31;221;false;true;true;3,04;0;2,89
1147;2,35;0,32;221;false;true;true;3,06;0;2,92
1148;2,35;0,33;221;false;true;true;3,08;0;2,94
1149;2,35;0,34;221;false;true;true;3,1;0;2,97
1150;2,35;0,36;221;false;true;true;3,12;0;3,01
1151;2,36;0,4;221;false;true;true;3,16;0;3,06
1152;2,36;0,45;221;false;true;true;3,2;0;3,14
1153;2,36;0,54;221;false;true;true;3,26;0;3,26
1154;2,36;0,69;220;false;true;true;2,91;0;2,54
1155;2,36;0,59;220;false;true;true;2,8;0;2,55
1156;2,36;0,53;220;false;true;true;2,73;0;2,56
1157;2,36;0,49;220;false;true;true;2,7;0;2,57
1158;2,36;0,46;220;false;true;true;2,73;0;2,58
1159;2,36;0,43;220;false;true;true;2,75;0;2,58
1160;2,37;0,41;220;false;true;true;2,77;0;2,59
1161;2,37;0,39;220;false;true;true;2,79;0;2,59
1162;2,37;0,38;220;false;true;true;2,8;0;2,6
1163;2,37;0,36;220;false;true;true;2,8;0;2,6
1164;2,37;0,35;220;false;true;true;2,81;0;2,61
1165;2,37;0,34;220;false;true;true;2,81;0;2,61
1166;2,37;0,32;220;false;true;true;2,81;0;2,61
1167;2,37;0,31;220;false;true;true;2,81;0;2,62
1168;2,37;0,3;220;false;true;true;2,81;0;2,62
1169;2,37;0,29;220;false;true;true;2,81;0;2,62
1170;2,38;0,28;220;false;true;true;2,81;0;2,62
1171;2,38;0,28;220;false;true;true;2,82;0;2,63
1172;2,38;0,27;220;false;true;true;2,82;0;2,63
1173;2,38;0,27;220;false;true;true;2,82;0;2,63
1174;2,38;0,26;220;false;true;true;2,82;0;2,63
1175;2,38;0,25;220;false;true;true;2,82;0;2,64
1176;2,38;0,25;220;false;true;true;2,81;0;2,64
1177;2,38;0,24;220;false;true;true;2,81;0;2,64
1178;2,38;0,23;220;false;true;true;2,81;0;2,64
1179;2,38;0,23;220;false;true;true;2,81;0;2,64
1180;2,39;0,22;220;false;true;true;2,81;0;2,65
1181;2,39;0,22;220;false;true;true;2,81;0;2,65
1182;2,39;0,21;220;false;true;true;2,81;0;2,65
1183;2,39;0,21;220;false;true;true;2,8;0;2,65
1184;2,39;0,2;220;false;true;true;2,8;0;2,65
1185;2,39;0,2;220;false;true;true;2,8;0;2,66
1186;2,39;0,19;220;false;true;true;2,8;0;2,66
1187;2,39;0,19;220;false;true;true;2,8;0;2,66
1188;2,39;0,18;220;false;true;true;2,79;0;2,66
1189;2,39;0,18;220;false;true;true;2,79;0;2,66
1190;2,4;0,18;220;false;true;true;2,79;0;2,66
1191;2,4;0,17;220;false;true;true;2,79;0;2,66
1192;2,4;0,17;220;false;true;true;2,79;0;2,67
1193;2,4;0,16;220;false;true;true;2,79;0;2,67
1194;2,4;0,16;220;false;true;true;2,79;0;2,67
1195;2,4;0,15;220;false;true;true;2,78;0;2,67
1196;2,4;0,15;220;false;true;true;2,79;0;2,67
1197;2,4;0,15;220;false;true;true;2,79;0;2,67
1198;2,41;0,15;220;false;true;true;2,79;0;2,67
1199;2,41;0,15;220;false;true;true;2,79;0;2,67
1200;2,41;0,14;220;false;true;true;2,78;0;2,68
1201;2,41;0,14;220;false;true;true;2,78;0;2,68
1202;2,41;0,14;220;false;true;true;2,78;0;2,68
1203;2,41;0,13;220;false;true;true;2,78;0;2,68
1204;2,41;0,13;220;false;true;true;2,78;0;2,68
1205;2,41;0,13;220;false;true;true;2,78;0;2,68
1206;2,41;0,13;220;false;true;true;2,78;0;2,68
1207;2,42;0,12;220;false;true;true;2,78;0;2,68
1208;2,42;0,12;220;false;true;true;2,78;0;2,68
1209;2,42;0,12;220;false;true;true;2,78;0;2,69
1210;2,42;0,12;220;false;true;true;2,78;0;2,69
1211;2,42;0,12;220;false;true;true;2,78;0;2,69
1212;2,42;0,11;220;false;true;true;2,77;0;2,69
1213;2,42;0,11;220;false;true;true;2,77;0;2,69
1214;2,42;0,11;220;false;true;true;2,77;0;2,69
1215;2,42;0,11;220;false;true;true;2,77;0;2,69
1216;2,43;0,1;220;false;true;true;2,77;0;2,69
1217;2,43;0,11;220;false;true;true;2,77;0;2,69
1218;2,43;0,1;220;false;true;true;2,77;0;2,69
1219;2,43;0,1;220;false;true;true;2,77;0;2,69
1220;2,43;0,1;220;false;true;true;2,77;0;2,7
1221;2,43;0,09;220;false;true;true;2,77;0;2,7
1222;2,43;0,09;220;false;true;true;2,77;0;2,7
1223;2,43;0,09;220;false;true;true;2,77;0;2,7
1224;2,44;0,09;220;false;true;true;2,77;0;2,7
1225;2,44;0,09;220;false;true;true;2,77;0;2,7
1226;2,44;0,09;220;false;true;true;2,77;0;2,7
1227;2,44;0,08;220;false;true;true;2,77;0;2,7
1228;2,44;0,08;220;false;true;true;2,77;0;2,7
1229;2,44;0,08;220;false;true;true;2,76;0;2,7
1230;2,44;0,08;220;false;true;true;2,76;0;2,7
1231;2,44;0,08;220;false;true;true;2,76;0;2,7
1232;2,45;0,08;220;false;true;true;2,76;0;2,7
1233;2,45;0,08;220;false;true;true;2,76;0;2,7
1234;2,45;0,07;220;false;true;true;2,76;0;2,71
1235;2,45;0,07;220;false;true;true;2,76;0;2,71
1236;2,45;0,07;220;false;true;true;2,76;0;2,71
1237;2,45;0,07;220;false;true;true;2,76;0;2,71
1238;2,46;0,07;220;false;true;true;2,76;0;2,71
1239;2,46;0,07;220;false;true;true;2,76;0;2,71
1240;2,46;0,07;220;false;true;true;2,76;0;2,71
1241;2,46;0,06;220;false;true;true;2,76;0;2,71
1242;2,46;0,06;220;false;true;true;2,76;0;2,71
1243;2,46;0,06;220;false;true;true;2,76;0;2,71
1244;2,46;0,06;220;false;true;true;2,76;0;2,71
1245;2,47;0,06;220;false;true;true;2,76;0;2,71
1246;2,47;0,06;220;false;true;true;2,76;0;2,71
1247;2,47;0,06;220;false;true;true;2,76;0;2,71
1248;2,47;0,06;220;false;true;true;2,76;0;2,71
1249;2,47;0,06;220;false;true;true;2,76;0;2,71
1250;2,47;0,06;220;false;true;true;2,76;0;2,71
1251;2,47;0,05;220;false;true;true;2,76;0;2,72
1252;2,47;0,05;220;false;true;true;2,76;0;2,72
1253;2,48;0,05;220;false;true;true;2,75;0;2,72
1254;2,48;0,05;220;false;true;true;2,76;0;2,72
1255;2,48;0,05;220;false;true;true;2,76;0;2,72
1256;2,48;0,05;220;false;true;true;2,75;0;2,72
1257;2,48;0,05;220;false;true;true;2,75;0;2,72
1258;2,48;0,05;220;false;true;true;2,75;0;2,72
1259;2,48;0,05;220;false;true;true;2,75;0;2,72
1260;2,48;0,05;220;false;true;true;2,76;0;2,72
1261;2,48;0,05;220;false;true;true;2,76;0;2,72
1262;2,49;0,04;220;false;true;true;2,75;0;2,72
1263;2,49;0,05;220;false;true;true;2,76;0;2,72
1264;2,49;0,05;220;false;true;true;2,76;0;2,72
1265;2,49;0,04;220;false;true;true;2,75;0;2,72
1266;2,49;0,04;220;false;true;true;2,75;0;2,72
1267;2,49;0,04;220;false;true;true;2,75;0;2,72
1268;2,49;0,04;220;false;true;true;2,75;0;2,72
1269;2,49;0,04;220;false;true;true;2,75;0;2,72
1270;2,49;0,04;220;false;true;true;2,75;0;2,72
1271;2,49;0,04;220;false;true;true;2,75;0;2,72
1272;2,5;0,04;220;false;true;true;2,75;0;2,72
1273;2,5;0,04;220;false;true;true;2,75;0;2,72
1274;2,5;0,03;220;false;true;true;2,75;0;2,72
1275;2,5;0,03;220;false;true;true;2,75;0;2,73
1276;2,5;0,04;220;false;true;true;2,75;0;2,73
1277;2,51;0,03;220;false;true;true;2,75;0;2,73
1278;2,51;0,04;220;false;true;true;2,75;0;2,73
1279;2,51;0,04;220;false;true;true;2,75;0;2,73
1280;2,51;0,03;220;false;true;true;2,75;0;2,73
1281;2,51;0,03;220;false;true;true;2,75;0;2,73
1282;2,51;0,03;220;false;true;true;2,75;0;2,73
1283;2,51;0,03;220;false;true;true;2,75;0;2,73
1284;2,51;0,03;220;false;true;true;2,75;0;2,73
1285;2,52;0,03;220;false;true;true;2,75;0;2,73
1286;2,52;0,03;220;false;true;true;2,75;0;2,73
1287;2,52;0,03;220;false;true;true;2,75;0;2,73
1288;2,52;0,03;220;false;true;true;2,75;0;2,73
1289;2,52;0,03;220;false;true;true;2,75;0;2,73
1290;2,52;0,03;220;false;true;true;2,75;0;2,73
1291;2,52;0,03;220;false;true;true;2,75;0;2,73
1292;2,52;0,03;220;false;true;true;2,75;0;2,73
1293;2,52;0,03;220;false;true;true;2,75;0;2,73
1294;2,52;0,02;220;false;true;true;2,75;0;2,73
1295;2,53;0,02;220;false;true;true;2,75;0;2,73
1296;2,53;0,02;220;false;true;true;2,75;0;2,73
1297;2,53;0,03;220;false;true;true;2,75;0;2,73
1298;2,53;0,02;220;false;true;true;2,75;0;2,73
1299;2,53;0,03;220;false;true;true;2,75;0;2,73
1300;2,53;0,02;220;false;true;true;2,75;0;2,73
1301;2,53;0,03;220;false;true;true;2,75;0;2,73
1302;2,53;0,02;220;false;true;true;2,75;0;2,73
1303;2,53;0,02;220;false;true;true;2,75;0;2,73
1304;2,54;0,02;220;false;true;true;2,75;0;2,73
1305;2,54;0,02;220;false;true;true;2,75;0;2,73
1306;2,54;0,02;220;false;true;true;2,75;0;2,73
1307;2,54;0,02;220;false;true;true;2,75;0;2,73
1308;2,54;0,02;220;false;true;true;2,75;0;2,73
1309;2,54;0,02;220;false;true;true;2,75;0;2,73
1310;2,54;0,02;220;false;true;true;2,75;0;2,73
1311;2,54;0,02;220;false;true;true;2,75;0;2,73
1312;2,54;0,02;220;false;true;true;2,75;0;2,73
1313;2,54;0,02;220;false;true;true;2,75;0;2,73
1314;2,55;0,02;220;false;true;true;2,75;0;2,73
1315;2,55;0,02;220;false;true;true;2,75;0;2,74
1316;2,55;0,02;220;false;true;true;2,75;0;2,74
1317;2,55;0,02;220;false;true;true;2,75;0;2,74
1318;2,55;0,02;220;false;true;true;2,75;0;2,74
1319;2,55;0,02;220;false;true;true;2,75;0;2,74
1320;2,55;0,02;220;false;true;true;2,75;0;2,74
1321;2,55;0,02;220;false;true;true;2,75;0;2,74
1322;2,56;0,02;220;false;true;true;2,75;0;2,74
1323;2,56;0,02;220;false;true;true;2,75;0;2,74
1324;2,56;0,02;220;false;true;true;2,75;0;2,74
1325;2,56;0,01;220;false;true;true;2,75;0;2,74
1326;2,56;0,02;220;false;true;true;2,75;0;2,74
1327;2,56;0,02;220;false;true;true;2,75;0;2,74
1328;2,56;0,02;220;false;true;true;2,75;0;2,74
1329;2,57;0,02;220;false;true;true;2,75;0;2,74
1330;2,57;0,02;220;false;true;true;2,75;0;2,74
1331;2,57;0,02;220;false;true;true;2,75;0;2,74
1332;2,57;0,02;220;false;true;true;2,75;0;2,74
1333;2,57;0,01;220;false;true;true;2,75;0;2,74
1334;2,57;0,01;220;false;true;true;2,75;0;2,74
1335;2,57;0,02;220;false;true;true;2,75;0;2,74
1336;2,57;0,01;220;false;true;true;2,75;0;2,74
1337;2,57;0,01;220;false;true;true;2,75;0;2,74
1338;2,58;0,01;220;false;true;true;2,75;0;2,74
1339;2,58;0,01;220;false;true;true;2,75;0;2,74
1340;2,58;0,01;220;false;true;true;2,75;0;2,74
1341;2,58;0,01;220;false;true;true;2,75;0;2,74
1342;2,58;0,02;220;false;true;true;2,75;0;2,74
1343;2,58;0,02;220;false;true;true;2,75;0;2,74
1344;2,58;0,02;220;false;true;true;2,75;0;2,74
1345;2,58;0,02;220;false;true;true;2,75;0;2,74
1346;2,58;0,01;220;false;true;true;2,75;0;2,74
1347;2,58;0,01;220;false;true;true;2,75;0;2,74
1348;2,59;0,01;220;false;true;true;2,75;0;2,74
1349;2,59;0,01;220;false;true;true;2,75;0;2,74
1350;2,59;0,01;220;false;true;true;2,75;0;2,74
1351;2,59;0,01;220;false;true;true;2,75;0;2,74
1352;2,59;0,01;220;false;true;true;2,75;0;2,74
1353;2,59;0,01;220;false;true;true;2,75;0;2,74
1354;2,59;0,01;220;false;true;true;2,74;0;2,74
1355;2,59;0,01;220;false;true;true;2,74;0;2,74
1356;2,59;0,01;220;false;true;true;2,75;0;2,74
1357;2,6;0,01;220;false;true;true;2,75;0;2,74
1358;2,6;0,01;220;false;true;true;2,75;0;2,74
1359;2,6;0,01;220;false;true;true;2,75;0;2,74
1360;2,6;0,01;220;false;true;true;2,75;0;2,74
1361;2,6;0,01;220;false;true;true;2,74;0;2,74
1362;2,6;0,01;220;false;true;true;2,75;0;2,74
1363;2,6;0,01;220;false;true;true;2,75;0;2,74
1364;2,6;0,01;220;false;true;true;2,75;0;2,74
1365;2,6;0,01;220;false;true;true;2,75;0;2,74
1366;2,61;0,01;220;false;true;true;2,75;0;2,74
1367;2,61;0,01;220;false;true;true;2,75;0;2,74
1368;2,61;0,01;220;false;true;true;2,75;0;2,74
1369;2,61;0;220;false;true;true;2,74;0;2,74
1370;2,61;0;220;false;true;true;2,74;0;2,74
1371;2,61;0;220;false;true;true;2,74;0;2,74
1372;2,61;0;220;false;true;true;2,74;0;2,74
1373;2,61;0;220;false;true;true;2,74;0;2,74
1374;2,62;0;220;false;true;true;2,74;0;2,74
1375;2,62;0;220;false;true;true;2,74;0;2,74
1376;2,62;0,01;220;false;true;true;2,75;0;2,74
1377;2,62;0;220;false;true;true;2,74;0;2,74
1378;2,62;0;220;false;true;true;2,74;0;2,74
1379;2,62;0;220;false;true;true;2,74;0;2,74
1380;2,62;0;220;false;true;true;2,74;0;2,74
1381;2,62;0;220;false;true;true;2,74;0;2,74
1382;2,62;0;220;false;true;true;2,74;0;2,74
1383;2,62;0;220;false;true;true;2,75;0;2,74
1384;2,63;0;220;false;true;true;2,75;0;2,74
1385;2,63;0,01;220;false;true;true;2,75;0;2,74
1386;2,63;0;220;false;true;true;2,74;0;2,74
1387;2,63;0;220;false;true;true;2,75;0;2,74
1388;2,63;0,01;220;false;true;true;2,75;0;2,74
1389;2,63;0;220;false;true;true;2,75;0;2,74
1390;2,63;0,01;220;false;true;true;2,75;0;2,74
1391;2,63;0,01;220;false;true;true;2,75;0;2,74
1392;2,63;0,01;220;false;true;true;2,75;0;2,74
1393;2,64;0,01;220;false;true;true;2,75;0;2,74
1394;2,64;0,01;220;false;true;true;2,75;0;2,74
1395;2,64;0;220;false;true;true;2,75;0;2,74
1396;2,64;0;220;false;true;true;2,74;0;2,74
1397;2,64;0,01;220;false;true;true;2,75;0;2,74
1398;2,64;0,01;220;false;true;true;2,75;0;2,74
1399;2,64;0,01;220;false;true;true;2,75;0;2,74
1400;2,64;0,01;220;false;true;true;2,75;0;2,74
1401;2,64;0;220;false;true;true;2,74;0;2,74
1402;2,64;0;220;false;true;true;2,74;0;2,74
1403;2,65;0;220;false;true;true;2,74;0;2,74
1404;2,65;0;220;false;true;true;2,74;0;2,74
1405;2,65;0;220;false;true;true;2,74;0;2,74
1406;2,65;0;220;false;true;true;2,74;0;2,74
1407;2,65;0;220;false;true;true;2,74;0;2,74
1408;2,65;0;220;false;true;true;2,74;0;2,74
1409;2,65;0;220;false;true;true;2,74;0;2,74
1410;2,65;0;220;false;true;true;2,74;0;2,74
1411;2,65;0;220;false;true;true;2,74;0;2,74
1412;2,65;0;220;false;true;true;2,74;0;2,74
1413;2,66;0;220;false;true;true;2,74;0;2,74
1414;2,66;0;220;false;true;true;2,74;0;2,74
1415;2,66;0;220;false;true;true;2,74;0;2,74
1416;2,66;0;220;false;true;true;2,74;0;2,74
1417;2,66;0;220;false;true;true;2,74;0;2,74
1418;2,66;0;220;false;true;true;2,74;0;2,74
1419;2,66;0;220;false;true;true;2,74;0;2,74
1420;2,66;0;220;false;true;true;2,74;0;2,74
1421;2,67;0;220;false;true;true;2,74;0;2,74
1422;2,67;0;220;false;true;true;2,74;0;2,74
1423;2,67;0;220;false;true;true;2,74;0;2,74
1424;2,67;0;220;false;true;true;2,74;0;2,74
1425;2,67;0;220;false;true;true;2,74;0;2,74
1426;2,67;0;220;false;true;true;2,74;0;2,74
1427;2,68;0;220;false;true;true;2,74;0;2,74
1428;2,68;0;220;false;true;true;2,74;0;2,74
1429;2,68;0;220;false;true;true;2,74;0;2,74
1430;2,68;0;220;false;true;true;2,74;0;2,74
1431;2,68;0;220;false;true;true;2,74;0;2,74
1432;2,68;0;220;false;true;true;2,74;0;2,74
1433;2,68;0;220;false;true;true;2,74;0;2,74
1434;2,68;0;220;false;true;true;2,74;0;2,74
1435;2,69;0;220;false;true;true;2,74;0;2,74
1436;2,69;0;220;false;true;true;2,74;0;2,74
1437;2,69;0;220;false;true;true;2,74;0;2,74
1438;2,69;0;220;false;true;true;2,74;0;2,74
1439;2,69;0;220;false;true;true;2,74;0;2,74
1440;2,69;0;220;false;true;true;2,74;0;2,74
1441;2,69;0;220;false;true;true;2,74;0;2,74
1442;2,69;0;220;false;true;true;2,74;0;2,74
1443;2,7;0;220;false;true;true;2,74;0;2,74
1444;2,7;0;220;false;true;true;2,74;0;2,74
1445;2,7;0;220;false;true;true;2,74;0;2,74
1446;2,7;0;220;false;true;true;2,74;0;2,74
1447;2,7;0;220;false;true;true;2,74;0;2,74
1448;2,7;0;220;false;true;true;2,74;0;2,74
1449;2,7;0;220;false;true;true;2,74;0;2,74
1450;2,7;0;220;false;true;true;2,74;0;2,74
1451;2,7;0;220;false;true;true;2,74;0;2,74
1452;2,71;0;220;false;true;true;2,74;0;2,74
1453;2,71;0;220;false;true;true;2,74;0;2,74
1454;2,71;0;220;false;true;true;2,74;0;2,74
1455;2,71;0;220;false;true;true;2,74;0;2,74
1456;2,71;0;220;false;true;true;2,74;0;2,74
1457;2,71;0;220;false;true;true;2,74;0;2,74
1458;2,71;0;220;false;true;true;2,74;0;2,74
1459;2,71;0;220;false;true;true;2,74;0;2,74
1460;2,71;0;220;false;true;true;2,74;0;2,74
1461;2,72;0;220;false;true;true;2,74;0;2,74
1462;2,72;0;220;false;true;true;2,74;0;2,74
1463;2,72;0;220;false;true;true;2,74;0;2,74
1464;2,72;0;220;false;true;true;2,74;0;2,74
1465;2,72;0;220;false;true;true;2,74;0;2,74
1466;2,72;0;220;false;true;true;2,74;0;2,74
1467;2,72;0;220;false;true;true;2,74;0;2,74
1468;2,72;0;220;false;true;true;2,74;0;2,74
1469;2,72;0;220;false;true;true;2,74;0;2,74
1470;2,73;0;220;false;true;true;2,74;0;2,74
1471;2,73;0;220;false;true;true;2,74;0;2,74
1472;2,73;0;220;false;true;true;2,74;0;2,74
1473;2,73;0;220;false;true;true;2,74;0;2,74
1474;2,73;0;220;false;true;true;2,74;0;2,74
1475;2,73;0;220;false;true;true;2,74;0;2,74
1476;2,73;0;220;false;true;true;2,74;0;2,74
1477;2,73;0;220;false;true;true;2,74;0;2,74
1478;2,74;0;220;false;true;true;2,74;0;2,74
1479;2,74;0;220;false;true;true;2,74;0;2,74
1480;2,74;0;220;false;true;true;2,74;0;2,74
1481;2,74;0;220;false;true;true;2,74;0;2,74
1482;2,74;0;220;false;true;true;2,74;0;2,74
1483;2,74;0;220;false;true;true;2,74;0;2,74
1484;2,74;0;220;false;true;true;2,74;0;2,74
1485;2,74;0;220;false;true;true;2,74;0;2,74
1486;2,75;0;220;false;true;true;2,74;0;2,74
1487;2,75;0;220;false;true;true;2,74;0;2,74
1488;2,75;0;220;false;true;true;2,74;0;2,74
1489;2,75;0;220;false;true;true;2,74;0;2,74
1490;2,75;0;220;false;true;true;2,74;0;2,74
1491;2,75;0;220;false;true;true;2,74;0;2,74
1492;2,75;0;220;false;true;true;2,74;0;2,74
1493;2,75;0;220;false;true;true;2,74;0;2,74
1494;2,75;0;220;false;true;true;2,74;0;2,74
1495;2,76;0;220;false;true;true;2,74;0;2,74
1496;2,76;0;220;false;true;true;2,74;0;2,74
1497;2,76;0;220;false;true;true;2,74;0;2,74
1498;2,76;0;220;false;true;true;2,74;0;2,74
1499;2,76;0;220;false;true;true;2,74;0;2,74
1500;2,77;0;220;false;true;true;2,74;0;2,74
1501;2,77;0;220;false;true;true;2,74;0;2,74
1502;2,77;0;220;false;true;true;2,74;0;2,74
1503;2,77;0;220;false;true;true;2,74;0;2,74
1504;2,77;0;220;false;true;true;2,74;0;2,74
1505;2,77;0;220;false;true;true;2,74;0;2,74
1506;2,77;0;220;false;true;true;2,74;0;2,74
1507;2,77;0;220;false;true;true;2,74;0;2,74
1508;2,78;0;220;false;true;true;2,74;0;2,74
1509;2,78;0;220;false;true;true;2,74;0;2,74
1510;2,78;0;220;false;true;true;2,74;0;2,74
1511;2,78;0;220;false;true;true;2,74;0;2,74
1512;2,78;0;220;false;true;true;2,74;0;2,74
1513;2,78;0;220;false;true;true;2,74;0;2,74
1514;2,78;0;220;false;true;true;2,74;0;2,74
1515;2,79;0;220;false;true;true;2,74;0;2,74
1516;2,79;0;220;false;true;true;2,74;0;2,74
1517;2,79;0;220;false;true;true;2,74;0;2,74
1518;2,79;0;220;false;true;true;2,74;0;2,74
1519;2,79;0;220;false;true;true;2,74;0;2,74
1520;2,79;0;220;false;true;true;2,74;0;2,74
1521;2,79;0;220;false;true;true;2,74;0;2,74
1522;2,79;0;220;false;true;true;2,74;0;2,74
1523;2,79;0;220;false;true;true;2,74;0;2,74
1524;2,79;0;220;false;true;true;2,74;0;2,74
1525;2,8;0;220;false;true;true;2,74;0;2,74
1526;2,8;0;220;false;true;true;2,74;0;2,74
1527;2,8;0;220;false;true;true;2,74;0;2,74
1528;2,8;0;220;false;true;true;2,74;0;2,74
1529;2,8;0;220;false;true;true;2,74;0;2,74
1530;2,8;0;220;false;true;true;2,74;0;2,74
1531;2,8;0;220;false;true;true;2,74;0;2,74
1532;2,8;0;220;false;true;true;2,74;0;2,74
1533;2,8;0;220;false;true;true;2,74;0;2,74
1534;2,8;0;220;false;true;true;2,74;0;2,74
1535;2,81;0;220;false;true;true;2,74;0;2,74
1536;2,81;0;220;false;true;true;2,74;0;2,74
1537;2,81;0;220;false;true;true;2,74;0;2,74
1538;2,81;0;220;false;true;true;2,74;0;2,74
1539;2,81;0;220;false;true;true;2,74;0;2,74
1540;2,81;0;220;false;true;true;2,74;0;2,74
1541;2,81;0;220;false;true;true;2,74;0;2,74
1542;2,81;0;220;false;true;true;2,74;0;2,74
1543;2,81;0;220;false;true;true;2,74;0;2,74
1544;2,82;0;220;false;true;true;2,74;0;2,74
1545;2,82;0;220;false;true;true;2,74;0;2,74
1546;2,82;0;220;false;true;true;2,74;0;2,74
1547;2,82;0;220;false;true;true;2,74;0;2,74
1548;2,82;0;220;false;true;true;2,74;0;2,74
1549;2,82;0;220;false;true;true;2,74;0;2,74
1550;2,82;0;220;false;true;true;2,74;0;2,74
1551;2,83;0;220;false;true;true;2,74;0;2,74
1552;2,83;0;220;false;true;true;2,74;0;2,74
1553;3,01;0;220;false;true;true;2,74;0;2,74
1554;3,01;0;220;false;true;true;2,74;0;2,74
1555;3,01;0;220;false;true;true;2,74;0;2,74
1556;3,01;0;220;false;true;true;2,74;0;2,74
1557;3,02;0;220;false;true;true;2,74;0;2,74
1558;3,02;0;220;false;true;true;2,74;0;2,74
1559;3,02;0;220;false;true;true;2,74;0;2,74
1560;3,02;0;220;false;true;true;2,74;0;2,74
1561;3,02;0;220;false;true;true;2,74;0;2,74
1562;3,02;0;220;false;true;true;2,74;0;2,74
1563;3,02;0;220;false;true;true;2,74;0;2,74
1564;3,02;0;220;false;true;true;2,74;0;2,74
1565;3,02;0;220;false;true;true;2,74;0;2,74
1566;3,02;0;220;false;true;true;2,74;0;2,74
1567;3,03;0;220;false;true;true;2,74;0;2,74
1568;3,03;0;220;false;true;true;2,74;0;2,74
1569;3,03;0;220;false;true;true;2,74;0;2,74
1570;3,03;0;220;false;true;true;2,74;0;2,74
1571;3,03;0;220;false;true;true;2,74;0;2,74
1572;3,03;0;220;false;true;true;2,74;0;2,74
1573;3,03;0;220;false;true;true;2,74;0;2,74
1574;3,03;0;220;false;true;true;2,74;0;2,74
1575;3,03;0;220;false;true;true;2,74;0;2,74
1576;3,03;0;220;false;true;true;2,74;0;2,74
1577;3,04;0;220;false;true;true;2,74;0;2,74
1578;3,04;0;220;false;true;true;2,74;0;2,74
1579;3,04;0;220;false;true;true;2,74;0;2,74
1580;3,04;0;220;false;true;true;2,74;0;2,74
1581;3,04;0;220;false;true;true;2,74;0;2,74
1582;3,04;0;220;false;true;true;2,74;0;2,74
1583;3,04;0;220;false;true;true;2,74;0;2,74
1584;3,04;0;220;false;true;true;2,74;0;2,74
1585;3,04;0;220;false;true;true;2,74;0;2,74
1586;3,04;0;220;false;true;true;2,74;0;2,74
1587;3,05;0;220;false;true;true;2,74;0;2,74
1588;3,05;0;220;false;true;true;2,74;0;2,74
1589;3,05;0;220;false;true;true;2,74;0;2,74
1590;3,05;0;220;false;true;true;2,74;0;2,74
1591;3,05;0;220;false;true;true;2,74;0;2,74
1592;3,05;0;220;false;true;true;2,74;0;2,74
1593;3,05;0;220;false;true;true;2,74;0;2,74
1594;3,05;0;220;false;true;true;2,74;0;2,74
1595;3,05;0;220;false;true;true;2,74;0;2,74
1596;3,05;0;220;false;true;true;2,74;0;2,74
1597;3,06;0;220;false;true;true;2,74;0;2,74
1598;3,06;0;220;false;true;true;2,74;0;2,74
1599;3,06;0;220;false;true;true;2,74;0;2,74
1600;3,06;0;220;false;true;true;2,74;0;2,74
1601;3,06;0;220;false;true;true;2,74;0;2,74
1602;3,06;0;220;false;true;true;2,74;0;2,74
1603;3,06;0;220;false;true;true;2,74;0;2,74
1604;3,06;0;220;false;true;true;2,74;0;2,74
1605;3,06;0;220;false;true;true;2,74;0;2,74
1606;3,06;0;220;false;true;true;2,74;0;2,74
1607;3,07;0;220;false;true;true;2,74;0;2,74
1608;3,07;0;220;false;true;true;2,74;0;2,74
1609;3,07;0;220;false;true;true;2,74;0;2,74
1610;3,07;0;220;false;true;true;2,74;0;2,74
1611;3,07;0;220;false;true;true;2,74;0;2,74
1612;3,07;0;220;false;true;true;2,74;0;2,74
1613;3,07;0;220;false;true;true;2,74;0;2,74
1614;3,07;0;220;false;true;true;2,74;0;2,74
1615;3,07;0;220;false;true;true;2,74;0;2,74
1616;3,07;0;220;false;true;true;2,74;0;2,74
1617;3,08;0;220;false;true;true;2,74;0;2,74
1618;3,08;0;220;false;true;true;2,74;0;2,74
1619;3,08;0;220;false;true;true;2,74;0;2,74
1620;3,08;0;220;false;true;true;2,74;0;2,74
1621;3,08;0;220;false;true;true;2,74;0;2,74
1622;3,08;0;220;false;true;true;2,74;0;2,74
1623;3,08;0;220;false;true;true;2,74;0;2,74
1624;3,08;0;220;false;true;true;2,74;0;2,74
1625;3,08;0;220;false;true;true;2,74;0;2,74
1626;3,08;0;220;false;true;true;2,74;0;2,74
1627;3,09;0;220;false;true;true;2,74;0;2,74
1628;3,09;0;220;false;true;true;2,74;0;2,74
1629;3,09;0;220;false;true;true;2,74;0;2,74
1630;3,09;0;220;false;true;true;2,74;0;2,74
1631;3,09;0;220;false;true;true;2,74;0;2,74
1632;3,09;0;220;false;true;true;2,74;0;2,74
1633;3,09;0;220;false;true;true;2,74;0;2,74
1634;3,09;0;220;false;true;true;2,74;0;2,74
1635;3,09;0;220;false;true;true;2,74;0;2,74
1636;3,1;0;220;false;true;true;2,74;0;2,74
1637;3,1;0;220;false;true;true;2,74;0;2,74
1638;3,1;0;220;false;true;true;2,74;0;2,74
1639;3,1;0;220;false;true;true;2,74;0;2,74
1640;3,1;0;220;false;true;true;2,74;0;2,74
1641;3,1;0;220;false;true;true;2,74;0;2,74
1642;3,1;0;220;false;true;true;2,74;0;2,74
1643;3,1;0;220;false;true;true;2,74;0;2,74
1644;3,1;0;220;false;true;true;2,74;0;2,74
1645;3,1;0;220;false;true;true;2,74;0;2,74
1646;3,11;0;220;false;true;true;2,74;0;2,74
1647;3,11;0;220;false;true;true;2,74;0;2,74
1648;3,11;0;220;false;true;true;2,74;0;2,74
1649;3,11;0;220;false;true;true;2,74;0;2,74
1650;3,11;0;220;false;true;true;2,74;0;2,74
1651;3,11;0;220;false;true;true;2,74;0;2,74
1652;3,11;0;220;false;true;true;2,74;0;2,74
1653;3,12;0;220;false;true;true;2,74;0;2,74
1654;3,12;0;220;false;true;true;2,74;0;2,74
1655;3,12;0;220;false;true;true;2,74;0;2,74
1656;3,12;0;220;false;true;true;2,74;0;2,74
1657;3,12;0;220;false;true;true;2,74;0;2,74
1658;3,12;0;220;false;true;true;2,74;0;2,74
1659;3,12;0;220;false;true;true;2,74;0;2,74
1660;3,12;0;220;false;true;true;2,74;0;2,74
1661;3,12;0;220;false;true;true;2,74;0;2,74
1662;3,13;0;220;false;true;true;2,74;0;2,74
1663;3,13;0;220;false;true;true;2,74;0;2,74
1664;3,13;0;220;false;true;true;2,74;0;2,74
1665;3,13;0;220;false;true;true;2,74;0;2,74
1666;3,13;0;220;false;true;true;2,74;0;2,74
1667;3,13;0;220;false;true;true;2,74;0;2,74
1668;3,13;0;220;false;true;true;2,74;0;2,74
1669;3,13;0;220;false;true;true;2,74;0;2,74
1670;3,14;0;220;false;true;true;2,74;0;2,74
1671;3,14;0;220;false;true;true;2,74;0;2,74
1672;3,14;0;220;false;true;true;2,74;0;2,74
1673;3,14;0;220;false;true;true;2,74;0;2,74
1674;3,14;0;220;false;true;true;2,74;0;2,74
1675;3,14;0;220;false;true;true;2,74;0;2,74
1676;3,14;0;220;false;true;true;2,74;0;2,74
1677;3,14;0;220;false;true;true;2,74;0;2,74
1678;3,14;0;220;false;true;true;2,74;0;2,74
1679;3,14;0;220;false;true;true;2,74;0;2,74
1680;3,15;0;220;false;true;true;2,74;0;2,74
1681;3,15;0;220;false;true;true;2,74;0;2,74
1682;3,15;0;220;false;true;true;2,74;0;2,74
1683;3,15;0;220;false;true;true;2,74;0;2,74
1684;3,15;0;220;false;true;true;2,74;0;2,74
1685;3,15;0;220;false;true;true;2,74;0;2,74
1686;3,15;0;220;false;true;true;2,74;0;2,74
1687;3,15;0;220;false;true;true;2,74;0;2,74
1688;3,15;0;220;false;true;true;2,74;0;2,74
1689;3,15;0;220;false;true;true;2,74;0;2,74
1690;3,16;0;220;false;true;true;2,74;0;2,74
1691;3,16;0;220;false;true;true;2,74;0;2,74
1692;3,16;0;220;false;true;true;2,74;0;2,74
1693;3,16;0;220;false;true;true;2,74;0;2,74
1694;3,16;0;220;false;true;true;2,74;0;2,74
1695;3,16;0;220;false;true;true;2,74;0;2,74
1696;3,16;0;220;false;true;true;2,74;0;2,74
1697;3,16;0;220;false;true;true;2,74;0;2,74
1698;3,16;0;220;false;true;true;2,74;0;2,74
1699;3,17;0;220;false;true;true;2,74;0;2,74
1700;3,17;0;220;false;true;true;2,74;0;2,74
1701;3,17;0;220;false;true;true;2,74;0;2,74
1702;3,17;0;220;false;true;true;2,74;0;2,74
1703;3,17;0;220;false;true;true;2,74;0;2,74
1704;3,17;0;220;false;true;true;2,74;0;2,74
1705;3,17;0;220;false;true;true;2,74;0;2,74
1706;3,17;0;220;false;true;true;2,74;0;2,74
1707;3,17;0;220;false;true;true;2,74;0;2,74
1708;3,18;0;220;false;true;true;2,74;0;2,74
1709;3,18;0;220;false;true;true;2,74;0;2,74
1710;3,18;0;220;false;true;true;2,74;0;2,74
1711;3,18;0;220;false;true;true;2,74;0;2,74
1712;3,18;0;220;false;true;true;2,74;0;2,74
1713;3,18;0;220;false;true;true;2,74;0;2,74
1714;3,18;0;220;false;true;true;2,74;0;2,74
1715;3,18;0;220;false;true;true;2,74;0;2,74
1716;3,18;0;220;false;true;true;2,74;0;2,74
1717;3,18;0;220;false;true;true;2,74;0;2,74
1718;3,19;0;220;false;true;true;2,74;0;2,74
1719;3,19;0;220;false;true;true;2,74;0;2,74
1720;3,19;0;220;false;true;true;2,74;0;2,74
1721;3,19;0;220;false;true;true;2,74;0;2,74
1722;3,19;0;220;false;true;true;2,74;0;2,74
1723;3,19;0;220;false;true;true;2,74;0;2,74
1724;3,19;0;220;false;true;true;2,74;0;2,74
1725;3,19;0;220;false;true;true;2,74;0;2,74
1726;3,19;0;220;false;true;true;2,74;0;2,74
1727;3,19;0;220;false;true;true;2,74;0;2,74
1728;3,2;0;220;false;true;true;2,74;0;2,74
1729;3,2;0;220;false;true;true;2,74;0;2,74
1730;3,2;0;220;false;true;true;2,74;0;2,74
1731;3,2;0;220;false;true;true;2,74;0;2,74
1732;3,2;0;220;false;true;true;2,74;0;2,74
1733;3,2;0;220;false;true;true;2,74;0;2,74
1734;3,2;0;220;false;true;true;2,74;0;2,74
1735;3,2;0;220;false;true;true;2,74;0;2,74
1736;3,2;0;220;false;true;true;2,74;0;2,74
1737;3,2;0;220;false;true;true;2,74;0;2,74
1738;3,21;0;220;false;true;true;2,74;0;2,74
1739;3,21;0;220;false;true;true;2,74;0;2,74
1740;3,21;0;220;false;true;true;2,74;0;2,74
1741;3,21;0;220;false;true;true;2,74;0;2,74
1742;3,21;0;220;false;true;true;2,74;0;2,74
1743;3,21;0;220;false;true;true;2,74;0;2,74
1744;3,21;0;220;false;true;true;2,74;0;2,74
1745;3,21;0;220;false;true;true;2,74;0;2,74
1746;3,22;0;220;false;true;true;2,74;0;2,74
1747;3,22;0;220;false;true;true;2,74;0;2,74
1748;3,22;0;220;false;true;true;2,74;0;2,74
1749;3,22;0;220;false;true;true;2,74;0;2,74
1750;3,22;0;220;false;true;true;2,74;0;2,74
1751;3,22;0;220;false;true;true;2,74;0;2,74
1752;3,22;0;220;false;true;true;2,74;0;2,74
1753;3,22;0;220;false;true;true;2,74;0;2,74
1754;3,22;0;220;false;true;true;2,74;0;2,74
1755;3,23;0;220;false;true;true;2,74;0;2,74
1756;3,23;0;220;false;true;true;2,74;0;2,74
1757;3,23;0;220;false;true;true;2,74;0;2,74
1758;3,23;0;220;false;true;true;2,74;0;2,74
1759;3,23;0;220;false;true;true;2,74;0;2,74
1760;3,23;0;220;false;true;true;2,74;0;2,74
1761;3,23;0;220;false;true;true;2,74;0;2,74
1762;3,23;0;220;false;true;true;2,74;0;2,74
1763;3,23;0;220;false;true;true;2,74;0;2,74
1764;3,23;0;220;false;true;true;2,74;0;2,74
1765;3,24;0;220;false;true;true;2,74;0;2,74
1766;3,24;0;220;false;true;true;2,74;0;2,74
1767;3,24;0;220;false;true;true;2,74;0;2,74
1768;3,24;0;220;false;true;true;2,74;0;2,74
1769;3,24;0;220;false;true;true;2,74;0;2,74
1770;3,24;0;220;false;true;true;2,74;0;2,74
1771;3,24;0;220;false;true;true;2,74;0;2,74
1772;3,24;0;220;false;true;true;2,74;0;2,74
1773;3,24;0;220;false;true;true;2,74;0;2,74
1774;3,24;0;220;false;true;true;2,74;0;2,74
1775;3,25;0;220;false;true;true;2,74;0;2,74
1776;3,25;0;220;false;true;true;2,74;0;2,74
1777;3,25;0;220;false;true;true;2,74;0;2,74
1778;3,25;0;220;false;true;true;2,74;0;2,74
1779;3,25;0;220;false;true;true;2,74;0;2,74
1780;3,25;0;220;false;true;true;2,74;0;2,74
1781;3,25;0;220;false;true;true;2,74;0;2,74
1782;3,25;0;220;false;true;true;2,74;0;2,74
1783;3,25;0;220;false;true;true;2,74;0;2,74
1784;3,26;0;220;false;true;true;2,74;0;2,74
1785;3,26;0;220;false;true;true;2,74;0;2,74
1786;3,26;0;220;false;true;true;2,74;0;2,74
1787;3,26;0;220;false;true;true;2,74;0;2,74
1788;3,26;0;220;false;true;true;2,74;0;2,74
1789;3,26;0;220;false;true;true;2,74;0;2,74
1790;3,26;0;220;false;true;true;2,74;0;2,74
1791;3,26;0;220;false;true;true;2,74;0;2,74
1792;3,26;0;220;false;true;true;2,74;0;2,74
1793;3,26;0;220;false;true;true;2,74;0;2,74
1794;3,27;0;220;false;true;true;2,74;0;2,74
1795;3,27;0;220;false;true;true;2,74;0;2,74
1796;3,27;0;220;false;true;true;2,74;0;2,74
1797;3,27;0;220;false;true;true;2,74;0;2,74
1798;3,27;0;220;false;true;true;2,74;0;2,74
1799;3,27;0;220;false;true;true;2,74;0;2,74
1800;3,27;0;220;false;true;true;2,74;0;2,74
1801;3,27;0;220;false;true;true;2,74;0;2,74
1802;3,27;0;220;false;true;true;2,74;0;2,74
1803;3,27;0;220;false;true;true;2,74;0;2,74
1804;3,28;0;220;false;true;true;2,74;0;2,74
1805;3,28;0;220;false;true;true;2,74;0;2,74
1806;3,28;0;220;false;true;true;2,74;0;2,74
1807;3,28;0;220;false;true;true;2,74;0;2,74
1808;3,28;0;220;false;true;true;2,74;0;2,74
1809;3,28;0;220;false;true;true;2,74;0;2,74
1810;3,28;0;220;false;true;true;2,74;0;2,74
1811;3,28;0;220;false;true;true;2,74;0;2,74
1812;3,28;0;220;false;true;true;2,74;0;2,74
1813;3,28;0;220;false;true;true;2,74;0;2,74
1814;3,29;0;220;false;true;true;2,74;0;2,74
1815;3,29;0;220;false;true;true;2,74;0;2,74
1816;3,29;0;220;false;true;true;2,74;0;2,74
1817;3,29;0;220;false;true;true;2,74;0;2,74
1818;3,29;0;220;false;true;true;2,74;0;2,74
1819;3,29;0;220;false;true;true;2,74;0;2,74
1820;3,29;0;220;false;true;true;2,74;0;2,74
1821;3,29;0;220;false;true;true;2,74;0;2,74
1822;3,29;0;220;false;true;true;2,74;0;2,74
1823;3,29;0;220;false;true;true;2,74;0;2,74
1824;3,3;0;220;false;true;true;2,74;0;2,74
1825;3,3;0;220;false;true;true;2,74;0;2,74
1826;3,3;0;220;false;true;true;2,74;0;2,74
1827;3,3;0;220;false;true;true;2,74;0;2,74
1828;3,3;0;220;false;true;true;2,74;0;2,74
1829;3,3;0;220;false;true;true;2,74;0;2,74
1830;3,3;0;220;false;true;true;2,74;0;2,74
1831;3,3;0;220;false;true;true;2,74;0;2,74
1832;3,3;0;220;false;true;true;2,74;0;2,74
1833;3,3;0;220;false;true;true;2,74;0;2,74
1834;3,31;0;220;false;true;true;2,74;0;2,74
1835;3,31;0;220;false;true;true;2,74;0;2,74
1836;3,31;0;220;false;true;true;2,74;0;2,74
1837;3,31;0;220;false;true;true;2,74;0;2,74
1838;3,31;0;220;false;true;true;2,74;0;2,74
1839;3,31;0;220;false;true;true;2,74;0;2,74
1840;3,31;0;220;false;true;true;2,74;0;2,74
1841;3,31;0;220;false;true;true;2,74;0;2,74
1842;3,31;0;220;false;true;true;2,74;0;2,74
1843;3,31;0;220;false;true;true;2,74;0;2,74
1844;3,32;0;220;false;true;true;2,74;0;2,74
1845;3,32;0;220;false;true;true;2,74;0;2,74
1846;3,32;0;220;false;true;true;2,74;0;2,74
1847;3,32;0;220;false;true;true;2,74;0;2,74
1848;3,32;0;220;false;true;true;2,74;0;2,74
1849;3,32;0;220;false;true;true;2,74;0;2,74
1850;3,32;0;220;false;true;true;2,74;0;2,74
1851;3,32;0;220;false;true;true;2,74;0;2,74
1852;3,32;0;220;false;true;true;2,74;0;2,74
1853;3,32;0;220;false;true;true;2,74;0;2,74
1854;3,33;0;220;false;true;true;2,74;0;2,74
1855;3,33;0;220;false;true;true;2,74;0;2,74
1856;3,33;0;220;false;true;true;2,74;0;2,74
1857;3,33;0;220;false;true;true;2,74;0;2,74
1858;3,33;0;220;false;true;true;2,74;0;2,74
1859;3,33;0;220;false;true;true;2,74;0;2,74
1860;3,33;0;220;false;true;true;2,74;0;2,74
1861;3,33;0;220;false;true;true;2,74;0;2,74
1862;3,33;0;220;false;true;true;2,74;0;2,74
1863;3,34;0;220;false;true;true;2,74;0;2,74
1864;3,34;0;220;false;true;true;2,74;0;2,74
1865;3,34;0;220;false;true;true;2,74;0;2,74
1866;3,34;0;220;false;true;true;2,74;0;2,74
1867;3,34;0;220;false;true;true;2,74;0;2,74
1868;3,34;0;220;false;true;true;2,74;0;2,74
1869;3,34;0;220;false;true;true;2,74;0;2,74
1870;3,34;0;220;false;true;true;2,74;0;2,74
1871;3,34;0;220;false;true;true;2,74;0;2,74
1872;3,34;0;220;false;true;true;2,74;0;2,74
1873;3,35;0;220;false;true;true;2,74;0;2,74
1874;3,35;0;220;false;true;true;2,74;0;2,74
1875;3,35;0;220;false;true;true;2,74;0;2,74
1876;3,35;0;220;false;true;true;2,74;0;2,74
1877;3,35;0;220;false;true;true;2,74;0;2,74
1878;3,35;0;220;false;true;true;2,74;0;2,74
1879;3,35;0;220;false;true;true;2,74;0;2,74
1880;3,35;0;220;false;true;true;2,74;0;2,74
1881;3,35;0;220;false;true;true;2,74;0;2,74
1882;3,35;0;220;false;true;true;2,74;0;2,74
1883;3,36;0;220;false;true;true;2,74;0;2,74
1884;3,36;0;220;false;true;true;2,74;0;2,74
1885;3,36;0;220;false;true;true;2,74;0;2,74
1886;3,36;0;220;false;true;true;2,74;0;2,74
1887;3,36;0;220;false;true;true;2,74;0;2,74
1888;3,36;0;220;false;true;true;2,74;0;2,74
1889;3,36;0;220;false;true;true;2,74;0;2,74
1890;3,36;0;220;false;true;true;2,74;0;2,74
1891;3,36;0;220;false;true;true;2,74;0;2,74
1892;3,36;0;220;false;true;true;2,74;0;2,74
1893;3,37;0;220;false;true;true;2,74;0;2,74
1894;3,37;0;220;false;true;true;2,74;0;2,74
1895;3,37;0;220;false;true;true;2,74;0;2,74
1896;3,37;0;220;false;true;true;2,74;0;2,74
1897;3,37;0;220;false;true;true;2,74;0;2,74
1898;3,37;0;220;false;true;true;2,74;0;2,74
1899;3,37;0;220;false;true;true;2,74;0;2,74
1900;3,37;0;220;false;true;true;2,74;0;2,74
1901;3,37;0;220;false;true;true;2,74;0;2,74
1902;3,37;0;220;false;true;true;2,74;0;2,74
1903;3,38;0;220;false;true;true;2,74;0;2,74
1904;3,38;0;220;false;true;true;2,74;0;2,74
1905;3,38;0;220;false;true;true;2,74;0;2,74
1906;3,38;0;220;false;true;true;2,74;0;2,74
1907;3,38;0;220;false;true;true;2,74;0;2,74
1908;3,38;0;220;false;true;true;2,74;0;2,74
1909;3,38;0;220;false;true;true;2,74;0;2,74
1910;3,38;0;220;false;true;true;2,74;0;2,74
1911;3,38;0;220;false;true;true;2,74;0;2,74
1912;3,38;0;220;false;true;true;2,74;0;2,74
1913;3,38;0;220;false;true;true;2,74;0;2,74
1914;3,39;0;220;false;true;true;2,74;0;2,74
1915;3,39;0;220;false;true;true;2,74;0;2,74
1916;3,39;0;220;false;true;true;2,74;0;2,74
1917;3,39;0;220;false;true;true;2,74;0;2,74
1918;3,39;0;220;false;true;true;2,74;0;2,74
1919;3,39;0;220;false;true;true;2,74;0;2,74
1920;3,39;0;220;false;true;true;2,74;0;2,74
1921;3,39;0;220;false;true;true;2,74;0;2,74
1922;3,39;0;220;false;true;true;2,74;0;2,74
1923;3,4;0;220;false;true;true;2,74;0;2,74
1924;3,4;0;220;false;true;true;2,74;0;2,74
1925;3,4;0;220;false;true;true;2,74;0;2,74
1926;3,4;0;220;false;true;true;2,74;0;2,74
1927;3,4;0;220;false;true;true;2,74;0;2,74
1928;3,4;0;220;false;true;true;2,74;0;2,74
1929;3,4;0;220;false;true;true;2,74;0;2,74
1930;3,4;0;220;false;true;true;2,74;0;2,74
1931;3,4;0;220;false;true;true;2,74;0;2,74
1932;3,4;0;220;false;true;true;2,74;0;2,74
1933;3,41;0;220;false;true;true;2,74;0;2,74
1934;3,41;0;220;false;true;true;2,74;0;2,74
1935;3,41;0;220;false;true;true;2,74;0;2,74
1936;3,41;0;220;false;true;true;2,