lengthMiddleSegment: 60080.82
step_energy: 0.05
electrostatic_force_factor: 1.0
spring_force_factor: 0.1
reject_force_factor: 2.0
distanceRejectRadius: 15020.205
distanceSamePosition: 15020.205
Iteration;time;energy;num nodes;reject force is enabled;spring force is enabled;electrostatic force is enabled;str_force;rep_force;elec_force
1;0;47,81;1283;false;true;true;17,98;0;29,99
2;0,04;54,86;1235;false;true;true;20,89;0;35,55
3;0,11;50,93;1190;false;true;true;20,28;0;33,04
4;0,12;48,74;1141;false;true;true;19,76;0;31,25
5;0,13;47,17;1100;false;true;true;20,1;0;29,4
6;0,13;45,39;1069;false;true;true;19,22;0;29,36
7;0,15;43,69;1031;false;true;true;20,56;0;27,33
8;0,16;42,01;1004;false;true;true;19,12;0;26,65
9;0,17;40,52;979;false;true;true;18,85;0;24,83
10;0,18;40,27;958;false;true;true;17,89;0;25,22
11;0,18;39,56;934;false;true;true;19,15;0;23,8
12;0,19;37,94;914;false;true;true;18,43;0;23,78
13;0,19;38,23;894;false;true;true;19,38;0;23,15
14;0,2;36,42;876;false;true;true;18,97;0;22,76
15;0,2;35,21;854;false;true;true;19,16;0;20,33
16;0,21;34,18;841;false;true;true;18,37;0;20,98
17;0,22;34,49;828;false;true;true;18,75;0;22,64
18;0,23;32,9;810;false;true;true;19,42;0;19,08
19;0,23;33,13;801;false;true;true;18,76;0;21,17
20;0,24;33,17;787;false;true;true;19,02;0;20,98
21;0,25;32,41;775;false;true;true;19,44;0;20,17
22;0,26;30,76;761;false;true;true;18,19;0;16,79
23;0,28;30,07;754;false;true;true;17,32;0;17,87
24;0,28;28,63;741;false;true;true;17,27;0;14,6
25;0,29;28,77;737;false;true;true;16,71;0;16,86
26;0,29;28,09;731;false;true;true;17,36;0;17,71
27;0,3;27,92;721;false;true;true;18,66;0;16,72
28;0,3;28,7;715;false;true;true;18,5;0;17,9
29;0,31;28,61;707;false;true;true;18,34;0;17,75
30;0,31;28,05;694;false;true;true;18,42;0;14,69
31;0,31;27,97;689;false;true;true;17,21;0;16,22
32;0,32;27,75;680;false;true;true;17,35;0;15,88
33;0,32;27,35;672;false;true;true;17,76;0;15,93
34;0,33;26,79;666;false;true;true;17,26;0;16,69
35;0,33;25,15;656;false;true;true;17,12;0;13,81
36;0,34;24,99;653;false;true;true;17,32;0;15,71
37;0,34;25,35;646;false;true;true;17,34;0;15,14
38;0,34;24,79;640;false;true;true;17,34;0;14,98
39;0,35;23,52;634;false;true;true;17,31;0;13,64
40;0,35;23,85;631;false;true;true;17,04;0;14,73
41;0,35;23,32;626;false;true;true;16,75;0;14,35
42;0,36;22,69;621;false;true;true;16,72;0;13,35
43;0,36;22,5;617;false;true;true;16,99;0;13,51
44;0,36;21,72;611;false;true;true;16,73;0;12,4
45;0,37;21,62;609;false;true;true;16,68;0;13,87
46;0,37;21,81;606;false;true;true;17,33;0;14,71
47;0,37;21,18;599;false;true;true;17,27;0;12,53
48;0,38;21,19;596;false;true;true;16,83;0;12,89
49;0,38;21;593;false;true;true;16,46;0;13,07
50;0,38;20,13;589;false;true;true;16,72;0;12,71
51;0,39;19,79;585;false;true;true;16,24;0;11,82
52;0,39;20,19;581;false;true;true;15,98;0;11,61
53;0,4;20,34;578;false;true;true;16,08;0;12,06
54;0,4;20,06;573;false;true;true;15,3;0;10,72
55;0,4;19,55;570;false;true;true;14,49;0;10,19
56;0,41;19,09;568;false;true;true;14,7;0;10,82
57;0,41;19,13;566;false;true;true;14,83;0;11,05
58;0,41;19,46;563;false;true;true;15,6;0;11,41
59;0,42;18,91;559;false;true;true;15,64;0;10,45
60;0,42;18,75;557;false;true;true;15,24;0;11,01
61;0,42;18,24;553;false;true;true;14,5;0;9,91
62;0,43;18,07;551;false;true;true;14,75;0;10,14
63;0,43;16,99;548;false;true;true;14,7;0;9,04
64;0,43;16,91;547;false;true;true;15,03;0;9,72
65;0,44;17,61;546;false;true;true;15,63;0;10,95
66;0,44;17,14;541;false;true;true;15,03;0;8,82
67;0,45;16,14;539;false;true;true;14,59;0;8,31
68;0,45;16,16;538;false;true;true;14,28;0;8,94
69;0,46;15,96;536;false;true;true;14,15;0;8,74
70;0,46;16,11;533;false;true;true;14,19;0;7,93
71;0,47;15,75;532;false;true;true;14,08;0;8,48
72;0,47;15,39;530;false;true;true;13,79;0;8,42
73;0,47;15,13;529;false;true;true;13,63;0;8,59
74;0,48;15,12;528;false;true;true;14,05;0;8,87
75;0,48;14,97;527;false;true;true;14,28;0;9,17
76;0,49;14,89;525;false;true;true;14,58;0;9,01
77;0,49;15,27;525;false;true;true;15,01;0;10,45
78;0,49;15,2;522;false;true;true;14,79;0;9,52
79;0,5;15,28;520;false;true;true;14,6;0;9,39
80;0,5;15,68;519;false;true;true;14,63;0;10,14
81;0,5;16,03;515;false;true;true;14,32;0;8,89
82;0,51;15,35;512;false;true;true;13,79;0;7,99
83;0,51;15,26;511;false;true;true;13,24;0;8,39
84;0,51;14,9;509;false;true;true;12,98;0;8,05
85;0,52;15,03;509;false;true;true;13,41;0;9,28
86;0,52;15,14;507;false;true;true;13,72;0;9,1
87;0,52;14,6;503;false;true;true;13,54;0;7,43
88;0,53;14,35;503;false;true;true;13,46;0;8,33
89;0,53;14,06;502;false;true;true;13,19;0;8,33
90;0,53;14,18;502;false;true;true;13,61;0;9,39
91;0,54;14,37;501;false;true;true;14,25;0;9,95
92;0,54;14,38;499;false;true;true;14,59;0;9,71
93;0,55;14,65;498;false;true;true;14,96;0;10,51
94;0,55;14,52;494;false;true;true;14,17;0;8,61
95;0,55;14,65;493;false;true;true;14;0;9,05
96;0,55;14,82;492;false;true;true;13,83;0;9,46
97;0,55;14,67;489;false;true;true;13,66;0;8,36
98;0,56;14,45;488;false;true;true;13,66;0;8,8
99;0,56;14,16;486;false;true;true;13,46;0;8,39
100;0,56;14,21;485;false;true;true;13,32;0;8,76
101;0,56;14,29;484;false;true;true;13,42;0;9,13
102;0,57;13,8;481;false;true;true;13,21;0;7,85
103;0,57;13,69;481;false;true;true;13,41;0;8,72
104;0,57;13,71;480;false;true;true;13,48;0;9,03
105;0,57;14,15;479;false;true;true;13,75;0;9,61
106;0,57;14,23;477;false;true;true;13,96;0;9,51
107;0,58;14,04;475;false;true;true;13,86;0;9,09
108;0,58;14,62;473;false;true;true;13,41;0;8,95
109;0,58;14,41;469;false;true;true;12,68;0;7,22
110;0,59;13,76;468;false;true;true;12,51;0;7,36
111;0,59;13,7;468;false;true;true;12,64;0;8,3
112;0,59;13,45;466;false;true;true;12,65;0;7,62
113;0,59;13,31;466;false;true;true;12,97;0;8,47
114;0,6;13,73;466;false;true;true;13,57;0;9,76
115;0,6;13,82;461;false;true;true;13,25;0;7,39
116;0,6;13,68;461;false;true;true;13,18;0;8,42
117;0,6;13,01;459;false;true;true;12,96;0;7,69
118;0,61;12,94;459;false;true;true;13,08;0;8,54
119;0,61;13,05;458;false;true;true;13,3;0;9,09
120;0,61;13;455;false;true;true;13,12;0;8
121;0,62;12,87;453;false;true;true;13,15;0;7,59
122;0,62;12,54;453;false;true;true;12,99;0;8,3
123;0,62;12,44;452;false;true;true;13,15;0;8,63
124;0,62;12,46;451;false;true;true;13,13;0;8,82
125;0,63;12,49;450;false;true;true;13,39;0;9,19
126;0,63;12,52;449;false;true;true;13,78;0;9,59
127;0,63;12,29;447;false;true;true;13,94;0;9,26
128;0,63;12,25;446;false;true;true;13,6;0;9,54
129;0,64;12,4;444;false;true;true;13,18;0;9,05
130;0,68;12,63;444;false;true;true;13,59;0;10,32
131;0,68;12,23;440;false;true;true;13,34;0;8,24
132;0,69;11,96;439;false;true;true;12,96;0;8,33
133;0,69;11,82;438;false;true;true;12,48;0;8,27
134;0,69;11,65;437;false;true;true;12,44;0;8,39
135;0,69;11,77;435;false;true;true;12,37;0;7,68
136;0,69;11,62;435;false;true;true;12,48;0;8,53
137;0,7;11,43;433;false;true;true;12,19;0;7,9
138;0,7;11,08;431;false;true;true;11,54;0;6,78
139;0,7;10,87;431;false;true;true;11,6;0;7,38
140;0,7;10,76;430;false;true;true;11,41;0;7,17
141;0,71;10,53;429;false;true;true;11,32;0;6,86
142;0,71;10,51;429;false;true;true;11,66;0;7,48
143;0,71;10,28;427;false;true;true;11,69;0;6,82
144;0,71;10,16;427;false;true;true;11,79;0;7,32
145;0,72;10,28;427;false;true;true;12,05;0;8,01
146;0,72;10,27;425;false;true;true;11,43;0;6,87
147;0,72;10,15;425;false;true;true;11,61;0;7,4
148;0,72;10,21;424;false;true;true;11,72;0;7,31
149;0,72;10,29;424;false;true;true;12,04;0;8,04
150;0,73;10,24;421;false;true;true;11,6;0;6,51
151;0,73;9,94;421;false;true;true;11,47;0;6,99
152;0,73;9,97;421;false;true;true;11,56;0;7,65
153;0,73;9,81;419;false;true;true;11,13;0;6,76
154;0,73;9,56;418;false;true;true;10,82;0;6,24
155;0,74;9,29;418;false;true;true;10,86;0;6,59
156;0,74;9,19;418;false;true;true;11,04;0;7
157;0,74;9,01;417;false;true;true;11,23;0;6,83
158;0,75;8,91;417;false;true;true;11,47;0;7,23
159;0,75;8,97;417;false;true;true;11,74;0;7,76
160;0,75;9,12;416;false;true;true;11,71;0;7,44
161;0,75;8,71;415;false;true;true;11,29;0;6,8
162;0,75;8,69;415;false;true;true;11,51;0;7,23
163;0,76;8,87;415;false;true;true;11,84;0;7,84
164;0,76;8,88;414;false;true;true;11,89;0;7,68
165;0,76;8,73;412;false;true;true;11,51;0;6,73
166;0,76;8,62;412;false;true;true;11,45;0;7,14
167;0,77;8,71;411;false;true;true;11,29;0;6,91
168;0,77;8,64;410;false;true;true;10,81;0;6,48
169;0,77;8,39;410;false;true;true;10,84;0;6,79
170;0,77;8,29;410;false;true;true;11,08;0;7,17
171;0,77;8,34;410;false;true;true;11,42;0;7,64
172;0,78;8,39;409;false;true;true;11,46;0;7,35
173;0,78;8,27;408;false;true;true;11,54;0;7,17
174;0,78;8,43;408;false;true;true;11,75;0;7,77
175;0,78;8,75;406;false;true;true;11,19;0;6,83
176;0,79;8,4;405;false;true;true;10,81;0;6,39
177;0,79;8,37;405;false;true;true;10,84;0;6,86
178;0,79;8,26;404;false;true;true;10,52;0;6,45
179;0,79;8,23;403;false;true;true;10,04;0;5,91
180;0,79;8,1;403;false;true;true;10,13;0;6,26
181;0,8;7,94;402;false;true;true;10,18;0;6
182;0,8;7,81;402;false;true;true;10,3;0;6,3
183;0,8;7,96;401;false;true;true;10,14;0;5,89
184;0,8;7,76;401;false;true;true;10,12;0;6,16
185;0,81;7,69;401;false;true;true;10,3;0;6,49
186;0,81;7,75;401;false;true;true;10,59;0;6,93
187;0,81;7,9;400;false;true;true;10,66;0;6,69
188;0,81;8,05;399;false;true;true;10,41;0;6,49
189;0,81;7,84;398;false;true;true;10,14;0;6,12
190;0,81;7,56;397;false;true;true;9,88;0;5,76
191;0,82;7,4;397;false;true;true;9,76;0;6,06
192;0,82;7,42;396;false;true;true;9,51;0;5,51
193;0,82;7,11;396;false;true;true;9,44;0;5,69
194;0,82;6,92;396;false;true;true;9,64;0;5,89
195;0,82;6,81;396;false;true;true;9,83;0;6,12
196;0,83;6,77;396;false;true;true;10,03;0;6,4
197;0,83;6,81;395;false;true;true;9,82;0;5,92
198;0,83;6,66;395;false;true;true;9,87;0;6,13
199;0,83;6,61;395;false;true;true;10;0;6,38
200;0,84;6,62;395;false;true;true;10,16;0;6,68
201;0,84;6,75;395;false;true;true;10,42;0;7,11
202;0,84;6,5;394;false;true;true;10,27;0;6,52
203;0,84;6,68;394;false;true;true;10,5;0;6,98
204;0,84;6,67;393;false;true;true;10,36;0;6,58
205;0,85;7,02;391;false;true;true;9,63;0;5,4
206;0,85;6,79;391;false;true;true;9,44;0;5,64
207;0,85;6,76;391;false;true;true;9,4;0;5,99
208;0,85;6,62;390;false;true;true;9,23;0;5,42
209;0,85;6,53;390;false;true;true;9,3;0;5,68
210;0,86;6,47;389;false;true;true;8,89;0;4,99
211;0,86;6,24;389;false;true;true;8,83;0;5,11
212;0,86;6,08;389;false;true;true;8,85;0;5,24
213;0,86;5,95;389;false;true;true;8,97;0;5,36
214;0,87;5,85;389;false;true;true;9,11;0;5,5
215;0,87;5,78;389;false;true;true;9,24;0;5,65
216;0,87;5,74;389;false;true;true;9,38;0;5,82
217;0,88;5,73;389;false;true;true;9,52;0;6,03
218;0,88;5,79;389;false;true;true;9,69;0;6,29
219;0,88;5,96;389;false;true;true;9,89;0;6,68
220;0,88;6;387;false;true;true;9,28;0;5,44
221;0,88;5,88;387;false;true;true;9,2;0;5,63
222;0,88;5,88;387;false;true;true;9,21;0;5,89
223;0,89;5,86;386;false;true;true;8,83;0;5,22
224;0,89;5,68;386;false;true;true;8,8;0;5,34
225;0,89;5,57;386;false;true;true;8,86;0;5,47
226;0,89;5,5;386;false;true;true;8,98;0;5,62
227;0,89;5,47;386;false;true;true;9,13;0;5,8
228;0,9;5,51;386;false;true;true;9,29;0;6,05
229;0,9;5,57;385;false;true;true;9,18;0;5,54
230;0,9;5,48;385;false;true;true;9,16;0;5,72
231;0,9;5,5;384;false;true;true;8,78;0;5,15
232;0,9;5,31;384;false;true;true;8,66;0;5,24
233;0,91;5,18;384;false;true;true;8,64;0;5,33
234;0,91;5,07;384;false;true;true;8,7;0;5,42
235;0,91;4,99;384;false;true;true;8,78;0;5,52
236;0,91;4,92;384;false;true;true;8,87;0;5,62
237;0,92;4,87;384;false;true;true;8,97;0;5,73
238;0,92;4,84;384;false;true;true;9,06;0;5,86
239;0,92;4,84;384;false;true;true;9,16;0;6,02
240;0,92;4,91;384;false;true;true;9,28;0;6,25
241;0,93;4,9;383;false;true;true;8,88;0;5,56
242;0,93;4,79;383;false;true;true;8,86;0;5,66
243;0,93;4,71;383;false;true;true;8,87;0;5,76
244;0,93;4,64;383;false;true;true;8,93;0;5,86
245;0,94;4,6;383;false;true;true;9,01;0;5,98
246;0,94;4,57;383;false;true;true;9,1;0;6,11
247;0,94;4,57;383;false;true;true;9,2;0;6,26
248;0,94;4,59;383;false;true;true;9,32;0;6,45
249;0,94;4,69;383;false;true;true;9,47;0;6,7
250;0,94;5,05;382;false;true;true;9,22;0;6,45
251;0,95;5,14;381;false;true;true;8,98;0;5,99
252;0,95;5,08;381;false;true;true;8,99;0;6,23
253;0,95;5,19;381;false;true;true;9,08;0;6,61
254;0,95;5,02;380;false;true;true;9,11;0;6,26
255;0,95;5,19;379;false;true;true;8,61;0;5,67
256;0,96;5,05;379;false;true;true;8,48;0;5,85
257;0,96;5,01;379;false;true;true;8,58;0;6,08
258;0,96;5,12;379;false;true;true;8,76;0;6,45
259;0,96;4,87;378;false;true;true;8,83;0;6,01
260;0,96;4,82;378;false;true;true;8,82;0;6,23
261;0,97;4,97;377;false;true;true;8,38;0;5,71
262;0,97;4,89;377;false;true;true;8,4;0;5,92
263;0,97;4,97;377;false;true;true;8,52;0;6,25
264;0,97;4,71;376;false;true;true;8,57;0;5,79
265;0,98;4,61;376;false;true;true;8,54;0;5,95
266;0,98;4,57;376;false;true;true;8,57;0;6,13
267;0,98;4,57;376;false;true;true;8,74;0;6,34
268;0,98;4,64;376;false;true;true;8,93;0;6,63
269;0,98;4,91;376;false;true;true;9,19;0;7,13
270;0,99;4,64;375;false;true;true;9,14;0;6,56
271;0,99;4,73;375;false;true;true;9,2;0;6,93
272;0,99;4,78;374;false;true;true;8,78;0;6,37
273;0,99;4,92;373;false;true;true;8,47;0;5,93
274;0,99;4,82;372;false;true;true;8,15;0;5,38
275;1;4,63;372;false;true;true;8,05;0;5,53
276;1;4,56;372;false;true;true;8,11;0;5,74
277;1;4,51;371;false;true;true;7,7;0;5,08
278;1;4,34;371;false;true;true;7,7;0;5,16
279;1;4,21;371;false;true;true;7,74;0;5,23
280;1;4,11;371;false;true;true;7,82;0;5,3
281;1,01;4,02;371;false;true;true;7,92;0;5,37
282;1,01;3,95;371;false;true;true;8,01;0;5,44
283;1,01;3,88;371;false;true;true;8,09;0;5,51
284;1,01;3,82;371;false;true;true;8,16;0;5,58
285;1,01;3,76;371;false;true;true;8,22;0;5,65
286;1,02;3,72;371;false;true;true;8,28;0;5,73
287;1,02;3,67;371;false;true;true;8,33;0;5,81
288;1,02;3,65;371;false;true;true;8,4;0;5,9
289;1,02;3,62;371;false;true;true;8,45;0;5,99
290;1,02;3,61;371;false;true;true;8,52;0;6,1
291;1,03;3,61;371;false;true;true;8,58;0;6,23
292;1,03;3,64;371;false;true;true;8,66;0;6,4
293;1,03;3,63;370;false;true;true;8,32;0;5,65
294;1,03;3,51;370;false;true;true;8,26;0;5,74
295;1,04;3,45;370;false;true;true;8,26;0;5,84
296;1,04;3,45;370;false;true;true;8,3;0;5,96
297;1,04;3,51;370;false;true;true;8,38;0;6,12
298;1,04;3,67;370;false;true;true;8,5;0;6,4
299;1,04;3,6;369;false;true;true;8,19;0;5,67
300;1,05;3,52;369;false;true;true;8,13;0;5,76
301;1,05;3,48;369;false;true;true;8,12;0;5,87
302;1,05;3,49;369;false;true;true;8,16;0;6
303;1,05;3,55;369;false;true;true;8,26;0;6,2
304;1,05;3,66;368;false;true;true;7,89;0;5,49
305;1,06;3,54;368;false;true;true;7,84;0;5,56
306;1,06;3,46;368;false;true;true;7,84;0;5,65
307;1,06;3,41;368;false;true;true;7,89;0;5,74
308;1,06;3,38;368;false;true;true;7,99;0;5,84
309;1,07;3,37;368;false;true;true;8,08;0;5,95
310;1,07;3,4;368;false;true;true;8,19;0;6,1
311;1,07;3,49;368;false;true;true;8,31;0;6,3
312;1,07;3,57;367;false;true;true;8;0;5,73
313;1,07;3,55;367;false;true;true;8,01;0;5,88
314;1,08;3,61;367;false;true;true;8,06;0;6,1
315;1,08;3,66;366;false;true;true;7,59;0;5,33
316;1,08;3,54;366;false;true;true;7,54;0;5,42
317;1,08;3,47;366;false;true;true;7,57;0;5,51
318;1,08;3,42;366;false;true;true;7,65;0;5,62
319;1,09;3,42;366;false;true;true;7,78;0;5,75
320;1,09;3,48;366;false;true;true;7,91;0;5,94
321;1,09;3,54;365;false;true;true;7,53;0;5,24
322;1,09;3,41;365;false;true;true;7,48;0;5,32
323;1,09;3,34;365;false;true;true;7,48;0;5,39
324;1,1;3,29;365;false;true;true;7,53;0;5,47
325;1,1;3,25;365;false;true;true;7,61;0;5,56
326;1,1;3,23;365;false;true;true;7,69;0;5,66
327;1,1;3,24;365;false;true;true;7,78;0;5,78
328;1,1;3,27;365;false;true;true;7,89;0;5,93
329;1,11;3,37;365;false;true;true;8,01;0;6,16
330;1,11;3,54;364;false;true;true;7,58;0;5,55
331;1,11;3,56;363;false;true;true;7,2;0;4,95
332;1,11;3,38;363;false;true;true;7,08;0;5,02
333;1,11;3,25;363;false;true;true;7,05;0;5,1
334;1,12;3,17;363;false;true;true;7,08;0;5,18
335;1,12;3,14;363;false;true;true;7,16;0;5,3
336;1,12;3,02;362;false;true;true;6,57;0;4,42
337;1,12;2,92;362;false;true;true;6,57;0;4,45
338;1,12;2,86;362;false;true;true;6,59;0;4,47
339;1,13;2,8;362;false;true;true;6,61;0;4,5
340;1,13;2,76;362;false;true;true;6,63;0;4,53
341;1,13;2,72;362;false;true;true;6,64;0;4,56
342;1,13;2,68;362;false;true;true;6,66;0;4,58
343;1,13;2,65;362;false;true;true;6,67;0;4,61
344;1,14;2,61;362;false;true;true;6,68;0;4,64
345;1,14;2,58;362;false;true;true;6,69;0;4,67
346;1,14;2,55;362;false;true;true;6,7;0;4,69
347;1,14;2,52;362;false;true;true;6,71;0;4,72
348;1,14;2,5;362;false;true;true;6,73;0;4,75
349;1,15;2,47;362;false;true;true;6,73;0;4,79
350;1,15;2,45;362;false;true;true;6,75;0;4,82
351;1,15;2,43;362;false;true;true;6,76;0;4,85
352;1,15;2,42;362;false;true;true;6,79;0;4,89
353;1,16;2,42;362;false;true;true;6,81;0;4,94
354;1,16;2,41;362;false;true;true;6,84;0;4,99
355;1,16;2,42;362;false;true;true;6,87;0;5,05
356;1,16;2,45;362;false;true;true;6,91;0;5,13
357;1,16;2,51;362;false;true;true;6,97;0;5,25
358;1,17;2,61;361;false;true;true;6,59;0;4,61
359;1,17;2,53;361;false;true;true;6,52;0;4,64
360;1,17;2,47;361;false;true;true;6,47;0;4,67
361;1,17;2,42;361;false;true;true;6,45;0;4,7
362;1,17;2,39;361;false;true;true;6,47;0;4,72
363;1,18;2,35;361;false;true;true;6,51;0;4,75
364;1,18;2,32;361;false;true;true;6,54;0;4,77
365;1,18;2,29;361;false;true;true;6,56;0;4,8
366;1,18;2,26;361;false;true;true;6,58;0;4,82
367;1,18;2,24;361;false;true;true;6,59;0;4,85
368;1,19;2,22;361;false;true;true;6,61;0;4,87
369;1,19;2,2;361;false;true;true;6,63;0;4,9
370;1,19;2,18;361;false;true;true;6,65;0;4,93
371;1,19;2,17;361;false;true;true;6,67;0;4,96
372;1,2;2,15;361;false;true;true;6,68;0;4,99
373;1,2;2,15;361;false;true;true;6,7;0;5,03
374;1,2;2,14;361;false;true;true;6,73;0;5,06
375;1,2;2,14;361;false;true;true;6,75;0;5,11
376;1,2;2,14;361;false;true;true;6,79;0;5,16
377;1,21;2,15;361;false;true;true;6,82;0;5,22
378;1,21;2,18;361;false;true;true;6,87;0;5,3
379;1,21;2,24;361;false;true;true;6,92;0;5,42
380;1,21;2,4;360;false;true;true;6,52;0;4,74
381;1,21;2,29;360;false;true;true;6,42;0;4,77
382;1,22;2,24;360;false;true;true;6,39;0;4,8
383;1,22;2,19;360;false;true;true;6,39;0;4,83
384;1,22;2,15;360;false;true;true;6,42;0;4,86
385;1,22;2,13;360;false;true;true;6,46;0;4,88
386;1,22;2,1;360;false;true;true;6,49;0;4,91
387;1,23;2,08;360;false;true;true;6,52;0;4,94
388;1,23;2,06;360;false;true;true;6,54;0;4,97
389;1,23;2,04;360;false;true;true;6,56;0;5
390;1,23;2,03;360;false;true;true;6,59;0;5,03
391;1,23;2,01;360;false;true;true;6,61;0;5,07
392;1,24;2,01;360;false;true;true;6,64;0;5,11
393;1,24;2,01;360;false;true;true;6,67;0;5,15
394;1,24;2,01;360;false;true;true;6,7;0;5,2
395;1,24;2,02;360;false;true;true;6,74;0;5,27
396;1,25;2,05;360;false;true;true;6,79;0;5,35
397;1,25;2,12;360;false;true;true;6,86;0;5,48
398;1,25;2,31;359;false;true;true;6,32;0;4,71
399;1,25;2,22;359;false;true;true;6,24;0;4,75
400;1,25;2,16;359;false;true;true;6,22;0;4,78
401;1,26;2,12;359;false;true;true;6,29;0;4,82
402;1,26;2,09;359;false;true;true;6,34;0;4,86
403;1,26;2,07;359;false;true;true;6,39;0;4,91
404;1,26;2,06;359;false;true;true;6,44;0;4,96
405;1,26;2,07;359;false;true;true;6,49;0;5,02
406;1,27;2,09;359;false;true;true;6,54;0;5,09
407;1,27;2,14;359;false;true;true;6,61;0;5,21
408;1,27;2,46;358;false;true;true;6,26;0;4,5
409;1,27;2,32;358;false;true;true;6,1;0;4,53
410;1,27;2,24;358;false;true;true;6,04;0;4,56
411;1,28;2,18;358;false;true;true;6,05;0;4,6
412;1,28;2,14;358;false;true;true;6,1;0;4,63
413;1,28;2,11;358;false;true;true;6,15;0;4,67
414;1,28;2,1;358;false;true;true;6,19;0;4,71
415;1,28;2,09;358;false;true;true;6,24;0;4,76
416;1,29;2,09;358;false;true;true;6,28;0;4,82
417;1,29;2,11;358;false;true;true;6,32;0;4,9
418;1,29;2,18;358;false;true;true;6,39;0;5,03
419;1,29;2,26;357;false;true;true;5,97;0;4,33
420;1,29;2,17;357;false;true;true;5,89;0;4,36
421;1,3;2,12;357;false;true;true;5,86;0;4,38
422;1,3;2,07;357;false;true;true;5,84;0;4,39
423;1,3;2,03;357;false;true;true;5,87;0;4,41
424;1,3;1,99;357;false;true;true;5,9;0;4,43
425;1,3;1,96;357;false;true;true;5,93;0;4,44
426;1,31;1,92;357;false;true;true;5,94;0;4,46
427;1,31;1,9;357;false;true;true;5,95;0;4,47
428;1,31;1,87;357;false;true;true;5,96;0;4,49
429;1,31;1,85;357;false;true;true;5,97;0;4,5
430;1,32;1,83;357;false;true;true;5,98;0;4,52
431;1,32;1,81;357;false;true;true;5,99;0;4,53
432;1,32;1,79;357;false;true;true;5,99;0;4,55
433;1,32;1,77;357;false;true;true;6;0;4,56
434;1,32;1,75;357;false;true;true;6;0;4,58
435;1,33;1,73;357;false;true;true;6;0;4,59
436;1,33;1,72;357;false;true;true;6,01;0;4,61
437;1,33;1,7;357;false;true;true;6,02;0;4,63
438;1,33;1,69;357;false;true;true;6,02;0;4,64
439;1,33;1,67;357;false;true;true;6,02;0;4,66
440;1,34;1,66;357;false;true;true;6,03;0;4,67
441;1,34;1,65;357;false;true;true;6,04;0;4,69
442;1,34;1,64;357;false;true;true;6,05;0;4,71
443;1,34;1,62;357;false;true;true;6,05;0;4,73
444;1,34;1,61;357;false;true;true;6,06;0;4,75
445;1,35;1,61;357;false;true;true;6,07;0;4,77
446;1,35;1,6;357;false;true;true;6,08;0;4,79
447;1,35;1,6;357;false;true;true;6,1;0;4,82
448;1,35;1,59;357;false;true;true;6,11;0;4,85
449;1,35;1,59;357;false;true;true;6,13;0;4,88
450;1,36;1,59;357;false;true;true;6,15;0;4,91
451;1,36;1,61;357;false;true;true;6,17;0;4,95
452;1,36;1,62;357;false;true;true;6,2;0;5,01
453;1,36;1,65;357;false;true;true;6,24;0;5,07
454;1,36;1,7;357;false;true;true;6,29;0;5,17
455;1,37;1,81;357;false;true;true;6,36;0;5,32
456;1,37;1,9;356;false;true;true;5,83;0;4,59
457;1,37;1,85;356;false;true;true;5,76;0;4,63
458;1,37;1,81;356;false;true;true;5,74;0;4,66
459;1,37;1,78;356;false;true;true;5,8;0;4,7
460;1,38;1,77;356;false;true;true;5,88;0;4,74
461;1,38;1,76;356;false;true;true;5,94;0;4,79
462;1,38;1,75;356;false;true;true;5,99;0;4,84
463;1,38;1,75;356;false;true;true;6,04;0;4,89
464;1,38;1,76;356;false;true;true;6,1;0;4,95
465;1,38;1,8;356;false;true;true;6,16;0;5,04
466;1,39;1,85;356;false;true;true;6,23;0;5,15
467;1,39;2,05;355;false;true;true;5,83;0;4,49
468;1,39;1,95;355;false;true;true;5,75;0;4,54
469;1,39;1,91;355;false;true;true;5,74;0;4,58
470;1,39;1,88;355;false;true;true;5,77;0;4,63
471;1,4;1,87;355;false;true;true;5,83;0;4,68
472;1,4;1,88;355;false;true;true;5,89;0;4,75
473;1,4;1,91;355;false;true;true;5,96;0;4,85
474;1,4;1,99;355;false;true;true;6,04;0;5
475;1,4;2;354;false;true;true;5,71;0;4,34
476;1,41;1,91;354;false;true;true;5,63;0;4,36
477;1,41;1,85;354;false;true;true;5,58;0;4,38
478;1,41;1,8;354;false;true;true;5,55;0;4,4
479;1,41;1,77;354;false;true;true;5,58;0;4,42
480;1,41;1,72;354;false;true;true;5,61;0;4,44
481;1,42;1,69;354;false;true;true;5,65;0;4,46
482;1,42;1,66;354;false;true;true;5,66;0;4,48
483;1,42;1,63;354;false;true;true;5,68;0;4,5
484;1,42;1,62;354;false;true;true;5,71;0;4,52
485;1,42;1,6;354;false;true;true;5,73;0;4,53
486;1,43;1,59;354;false;true;true;5,75;0;4,55
487;1,43;1,57;354;false;true;true;5,76;0;4,57
488;1,43;1,55;354;false;true;true;5,76;0;4,59
489;1,43;1,53;354;false;true;true;5,78;0;4,6
490;1,43;1,52;354;false;true;true;5,78;0;4,62
491;1,44;1,5;354;false;true;true;5,79;0;4,64
492;1,44;1,49;354;false;true;true;5,81;0;4,66
493;1,44;1,48;354;false;true;true;5,82;0;4,68
494;1,44;1,47;354;false;true;true;5,83;0;4,7
495;1,44;1,46;354;false;true;true;5,84;0;4,72
496;1,45;1,45;354;false;true;true;5,86;0;4,75
497;1,45;1,45;354;false;true;true;5,87;0;4,77
498;1,45;1,44;354;false;true;true;5,89;0;4,8
499;1,45;1,44;354;false;true;true;5,91;0;4,83
500;1,45;1,44;354;false;true;true;5,93;0;4,86
501;1,46;1,44;354;false;true;true;5,95;0;4,89
502;1,46;1,45;354;false;true;true;5,98;0;4,93
503;1,46;1,46;354;false;true;true;6,01;0;4,98
504;1,46;1,48;354;false;true;true;6,04;0;5,03
505;1,46;1,5;354;false;true;true;6,09;0;5,09
506;1,47;1,54;354;false;true;true;6,13;0;5,18
507;1,48;1,61;354;false;true;true;6,2;0;5,29
508;1,48;1,74;354;false;true;true;6,29;0;5,48
509;1,48;1,78;353;false;true;true;5,92;0;4,79
510;1,48;1,75;353;false;true;true;5,87;0;4,86
511;1,49;1,76;353;false;true;true;5,86;0;4,97
512;1,49;1,86;353;false;true;true;5,89;0;5,15
513;1,49;1,86;352;false;true;true;5,41;0;4,35
514;1,49;1,78;352;false;true;true;5,37;0;4,38
515;1,49;1,72;352;false;true;true;5,36;0;4,4
516;1,5;1,67;352;false;true;true;5,39;0;4,42
517;1,5;1,63;352;false;true;true;5,44;0;4,44
518;1,5;1,6;352;false;true;true;5,49;0;4,46
519;1,5;1,58;352;false;true;true;5,53;0;4,48
520;1,5;1,55;352;false;true;true;5,56;0;4,5
521;1,51;1,53;352;false;true;true;5,59;0;4,51
522;1,51;1,5;352;false;true;true;5,6;0;4,53
523;1,51;1,48;352;false;true;true;5,62;0;4,55
524;1,51;1,46;352;false;true;true;5,63;0;4,56
525;1,51;1,43;352;false;true;true;5,64;0;4,58
526;1,52;1,42;352;false;true;true;5,65;0;4,6
527;1,52;1,4;352;false;true;true;5,66;0;4,61
528;1,52;1,39;352;false;true;true;5,67;0;4,63
529;1,52;1,38;352;false;true;true;5,69;0;4,65
530;1,53;1,37;352;false;true;true;5,7;0;4,66
531;1,53;1,36;352;false;true;true;5,71;0;4,68
532;1,53;1,35;352;false;true;true;5,73;0;4,7
533;1,53;1,34;352;false;true;true;5,74;0;4,72
534;1,53;1,32;352;false;true;true;5,74;0;4,73
535;1,54;1,31;352;false;true;true;5,75;0;4,75
536;1,55;1,31;352;false;true;true;5,77;0;4,77
537;1,55;1,3;352;false;true;true;5,78;0;4,79
538;1,55;1,29;352;false;true;true;5,79;0;4,82
539;1,55;1,29;352;false;true;true;5,81;0;4,84
540;1,55;1,28;352;false;true;true;5,83;0;4,86
541;1,56;1,27;352;false;true;true;5,83;0;4,89
542;1,56;1,28;352;false;true;true;5,86;0;4,92
543;1,56;1,27;352;false;true;true;5,87;0;4,95
544;1,56;1,28;352;false;true;true;5,9;0;4,98
545;1,57;1,28;352;false;true;true;5,92;0;5,01
546;1,57;1,29;352;false;true;true;5,95;0;5,05
547;1,57;1,31;352;false;true;true;5,99;0;5,1
548;1,57;1,33;352;false;true;true;6,03;0;5,16
549;1,57;1,35;352;false;true;true;6,07;0;5,22
550;1,58;1,39;352;false;true;true;6,12;0;5,31
551;1,58;1,46;352;false;true;true;6,2;0;5,42
552;1,58;1,57;352;false;true;true;6,28;0;5,58
553;1,58;1,74;351;false;true;true;5,93;0;5,02
554;1,58;1,81;351;false;true;true;5,94;0;5,19
555;1,59;1,76;350;false;true;true;5,44;0;4,43
556;1,59;1,67;350;false;true;true;5,35;0;4,45
557;1,59;1,59;350;false;true;true;5,3;0;4,47
558;1,59;1,54;350;false;true;true;5,31;0;4,49
559;1,59;1,49;350;false;true;true;5,36;0;4,51
560;1,6;1,46;350;false;true;true;5,42;0;4,52
561;1,6;1,42;350;false;true;true;5,45;0;4,54
562;1,6;1,39;350;false;true;true;5,48;0;4,55
563;1,6;1,37;350;false;true;true;5,5;0;4,57
564;1,6;1,35;350;false;true;true;5,53;0;4,58
565;1,61;1,32;350;false;true;true;5,54;0;4,59
566;1,61;1,29;350;false;true;true;5,54;0;4,61
567;1,61;1,28;350;false;true;true;5,56;0;4,62
568;1,61;1,26;350;false;true;true;5,56;0;4,63
569;1,61;1,24;350;false;true;true;5,57;0;4,64
570;1,62;1,23;350;false;true;true;5,58;0;4,65
571;1,62;1,21;350;false;true;true;5,59;0;4,67
572;1,62;1,2;350;false;true;true;5,59;0;4,68
573;1,62;1,18;350;false;true;true;5,6;0;4,69
574;1,62;1,16;350;false;true;true;5,6;0;4,7
575;1,63;1,15;350;false;true;true;5,61;0;4,71
576;1,63;1,13;350;false;true;true;5,6;0;4,73
577;1,63;1,12;350;false;true;true;5,61;0;4,74
578;1,63;1,11;350;false;true;true;5,62;0;4,75
579;1,63;1,09;350;false;true;true;5,62;0;4,76
580;1,64;1,08;350;false;true;true;5,62;0;4,77
581;1,64;1,07;350;false;true;true;5,63;0;4,79
582;1,64;1,06;350;false;true;true;5,62;0;4,8
583;1,64;1,05;350;false;true;true;5,64;0;4,81
584;1,64;1,04;350;false;true;true;5,64;0;4,82
585;1,65;1,03;350;false;true;true;5,65;0;4,84
586;1,65;1,03;350;false;true;true;5,65;0;4,85
587;1,65;1,01;350;false;true;true;5,66;0;4,86
588;1,65;1;350;false;true;true;5,66;0;4,87
589;1,65;1;350;false;true;true;5,67;0;4,89
590;1,66;0,99;350;false;true;true;5,68;0;4,9
591;1,66;0,98;350;false;true;true;5,68;0;4,92
592;1,66;0,98;350;false;true;true;5,69;0;4,93
593;1,66;0,97;350;false;true;true;5,69;0;4,95
594;1,66;0,97;350;false;true;true;5,71;0;4,96
595;1,67;0,96;350;false;true;true;5,72;0;4,98
596;1,67;0,95;350;false;true;true;5,73;0;4,99
597;1,67;0,95;350;false;true;true;5,73;0;5,01
598;1,67;0,95;350;false;true;true;5,75;0;5,03
599;1,68;0,94;350;false;true;true;5,76;0;5,04
600;1,68;0,94;350;false;true;true;5,77;0;5,06
601;1,68;0,94;350;false;true;true;5,79;0;5,08
602;1,68;0,94;350;false;true;true;5,8;0;5,1
603;1,69;0,94;350;false;true;true;5,82;0;5,13
604;1,69;0,94;350;false;true;true;5,83;0;5,15
605;1,71;0,94;350;false;true;true;5,85;0;5,17
606;1,71;0,94;350;false;true;true;5,87;0;5,2
607;1,71;0,95;350;false;true;true;5,89;0;5,23
608;1,72;0,95;350;false;true;true;5,91;0;5,26
609;1,72;0,95;350;false;true;true;5,94;0;5,29
610;1,72;0,97;350;false;true;true;5,97;0;5,33
611;1,72;0,98;350;false;true;true;6;0;5,38
612;1,72;1;350;false;true;true;6,04;0;5,43
613;1,73;1,03;350;false;true;true;6,08;0;5,49
614;1,73;1,06;350;false;true;true;6,14;0;5,56
615;1,73;1,12;350;false;true;true;6,2;0;5,65
616;1,73;1,2;350;false;true;true;6,28;0;5,78
617;1,73;1,33;350;false;true;true;6,38;0;5,97
618;1,74;1,59;349;false;true;true;6,03;0;5,47
619;1,74;1,54;348;false;true;true;5,5;0;4,69
620;1,74;1,45;348;false;true;true;5,39;0;4,72
621;1,74;1,38;348;false;true;true;5,33;0;4,74
622;1,74;1,32;348;false;true;true;5,34;0;4,77
623;1,75;1,28;348;false;true;true;5,41;0;4,79
624;1,75;1,25;348;false;true;true;5,47;0;4,81
625;1,75;1,22;348;false;true;true;5,52;0;4,83
626;1,75;1,19;348;false;true;true;5,56;0;4,86
627;1,75;1,17;348;false;true;true;5,59;0;4,88
628;1,75;1,16;348;false;true;true;5,63;0;4,9
629;1,76;1,14;348;false;true;true;5,65;0;4,93
630;1,76;1,13;348;false;true;true;5,67;0;4,95
631;1,76;1,11;348;false;true;true;5,69;0;4,98
632;1,76;1,11;348;false;true;true;5,72;0;5,01
633;1,76;1,11;348;false;true;true;5,75;0;5,04
634;1,77;1,11;348;false;true;true;5,78;0;5,08
635;1,77;1,12;348;false;true;true;5,81;0;5,13
636;1,77;1,14;348;false;true;true;5,86;0;5,19
637;1,77;1,18;348;false;true;true;5,91;0;5,27
638;1,78;1,25;348;false;true;true;5,97;0;5,4
639;1,78;1,38;347;false;true;true;5,46;0;4,63
640;1,78;1,29;347;false;true;true;5,38;0;4,66
641;1,78;1,24;347;false;true;true;5,36;0;4,68
642;1,78;1,2;347;false;true;true;5,38;0;4,71
643;1,79;1,17;347;false;true;true;5,42;0;4,73
644;1,79;1,14;347;false;true;true;5,46;0;4,75
645;1,79;1,12;347;false;true;true;5,49;0;4,78
646;1,79;1,11;347;false;true;true;5,52;0;4,8
647;1,79;1,1;347;false;true;true;5,54;0;4,83
648;1,8;1,09;347;false;true;true;5,57;0;4,87
649;1,8;1,1;347;false;true;true;5,6;0;4,91
650;1,8;1,11;347;false;true;true;5,63;0;4,96
651;1,8;1,13;347;false;true;true;5,67;0;5,02
652;1,8;1,17;347;false;true;true;5,72;0;5,13
653;1,81;1,44;346;false;true;true;5,26;0;4,37
654;1,81;1,28;346;false;true;true;5,1;0;4,39
655;1,81;1,17;346;false;true;true;5,04;0;4,41
656;1,81;1,1;346;false;true;true;5,06;0;4,43
657;1,81;1,04;346;false;true;true;5,09;0;4,44
658;1,82;1;346;false;true;true;5,11;0;4,45
659;1,82;0,98;346;false;true;true;5,13;0;4,47
660;1,82;0,95;346;false;true;true;5,15;0;4,48
661;1,82;0,94;346;false;true;true;5,17;0;4,49
662;1,82;0,94;346;false;true;true;5,19;0;4,5
663;1,83;0,93;346;false;true;true;5,2;0;4,52
664;1,83;0,92;346;false;true;true;5,21;0;4,53
665;1,83;0,91;346;false;true;true;5,22;0;4,54
666;1,83;0,9;346;false;true;true;5,22;0;4,55
667;1,83;0,9;346;false;true;true;5,24;0;4,57
668;1,84;0,89;346;false;true;true;5,24;0;4,58
669;1,84;0,88;346;false;true;true;5,25;0;4,59
670;1,84;0,88;346;false;true;true;5,26;0;4,61
671;1,84;0,88;346;false;true;true;5,27;0;4,62
672;1,84;0,87;346;false;true;true;5,27;0;4,64
673;1,85;0,87;346;false;true;true;5,29;0;4,66
674;1,85;0,87;346;false;true;true;5,3;0;4,68
675;1,85;0,87;346;false;true;true;5,31;0;4,69
676;1,85;0,87;346;false;true;true;5,33;0;4,72
677;1,85;0,87;346;false;true;true;5,35;0;4,74
678;1,86;0,88;346;false;true;true;5,36;0;4,77
679;1,86;0,89;346;false;true;true;5,38;0;4,8
680;1,86;0,9;346;false;true;true;5,41;0;4,83
681;1,86;0,92;346;false;true;true;5,44;0;4,88
682;1,86;0,94;346;false;true;true;5,47;0;4,93
683;1,86;0,98;346;false;true;true;5,51;0;5
684;1,87;1,05;346;false;true;true;5,56;0;5,11
685;1,87;1,29;345;false;true;true;5,16;0;4,41
686;1,87;1,16;345;false;true;true;5,04;0;4,45
687;1,87;1,08;345;false;true;true;4,97;0;4,48
688;1,87;1,04;345;false;true;true;5;0;4,52
689;1,88;1,02;345;false;true;true;5,05;0;4,57
690;1,88;1,03;345;false;true;true;5,11;0;4,63
691;1,88;1,06;345;false;true;true;5,17;0;4,72
692;1,88;1,16;345;false;true;true;5,25;0;4,87
693;1,88;1,18;344;false;true;true;4,8;0;4,09
694;1,89;1,11;344;false;true;true;4,73;0;4,11
695;1,89;1,05;344;false;true;true;4,68;0;4,12
696;1,89;1,01;344;false;true;true;4,67;0;4,13
697;1,89;0,98;344;false;true;true;4,71;0;4,14
698;1,89;0,96;344;false;true;true;4,74;0;4,15
699;1,89;0,94;344;false;true;true;4,77;0;4,16
700;1,9;0,92;344;false;true;true;4,78;0;4,17
701;1,9;0,9;344;false;true;true;4,8;0;4,18
702;1,9;0,89;344;false;true;true;4,81;0;4,19
703;1,9;0,88;344;false;true;true;4,82;0;4,19
704;1,9;0,87;344;false;true;true;4,83;0;4,2
705;1,91;0,86;344;false;true;true;4,84;0;4,21
706;1,91;0,85;344;false;true;true;4,84;0;4,22
707;1,91;0,84;344;false;true;true;4,85;0;4,22
708;1,91;0,82;344;false;true;true;4,85;0;4,23
709;1,92;0,81;344;false;true;true;4,85;0;4,24
710;1,92;0,8;344;false;true;true;4,85;0;4,25
711;1,92;0,8;344;false;true;true;4,86;0;4,25
712;1,92;0,79;344;false;true;true;4,86;0;4,26
713;1,92;0,78;344;false;true;true;4,86;0;4,27
714;1,93;0,77;344;false;true;true;4,86;0;4,28
715;1,93;0,76;344;false;true;true;4,87;0;4,28
716;1,93;0,75;344;false;true;true;4,87;0;4,29
717;1,93;0,75;344;false;true;true;4,87;0;4,3
718;1,93;0,74;344;false;true;true;4,87;0;4,31
719;1,94;0,74;344;false;true;true;4,88;0;4,32
720;1,94;0,73;344;false;true;true;4,88;0;4,33
721;1,94;0,72;344;false;true;true;4,88;0;4,34
722;1,94;0,71;344;false;true;true;4,89;0;4,35
723;1,94;0,71;344;false;true;true;4,89;0;4,36
724;1,95;0,7;344;false;true;true;4,9;0;4,37
725;1,95;0,7;344;false;true;true;4,9;0;4,38
726;1,95;0,69;344;false;true;true;4,91;0;4,39
727;1,95;0,69;344;false;true;true;4,92;0;4,41
728;1,95;0,7;344;false;true;true;4,93;0;4,42
729;1,96;0,69;344;false;true;true;4,94;0;4,44
730;1,96;0,69;344;false;true;true;4,95;0;4,46
731;1,96;0,7;344;false;true;true;4,96;0;4,48
732;1,96;0,7;344;false;true;true;4,98;0;4,51
733;1,96;0,71;344;false;true;true;4,99;0;4,54
734;1,97;0,73;344;false;true;true;5,02;0;4,58
735;1,97;0,76;344;false;true;true;5,05;0;4,64
736;1,97;0,82;344;false;true;true;5,09;0;4,72
737;1,97;0,94;344;false;true;true;5,16;0;4,87
738;1,97;0,97;343;false;true;true;4,63;0;4,05
739;1,98;0,91;343;false;true;true;4,57;0;4,07
740;1,98;0,87;343;false;true;true;4,53;0;4,08
741;1,98;0,84;343;false;true;true;4,53;0;4,08
742;1,98;0,81;343;false;true;true;4,56;0;4,09
743;1,98;0,79;343;false;true;true;4,58;0;4,1
744;1,98;0,77;343;false;true;true;4,6;0;4,11
745;1,99;0,76;343;false;true;true;4,62;0;4,11
746;1,99;0,74;343;false;true;true;4,63;0;4,12
747;1,99;0,73;343;false;true;true;4,64;0;4,12
748;1,99;0,71;343;false;true;true;4,65;0;4,13
749;1,99;0,7;343;false;true;true;4,65;0;4,13
750;2;0,69;343;false;true;true;4,65;0;4,14
751;2;0,68;343;false;true;true;4,65;0;4,14
752;2;0,66;343;false;true;true;4,65;0;4,15
753;2;0,65;343;false;true;true;4,65;0;4,15
754;2,01;0,64;343;false;true;true;4,65;0;4,16
755;2,01;0,64;343;false;true;true;4,65;0;4,16
756;2,01;0,63;343;false;true;true;4,65;0;4,17
757;2,01;0,62;343;false;true;true;4,65;0;4,17
758;2,02;0,61;343;false;true;true;4,66;0;4,18
759;2,02;0,6;343;false;true;true;4,66;0;4,18
760;2,02;0,59;343;false;true;true;4,65;0;4,18
761;2,02;0,59;343;false;true;true;4,65;0;4,19
762;2,02;0,58;343;false;true;true;4,65;0;4,19
763;2,03;0,57;343;false;true;true;4,65;0;4,2
764;2,03;0,57;343;false;true;true;4,65;0;4,2
765;2,03;0,56;343;false;true;true;4,65;0;4,2
766;2,03;0,55;343;false;true;true;4,65;0;4,21
767;2,03;0,55;343;false;true;true;4,65;0;4,21
768;2,04;0,54;343;false;true;true;4,64;0;4,22
769;2,04;0,53;343;false;true;true;4,64;0;4,22
770;2,04;0,52;343;false;true;true;4,64;0;4,22
771;2,04;0,52;343;false;true;true;4,64;0;4,23
772;2,04;0,52;343;false;true;true;4,64;0;4,23
773;2,05;0,52;343;false;true;true;4,65;0;4,24
774;2,05;0,51;343;false;true;true;4,65;0;4,24
775;2,05;0,51;343;false;true;true;4,65;0;4,24
776;2,05;0,5;343;false;true;true;4,64;0;4,25
777;2,05;0,5;343;false;true;true;4,65;0;4,25
778;2,06;0,5;343;false;true;true;4,65;0;4,26
779;2,06;0,49;343;false;true;true;4,65;0;4,26
780;2,06;0,49;343;false;true;true;4,65;0;4,26
781;2,06;0,48;343;false;true;true;4,65;0;4,27
782;2,06;0,48;343;false;true;true;4,65;0;4,27
783;2,07;0,48;343;false;true;true;4,65;0;4,28
784;2,07;0,47;343;false;true;true;4,65;0;4,28
785;2,07;0,47;343;false;true;true;4,66;0;4,29
786;2,07;0,47;343;false;true;true;4,66;0;4,29
787;2,07;0,47;343;false;true;true;4,66;0;4,3
788;2,08;0,47;343;false;true;true;4,67;0;4,3
789;2,08;0,46;343;false;true;true;4,66;0;4,3
790;2,08;0,46;343;false;true;true;4,67;0;4,31
791;2,08;0,46;343;false;true;true;4,67;0;4,31
792;2,08;0,46;343;false;true;true;4,67;0;4,32
793;2,09;0,46;343;false;true;true;4,68;0;4,33
794;2,09;0,45;343;false;true;true;4,68;0;4,33
795;2,09;0,45;343;false;true;true;4,68;0;4,34
796;2,09;0,45;343;false;true;true;4,68;0;4,34
797;2,09;0,45;343;false;true;true;4,69;0;4,35
798;2,1;0,44;343;false;true;true;4,69;0;4,36
799;2,1;0,44;343;false;true;true;4,69;0;4,36
800;2,1;0,44;343;false;true;true;4,7;0;4,37
801;2,1;0,44;343;false;true;true;4,7;0;4,38
802;2,1;0,44;343;false;true;true;4,71;0;4,39
803;2,11;0,45;343;false;true;true;4,72;0;4,4
804;2,11;0,44;343;false;true;true;4,72;0;4,41
805;2,11;0,44;343;false;true;true;4,73;0;4,42
806;2,11;0,45;343;false;true;true;4,74;0;4,43
807;2,11;0,45;343;false;true;true;4,75;0;4,44
808;2,11;0,46;343;false;true;true;4,76;0;4,46
809;2,12;0,46;343;false;true;true;4,77;0;4,47
810;2,12;0,47;343;false;true;true;4,79;0;4,5
811;2,12;0,48;343;false;true;true;4,8;0;4,52
812;2,12;0,5;343;false;true;true;4,83;0;4,55
813;2,12;0,52;343;false;true;true;4,85;0;4,59
814;2,13;0,56;343;false;true;true;4,89;0;4,64
815;2,13;0,62;343;false;true;true;4,93;0;4,73
816;2,13;0,74;343;false;true;true;4,99;0;4,87
817;2,13;0,78;342;false;true;true;4,49;0;4,06
818;2,13;0,71;342;false;true;true;4,41;0;4,07
819;2,14;0,67;342;false;true;true;4,37;0;4,08
820;2,14;0,64;342;false;true;true;4,36;0;4,09
821;2,14;0,61;342;false;true;true;4,39;0;4,09
822;2,14;0,59;342;false;true;true;4,42;0;4,1
823;2,14;0,57;342;false;true;true;4,43;0;4,1
824;2,15;0,56;342;false;true;true;4,45;0;4,11
825;2,15;0,55;342;false;true;true;4,46;0;4,11
826;2,15;0,54;342;false;true;true;4,47;0;4,12
827;2,15;0,53;342;false;true;true;4,47;0;4,12
828;2,15;0,52;342;false;true;true;4,48;0;4,12
829;2,15;0,51;342;false;true;true;4,48;0;4,13
830;2,16;0,5;342;false;true;true;4,48;0;4,13
831;2,16;0,49;342;false;true;true;4,48;0;4,13
832;2,16;0,48;342;false;true;true;4,48;0;4,14
833;2,16;0,48;342;false;true;true;4,49;0;4,14
834;2,17;0,47;342;false;true;true;4,49;0;4,14
835;2,17;0,47;342;false;true;true;4,49;0;4,14
836;2,17;0,46;342;false;true;true;4,49;0;4,15
837;2,17;0,46;342;false;true;true;4,49;0;4,15
838;2,17;0,45;342;false;true;true;4,49;0;4,15
839;2,18;0,44;342;false;true;true;4,49;0;4,15
840;2,18;0,43;342;false;true;true;4,48;0;4,16
841;2,18;0,43;342;false;true;true;4,49;0;4,16
842;2,18;0,43;342;false;true;true;4,49;0;4,16
843;2,21;0,43;342;false;true;true;4,49;0;4,16
844;2,22;0,42;342;false;true;true;4,49;0;4,16
845;2,22;0,41;342;false;true;true;4,48;0;4,17
846;2,22;0,41;342;false;true;true;4,48;0;4,17
847;2,22;0,41;342;false;true;true;4,49;0;4,17
848;2,22;0,41;342;false;true;true;4,49;0;4,17
849;2,23;0,4;342;false;true;true;4,48;0;4,17
850;2,23;0,39;342;false;true;true;4,48;0;4,18
851;2,23;0,39;342;false;true;true;4,48;0;4,18
852;2,23;0,39;342;false;true;true;4,48;0;4,18
853;2,23;0,38;342;false;true;true;4,48;0;4,18
854;2,24;0,38;342;false;true;true;4,48;0;4,18
855;2,24;0,38;342;false;true;true;4,48;0;4,18
856;2,24;0,37;342;false;true;true;4,48;0;4,19
857;2,24;0,37;342;false;true;true;4,48;0;4,19
858;2,24;0,36;342;false;true;true;4,48;0;4,19
859;2,25;0,36;342;false;true;true;4,48;0;4,19
860;2,25;0,36;342;false;true;true;4,47;0;4,19
861;2,25;0,35;342;false;true;true;4,47;0;4,19
862;2,25;0,35;342;false;true;true;4,48;0;4,19
863;2,26;0,35;342;false;true;true;4,47;0;4,2
864;2,26;0,35;342;false;true;true;4,48;0;4,2
865;2,26;0,35;342;false;true;true;4,47;0;4,2
866;2,26;0,34;342;false;true;true;4,47;0;4,2
867;2,26;0,34;342;false;true;true;4,47;0;4,2
868;2,27;0,34;342;false;true;true;4,47;0;4,2
869;2,27;0,33;342;false;true;true;4,47;0;4,2
870;2,27;0,33;342;false;true;true;4,47;0;4,21
871;2,27;0,33;342;false;true;true;4,47;0;4,21
872;2,27;0,32;342;false;true;true;4,47;0;4,21
873;2,28;0,32;342;false;true;true;4,47;0;4,21
874;2,28;0,31;342;false;true;true;4,46;0;4,21
875;2,28;0,31;342;false;true;true;4,46;0;4,21
876;2,28;0,31;342;false;true;true;4,46;0;4,21
877;2,28;0,31;342;false;true;true;4,47;0;4,22
878;2,29;0,31;342;false;true;true;4,46;0;4,22
879;2,29;0,3;342;false;true;true;4,46;0;4,22
880;2,29;0,3;342;false;true;true;4,46;0;4,22
881;2,29;0,3;342;false;true;true;4,46;0;4,22
882;2,29;0,29;342;false;true;true;4,46;0;4,22
883;2,3;0,29;342;false;true;true;4,46;0;4,22
884;2,3;0,29;342;false;true;true;4,46;0;4,22
885;2,3;0,29;342;false;true;true;4,46;0;4,23
886;2,3;0,29;342;false;true;true;4,46;0;4,23
887;2,3;0,28;342;false;true;true;4,46;0;4,23
888;2,31;0,28;342;false;true;true;4,46;0;4,23
889;2,31;0,28;342;false;true;true;4,46;0;4,23
890;2,31;0,28;342;false;true;true;4,46;0;4,23
891;2,31;0,27;342;false;true;true;4,45;0;4,23
892;2,31;0,27;342;false;true;true;4,45;0;4,23
893;2,32;0,27;342;false;true;true;4,45;0;4,23
894;2,32;0,27;342;false;true;true;4,45;0;4,24
895;2,32;0,26;342;false;true;true;4,45;0;4,24
896;2,32;0,26;342;false;true;true;4,45;0;4,24
897;2,32;0,26;342;false;true;true;4,45;0;4,24
898;2,33;0,25;342;false;true;true;4,44;0;4,24
899;2,33;0,25;342;false;true;true;4,44;0;4,24
900;2,33;0,25;342;false;true;true;4,44;0;4,24
901;2,33;0,25;342;false;true;true;4,45;0;4,24
902;2,33;0,25;342;false;true;true;4,45;0;4,24
903;2,34;0,25;342;false;true;true;4,45;0;4,25
904;2,34;0,25;342;false;true;true;4,45;0;4,25
905;2,34;0,24;342;false;true;true;4,45;0;4,25
906;2,34;0,24;342;false;true;true;4,45;0;4,25
907;2,34;0,24;342;false;true;true;4,44;0;4,25
908;2,35;0,24;342;false;true;true;4,44;0;4,25
909;2,35;0,23;342;false;true;true;4,44;0;4,25
910;2,35;0,23;342;false;true;true;4,44;0;4,25
911;2,35;0,23;342;false;true;true;4,44;0;4,25
912;2,35;0,23;342;false;true;true;4,44;0;4,25
913;2,36;0,23;342;false;true;true;4,44;0;4,26
914;2,36;0,23;342;false;true;true;4,44;0;4,26
915;2,36;0,23;342;false;true;true;4,44;0;4,26
916;2,36;0,22;342;false;true;true;4,44;0;4,26
917;2,36;0,23;342;false;true;true;4,44;0;4,26
918;2,37;0,22;342;false;true;true;4,44;0;4,26
919;2,37;0,22;342;false;true;true;4,44;0;4,26
920;2,37;0,22;342;false;true;true;4,44;0;4,26
921;2,37;0,21;342;false;true;true;4,44;0;4,26
922;2,37;0,21;342;false;true;true;4,44;0;4,26
923;2,38;0,21;342;false;true;true;4,44;0;4,27
924;2,38;0,21;342;false;true;true;4,44;0;4,27
925;2,38;0,21;342;false;true;true;4,44;0;4,27
926;2,38;0,21;342;false;true;true;4,44;0;4,27
927;2,38;0,21;342;false;true;true;4,44;0;4,27
928;2,39;0,21;342;false;true;true;4,44;0;4,27
929;2,39;0,2;342;false;true;true;4,43;0;4,27
930;2,39;0,2;342;false;true;true;4,43;0;4,27
931;2,39;0,2;342;false;true;true;4,43;0;4,27
932;2,39;0,2;342;false;true;true;4,43;0;4,27
933;2,4;0,19;342;false;true;true;4,43;0;4,27
934;2,4;0,19;342;false;true;true;4,43;0;4,28
935;2,4;0,19;342;false;true;true;4,43;0;4,28
936;2,4;0,19;342;false;true;true;4,43;0;4,28
937;2,4;0,18;342;false;true;true;4,43;0;4,28
938;2,41;0,18;342;false;true;true;4,43;0;4,28
939;2,41;0,18;342;false;true;true;4,43;0;4,28
940;2,41;0,18;342;false;true;true;4,43;0;4,28
941;2,41;0,18;342;false;true;true;4,43;0;4,28
942;2,41;0,18;342;false;true;true;4,43;0;4,28
943;2,42;0,18;342;false;true;true;4,43;0;4,28
944;2,42;0,18;342;false;true;true;4,43;0;4,28
945;2,42;0,18;342;false;true;true;4,43;0;4,29
946;2,42;0,17;342;false;true;true;4,43;0;4,29
947;2,42;0,17;342;false;true;true;4,43;0;4,29
948;2,43;0,17;342;false;true;true;4,42;0;4,29
949;2,43;0,17;342;false;true;true;4,43;0;4,29
950;2,43;0,17;342;false;true;true;4,43;0;4,29
951;2,43;0,16;342;false;true;true;4,42;0;4,29
952;2,43;0,16;342;false;true;true;4,42;0;4,29
953;2,44;0,16;342;false;true;true;4,42;0;4,29
954;2,44;0,16;342;false;true;true;4,42;0;4,29
955;2,44;0,16;342;false;true;true;4,42;0;4,29
956;2,44;0,16;342;false;true;true;4,43;0;4,29
957;2,44;0,16;342;false;true;true;4,43;0;4,29
958;2,45;0,16;342;false;true;true;4,42;0;4,3
959;2,45;0,15;342;false;true;true;4,42;0;4,3
960;2,45;0,15;342;false;true;true;4,42;0;4,3
961;2,45;0,15;342;false;true;true;4,42;0;4,3
962;2,45;0,15;342;false;true;true;4,42;0;4,3
963;2,46;0,15;342;false;true;true;4,42;0;4,3
964;2,46;0,15;342;false;true;true;4,42;0;4,3
965;2,46;0,15;342;false;true;true;4,42;0;4,3
966;2,46;0,15;342;false;true;true;4,42;0;4,3
967;2,47;0,15;342;false;true;true;4,42;0;4,3
968;2,47;0,14;342;false;true;true;4,42;0;4,3
969;2,47;0,14;342;false;true;true;4,42;0;4,3
970;2,47;0,14;342;false;true;true;4,42;0;4,3
971;2,48;0,14;342;false;true;true;4,42;0;4,31
972;2,48;0,14;342;false;true;true;4,42;0;4,31
973;2,48;0,14;342;false;true;true;4,42;0;4,31
974;2,48;0,14;342;false;true;true;4,42;0;4,31
975;2,48;0,13;342;false;true;true;4,42;0;4,31
976;2,49;0,13;342;false;true;true;4,42;0;4,31
977;2,49;0,13;342;false;true;true;4,42;0;4,31
978;2,49;0,13;342;false;true;true;4,42;0;4,31
979;2,49;0,13;342;false;true;true;4,42;0;4,31
980;2,49;0,13;342;false;true;true;4,42;0;4,31
981;2,5;0,13;342;false;true;true;4,42;0;4,31
982;2,5;0,13;342;false;true;true;4,42;0;4,31
983;2,5;0,13;342;false;true;true;4,42;0;4,31
984;2,5;0,12;342;false;true;true;4,42;0;4,31
985;2,51;0,12;342;false;true;true;4,41;0;4,31
986;2,51;0,12;342;false;true;true;4,42;0;4,32
987;2,51;0,12;342;false;true;true;4,41;0;4,32
988;2,51;0,12;342;false;true;true;4,41;0;4,32
989;2,51;0,12;342;false;true;true;4,41;0;4,32
990;2,52;0,12;342;false;true;true;4,41;0;4,32
991;2,52;0,12;342;false;true;true;4,41;0;4,32
992;2,52;0,12;342;false;true;true;4,42;0;4,32
993;2,52;0,12;342;false;true;true;4,42;0;4,32
994;2,52;0,12;342;false;true;true;4,42;0;4,32
995;2,53;0,12;342;false;true;true;4,42;0;4,32
996;2,53;0,11;342;false;true;true;4,41;0;4,32
997;2,53;0,11;342;false;true;true;4,42;0;4,32
998;2,53;0,11;342;false;true;true;4,41;0;4,32
999;2,53;0,11;342;false;true;true;4,42;0;4,32
1000;2,54;0,11;342;false;true;true;4,42;0;4,32
1001;2,54;0,11;342;false;true;true;4,41;0;4,32
1002;2,54;0,11;342;false;true;true;4,41;0;4,33
1003;2,54;0,11;342;false;true;true;4,41;0;4,33
1004;2,54;0,1;342;false;true;true;4,41;0;4,33
1005;2,55;0,1;342;false;true;true;4,41;0;4,33
1006;2,55;0,1;342;false;true;true;4,41;0;4,33
1007;2,55;0,1;342;false;true;true;4,41;0;4,33
1008;2,55;0,1;342;false;true;true;4,41;0;4,33
1009;2,55;0,1;342;false;true;true;4,41;0;4,33
1010;2,56;0,1;342;false;true;true;4,41;0;4,33
1011;2,56;0,1;342;false;true;true;4,41;0;4,33
1012;2,56;0,1;342;false;true;true;4,41;0;4,33
1013;2,56;0,1;342;false;true;true;4,41;0;4,33
1014;2,56;0,09;342;false;true;true;4,41;0;4,33
1015;2,56;0,09;342;false;true;true;4,41;0;4,33
1016;2,57;0,09;342;false;true;true;4,41;0;4,33
1017;2,57;0,09;342;false;true;true;4,41;0;4,33
1018;2,57;0,1;342;false;true;true;4,41;0;4,33
1019;2,57;0,1;342;false;true;true;4,41;0;4,33
1020;2,58;0,1;342;false;true;true;4,41;0;4,33
1021;2,58;0,1;342;false;true;true;4,41;0;4,34
1022;2,58;0,09;342;false;true;true;4,41;0;4,34
1023;2,58;0,09;342;false;true;true;4,41;0;4,34
1024;2,58;0,09;342;false;true;true;4,41;0;4,34
1025;2,59;0,08;342;false;true;true;4,4;0;4,34
1026;2,59;0,08;342;false;true;true;4,4;0;4,34
1027;2,59;0,08;342;false;true;true;4,4;0;4,34
1028;2,59;0,08;342;false;true;true;4,41;0;4,34
1029;2,59;0,08;342;false;true;true;4,41;0;4,34
1030;2,6;0,09;342;false;true;true;4,41;0;4,34
1031;2,6;0,08;342;false;true;true;4,41;0;4,34
1032;2,6;0,09;342;false;true;true;4,41;0;4,34
1033;2,6;0,08;342;false;true;true;4,41;0;4,34
1034;2,6;0,09;342;false;true;true;4,41;0;4,34
1035;2,61;0,08;342;false;true;true;4,41;0;4,34
1036;2,61;0,08;342;false;true;true;4,41;0;4,34
1037;2,61;0,08;342;false;true;true;4,41;0;4,34
1038;2,61;0,08;342;false;true;true;4,41;0;4,34
1039;2,61;0,08;342;false;true;true;4,41;0;4,34
1040;2,61;0,08;342;false;true;true;4,41;0;4,34
1041;2,62;0,08;342;false;true;true;4,41;0;4,34
1042;2,62;0,08;342;false;true;true;4,41;0;4,34
1043;2,62;0,08;342;false;true;true;4,41;0;4,35
1044;2,62;0,08;342;false;true;true;4,41;0;4,35
1045;2,62;0,08;342;false;true;true;4,41;0;4,35
1046;2,63;0,08;342;false;true;true;4,41;0;4,35
1047;2,63;0,07;342;false;true;true;4,41;0;4,35
1048;2,63;0,08;342;false;true;true;4,41;0;4,35
1049;2,63;0,08;342;false;true;true;4,41;0;4,35
1050;2,63;0,08;342;false;true;true;4,41;0;4,35
1051;2,64;0,08;342;false;true;true;4,42;0;4,35
1052;2,64;0,08;342;false;true;true;4,42;0;4,35
1053;2,64;0,08;342;false;true;true;4,41;0;4,35
1054;2,64;0,07;342;false;true;true;4,41;0;4,35
1055;2,64;0,07;342;false;true;true;4,41;0;4,35
1056;2,65;0,06;342;false;true;true;4,4;0;4,35
1057;2,65;0,06;342;false;true;true;4,4;0;4,35
1058;2,65;0,06;342;false;true;true;4,4;0;4,35
1059;2,65;0,06;342;false;true;true;4,4;0;4,35
1060;2,65;0,06;342;false;true;true;4,4;0;4,35
1061;2,66;0,06;342;false;true;true;4,4;0;4,35
1062;2,66;0,06;342;false;true;true;4,4;0;4,35
1063;2,66;0,06;342;false;true;true;4,4;0;4,35
1064;2,66;0,06;342;false;true;true;4,4;0;4,35
1065;2,66;0,06;342;false;true;true;4,41;0;4,35
1066;2,67;0,06;342;false;true;true;4,4;0;4,35
1067;2,67;0,06;342;false;true;true;4,4;0;4,35
1068;2,67;0,06;342;false;true;true;4,4;0;4,36
1069;2,67;0,06;342;false;true;true;4,4;0;4,36
1070;2,67;0,06;342;false;true;true;4,4;0;4,36
1071;2,68;0,06;342;false;true;true;4,4;0;4,36
1072;2,68;0,06;342;false;true;true;4,4;0;4,36
1073;2,68;0,06;342;false;true;true;4,41;0;4,36
1074;2,68;0,06;342;false;true;true;4,4;0;4,36
1075;2,69;0,06;342;false;true;true;4,41;0;4,36
1076;2,69;0,06;342;false;true;true;4,4;0;4,36
1077;2,69;0,06;342;false;true;true;4,41;0;4,36
1078;2,69;0,06;342;false;true;true;4,41;0;4,36
1079;2,71;0,06;342;false;true;true;4,41;0;4,36
1080;2,71;0,05;342;false;true;true;4,4;0;4,36
1081;2,72;0,05;342;false;true;true;4,4;0;4,36
1082;2,72;0,05;342;false;true;true;4,4;0;4,36
1083;2,72;0,05;342;false;true;true;4,4;0;4,36
1084;2,72;0,05;342;false;true;true;4,4;0;4,36
1085;2,72;0,05;342;false;true;true;4,4;0;4,36
1086;2,73;0,05;342;false;true;true;4,4;0;4,36
1087;2,73;0,05;342;false;true;true;4,41;0;4,36
1088;2,73;0,05;342;false;true;true;4,41;0;4,36
1089;2,73;0,05;342;false;true;true;4,41;0;4,36
1090;2,73;0,05;342;false;true;true;4,41;0;4,36
1091;2,74;0,05;342;false;true;true;4,41;0;4,36
1092;2,74;0,05;342;false;true;true;4,4;0;4,36
1093;2,74;0,05;342;false;true;true;4,4;0;4,36
1094;2,74;0,05;342;false;true;true;4,41;0;4,36
1095;2,75;0,05;342;false;true;true;4,41;0;4,36
1096;2,75;0,05;342;false;true;true;4,4;0;4,36
1097;2,75;0,04;342;false;true;true;4,4;0;4,36
1098;2,75;0,04;342;false;true;true;4,4;0;4,36
1099;2,75;0,05;342;false;true;true;4,4;0;4,37
1100;2,76;0,05;342;false;true;true;4,41;0;4,37
1101;2,76;0,05;342;false;true;true;4,4;0;4,37
1102;2,76;0,05;342;false;true;true;4,4;0;4,37
1103;2,76;0,04;342;false;true;true;4,4;0;4,37
1104;2,76;0,04;342;false;true;true;4,4;0;4,37
1105;2,77;0,04;342;false;true;true;4,4;0;4,37
1106;2,77;0,04;342;false;true;true;4,4;0;4,37
1107;2,77;0,04;342;false;true;true;4,4;0;4,37
1108;2,77;0,04;342;false;true;true;4,4;0;4,37
1109;2,77;0,04;342;false;true;true;4,4;0;4,37
1110;2,77;0,04;342;false;true;true;4,4;0;4,37
1111;2,78;0,04;342;false;true;true;4,4;0;4,37
1112;2,78;0,04;342;false;true;true;4,4;0;4,37
1113;2,78;0,04;342;false;true;true;4,4;0;4,37
1114;2,78;0,04;342;false;true;true;4,4;0;4,37
1115;2,79;0,04;342;false;true;true;4,4;0;4,37
1116;2,79;0,04;342;false;true;true;4,4;0;4,37
1117;2,79;0,04;342;false;true;true;4,4;0;4,37
1118;2,79;0,03;342;false;true;true;4,4;0;4,37
1119;2,79;0,04;342;false;true;true;4,4;0;4,37
1120;2,8;0,04;342;false;true;true;4,4;0;4,37
1121;2,8;0,04;342;false;true;true;4,4;0;4,37
1122;2,8;0,04;342;false;true;true;4,4;0;4,37
1123;2,8;0,04;342;false;true;true;4,4;0;4,37
1124;2,8;0,03;342;false;true;true;4,4;0;4,37
1125;2,81;0,03;342;false;true;true;4,39;0;4,37
1126;2,81;0,03;342;false;true;true;4,4;0;4,37
1127;2,81;0,03;342;false;true;true;4,4;0;4,37
1128;2,81;0,03;342;false;true;true;4,4;0;4,37
1129;2,81;0,03;342;false;true;true;4,4;0;4,37
1130;2,82;0,03;342;false;true;true;4,4;0;4,37
1131;2,82;0,03;342;false;true;true;4,4;0;4,37
1132;2,82;0,03;342;false;true;true;4,4;0;4,37
1133;2,82;0,03;342;false;true;true;4,4;0;4,37
1134;2,82;0,03;342;false;true;true;4,4;0;4,37
1135;2,83;0,03;342;false;true;true;4,4;0;4,37
1136;2,83;0,03;342;false;true;true;4,4;0;4,37
1137;2,83;0,03;342;false;true;true;4,4;0;4,37
1138;2,83;0,03;342;false;true;true;4,4;0;4,37
1139;2,83;0,03;342;false;true;true;4,39;0;4,37
1140;2,84;0,03;342;false;true;true;4,4;0;4,37
1141;2,84;0,03;342;false;true;true;4,4;0;4,37
1142;2,84;0,03;342;false;true;true;4,4;0;4,37
1143;2,84;0,03;342;false;true;true;4,4;0;4,37
1144;2,84;0,03;342;false;true;true;4,4;0;4,37
1145;2,85;0,03;342;false;true;true;4,4;0;4,38
1146;2,85;0,03;342;false;true;true;4,4;0;4,38
1147;2,85;0,03;342;false;true;true;4,4;0;4,38
1148;2,85;0,03;342;false;true;true;4,4;0;4,38
1149;2,85;0,03;342;false;true;true;4,4;0;4,38
1150;2,86;0,03;342;false;true;true;4,4;0;4,38
1151;2,86;0,03;342;false;true;true;4,4;0;4,38
1152;2,86;0,03;342;false;true;true;4,4;0;4,38
1153;2,86;0,03;342;false;true;true;4,4;0;4,38
1154;2,86;0,03;342;false;true;true;4,4;0;4,38
1155;2,87;0,03;342;false;true;true;4,4;0;4,38
1156;2,87;0,03;342;false;true;true;4,4;0;4,38
1157;2,87;0,03;342;false;true;true;4,4;0;4,38
1158;2,87;0,03;342;false;true;true;4,4;0;4,38
1159;2,87;0,03;342;false;true;true;4,4;0;4,38
1160;2,88;0,03;342;false;true;true;4,4;0;4,38
1161;2,88;0,03;342;false;true;true;4,4;0;4,38
1162;2,88;0,03;342;false;true;true;4,4;0;4,38
1163;2,88;0,03;342;false;true;true;4,4;0;4,38
1164;2,88;0,03;342;false;true;true;4,4;0;4,38
1165;2,88;0,03;342;false;true;true;4,4;0;4,38
1166;2,89;0,03;342;false;true;true;4,4;0;4,38
1167;2,89;0,02;342;false;true;true;4,4;0;4,38
1168;2,89;0,03;342;false;true;true;4,4;0;4,38
1169;2,89;0,03;342;false;true;true;4,4;0;4,38
1170;2,9;0,02;342;false;true;true;4,4;0;4,38
1171;2,9;0,02;342;false;true;true;4,4;0;4,38
1172;2,9;0,02;342;false;true;true;4,4;0;4,38
1173;2,9;0,02;342;false;true;true;4,4;0;4,38
1174;2,9;0,02;342;false;true;true;4,4;0;4,38
1175;2,91;0,02;342;false;true;true;4,4;0;4,38
1176;2,91;0,02;342;false;true;true;4,4;0;4,38
1177;2,91;0,02;342;false;true;true;4,4;0;4,38
1178;2,91;0,02;342;false;true;true;4,4;0;4,38
1179;2,91;0,02;342;false;true;true;4,4;0;4,38
1180;2,92;0,02;342;false;true;true;4,4;0;4,38
1181;2,92;0,02;342;false;true;true;4,4;0;4,38
1182;2,92;0,02;342;false;true;true;4,4;0;4,38
1183;2,92;0,02;342;false;true;true;4,4;0;4,38
1184;2,92;0,02;342;false;true;true;4,4;0;4,38
1185;2,93;0,02;342;false;true;true;4,4;0;4,38
1186;2,93;0,02;342;false;true;true;4,4;0;4,38
1187;2,93;0,02;342;false;true;true;4,4;0;4,38
1188;2,93;0,02;342;false;true;true;4,39;0;4,38
1189;2,93;0,02;342;false;true;true;4,39;0;4,38
1190;2,94;0,02;342;false;true;true;4,4;0;4,38
1191;2,94;0,02;342;false;true;true;4,4;0;4,38
1192;2,94;0,02;342;false;true;true;4,4;0;4,38
1193;2,94;0,02;342;false;true;true;4,4;0;4,38
1194;2,94;0,02;342;false;true;true;4,4;0;4,38
1195;2,95;0,02;342;false;true;true;4,39;0;4,38
1196;2,95;0,01;342;false;true;true;4,39;0;4,38
1197;2,95;0,02;342;false;true;true;4,4;0;4,38
1198;2,95;0,02;342;false;true;true;4,39;0;4,38
1199;2,95;0,02;342;false;true;true;4,4;0;4,38
1200;2,96;0,02;342;false;true;true;4,4;0;4,38
1201;2,96;0,02;342;false;true;true;4,4;0;4,38
1202;2,96;0,02;342;false;true;true;4,4;0;4,38
1203;2,96;0,02;342;false;true;true;4,4;0;4,38
1204;2,96;0,02;342;false;true;true;4,4;0;4,38
1205;2,97;0,02;342;false;true;true;4,4;0;4,38
1206;2,97;0,02;342;false;true;true;4,4;0;4,38
1207;2,97;0,02;342;false;true;true;4,4;0;4,38
1208;2,97;0,02;342;false;true;true;4,4;0;4,38
1209;2,97;0,02;342;false;true;true;4,4;0;4,38
1210;2,98;0,02;342;false;true;true;4,4;0;4,38
1211;2,98;0,02;342;false;true;true;4,4;0;4,38
1212;2,98;0,02;342;false;true;true;4,4;0;4,38
1213;2,98;0,02;342;false;true;true;4,4;0;4,38
1214;2,98;0,01;342;false;true;true;4,39;0;4,38
1215;2,99;0,01;342;false;true;true;4,39;0;4,38
1216;2,99;0,02;342;false;true;true;4,4;0;4,38
1217;2,99;0,02;342;false;true;true;4,4;0;4,38
1218;2,99;0,01;342;false;true;true;4,39;0;4,38
1219;2,99;0,01;342;false;true;true;4,4;0;4,38
1220;3;0,01;342;false;true;true;4,39;0;4,38
1221;3;0,01;342;false;true;true;4,39;0;4,38
1222;3;0,01;342;false;true;true;4,39;0;4,38
1223;3;0,01;342;false;true;true;4,4;0;4,38
1224;3,01;0,01;342;false;true;true;4,39;0;4,38
1225;3,01;0,01;342;false;true;true;4,4;0;4,38
1226;3,01;0,01;342;false;true;true;4,39;0;4,38
1227;3,01;0,01;342;false;true;true;4,39;0;4,38
1228;3,01;0,01;342;false;true;true;4,39;0;4,38
1229;3,02;0,01;342;false;true;true;4,39;0;4,38
1230;3,02;0,01;342;false;true;true;4,39;0;4,38
1231;3,02;0,01;342;false;true;true;4,39;0;4,38
1232;3,02;0,01;342;false;true;true;4,39;0;4,38
1233;3,02;0,01;342;false;true;true;4,39;0;4,38
1234;3,03;0,01;342;false;true;true;4,39;0;4,38
1235;3,03;0,01;342;false;true;true;4,39;0;4,38
1236;3,03;0,01;342;false;true;true;4,39;0;4,38
1237;3,03;0,01;342;false;true;true;4,39;0;4,38
1238;3,03;0,01;342;false;true;true;4,39;0;4,38
1239;3,04;0,01;342;false;true;true;4,39;0;4,38
1240;3,04;0,01;342;false;true;true;4,39;0;4,38
1241;3,04;0,01;342;false;true;true;4,39;0;4,38
1242;3,04;0,01;342;false;true;true;4,39;0;4,38
1243;3,04;0,01;342;false;true;true;4,39;0;4,38
1244;3,05;0,01;342;false;true;true;4,39;0;4,38
1245;3,05;0,01;342;false;true;true;4,39;0;4,38
1246;3,05;0,01;342;false;true;true;4,4;0;4,38
1247;3,05;0,01;342;false;true;true;4,39;0;4,38
1248;3,05;0,01;342;false;true;true;4,39;0;4,38
1249;3,06;0,01;342;false;true;true;4,4;0;4,38
1250;3,06;0,01;342;false;true;true;4,4;0;4,38
1251;3,06;0,01;342;false;true;true;4,39;0;4,38
1252;3,06;0,01;342;false;true;true;4,39;0;4,39
1253;3,06;0,01;342;false;true;true;4,39;0;4,39
1254;3,06;0,01;342;false;true;true;4,39;0;4,39
1255;3,07;0,01;342;false;true;true;4,39;0;4,39
1256;3,07;0,01;342;false;true;true;4,39;0;4,39
1257;3,07;0,01;342;false;true;true;4,39;0;4,39
1258;3,07;0,01;342;false;true;true;4,39;0;4,39
1259;3,07;0,01;342;false;true;true;4,39;0;4,39
1260;3,08;0,01;342;false;true;true;4,39;0;4,39
1261;3,08;0,01;342;false;true;true;4,39;0;4,39
1262;3,08;0,01;342;false;true;true;4,39;0;4,39
1263;3,08;0,01;342;false;true;true;4,39;0;4,39
1264;3,08;0,01;342;false;true;true;4,39;0;4,39
1265;3,09;0,01;342;false;true;true;4,39;0;4,39
1266;3,09;0;342;false;true;true;4,39;0;4,39
1267;3,09;0;342;false;true;true;4,39;0;4,39
1268;3,09;0,01;342;false;true;true;4,39;0;4,39
1269;3,1;0;342;false;true;true;4,39;0;4,39
1270;3,1;0;342;false;true;true;4,39;0;4,39
1271;3,1;0,01;342;false;true;true;4,39;0;4,39
1272;3,1;0,01;342;false;true;true;4,39;0;4,39
1273;3,11;0,01;342;false;true;true;4,39;0;4,39
1274;3,11;0,01;342;false;true;true;4,39;0;4,39
1275;3,11;0,01;342;false;true;true;4,39;0;4,39
1276;3,11;0,01;342;false;true;true;4,39;0;4,39
1277;3,11;0;342;false;true;true;4,39;0;4,39
1278;3,12;0;342;false;true;true;4,39;0;4,39
1279;3,12;0;342;false;true;true;4,39;0;4,39
1280;3,12;0;342;false;true;true;4,39;0;4,39
1281;3,12;0;342;false;true;true;4,39;0;4,39
1282;3,12;0;342;false;true;true;4,39;0;4,39
1283;3,13;0;342;false;true;true;4,39;0;4,39
1284;3,13;0;342;false;true;true;4,39;0;4,39
1285;3,13;0;342;false;true;true;4,39;0;4,39
1286;3,13;0;342;false;true;true;4,39;0;4,39
1287;3,13;0;342;false;true;true;4,39;0;4,39
1288;3,14;0;342;false;true;true;4,39;0;4,39
1289;3,14;0;342;false;true;true;4,39;0;4,39
1290;3,14;0;342;false;true;true;4,39;0;4,39
1291;3,14;0;342;false;true;true;4,39;0;4,39
1292;3,15;0;342;false;true;true;4,39;0;4,39
1293;3,15;0;342;false;true;true;4,39;0;4,39
1294;3,15;0;342;false;true;true;4,39;0;4,39
1295;3,15;0;342;false;true;true;4,39;0;4,39
1296;3,16;0;342;false;true;true;4,39;0;4,39
1297;3,16;0;342;false;true;true;4,39;0;4,39
1298;3,16;0;342;false;true;true;4,39;0;4,39
1299;3,16;0;342;false;true;true;4,39;0;4,39
1300;3,16;0;342;false;true;true;4,39;0;4,39
1301;3,17;0;342;false;true;true;4,39;0;4,39
1302;3,17;0;342;false;true;true;4,39;0;4,39
1303;3,17;0;342;false;true;true;4,39;0;4,39
1304;3,17;0;342;false;true;true;4,39;0;4,39
1305;3,17;0;342;false;true;true;4,39;0;4,39
1306;3,18;0;342;false;true;true;4,39;0;4,39
1307;3,18;0;342;false;true;true;4,39;0;4,39
1308;3,18;0;342;false;true;true;4,39;0;4,39
1309;3,18;0;342;false;true;true;4,39;0;4,39
1310;3,19;0;342;false;true;true;4,39;0;4,39
1311;3,19;0;342;false;true;true;4,39;0;4,39
1312;3,19;0;342;false;true;true;4,39;0;4,39
1313;3,19;0;342;false;true;true;4,39;0;4,39
1314;3,2;0;342;false;true;true;4,39;0;4,39
1315;3,2;0;342;false;true;true;4,39;0;4,39
1316;3,2;0;342;false;true;true;4,39;0;4,39
1317;3,2;0;342;false;true;true;4,39;0;4,39
1318;3,2;0;342;false;true;true;4,39;0;4,39
1319;3,21;0;342;false;true;true;4,39;0;4,39
1320;3,21;0;342;false;true;true;4,39;0;4,39
1321;3,21;0;342;false;true;true;4,39;0;4,39
1322;3,21;0;342;false;true;true;4,39;0;4,39
1323;3,21;0;342;false;true;true;4,39;0;4,39
1324;3,22;0;342;false;true;true;4,39;0;4,39
1325;3,22;0;342;false;true;true;4,39;0;4,39
1326;3,22;0;342;false;true;true;4,39;0;4,39
1327;3,22;0;342;false;true;true;4,39;0;4,39
1328;3,22;0;342;false;true;true;4,39;0;4,39
1329;3,23;0;342;false;true;true;4,39;0;4,39
1330;3,23;0;342;false;true;true;4,39;0;4,39
1331;3,23;0;342;false;true;true;4,39;0;4,39
1332;3,23;0;342;false;true;true;4,39;0;4,39
1333;3,23;0;342;false;true;true;4,39;0;4,39
1334;3,24;0;342;false;true;true;4,39;0;4,39
1335;3,24;0;342;false;true;true;4,39;0;4,39
1336;3,24;0;342;false;true;true;4,39;0;4,39
1337;3,24;0;342;false;true;true;4,39;0;4,39
1338;3,24;0;342;false;true;true;4,39;0;4,39
1339;3,25;0;342;false;true;true;4,39;0;4,39
1340;3,25;0;342;false;true;true;4,39;0;4,39
1341;3,25;0;342;false;true;true;4,39;0;4,39
1342;3,26;0;342;false;true;true;4,39;0;4,39
1343;3,26;0;342;false;true;true;4,39;0;4,39
1344;3,26;0;342;false;true;true;4,39;0;4,39
1345;3,26;0;342;false;true;true;4,39;0;4,39
1346;3,26;0;342;false;true;true;4,39;0;4,39
1347;3,27;0;342;false;true;true;4,39;0;4,39
1348;3,27;0;342;false;true;true;4,39;0;4,39
1349;3,27;0;342;false;true;true;4,39;0;4,39
1350;3,27;0;342;false;true;true;4,39;0;4,39
1351;3,27;0;342;false;true;true;4,39;0;4,39
1352;3,28;0;342;false;true;true;4,39;0;4,39
1353;3,28;0;342;false;true;true;4,39;0;4,39
1354;3,28;0;342;false;true;true;4,39;0;4,39
1355;3,28;0;342;false;true;true;4,39;0;4,39
1356;3,28;0;342;false;true;true;4,39;0;4,39
1357;3,29;0;342;false;true;true;4,39;0;4,39
1358;3,29;0;342;false;true;true;4,39;0;4,39
1359;3,29;0;342;false;true;true;4,39;0;4,39
1360;3,29;0;342;false;true;true;4,39;0;4,39
1361;3,29;0;342;false;true;true;4,39;0;4,39
1362;3,3;0;342;false;true;true;4,39;0;4,39
1363;3,3;0;342;false;true;true;4,39;0;4,39
1364;3,3;0;342;false;true;true;4,39;0;4,39
1365;3,3;0;342;false;true;true;4,39;0;4,39
1366;3,31;0;342;false;true;true;4,39;0;4,39
1367;3,31;0;342;false;true;true;4,39;0;4,39
1368;3,31;0;342;false;true;true;4,39;0;4,39
1369;3,31;0;342;false;true;true;4,39;0;4,39
1370;3,31;0;342;false;true;true;4,39;0;4,39
1371;3,32;0;342;false;true;true;4,39;0;4,39
1372;3,32;0;342;false;true;true;4,39;0;4,39
1373;3,32;0;342;false;true;true;4,39;0;4,39
1374;3,32;0;342;false;true;true;4,39;0;4,39
1375;3,32;0;342;false;true;true;4,39;0;4,39
1376;3,33;0;342;false;true;true;4,39;0;4,39
1377;3,33;0;342;false;true;true;4,39;0;4,39
1378;3,33;0;342;false;true;true;4,39;0;4,39
1379;3,33;0;342;false;true;true;4,39;0;4,39
1380;3,34;0;342;false;true;true;4,39;0;4,39
1381;3,34;0;342;false;true;true;4,39;0;4,39
1382;3,34;0;342;false;true;true;4,39;0;4,39
1383;3,34;0;342;false;true;true;4,39;0;4,39
1384;3,34;0;342;false;true;true;4,39;0;4,39
1385;3,35;0;342;false;true;true;4,39;0;4,39
1386;3,35;0;342;false;true;true;4,39;0;4,39
1387;3,35;0;342;false;true;true;4,39;0;4,39
1388;3,35;0;342;false;true;true;4,39;0;4,39
1389;3,35;0;342;false;true;true;4,39;0;4,39
1390;3,36;0;342;false;true;true;4,39;0;4,39
1391;3,36;0;342;false;true;true;4,39;0;4,39
1392;3,36;0;342;false;true;true;4,39;0;4,39
1393;3,36;0;342;false;true;true;4,39;0;4,39
1394;3,36;0;342;false;true;true;4,39;0;4,39
1395;3,36;0;342;false;true;true;4,39;0;4,39
1396;3,37;0;342;false;true;true;4,39;0;4,39
1397;3,37;0;342;false;true;true;4,39;0;4,39
1398;3,37;0;342;false;true;true;4,39;0;4,39
1399;3,37;0;342;false;true;true;4,39;0;4,39
1400;3,37;0;342;false;true;true;4,39;0;4,39
1401;3,37;0;342;false;true;true;4,39;0;4,39
1402;3,38;0;342;false;true;true;4,39;0;4,39
1403;3,38;0;342;false;true;true;4,39;0;4,39
1404;3,38;0;342;false;true;true;4,39;0;4,39
1405;3,38;0;342;false;true;true;4,39;0;4,39
1406;3,38;0;342;false;true;true;4,39;0;4,39
1407;3,39;0;342;false;true;true;4,39;0;4,39
1408;3,39;0;342;false;true;true;4,39;0;4,39
1409;3,39;0;342;false;true;true;4,39;0;4,39
1410;3,39;0;342;false;true;true;4,39;0;4,39
1411;3,39;0;342;false;true;true;4,39;0;4,39
1412;3,39;0;342;false;true;true;4,39;0;4,39
1413;3,4;0;342;false;true;true;4,39;0;4,39
1414;3,4;0;342;false;true;true;4,39;0;4,39
1415;3,4;0;342;false;true;true;4,39;0;4,39
1416;3,4;0;342;false;true;true;4,39;0;4,39
1417;3,4;0;342;false;true;true;4,39;0;4,39
1418;3,41;0;342;false;true;true;4,39;0;4,39
1419;3,41;0;342;false;true;true;4,39;0;4,39
1420;3,41;0;342;false;true;true;4,39;0;4,39
1421;3,41;0;342;false;true;true;4,39;0;4,39
1422;3,41;0;342;false;true;true;4,39;0;4,39
1423;3,42;0;342;false;true;true;4,39;0;4,39
1424;3,42;0;342;false;true;true;4,39;0;4,39
1425;3,42;0;342;false;true;true;4,39;0;4,39
1426;3,42;0;342;false;true;true;4,39;0;4,39
1427;3,42;0;342;false;true;true;4,39;0;4,39
1428;3,42;0;342;false;true;true;4,39;0;4,39
1429;3,42;0;342;false;true;true;4,39;0;4,39
1430;3,43;0;342;false;true;true;4,39;0;4,39
1431;3,43;0;342;false;true;true;4,39;0;4,39
1432;3,43;0;342;false;true;true;4,39;0;4,39
1433;3,43;0;342;false;true;true;4,39;0;4,39
1434;3,43;0;342;false;true;true;4,39;0;4,39
1435;3,44;0;342;false;true;true;4,39;0;4,39
1436;3,44;0;342;false;true;true;4,39;0;4,39
1437;3,44;0;342;false;true;true;4,39;0;4,39
1438;3,44;0;342;false;true;true;4,39;0;4,39
1439;3,44;0;342;false;true;true;4,39;0;4,39
1440;3,45;0;342;false;true;true;4,39;0;4,39
1441;3,45;0;342;false;true;true;4,39;0;4,39
1442;3,45;0;342;false;true;true;4,39;0;4,39
1443;3,45;0;342;false;true;true;4,39;0;4,39
1444;3,45;0;342;false;true;true;4,39;0;4,39
1445;3,46;0;342;false;true;true;4,39;0;4,39
1446;3,46;0;342;false;true;true;4,39;0;4,39
1447;3,46;0;342;false;true;true;4,39;0;4,39
1448;3,46;0;342;false;true;true;4,39;0;4,39
1449;3,46;0;342;false;true;true;4,39;0;4,39
1450;3,46;0;342;false;true;true;4,39;0;4,39
1451;3,47;0;342;false;true;true;4,39;0;4,39
1452;3,47;0;342;false;true;true;4,39;0;4,39
1453;3,47;0;342;false;true;true;4,39;0;4,39
1454;3,47;0;342;false;true;true;4,39;0;4,39
1455;3,47;0;342;false;true;true;4,39;0;4,39
1456;3,48;0;342;false;true;true;4,39;0;4,39
1457;3,48;0;342;false;true;true;4,39;0;4,39
1458;3,48;0;342;false;true;true;4,39;0;4,39
1459;3,48;0;342;false;true;true;4,39;0;4,39
1460;3,48;0;342;false;true;true;4,39;0;4,39
1461;3,49;0;342;false;true;true;4,39;0;4,39
1462;3,49;0;342;false;true;true;4,39;0;4,39
1463;3,49;0;342;false;true;true;4,39;0;4,39
1464;3,49;0;342;false;true;true;4,39;0;4,39
1465;3,49;0;342;false;true;true;4,39;0;4,39
1466;3,49;0;342;false;true;true;4,39;0;4,39
1467;3,5;0;342;false;true;true;4,39;0;4,39
1468;3,5;0;342;false;true;true;4,39;0;4,39
1469;3,5;0;342;false;true;true;4,39;0;4,39
1470;3,5;0;342;false;true;true;4,39;0;4,39
1471;3,51;0;342;false;true;true;4,39;0;4,39
1472;3,51;0;342;false;true;true;4,39;0;4,39
1473;3,51;0;342;false;true;true;4,39;0;4,39
1474;3,51;0;342;false;true;true;4,39;0;4,39
1475;3,51;0;342;false;true;true;4,39;0;4,39
1476;3,52;0;342;false;true;true;4,39;0;4,39
1477;3,52;0;342;false;true;true;4,39;0;4,39
1478;3,52;0;342;false;true;true;4,39;0;4,39
1479;3,52;0;342;false;true;true;4,39;0;4,39
1480;3,52;0;342;false;true;true;4,39;0;4,39
1481;3,52;0;342;false;true;true;4,39;0;4,39
1482;3,52;0;342;false;true;true;4,39;0;4,39
1483;3,53;0;342;false;true;true;4,39;0;4,39
1484;3,53;0;342;false;true;true;4,39;0;4,39
1485;3,53;0;342;false;true;true;4,39;0;4,39
1486;3,53;0;342;false;true;true;4,39;0;4,39
1487;3,53;0;342;false;true;true;4,39;0;4,39
1488;3,54;0;342;false;true;true;4,39;0;4,39
1489;3,54;0;342;false;true;true;4,39;0;4,39
1490;3,54;0;342;false;true;true;4,39;0;4,39
1491;3,54;0;342;false;true;true;4,39;0;4,39
1492;3,54;0;342;false;true;true;4,39;0;4,39
1493;3,55;0;342;false;true;true;4,39;0;4,39
1494;3,55;0;342;false;true;true;4,39;0;4,39
1495;3,55;0;342;false;true;true;4,39;0;4,39
1496;3,55;0;342;false;true;true;4,39;0;4,39
1497;3,55;0;342;false;true;true;4,39;0;4,39
1498;3,56;0;342;false;true;true;4,39;0;4,39
1499;3,56;0;342;false;true;true;4,39;0;4,39
1500;3,56;0;342;false;true;true;4,39;0;4,39
1501;3,57;0;342;false;true;true;4,39;0;4,39
1502;3,57;0;342;false;true;true;4,39;0;4,39
1503;3,57;0;342;false;true;true;4,39;0;4,39
1504;3,57;0;342;false;true;true;4,39;0;4,39
1505;3,58;0;342;false;true;true;4,39;0;4,39
1506;3,58;0;342;false;true;true;4,39;0;4,39
1507;3,58;0;342;false;true;true;4,39;0;4,39
1508;3,58;0;342;false;true;true;4,39;0;4,39
1509;3,58;0;342;false;true;true;4,39;0;4,39
1510;3,59;0;342;false;true;true;4,39;0;4,39
1511;3,59;0;342;false;true;true;4,39;0;4,39
1512;3,59;0;342;false;true;true;4,39;0;4,39
1513;3,59;0;342;false;true;true;4,39;0;4,39
1514;3,59;0;342;false;true;true;4,39;0;4,39
1515;3,59;0;342;false;true;true;4,39;0;4,39
1516;3,6;0;342;false;true;true;4,39;0;4,39
1517;3,6;0;342;false;true;true;4,39;0;4,39
1518;3,6;0;342;false;true;true;4,39;0;4,39
1519;3,6;0;342;false;true;true;4,39;0;4,39
1520;3,6;0;342;false;true;true;4,39;0;4,39
1521;3,61;0;342;false;true;true;4,39;0;4,39
1522;3,61;0;342;false;true;true;4,39;0;4,39
1523;3,61;0;342;false;true;true;4,39;0;4,39
1524;3,61;0;342;false;true;true;4,39;0;4,39
1525;3,61;0;342;false;true;true;4,39;0;4,39
1526;3,61;0;342;false;true;true;4,39;0;4,39
1527;3,62;0;342;false;true;true;4,39;0;4,39
1528;3,62;0;342;false;true;true;4,39;0;4,39
1529;3,62;0;342;false;true;true;4,39;0;4,39
1530;3,62;0;342;false;true;true;4,39;0;4,39
1531;3,62;0;342;false;true;true;4,39;0;4,39
1532;3,62;0;342;false;true;true;4,39;0;4,39
1533;3,63;0;342;false;true;true;4,39;0;4,39
1534;3,63;0;342;false;true;true;4,39;0;4,39
1535;3,63;0;342;false;true;true;4,39;0;4,39
1536;3,63;0;342;false;true;true;4,39;0;4,39
1537;3,63;0;342;false;true;true;4,39;0;4,39
1538;3,64;0;342;false;true;true;4,39;0;4,39
1539;3,64;0;342;false;true;true;4,39;0;4,39
1540;3,64;0;342;false;true;true;4,39;0;4,39
1541;3,64;0;342;false;true;true;4,39;0;4,39
1542;3,64;0;342;false;true;true;4,39;0;4,39
1543;3,65;0;342;false;true;true;4,39;0;4,39
1544;3,67;0;342;false;true;true;4,39;0;4,39
1545;3,67;0;342;false;true;true;4,39;0;4,39
1546;3,67;0;342;false;true;true;4,39;0;4,39
1547;3,67;0;342;false;true;true;4,39;0;4,39
1548;3,67;0;342;false;true;true;4,39;0;4,39
1549;3,68;0;342;false;true;true;4,39;0;4,39
1550;3,68;0;342;false;true;true;4,39;0;4,39
1551;3,68;0;342;false;true;true;4,39;0;4,39
1552;3,68;0;342;false;true;true;4,39;0;4,39
1553;3,68;0;342;false;true;true;4,39;0;4,39
1554;3,68;0;342;false;true;true;4,39;0;4,39
1555;3,68;0;342;false;true;true;4,39;0;4,39
1556;3,69;0;342;false;true;true;4,39;0;4,39
1557;3,69;0;342;false;true;true;4,39;0;4,39
1558;3,69;0;342;false;true;true;4,39;0;4,39
1559;3,69;0;342;false;true;true;4,39;0;4,39
1560;3,69;0;342;false;true;true;4,39;0;4,39
1561;3,69;0;342;false;true;true;4,39;0;4,39
1562;3,7;0;342;false;true;true;4,39;0;4,39
1563;3,7;0;342;false;true;true;4,39;0;4,39
1564;3,7;0;342;false;true;true;4,39;0;4,39
1565;3,7;0;342;false;true;true;4,39;0;4,39
1566;3,7;0;342;false;true;true;4,39;0;4,39
1567;3,71;0;342;false;true;true;4,39;0;4,39
1568;3,71;0;342;false;true;true;4,39;0;4,39
1569;3,71;0;342;false;true;true;4,39;0;4,39
1570;3,71;0;342;false;true;true;4,39;0;4,39
1571;3,71;0;342;false;true;true;4,39;0;4,39
1572;3,72;0;342;false;true;true;4,39;0;4,39
1573;3,72;0;342;false;true;true;4,39;0;4,39
1574;3,72;0;342;false;true;true;4,39;0;4,39
1575;3,72;0;342;false;true;true;4,39;0;4,39
1576;3,72;0;342;false;true;true;4,39;0;4,39
1577;3,73;0;342;false;true;true;4,39;0;4,39
1578;3,73;0;342;false;true;true;4,39;0;4,39
1579;3,73;0;342;false;true;true;4,39;0;4,39
1580;3,73;0;342;false;true;true;4,39;0;4,39
1581;3,73;0;342;false;true;true;4,39;0;4,39
1582;3,74;29,61;342;true;true;true;0;28,11;0
1583;3,74;9,3;342;true;true;true;0;9,3;0
1584;3,75;8,17;342;true;true;true;0;8,17;0
1585;3,76;7,7;342;true;true;true;0;7,7;0
1586;3,76;7,19;342;true;true;true;0;7,19;0
1587;3,77;6,79;342;true;true;true;0;6,79;0
1588;3,78;6,48;342;true;true;true;0;6,48;0
1589;3,79;6,26;342;true;true;true;0;6,26;0
1590;3,8;6,08;342;true;true;true;0;6,08;0
1591;3,81;5,92;342;true;true;true;0;5,92;0
1592;3,81;5,78;342;true;true;true;0;5,78;0
1593;3,82;5,65;342;true;true;true;0;5,65;0
1594;3,83;5,54;342;true;true;true;0;5,54;0
1595;3,84;5,43;342;true;true;true;0;5,43;0
1596;3,84;5,34;342;true;true;true;0;5,34;0
1597;3,85;5,25;342;true;true;true;0;5,25;0
1598;3,86;5,16;342;true;true;true;0;5,16;0
1599;3,87;5,09;342;true;true;true;0;5,09;0
1600;3,88;5,01;342;true;true;true;0;5,01;0
1601;3,88;4,95;342;true;true;true;0;4,95;0
1602;3,89;4,88;342;true;true;true;0;4,88;0
1603;3,9;4,83;342;true;true;true;0;4,83;0
1604;3,9;4,77;342;true;true;true;0;4,77;0
1605;3,91;4,72;342;true;true;true;0;4,72;0
1606;3,92;4,67;342;true;true;true;0;4,67;0
1607;3,93;4,63;342;true;true;true;0;4,63;0
1608;3,94;4,58;342;true;true;true;0;4,58;0
1609;3,94;4,54;342;true;true;true;0;4,54;0
1610;3,95;4,51;342;true;true;true;0;4,51;0
1611;3,96;4,47;342;true;true;true;0;4,47;0
1612;3,96;4,44;342;true;true;true;0;4,44;0
1613;3,97;4,4;342;true;true;true;0;4,4;0
1614;3,98;4,37;342;true;true;true;0;4,37;0
1615;3,99;4,34;342;true;true;true;0;4,34;0
1616;3,99;4,32;342;true;true;true;0;4,32;0
1617;4;4,29;342;true;true;true;0;4,29;0
1618;4,01;4,27;342;true;true;true;0;4,27;0
1619;4,02;4,24;342;true;true;true;0;4,24;0
1620;4,02;4,22;342;true;true;true;0;4,22;0
1621;4,03;4,2;342;true;true;true;0;4,2;0
1622;4,04;4,18;342;true;true;true;0;4,18;0
1623;4,05;4,16;342;true;true;true;0;4,16;0
1624;4,05;4,14;342;true;true;true;0;4,14;0
1625;4,06;4,12;342;true;true;true;0;4,12;0
1626;4,07;4,1;342;true;true;true;0;4,1;0
1627;4,07;4,08;342;true;true;true;0;4,08;0
1628;4,08;4,07;342;true;true;true;0;4,07;0
1629;4,09;4,06;342;true;true;true;0;4,06;0
1630;4,1;4,05;342;true;true;true;0;4,05;0
1631;4,1;4,04;342;true;true;true;0;4,04;0
1632;4,11;4,03;342;true;true;true;0;4,03;0
1633;4,12;4,02;342;true;true;true;0;4,02;0
1634;4,12;4,01;342;true;true;true;0;4,01;0
1635;4,13;4;342;true;true;true;0;4;0
1636;4,14;3,99;342;true;true;true;0;3,99;0
1637;4,15;3,98;342;true;true;true;0;3,98;0
1638;4,15;3,97;342;true;true;true;0;3,97;0
1639;4,16;3,96;342;true;true;true;0;3,96;0
1640;4,17;3,95;342;true;true;true;0;3,95;0
1641;4,18;3,94;342;true;true;true;0;3,94;0
1642;4,18;3,93;342;true;true;true;0;3,93;0
1643;4,19;3,92;342;true;true;true;0;3,92;0
1644;4,2;3,91;342;true;true;true;0;3,91;0
1645;4,2;3,91;342;true;true;true;0;3,91;0
1646;4,21;3,9;342;true;true;true;0;3,9;0
1647;4,22;3,89;342;true;true;true;0;3,89;0
1648;4,22;3,88;342;true;true;true;0;3,88;0
1649;4,26;3,88;342;true;true;true;0;3,88;0
1650;4,27;3,87;342;true;true;true;0;3,87;0
1651;4,28;3,86;342;true;true;true;0;3,86;0
1652;4,29;3,85;342;true;true;true;0;3,85;0
1653;4,34;3,85;342;true;true;true;0;3,85;0
1654;4,34;3,84;342;true;true;true;0;3,84;0
1655;4,35;3,83;342;true;true;true;0;3,83;0
1656;4,36;3,83;342;true;true;true;0;3,83;0
1657;4,36;3,82;342;true;true;true;0;3,82;0
1658;4,37;3,82;342;true;true;true;0;3,82;0
1659;4,38;3,81;342;true;true;true;0;3,81;0
1660;4,39;3,81;342;true;true;true;0;3,81;0
1661;4,4;3,8;342;true;true;true;0;3,8;0
1662;4,41;3,8;342;true;true;true;0;3,8;0
1663;4,41;3,79;342;true;true;true;0;3,79;0
1664;4,42;3,79;342;true;true;true;0;3,79;0
1665;4,43;3,78;342;true;true;true;0;3,78;0
1666;4,44;3,78;342;true;true;true;0;3,78;0
1667;4,45;3,77;342;true;true;true;0;3,77;0
1668;4,47;3,77;342;true;true;true;0;3,77;0
1669;4,48;3,76;342;true;true;true;0;3,76;0
1670;4,49;3,76;342;true;true;true;0;3,76;0
1671;4,5;3,75;342;true;true;true;0;3,75;0
1672;4,5;3,75;342;true;true;true;0;3,75;0
1673;4,51;3,75;342;true;true;true;0;3,75;0
1674;4,52;3,74;342;true;true;true;0;3,74;0
1675;4,53;3,74;342;true;true;true;0;3,74;0
1676;4,54;3,73;342;true;true;true;0;3,73;0
1677;4,55;3,73;342;true;true;true;0;3,73;0
1678;4,55;3,73;342;true;true;true;0;3,73;0
1679;4,56;3,72;342;true;true;true;0;3,72;0
1680;4,57;3,72;342;true;true;true;0;3,72;0
1681;4,58;3,72;342;true;true;true;0;3,72;0
1682;4,59;3,71;342;true;true;true;0;3,71;0
1683;4,6;3,71;342;true;true;true;0;3,71;0
1684;4,61;3,71;342;true;true;true;0;3,71;0
1685;4,61;3,7;342;true;true;true;0;3,7;0
1686;4,62;3,7;342;true;true;true;0;3,7;0
1687;4,63;3,7;342;true;true;true;0;3,7;0
1688;4,64;3,69;342;true;true;true;0;3,69;0
1689;4,64;3,69;342;true;true;true;0;3,69;0
1690;4,65;3,69;342;true;true;true;0;3,69;0
1691;4,66;3,69;342;true;true;true;0;3,69;0
1692;4,66;3,68;342;true;true;true;0;3,68;0
1693;4,67;3,68;342;true;true;true;0;3,68;0
1694;4,68;3,68;342;true;true;true;0;3,68;0
1695;4,68;3,68;342;true;true;true;0;3,68;0
1696;4,69;3,67;342;true;true;true;0;3,67;0
1697;4,7;3,67;342;true;true;true;0;3,67;0
1698;4,71;3,67;342;true;true;true;0;3,67;0
1699;4,72;3,67;342;true;true;true;0;3,67;0
1700;4,72;3,66;342;true;true;true;0;3,66;0
1701;4,73;3,66;342;true;true;true;0;3,66;0
1702;4,74;3,66;342;true;true;true;0;3,66;0
1703;4,75;3,66;342;true;true;true;0;3,66;0
1704;4,75;3,66;342;true;true;true;0;3,66;0
1705;4,76;3,66;342;true;true;true;0;3,66;0
1706;4,77;3,65;342;true;true;true;0;3,65;0
1707;4,78;3,65;342;true;true;true;0;3,65;0
1708;4,78;3,65;342;true;true;true;0;3,65;0
1709;4,79;3,65;342;true;true;true;0;3,65;0
1710;4,8;3,65;342;true;true;true;0;3,65;0
1711;4,81;3,65;342;true;true;true;0;3,65;0
1712;4,81;3,65;342;true;true;true;0;3,65;0
1713;4,82;3,64;342;true;true;true;0;3,64;0
1714;4,83;3,64;342;true;true;true;0;3,64;0
1715;4,84;3,64;342;true;true;true;0;3,64;0
1716;4,84;3,64;342;true;true;true;0;3,64;0
1717;4,85;3,64;342;true;true;true;0;3,64;0
1718;4,86;3,64;342;true;true;true;0;3,64;0
1719;4,89;3,64;342;true;true;true;0;3,64;0
1720;4,9;3,63;342;true;true;true;0;3,63;0
1721;4,9;3,63;342;true;true;true;0;3,63;0
1722;4,91;3,63;342;true;true;true;0;3,63;0
1723;4,92;3,63;342;true;true;true;0;3,63;0
1724;4,93;3,63;342;true;true;true;0;3,63;0
1725;4,93;3,63;342;true;true;true;0;3,63;0
1726;4,94;3,63;342;true;true;true;0;3,63;0
1727;4,95;3,63;342;true;true;true;0;3,63;0
1728;4,95;3,62;342;true;true;true;0;3,62;0
1729;4,96;3,62;342;true;true;true;0;3,62;0
1730;4,97;3,62;342;true;true;true;0;3,62;0
1731;4,97;3,62;342;true;true;true;0;3,62;0
1732;4,98;3,62;342;true;true;true;0;3,62;0
1733;4,99;3,62;342;true;true;true;0;3,62;0
1734;5;3,62;342;true;true;true;0;3,62;0
1735;5;3,62;342;true;true;true;0;3,62;0
1736;5,01;3,62;342;true;true;true;0;3,62;0
1737;5,02;3,62;342;true;true;true;0;3,62;0
1738;5,02;3,61;342;true;true;true;0;3,61;0
1739;5,03;3,61;342;true;true;true;0;3,61;0
1740;5,04;3,61;342;true;true;true;0;3,61;0
1741;5,05;3,61;342;true;true;true;0;3,61;0
1742;5,05;3,61;342;true;true;true;0;3,61;0
1743;5,06;3,61;342;true;true;true;0;3,61;0
1744;5,07;3,61;342;true;true;true;0;3,61;0
1745;5,07;3,61;342;true;true;true;0;3,61;0
1746;5,08;3,61;342;true;true;true;0;3,61;0
1747;5,09;3,61;342;true;true;true;0;3,61;0
1748;5,1;3,61;342;true;true;true;0;3,61;0
1749;5,1;3,61;342;true;true;true;0;3,61;0
1750;5,11;3,6;342;true;true;true;0;3,6;0
1751;5,12;3,6;342;true;true;true;0;3,6;0
1752;5,12;3,6;342;true;true;true;0;3,6;0
1753;5,13;3,6;342;true;true;true;0;3,6;0
1754;5,14;3,6;342;true;true;true;0;3,6;0
1755;5,15;3,6;342;true;true;true;0;3,6;0
1756;5,16;3,6;342;true;true;true;0;3,6;0
1757;5,16;3,6;342;true;true;true;0;3,6;0
1758;5,17;3,6;342;true;true;true;0;3,6;0
1759;5,18;3,6;342;true;true;true;0;3,6;0
1760;5,18;3,6;342;true;true;true;0;3,6;0
1761;5,19;3,6;342;true;true;true;0;3,6;0
1762;5,2;3,6;342;true;true;true;0;3,6;0
1763;5,2;3,59;342;true;true;true;0;3,59;0
1764;5,21;3,59;342;true;true;true;0;3,59;0
1765;5,22;3,59;342;true;true;true;0;3,59;0
1766;5,23;3,59;342;true;true;true;0;3,59;0
1767;5,24;3,59;342;true;true;true;0;3,59;0
1768;5,24;3,59;342;true;true;true;0;3,59;0
1769;5,25;3,59;342;true;true;true;0;3,59;0
1770;5,26;3,59;342;true;true;true;0;3,59;0
1771;5,26;3,59;342;true;true;true;0;3,59;0
1772;5,27;3,59;342;true;true;true;0;3,59;0
1773;5,28;3,59;342;true;true;true;0;3,59;0
1774;5,29;3,59;342;true;true;true;0;3,59;0
1775;5,3;3,59;342;true;true;true;0;3,59;0
1776;5,31;3,59;342;true;true;true;0;3,59;0
1777;5,31;3,59;342;true;true;true;0;3,59;0
1778;5,33;3,59;342;true;true;true;0;3,59;0
1779;5,34;3,59;342;true;true;true;0;3,59;0
1780;5,35;3,59;342;true;true;true;0;3,59;0
1781;5,36;3,58;342;true;true;true;0;3,58;0
1782;5,37;3,58;342;true;true;true;0;3,58;0
1783;5,38;3,58;342;true;true;true;0;3,58;0
1784;5,38;3,58;342;true;true;true;0;3,58;0
1785;5,39;3,58;342;true;true;true;0;3,58;0
1786;5,4;3,58;342;true;true;true;0;3,58;0
1787;5,4;3,58;342;true;true;true;0;3,58;0
1788;5,41;3,58;342;true;true;true;0;3,58;0
1789;5,42;3,58;342;true;true;true;0;3,58;0
1790;5,42;3,58;342;true;true;true;0;3,58;0
1791;5,43;3,58;342;true;true;true;0;3,58;0
1792;5,44;3,58;342;true;true;true;0;3,58;0
1793;5,45;3,58;342;true;true;true;0;3,58;0
1794;5,45;3,58;342;true;true;true;0;3,58;0
1795;5,46;3,58;342;true;true;true;0;3,58;0
1796;5,47;3,58;342;true;true;true;0;3,58;0
1797;5,48;3,58;342;true;true;true;0;3,58;0
1798;5,48;3,58;342;true;true;true;0;3,58;0
1799;5,49;3,58;342;true;true;true;0;3,58;0
1800;5,5;3,58;342;true;true;true;0;3,58;0
1801;5,5;3,58;342;true;true;true;0;3,58;0
1802;5,51;3,58;342;true;true;true;0;3,58;0
1803;5,52;3,58;342;true;true;true;0;3,58;0
1804;5,53;3,57;342;true;true;true;0;3,57;0
1805;5,53;3,57;342;true;true;true;0;3,57;0
1806;5,54;3,57;342;true;true;true;0;3,57;0
1807;5,55;3,57;342;true;true;true;0;3,57;0
1808;5,55;3,57;342;true;true;true;0;3,57;0
1809;5,56;3,57;342;true;true;true;0;3,57;0
1810;5,57;3,57;342;true;true;true;0;3,57;0
1811;5,58;3,57;342;true;true;true;0;3,57;0
1812;5,58;3,57;342;true;true;true;0;3,57;0
1813;5,59;3,57;342;true;true;true;0;3,57;0
1814;5,6;3,57;342;true;true;true;0;3,57;0
1815;5,61;3,57;342;true;true;true;0;3,57;0
1816;5,61;3,57;342;true;true;true;0;3,57;0
1817;5,62;3,57;342;true;true;true;0;3,57;0
1818;5,63;3,57;342;true;true;true;0;3,57;0
1819;5,63;3,57;342;true;true;true;0;3,57;0
1820;5,64;3,57;342;true;true;true;0;3,57;0
1821;5,65;3,57;342;true;true;true;0;3,57;0
1822;5,66;3,57;342;true;true;true;0;3,57;0
1823;5,66;3,57;342;true;true;true;0;3,57;0
1824;5,67;3,57;342;true;true;true;0;3,57;0
1825;5,68;3,57;342;true;true;true;0;3,57;0
1826;5,69;3,57;342;true;true;true;0;3,57;0
1827;5,69;3,57;342;true;true;true;0;3,57;0
1828;5,7;3,57;342;true;true;true;0;3,57;0
1829;5,71;3,57;342;true;true;true;0;3,57;0
1830;5,72;3,57;342;true;true;true;0;3,57;0
1831;5,72;3,57;342;true;true;true;0;3,57;0
1832;5,73;3,57;342;true;true;true;0;3,57;0
1833;5,74;3,57;342;true;true;true;0;3,57;0
1834;5,75;3,57;342;true;true;true;0;3,57;0
1835;5,75;3,57;342;true;true;true;0;3,57;0
1836;5,76;3,57;342;true;true;true;0;3,57;0
1837;5,77;3,57;342;true;true;true;0;3,57;0
1838;5,78;3,57;342;true;true;true;0;3,57;0
1839;5,78;3,57;342;true;true;true;0;3,57;0
1840;5,79;3,56;342;true;true;true;0;3,56;0
1841;5,8;3,56;342;true;true;true;0;3,56;0
1842;5,8;3,56;342;true;true;true;0;3,56;0
1843;5,81;3,56;342;true;true;true;0;3,56;0
1844;5,82;3,56;342;true;true;true;0;3,56;0
1845;5,83;3,56;342;true;true;true;0;3,56;0
1846;5,84;3,56;342;true;true;true;0;3,56;0
1847;5,84;3,56;342;true;true;true;0;3,56;0
1848;5,85;3,56;342;true;true;true;0;3,56;0
1849;5,86;3,56;342;true;true;true;0;3,56;0
1850;5,87;3,56;342;true;true;true;0;3,56;0
1851;5,87;3,56;342;true;true;true;0;3,56;0
1852;5,88;3,56;342;true;true;true;0;3,56;0
1853;5,89;3,56;342;true;true;true;0;3,56;0
1854;5,89;3,56;342;true;true;true;0;3,56;0
1855;5,9;3,56;342;true;true;true;0;3,56;0
1856;5,91;3,56;342;true;true;true;0;3,56;0
1857;5,92;3,56;342;true;true;true;0;3,56;0
1858;5,93;3,56;342;true;true;true;0;3,56;0
1859;5,93;3,56;342;true;true;true;0;3,56;0
1860;5,94;3,56;342;true;true;true;0;3,56;0
1861;5,95;3,56;342;true;true;true;0;3,56;0
1862;5,95;3,56;342;true;true;true;0;3,56;0
1863;5,96;3,56;342;true;true;true;0;3,56;0
1864;5,97;3,56;342;true;true;true;0;3,56;0
1865;5,97;3,56;342;true;true;true;0;3,56;0
1866;5,98;3,56;342;true;true;true;0;3,56;0
1867;5,99;3,56;342;true;true;true;0;3,56;0
1868;6;3,56;342;true;true;true;0;3,56;0
1869;6,01;3,56;342;true;true;true;0;3,56;0
1870;6,01;3,56;342;true;true;true;0;3,56;0
1871;6,05;3,56;342;true;true;true;0;3,56;0
1872;6,05;3,56;342;true;true;true;0;3,56;0
1873;6,06;3,56;342;true;true;true;0;3,56;0
1874;6,07;3,56;342;true;true;true;0;3,56;0
1875;6,08;3,56;342;true;true;true;0;3,56;0
1876;6,09;3,56;342;true;true;true;0;3,56;0
1877;6,09;3,56;342;true;true;true;0;3,56;0
1878;6,1;3,56;342;true;true;true;0;3,56;0
1879;6,11;3,56;342;true;true;true;0;3,56;0
1880;6,11;3,56;342;true;true;true;0;3,56;0
1881;6,12;3,56;342;true;true;true;0;3,56;0
1882;6,13;3,56;342;true;true;true;0;3,56;0
1883;6,14;3,56;342;true;true;true;0;3,56;0
1884;6,14;3,56;342;true;true;true;0;3,56;0
1885;6,15;3,56;342;true;true;true;0;3,56;0
1886;6,16;3,56;342;true;true;true;0;3,56;0
1887;6,17;3,56;342;true;true;true;0;3,56;0
1888;6,18;3,56;342;true;true;true;0;3,56;0
1889;6,18;3,56;342;true;true;true;0;3,56;0
1890;6,19;3,56;342;true;true;true;0;3,56;0
1891;6,2;3,56;342;true;true;true;0;3,56;0
1892;6,21;3,56;342;true;true;true;0;3,56;0
1893;6,21;3,56;342;true;true;true;0;3,56;0
1894;6,22;3,56;342;true;true;true;0;3,56;0
1895;6,23;3,56;342;true;true;true;0;3,56;0
1896;6,24;3,56;342;true;true;true;0;3,56;0
1897;6,24;3,56;342;true;true;true;0;3,56;0
1898;6,25;3,56;342;true;true;true;0;3,56;0
1899;6,26;3,56;342;true;true;true;0;3,56;0
1900;6,27;3,56;342;true;true;true;0;3,56;0
1901;6,27;3,56;342;true;true;true;0;3,56;0
1902;6,28;3,56;342;true;true;true;0;3,56;0
1903;6,29;3,56;342;true;true;true;0;3,56;0
1904;6,3;3,56;342;true;true;true;0;3,56;0
1905;6,3;3,56;342;true;true;true;0;3,56;0
1906;6,31;3,56;342;true;true;true;0;3,56;0
1907;6,32;3,56;342;true;true;true;0;3,56;0
1908;6,33;3,56;342;true;true;true;0;3,56;0
1909;6,33;3,56;342;true;true;true;0;3,56;0
1910;6,34;3,56;342;true;true;true;0;3,56;0
1911;6,35;3,56;342;true;true;true;0;3,56;0
1912;6,35;3,56;342;true;true;true;0;3,56;0
1913;6,36;3,56;342;true;true;true;0;3,56;0
1914;6,37;3,56;342;true;true;true;0;3,56;0
1915;6,38;3,56;342;true;true;true;0;3,56;0
1916;6,38;3,56;342;true;true;true;0;3,56;0
1917;6,39;3,56;342;true;true;true;0;3,56;0
1918;6,4;3,56;342;true;true;true;0;3,56;0
1919;6,41;3,56;342;true;true;true;0;3,56;0
1920;6,41;3,56;342;true;true;true;0;3,56;0
1921;6,43;3,56;342;true;true;true;0;3,56;0
1922;6,44;3,56;342;true;true;true;0;3,56;0
1923;6,44;3,56;342;true;true;true;0;3,56;0
1924;6,45;3,56;342;true;true;true;0;3,56;0
1925;6,46;3,56;342;true;true;true;0;3,56;0
1926;6,46;3,56;342;true;true;true;0;3,56;0
1927;6,47;3,56;342;true;true;true;0;3,56;0
1928;6,48;3,56;342;true;true;true;0;3,56;0
1929;6,49;3,56;342;true;true;true;0;3,56;0
1930;6,49;3,56;342;true;true;true;0;3,56;0
1931;6,5;3,56;342;true;true;true;0;3,56;0
1932;6,51;3,56;342;true;true;true;0;3,56;0
1933;6,52;3,56;342;true;true;true;0;3,56;0
1934;6,52;3,56;342;true;true;true;0;3,56;0
1935;6,53;3,56;342;true;true;true;0;3,56;0
1936;6,54;3,56;342;true;true;true;0;3,56;0
1937;6,54;3,56;342;true;true;true;0;3,56;0
1938;6,55;3,56;342;true;true;true;0;3,56;0
1939;6,56;3,56;342;true;true;true;0;3,56;0
1940;6,57;3,56;342;true;true;true;0;3,56;0
1941;6,57;3,56;342;true;true;true;0;3,56;0
1942;6,58;3,56;342;true;true;true;0;3,56;0
1943;6,59;3,56;342;true;true;true;0;3,56;0
1944;6,59;3,56;342;true;true;true;0;3,56;0
1945;6,6;3,56;342;true;true;true;0;3,56;0
1946;6,61;3,56;342;true;true;true;0;3,56;0
1947;6,62;3,56;342;true;true;true;0;3,56;0
1948;6,62;3,56;342;true;true;true;0;3,56;0
1949;6,63;3,56;342;true;true;true;0;3,56;0
1950;6,64;3,56;342;true;true;true;0;3,56;0
1951;6,64;3,56;342;true;true;true;0;3,56;0
1952;6,65;3,56;342;true;true;true;0;3,56;0
1953;6,66;3,56;342;true;true;true;0;3,56;0
1954;6,67;3,56;342;true;true;true;0;3,56;0
1955;6,67;3,56;342;true;true;true;0;3,56;0
1956;6,68;3,56;342;true;true;true;0;3,56;0
1957;6,69;3,56;342;true;true;true;0;3,56;0
1958;6,69;3,56;342;true;true;true;0;3,56;0
1959;6,7;3,56;342;true;true;true;0;3,56;0
1960;6,71;3,56;342;true;true;true;0;3,56;0
1961;6,72;3,56;342;true;true;true;0;3,56;0
1962;6,72;3,56;342;true;true;true;0;3,56;0
1963;6,73;3,56;342;true;true;true;0;3,56;0
1964;6,74;3,56;342;true;true;true;0;3,56;0
1965;6,74;3,56;342;true;true;true;0;3,56;0
1966;6,75;3,56;342;true;true;true;0;3,56;0
1967;6,76;3,56;342;true;true;true;0;3,56;0
1968;6,77;3,56;342;true;true;true;0;3,56;0
1969;6,78;3,56;342;true;true;true;0;3,56;0
1970;6,78;3,56;342;true;true;true;0;3,56;0
1971;6,79;3,56;342;true;true;true;0;3,56;0
1972;6,8;3,56;342;true;true;true;0;3,56;0
1973;6,81;3,56;342;true;true;true;0;3,56;0
1974;6,82;3,56;342;true;true;true;0;3,56;0
1975;6,83;3,56;342;true;true;true;0;3,56;0
1976;6,83;3,56;342;true;true;true;0;3,56;0
1977;6,84;3,56;342;true;true;true;0;3,56;0
1978;6,85;3,56;342;true;true;true;0;3,56;0
1979;6,86;3,56;342;true;true;true;0;3,56;0
1980;6,86;3,56;342;true;true;true;0;3,56;0
1981;6,87;3,56;342;true;true;true;0;3,56;0
1982;6,88;3,56;342;true;true;true;0;3,56;0
1983;6,89;3,56;342;true;true;true;0;3,56;0
1984;6,9;3,56;342;true;true;true;0;3,56;0
1985;6,9;3,56;342;true;true;true;0;3,56;0
1986;6,91;3,56;342;true;true;true;0;3,56;0
1987;6,92;3,56;342;true;true;true;0;3,56;0
1988;6,92;3,56;342;true;true;true;0;3,56;0
1989;6,93;3,56;342;true;true;true;0;3,56;0
1990;6,94;3,56;342;true;true;true;0;3,56;0
1991;6,95;3,56;342;true;true;true;0;3,56;0
1992;6,95;3,56;342;true;true;true;0;3,56;0
1993;6,96;3,56;342;true;true;true;0;3,56;0
1994;6,97;3,56;342;true;true;true;0;3,56;0
1995;6,98;3,56;342;true;true;true;0;3,56;0
1996;6,98;3,56;342;true;true;true;0;3,56;0
1997;6,99;3,56;342;true;true;true;0;3,56;0
1998;7;3,56;342;true;true;true;0;3,56;0
1999;7,01;3,56;342;true;true;true;0;3,56;0
2000;7,01;3,56;342;true;true;true;0;3,56;0
2001;7,02;3,56;342;true;true;true;0;3,56;0
2002;7,03;3,56;342;true;true;true;0;3,56;0
2003;7,03;3,56;342;true;true;true;0;3,56;0
2004;7,04;3,56;342;true;true;true;0;3,56;0
2005;7,05;3,56;342;true;true;true;0;3,56;0
2006;7,06;3,56;342;true;true;true;0;3,56;0
2007;7,07;3,56;342;true;true;true;0;3,56;0
2008;7,07;3,56;342;true;true;true;0;3,56;0
2009;7,08;3,56;342;true;true;true;0;3,56;0
2010;7,09;3,56;342;true;true;true;0;3,56;0
2011;7,1;3,56;342;true;true;true;0;3,56;0
2012;7,11;3,56;342;true;true;true;0;3,56;0
2013;7,11;3,56;342;true;true;true;0;3,56;0
2014;7,12;3,56;342;true;true;true;0;3,56;0
2015;7,13;3,56;342;true;true;true;0;3,56;0
2016;7,13;3,56;342;true;true;true;0;3,56;0
2017;7,14;3,56;342;true;true;true;0;3,56;0
2018;7,15;3,56;342;true;true;true;0;3,56;0
2019;7,16;3,56;342;true;true;true;0;3,56;0
2020;7,16;3,56;342;true;true;true;0;3,56;0
2021;7,17;3,56;342;true;true;true;0;3,56;0
2022;7,18;3,56;342;true;true;true;0;3,56;0
2023;7,18;3,56;342;true;true;true;0;3,56;0
2024;7,19;3,56;342;true;true;true;0;3,56;0
2025;7,2;3,56;342;true;true;true;0;3,56;0
2026;7,21;3,56;342;true;true;true;0;3,56;0
2027;7,22;3,56;342;true;true;true;0;3,56;0
2028;7,23;3,56;342;true;true;true;0;3,56;0
2029;7,24;3,56;342;true;true;true;0;3,56;0
2030;7,25;3,56;342;true;true;true;0;3,56;0
2031;7,26;3,56;342;true;true;true;0;3,56;0
2032;7,26;3,56;342;true;true;true;0;3,56;0
2033;7,27;3,56;342;true;true;true;0;3,56;0
2034;7,28;3,56;342;true;true;true;0;3,56;0
2035;7,29;3,56;342;true;true;true;0;3,56;0
2036;7,29;3,56;342;true;true;true;0;3,56;0
2037;7,3;3,56;342;true;true;true;0;3,56;0
2038;7,31;3,56;342;true;true;true;0;3,56;0
2039;7,32;3,56;342;true;true;true;0;3,56;0
2040;7,32;3,56;342;true;true;true;0;3,56;0
2041;7,33;3,56;342;true;true;true;0;3,56;0
2042;7,34;3,56;342;true;true;true;0;3,56;0
2043;7,35;3,56;342;true;true;true;0;3,56;0
2044;7,36;3,56;342;true;true;true;0;3,56;0
2045;7,36;3,56;342;true;true;true;0;3,56;0
2046;7,37;3,56;342;true;true;true;0;3,56;0
2047;7,38;3,56;342;true;true;true;0;3,56;0
2048;7,39;3,56;342;true;true;true;0;3,56;0
2049;7,39;3,56;342;true;true;true;0;3,56;0
2050;7,4;3,56;342;true;true;true;0;3,56;0
2051;7,41;3,56;342;true;true;true;0;3,56;0
2052;7,42;3,56;342;true;true;true;0;3,56;0
2053;7,43;3,56;342;true;true;true;0;3,56;0
2054;7,44;3,56;342;true;true;true;0;3,56;0
2055;7,44;3,56;342;true;true;true;0;3,56;0
2056;7,45;3,56;342;true;true;true;0;3,56;0
2057;7,46;3,56;342;true;true;true;0;3,56;0
2058;7,47;3,56;342;true;true;true;0;3,56;0
2059;7,47;3,56;342;true;true;true;0;3,56;0
2060;7,48;3,56;342;true;true;true;0;3,56;0
2061;7,49;3,56;342;true;true;true;0;3,56;0
2062;7,49;3,56;342;true;true;true;0;3,56;0
2063;7,5;3,56;342;true;true;true;0;3,56;0
2064;7,51;3,56;342;true;true;true;0;3,56;0
2065;7,51;3,56;342;true;true;true;0;3,56;0
2066;7,52;3,56;342;true;true;true;0;3,56;0
2067;7,53;3,56;342;true;true;true;0;3,56;0
2068;7,53;3,56;342;true;true;true;0;3,56;0
2069;7,54;3,56;342;true;true;true;0;3,56;0
2070;7,55;3,56;342;true;true;true;0;3,56;0
2071;7,55;3,56;342;true;true;true;0;3,56;0
2072;7,56;3,56;342;true;true;true;0;3,56;0
2073;7,57;3,56;342;true;true;true;0;3,56;0
2074;7,57;3,56;342;true;true;true;0;3,56;0
2075;7,58;3,56;342;true;true;true;0;3,56;0
2076;7,59;3,56;342;true;true;true;0;3,56;0
2077;7,6;3,56;342;true;true;true;0;3,56;0
2078;7,6;3,56;342;true;true;true;0;3,56;0
2079;7,61;3,56;342;true;true;true;0;3,56;0
2080;7,62;3,56;342;true;true;true;0;3,56;0
2081;7,62;3,56;342;true;true;true;0;3,56;0
2082;7,63;3,56;342;true;true;true;0;3,56;0
2083;7,64;3,56;342;true;true;true;0;3,56;0
2084;7,65;3,56;342;true;true;true;0;3,56;0
2085;7,65;3,56;342;true;true;true;0;3,56;0
2086;7,66;3,56;342;true;true;true;0;3,56;0
2087;7,67;3,56;342;true;true;true;0;3,56;0
2088;7,67;3,56;342;true;true;true;0;3,56;0
2089;7,68;3,56;342;true;true;true;0;3,56;0
2090;7,69;3,56;342;true;true;true;0;3,56;0
2091;7,7;3,56;342;true;true;true;0;3,56;0
2092;7,7;3,56;342;true;true;true;0;3,56;0
2093;7,71;3,56;342;true;true;true;0;3,56;0
2094;7,72;3,56;342;true;true;true;0;3,56;0
2095;7,72;3,56;342;true;true;true;0;3,56;0
2096;7,73;3,56;342;true;true;true;0;3,56;0
2097;7,74;3,56;342;true;true;true;0;3,56;0
2098;7,74;3,56;342;true;true;true;0;3,56;0
2099;7,75;3,56;342;true;true;true;0;3,56;0
2100;7,76;3,56;342;true;true;true;0;3,56;0
2101;7,76;3,56;342;true;true;true;0;3,56;0
2102;7,77;3,56;342;true;true;true;0;3,56;0
2103;7,78;3,56;342;true;true;true;0;3,56;0
2104;7,79;3,56;342;true;true;true;0;3,56;0
2105;7,8;3,56;342;true;true;true;0;3,56;0
2106;7,8;3,56;342;true;true;true;0;3,56;0
2107;7,81;3,56;342;true;true;true;0;3,56;0
2108;7,82;3,56;342;true;true;true;0;3,56;0
2109;7,82;3,56;342;true;true;true;0;3,56;0
2110;7,83;3,56;342;true;true;true;0;3,56;0
2111;7,84;3,56;342;true;true;true;0;3,56;0
2112;7,84;3,56;342;true;true;true;0;3,56;0
2113;7,85;3,56;342;true;true;true;0;3,56;0
2114;7,86;3,56;342;true;true;true;0;3,56;0
2115;7,86;3,56;342;true;true;true;0;3,56;0
2116;7,87;3,56;342;true;true;true;0;3,56;0
2117;7,88;3,56;342;true;true;true;0;3,56;0
2118;7,89;3,56;342;true;true;true;0;3,56;0
2119;7,89;3,56;342;true;true;true;0;3,56;0
2120;7,9;3,56;342;true;true;true;0;3,56;0
2121;7,91;3,56;342;true;true;true;0;3,56;0
2122;7,92;3,56;342;true;true;true;0;3,56;0
2123;7,92;3,56;342;true;true;true;0;3,56;0
2124;7,93;3,56;342;true;true;true;0;3,56;0
2125;7,94;3,56;342;true;true;true;0;3,56;0
2126;7,95;3,56;342;true;true;true;0;3,56;0
2127;7,95;3,56;342;true;true;true;0;3,56;0
2128;7,96;3,56;342;true;true;true;0;3,56;0
2129;7,97;3,56;342;true;true;true;0;3,56;0
2130;7,97;3,56;342;true;true;true;0;3,56;0
2131;7,98;3,56;342;true;true;true;0;3,56;0
2132;7,99;3,56;342;true;true;true;0;3,56;0
2133;8;3,56;342;true;true;true;0;3,56;0
2134;8;3,56;342;true;true;true;0;3,56;0
2135;8,01;3,56;342;true;true;true;0;3,56;0
2136;8,02;3,56;342;true;true;true;0;3,56;0
2137;8,02;3,56;342;true;true;tru