lengthMiddleSegment: 60080.82
step_energy: 0.05
electrostatic_force_factor: 1.0
spring_force_factor: 0.1
reject_force_factor: 2.0
distanceRejectRadius: 15020.205
distanceSamePosition: 15020.205
Iteration;time;energy;num nodes;reject force is enabled;spring force is enabled;electrostatic force is enabled;str_force;rep_force;elec_force
1;0;47,06;1283;false;true;true;17,96;0;29,21
2;0,02;53,6;1231;false;true;true;20,81;0;34,77
3;0,02;50,87;1188;false;true;true;20,81;0;31,96
4;0,04;48,06;1146;false;true;true;20,89;0;30,54
5;0,05;46,31;1111;false;true;true;20,31;0;29,5
6;0,09;46,23;1073;false;true;true;19,38;0;29,54
7;0,09;44,92;1042;false;true;true;19,15;0;28,69
8;0,1;40,95;1019;false;true;true;18,8;0;25,38
9;0,11;39,26;998;false;true;true;19,17;0;23,91
10;0,11;38,22;978;false;true;true;18,98;0;23,63
11;0,12;39,71;957;false;true;true;19,49;0;24,73
12;0,12;38,97;938;false;true;true;19,83;0;24,29
13;0,12;38,43;916;false;true;true;19,53;0;23,65
14;0,13;38,42;896;false;true;true;18,85;0;23,7
15;0,13;38,57;879;false;true;true;19,36;0;24,32
16;0,14;35,7;862;false;true;true;20,02;0;21,99
17;0,14;35,47;849;false;true;true;19,21;0;22,23
18;0,15;34,39;834;false;true;true;20,13;0;21,74
19;0,15;34,01;822;false;true;true;20,13;0;22,26
20;0,16;34,34;809;false;true;true;20,57;0;21,83
21;0,17;32,38;791;false;true;true;19,62;0;17,16
22;0,17;32,48;783;false;true;true;18,24;0;18,85
23;0,18;31,9;772;false;true;true;18,52;0;18,45
24;0,18;31,26;761;false;true;true;18,21;0;18,37
25;0,19;29,7;751;false;true;true;17,74;0;16,63
26;0,19;29,89;743;false;true;true;18,1;0;17,23
27;0,19;29,9;735;false;true;true;18,4;0;17,67
28;0,2;28,33;725;false;true;true;18,38;0;16,23
29;0,2;28,29;720;false;true;true;18,07;0;17,35
30;0,2;28,64;710;false;true;true;18,55;0;16,39
31;0,21;28,2;704;false;true;true;18,99;0;17,46
32;0,21;29,15;697;false;true;true;18,59;0;18,36
33;0,21;28,16;687;false;true;true;17,96;0;16,06
34;0,22;26,98;678;false;true;true;17,41;0;14,69
35;0,22;25,91;673;false;true;true;17,02;0;15,63
36;0,22;24,38;666;false;true;true;17,15;0;14,19
37;0,22;24,42;663;false;true;true;17,66;0;15,92
38;0,23;24;656;false;true;true;17,64;0;14,76
39;0,23;24,33;654;false;true;true;18,2;0;16,97
40;0,23;23,92;646;false;true;true;18,69;0;14,8
41;0,24;23,33;639;false;true;true;17,48;0;12,55
42;0,24;23,19;636;false;true;true;16,92;0;13,45
43;0,24;22,66;631;false;true;true;16,25;0;12,5
44;0,25;22,38;628;false;true;true;16,82;0;13,25
45;0,25;22,65;624;false;true;true;16,48;0;13,15
46;0,25;21,96;617;false;true;true;16,32;0;10,91
47;0,25;21,35;615;false;true;true;16,02;0;11,66
48;0,26;20,98;611;false;true;true;15,84;0;11,14
49;0,26;20,92;610;false;true;true;16,04;0;12,64
50;0,26;21,04;606;false;true;true;17,1;0;12,91
51;0,26;21,46;604;false;true;true;17,22;0;13,95
52;0,27;21,46;596;false;true;true;17,45;0;11,67
53;0,27;21,36;593;false;true;true;16,76;0;11,93
54;0,27;21,39;590;false;true;true;16,18;0;12,3
55;0,28;20,47;586;false;true;true;15,84;0;11,45
56;0,28;19,83;582;false;true;true;15,72;0;10,7
57;0,28;19,74;580;false;true;true;15,42;0;11,08
58;0,28;19,31;578;false;true;true;15,7;0;11,55
59;0,28;19,54;575;false;true;true;16,35;0;11,86
60;0,29;19,47;573;false;true;true;16,47;0;12,39
61;0,29;19,5;570;false;true;true;16,88;0;12,63
62;0,29;19,18;565;false;true;true;16,81;0;11,27
63;0,29;19,28;563;false;true;true;16,64;0;11,96
64;0,3;19,25;561;false;true;true;16,4;0;12,39
65;0,3;19,55;558;false;true;true;16,26;0;12,25
66;0,3;19,32;554;false;true;true;16,43;0;11,71
67;0,31;18,36;549;false;true;true;15,72;0;9,66
68;0,31;18,12;548;false;true;true;15,05;0;10,32
69;0,31;18,26;547;false;true;true;15,62;0;11,47
70;0,32;18,57;545;false;true;true;15,95;0;12,05
71;0,32;17,81;541;false;true;true;15,99;0;10,82
72;0,32;18,02;540;false;true;true;16,33;0;11,94
73;0,32;18,09;538;false;true;true;16,36;0;12,26
74;0,33;18,8;535;false;true;true;16,33;0;12,05
75;0,33;18,32;531;false;true;true;15,78;0;10,83
76;0,33;18,09;529;false;true;true;15,72;0;11,06
77;0,33;17,83;527;false;true;true;15,9;0;11,38
78;0,34;18,02;526;false;true;true;16,34;0;12,4
79;0,34;17,94;522;false;true;true;16,3;0;11,25
80;0,34;18,2;520;false;true;true;15,85;0;11,25
81;0,34;17,51;517;false;true;true;15,63;0;10,51
82;0,34;17,79;517;false;true;true;16,12;0;12,19
83;0,35;17,97;514;false;true;true;16,67;0;12,19
84;0,35;17,86;509;false;true;true;15,86;0;9,99
85;0,35;17,37;508;false;true;true;15,74;0;10,65
86;0,35;17,6;507;false;true;true;15,66;0;11,44
87;0,35;17,65;505;false;true;true;15,66;0;11,57
88;0,36;17,78;502;false;true;true;15,61;0;11,06
89;0,36;17,23;498;false;true;true;15,31;0;9,66
90;0,36;16,99;497;false;true;true;15,16;0;10,41
91;0,36;16,51;495;false;true;true;15,18;0;10,45
92;0,37;16,65;494;false;true;true;15,27;0;11,15
93;0,37;16,91;492;false;true;true;15,94;0;11,64
94;0,37;16,75;490;false;true;true;15,75;0;11,49
95;0,37;16,39;486;false;true;true;15,63;0;9,9
96;0,37;16,48;485;false;true;true;15,4;0;10,53
97;0,38;16,36;483;false;true;true;15,35;0;10,59
98;0,38;16,61;480;false;true;true;14,91;0;9,96
99;0,38;15,53;478;false;true;true;14,67;0;9,46
100;0,38;15,83;476;false;true;true;14,52;0;9,36
101;0,38;15,33;473;false;true;true;14,21;0;8,39
102;0,38;15,09;472;false;true;true;13,87;0;8,67
103;0,39;14,79;470;false;true;true;13,38;0;7,96
104;0,39;14,69;470;false;true;true;13,76;0;8,88
105;0,39;14,43;469;false;true;true;14,33;0;9,19
106;0,39;14,73;468;false;true;true;14,7;0;9,65
107;0,4;14,6;466;false;true;true;14,69;0;9,26
108;0,4;14,22;463;false;true;true;14,58;0;8,31
109;0,4;13,87;463;false;true;true;14,35;0;9,02
110;0,4;13,86;463;false;true;true;14,58;0;9,94
111;0,4;14,05;462;false;true;true;14,97;0;10,36
112;0,4;14,22;461;false;true;true;15,37;0;10,71
113;0,4;14,4;458;false;true;true;15,19;0;9,86
114;0,41;14,16;456;false;true;true;14,88;0;9,3
115;0,41;13,95;455;false;true;true;14,71;0;9,69
116;0,41;13,64;453;false;true;true;14,26;0;9,12
117;0,41;13,59;452;false;true;true;14,1;0;9,33
118;0,41;13,3;451;false;true;true;13,94;0;9,2
119;0,41;13,15;450;false;true;true;14,25;0;9,38
120;0,42;13,33;449;false;true;true;14,51;0;9,59
121;0,42;13,29;448;false;true;true;14,59;0;9,78
122;0,42;13,67;447;false;true;true;14,63;0;10,15
123;0,42;13,8;444;false;true;true;14,18;0;8,77
124;0,43;13,56;443;false;true;true;14,16;0;9,06
125;0,43;13,14;441;false;true;true;13,91;0;8,36
126;0,43;12,81;440;false;true;true;13,74;0;8,24
127;0,43;12,6;440;false;true;true;13,95;0;8,91
128;0,43;12,78;439;false;true;true;14;0;8,94
129;0,43;12,99;438;false;true;true;14,23;0;9,12
130;0,43;12,79;437;false;true;true;14,08;0;8,95
131;0,43;12,77;435;false;true;true;14,07;0;8,52
132;0,44;12,74;434;false;true;true;13,84;0;8,52
133;0,44;12,37;433;false;true;true;13,77;0;8,37
134;0,44;12,5;433;false;true;true;14;0;9,22
135;0,44;12,61;431;false;true;true;13,84;0;8,59
136;0,44;12,85;429;false;true;true;13,49;0;7,92
137;0,45;12,57;428;false;true;true;13,28;0;7,74
138;0,45;12,45;428;false;true;true;13,36;0;8,47
139;0,45;12,61;427;false;true;true;13,48;0;8,67
140;0,45;12,26;425;false;true;true;13,14;0;7,65
141;0,45;11,83;424;false;true;true;13,05;0;7,48
142;0,45;11,59;424;false;true;true;13,11;0;7,94
143;0,46;11,49;424;false;true;true;13,36;0;8,47
144;0,46;11,52;424;false;true;true;13,85;0;9,1
145;0,46;11,77;424;false;true;true;14,49;0;9,95
146;0,46;12,21;423;false;true;true;14,92;0;10,29
147;0,46;12,73;420;false;true;true;14,6;0;9,39
148;0,47;13,06;417;false;true;true;14,35;0;8,34
149;0,47;12,67;415;false;true;true;13,12;0;7,43
150;0,47;11,91;413;false;true;true;12,08;0;6,36
151;0,47;11,5;413;false;true;true;11,89;0;6,73
152;0,47;11,27;413;false;true;true;12,07;0;7,15
153;0,48;11,19;413;false;true;true;12,49;0;7,68
154;0,48;11,04;412;false;true;true;12,65;0;7,44
155;0,48;10,99;412;false;true;true;13,04;0;7,99
156;0,48;11,21;411;false;true;true;13,07;0;7,77
157;0,48;11,23;411;false;true;true;13,29;0;8,5
158;0,49;11,27;409;false;true;true;13,06;0;7,78
159;0,49;11,47;408;false;true;true;13,13;0;7,83
160;0,49;10,87;406;false;true;true;12,54;0;6,79
161;0,49;10,55;406;false;true;true;12,51;0;7,13
162;0,49;10,36;406;false;true;true;12,59;0;7,5
163;0,49;10,29;406;false;true;true;12,77;0;7,95
164;0,5;10,23;405;false;true;true;12,79;0;7,69
165;0,5;10,12;405;false;true;true;13,04;0;8,1
166;0,5;10,11;405;false;true;true;13,35;0;8,58
167;0,5;10,22;405;false;true;true;13,73;0;9,18
168;0,5;10,54;405;false;true;true;14,25;0;9,99
169;0,5;11,26;404;false;true;true;14,69;0;10,4
170;0,5;11,29;400;false;true;true;13,65;0;8,14
171;0,5;10,95;399;false;true;true;13,24;0;8,05
172;0,5;10,96;399;false;true;true;13,16;0;8,81
173;0,51;10,87;397;false;true;true;12,62;0;7,93
174;0,51;10,7;396;false;true;true;12,29;0;7,51
175;0,51;10,41;396;false;true;true;12,36;0;7,96
176;0,51;10,39;396;false;true;true;12,65;0;8,56
177;0,51;10,37;395;false;true;true;12,6;0;8,27
178;0,52;10,53;394;false;true;true;12,44;0;7,8
179;0,52;10,59;394;false;true;true;12,82;0;8,45
180;0,52;10,92;393;false;true;true;13,04;0;8,94
181;0,52;11,32;391;false;true;true;12,51;0;8,26
182;0,52;11,37;389;false;true;true;12,55;0;8,17
183;0,53;11,15;387;false;true;true;11,81;0;7,56
184;0,53;10,62;385;false;true;true;11,35;0;6,74
185;0,53;10,45;385;false;true;true;11,27;0;7,32
186;0,53;10,35;384;false;true;true;11,18;0;7,21
187;0,53;10,39;383;false;true;true;11,62;0;7,39
188;0,53;10,01;382;false;true;true;11,39;0;7,03
189;0,53;9,87;382;false;true;true;11,56;0;7,53
190;0,54;9,97;382;false;true;true;11,95;0;8,22
191;0,54;9,98;381;false;true;true;12,35;0;8,26
192;0,54;10,03;379;false;true;true;12,07;0;7,59
193;0,54;9,89;379;false;true;true;12,14;0;8,18
194;0,54;10,13;379;false;true;true;12,52;0;9,08
195;0,55;10,03;377;false;true;true;12,44;0;8,35
196;0,55;9,8;376;false;true;true;12,12;0;8,17
197;0,55;9,67;375;false;true;true;11,95;0;8,08
198;0,55;9,54;374;false;true;true;12,22;0;8,14
199;0,55;9,36;374;false;true;true;12,2;0;8,73
200;0,55;9,48;374;false;true;true;12,55;0;9,52
201;0,55;9,86;372;false;true;true;12,4;0;8,8
202;0,56;9,43;371;false;true;true;12,48;0;8,6
203;0,56;9,53;369;false;true;true;11,88;0;7,68
204;0,56;9,48;369;false;true;true;11,92;0;8,35
205;0,56;9,43;367;false;true;true;11,45;0;7,41
206;0,56;9,41;366;false;true;true;11,23;0;7,15
207;0,56;9,34;366;false;true;true;11,34;0;7,76
208;0,57;10,08;363;false;true;true;10,5;0;6,38
209;0,57;8,95;361;false;true;true;9,86;0;5,48
210;0,57;8,54;361;false;true;true;9,73;0;5,69
211;0,57;8,23;361;false;true;true;9,83;0;5,91
212;0,57;7,99;361;false;true;true;10,03;0;6,14
213;0,58;7,81;361;false;true;true;10,31;0;6,39
214;0,58;7,7;361;false;true;true;10,57;0;6,67
215;0,58;7,66;361;false;true;true;10,84;0;7,01
216;0,58;7,73;361;false;true;true;11,14;0;7,46
217;0,58;7,98;359;false;true;true;10,78;0;6,39
218;0,59;7,78;359;false;true;true;10,75;0;6,71
219;0,59;7,74;359;false;true;true;10,85;0;7,11
220;0,59;7,9;359;false;true;true;11,07;0;7,69
221;0,59;8,29;357;false;true;true;10,66;0;7,02
222;0,59;7,91;355;false;true;true;9,9;0;5,7
223;0,59;7,68;355;false;true;true;9,75;0;5,97
224;0,6;7,54;354;false;true;true;9,44;0;5,55
225;0,6;7,26;354;false;true;true;9,43;0;5,72
226;0,6;7,04;354;false;true;true;9,53;0;5,89
227;0,6;6,87;354;false;true;true;9,65;0;6,06
228;0,6;6,74;354;false;true;true;9,86;0;6,25
229;0,6;6,66;354;false;true;true;10,07;0;6,47
230;0,6;6,63;354;false;true;true;10,28;0;6,74
231;0,6;6,75;353;false;true;true;10,07;0;6,16
232;0,61;6,53;353;false;true;true;10,05;0;6,34
233;0,61;6,42;353;false;true;true;10,11;0;6,54
234;0,61;6,37;353;false;true;true;10,24;0;6,78
235;0,61;6,4;353;false;true;true;10,44;0;7,08
236;0,61;6,15;352;false;true;true;10,23;0;6,41
237;0,61;6,11;352;false;true;true;10,35;0;6,6
238;0,61;6,11;352;false;true;true;10,5;0;6,82
239;0,61;6,15;352;false;true;true;10,66;0;7,1
240;0,61;6,3;352;false;true;true;10,87;0;7,49
241;0,61;6,31;351;false;true;true;10,69;0;7,04
242;0,62;6,38;351;false;true;true;10,8;0;7,4
243;0,62;6,51;350;false;true;true;10,6;0;7,09
244;0,62;6,67;350;false;true;true;10,7;0;7,56
245;0,62;6,97;349;false;true;true;10,53;0;7,4
246;0,62;6,83;347;false;true;true;9,76;0;6,03
247;0,62;6,6;347;false;true;true;9,61;0;6,25
248;0,62;6,49;347;false;true;true;9,62;0;6,53
249;0,63;6,46;346;false;true;true;9,25;0;5,98
250;0,63;6,3;346;false;true;true;9,37;0;6,19
251;0,63;6,25;346;false;true;true;9,54;0;6,46
252;0,63;6,3;345;false;true;true;9,34;0;5,88
253;0,63;6,11;345;false;true;true;9,39;0;6,05
254;0,63;6;345;false;true;true;9,49;0;6,25
255;0,64;5,96;345;false;true;true;9,63;0;6,5
256;0,64;6,04;344;false;true;true;9,36;0;5,91
257;0,64;5,89;344;false;true;true;9,4;0;6,08
258;0,64;5,8;344;false;true;true;9,48;0;6,27
259;0,64;5,76;344;false;true;true;9,63;0;6,5
260;0,64;5,81;344;false;true;true;9,84;0;6,79
261;0,65;5,92;343;false;true;true;9,73;0;6,42
262;0,65;5,94;343;false;true;true;9,8;0;6,76
263;0,65;5,87;342;false;true;true;9,5;0;6,25
264;0,65;5,94;341;false;true;true;9,02;0;5,6
265;0,65;5,73;341;false;true;true;8,96;0;5,74
266;0,65;5,58;341;false;true;true;8,99;0;5,89
267;0,65;5,48;341;false;true;true;9,13;0;6,05
268;0,65;5,44;341;false;true;true;9,31;0;6,24
269;0,66;5,45;341;false;true;true;9,5;0;6,48
270;0,66;5,57;341;false;true;true;9,7;0;6,83
271;0,66;5,54;340;false;true;true;9,52;0;6,2
272;0,66;5,46;340;false;true;true;9,55;0;6,42
273;0,66;5,49;340;false;true;true;9,63;0;6,71
274;0,66;5,8;339;false;true;true;9,29;0;6,21
275;0,66;5,9;338;false;true;true;8,91;0;5,56
276;0,66;5,67;338;false;true;true;8,8;0;5,76
277;0,66;5,58;338;false;true;true;8,82;0;5,98
278;0,67;5,58;338;false;true;true;8,99;0;6,27
279;0,67;5,71;338;false;true;true;9,26;0;6,68
280;0,67;6,02;336;false;true;true;8,64;0;5,6
281;0,67;5,83;335;false;true;true;8,57;0;5,41
282;0,67;5,63;335;false;true;true;8,4;0;5,61
283;0,67;5,55;335;false;true;true;8,41;0;5,86
284;0,67;5,62;334;false;true;true;8,11;0;5,35
285;0,67;5,5;334;false;true;true;8,23;0;5,58
286;0,67;5,51;334;false;true;true;8,4;0;5,89
287;0,68;5,21;333;false;true;true;8,33;0;5,4
288;0,68;5,09;332;false;true;true;8,04;0;4,75
289;0,68;4,94;332;false;true;true;8,02;0;4,83
290;0,68;4,83;332;false;true;true;8,01;0;4,91
291;0,68;4,74;332;false;true;true;8,05;0;4,99
292;0,68;4,67;332;false;true;true;8,1;0;5,07
293;0,68;4,6;332;false;true;true;8,17;0;5,16
294;0,68;4,56;332;false;true;true;8,24;0;5,25
295;0,68;4,53;332;false;true;true;8,32;0;5,37
296;0,68;4,54;332;false;true;true;8,41;0;5,51
297;0,69;4,6;332;false;true;true;8,51;0;5,72
298;0,69;4,68;331;false;true;true;8,32;0;5,09
299;0,69;4,52;331;false;true;true;8,22;0;5,17
300;0,69;4,41;331;false;true;true;8,17;0;5,25
301;0,69;4,33;331;false;true;true;8,15;0;5,34
302;0,69;4,28;331;false;true;true;8,2;0;5,43
303;0,69;4,24;331;false;true;true;8,29;0;5,54
304;0,69;4,23;331;false;true;true;8,38;0;5,67
305;0,69;4,27;331;false;true;true;8,48;0;5,84
306;0,69;4,4;330;false;true;true;8,02;0;5,23
307;0,7;4,32;330;false;true;true;7,99;0;5,33
308;0,7;4,27;330;false;true;true;8,02;0;5,44
309;0,7;4,24;330;false;true;true;8,13;0;5,57
310;0,7;4,24;330;false;true;true;8,26;0;5,72
311;0,7;4,27;330;false;true;true;8,4;0;5,9
312;0,7;4,37;330;false;true;true;8,55;0;6,15
313;0,7;4,54;329;false;true;true;8,3;0;5,69
314;0,7;4,73;328;false;true;true;7,97;0;5,13
315;0,7;4,59;328;false;true;true;7,85;0;5,27
316;0,7;4,54;328;false;true;true;7,83;0;5,45
317;0,71;4,54;327;false;true;true;7,55;0;4,9
318;0,71;4,4;327;false;true;true;7,58;0;4,98
319;0,71;4,3;327;false;true;true;7,62;0;5,06
320;0,71;4,21;327;false;true;true;7,68;0;5,15
321;0,71;4,15;327;false;true;true;7,77;0;5,24
322;0,71;4,1;327;false;true;true;7,86;0;5,34
323;0,71;4,06;327;false;true;true;7,95;0;5,44
324;0,71;4,05;327;false;true;true;8,05;0;5,57
325;0,71;4,06;327;false;true;true;8,16;0;5,72
326;0,71;4,14;327;false;true;true;8,28;0;5,93
327;0,72;4,27;326;false;true;true;8,12;0;5,35
328;0,72;4,14;326;false;true;true;8,05;0;5,46
329;0,72;4,07;326;false;true;true;8,04;0;5,58
330;0,72;4,04;326;false;true;true;8,06;0;5,74
331;0,72;4,09;326;false;true;true;8,18;0;5,95
332;0,72;4,26;325;false;true;true;8,05;0;5,47
333;0,73;4,21;325;false;true;true;8,03;0;5,66
334;0,73;4,14;324;false;true;true;7,55;0;5,02
335;0,73;4;324;false;true;true;7,45;0;5,09
336;0,73;3,89;324;false;true;true;7,45;0;5,16
337;0,73;3,81;324;false;true;true;7,5;0;5,23
338;0,73;3,74;324;false;true;true;7,6;0;5,31
339;0,74;3,68;324;false;true;true;7,68;0;5,38
340;0,74;3,63;324;false;true;true;7,76;0;5,47
341;0,74;3,6;324;false;true;true;7,83;0;5,56
342;0,74;3,58;324;false;true;true;7,91;0;5,66
343;0,74;3,59;324;false;true;true;8;0;5,79
344;0,74;3,64;324;false;true;true;8,09;0;5,97
345;0,74;3,46;323;false;true;true;7,62;0;5,14
346;0,74;3,42;323;false;true;true;7,65;0;5,2
347;0,74;3,38;323;false;true;true;7,67;0;5,27
348;0,74;3,35;323;false;true;true;7,71;0;5,34
349;0,75;3,33;323;false;true;true;7,76;0;5,42
350;0,75;3,32;323;false;true;true;7,81;0;5,51
351;0,75;3,31;323;false;true;true;7,86;0;5,6
352;0,75;3,32;323;false;true;true;7,93;0;5,71
353;0,75;3,34;323;false;true;true;8;0;5,84
354;0,75;3,39;323;false;true;true;8,1;0;6
355;0,75;3,49;323;false;true;true;8,22;0;6,21
356;0,75;3,65;323;false;true;true;8,38;0;6,51
357;0,75;3,96;322;false;true;true;8,25;0;6,12
358;0,75;4,09;321;false;true;true;7,84;0;5,69
359;0,75;4,29;320;false;true;true;7,54;0;5,26
360;0,76;4,06;319;false;true;true;6,84;0;4,51
361;0,76;3,84;319;false;true;true;6,71;0;4,57
362;0,76;3,67;319;false;true;true;6,65;0;4,62
363;0,76;3,54;319;false;true;true;6,69;0;4,67
364;0,76;3,44;319;false;true;true;6,77;0;4,72
365;0,76;3,35;319;false;true;true;6,85;0;4,77
366;0,76;3,27;319;false;true;true;6,91;0;4,81
367;0,76;3,2;319;false;true;true;6,97;0;4,86
368;0,76;3,13;319;false;true;true;7,01;0;4,9
369;0,76;3,09;319;false;true;true;7,05;0;4,95
370;0,77;3,03;319;false;true;true;7,08;0;4,99
371;0,77;2,99;319;false;true;true;7,12;0;5,04
372;0,77;2,95;319;false;true;true;7,15;0;5,09
373;0,77;2,91;319;false;true;true;7,18;0;5,15
374;0,77;2,88;319;false;true;true;7,22;0;5,2
375;0,77;2,86;319;false;true;true;7,26;0;5,27
376;0,78;2,84;319;false;true;true;7,29;0;5,34
377;0,78;2,84;319;false;true;true;7,35;0;5,42
378;0,78;2,85;319;false;true;true;7,4;0;5,52
379;0,78;2,89;319;false;true;true;7,47;0;5,65
380;0,78;2,98;319;false;true;true;7,56;0;5,85
381;0,78;3,04;318;false;true;true;7,13;0;5,18
382;0,78;3,01;318;false;true;true;7,11;0;5,28
383;0,78;3,03;318;false;true;true;7,12;0;5,44
384;0,79;3,13;317;false;true;true;6,85;0;4,82
385;0,79;2,98;317;false;true;true;6,76;0;4,86
386;0,79;2,87;317;false;true;true;6,71;0;4,9
387;0,79;2,79;317;false;true;true;6,68;0;4,94
388;0,79;2,73;317;false;true;true;6,73;0;4,98
389;0,79;2,67;317;false;true;true;6,78;0;5,02
390;0,79;2,63;317;false;true;true;6,82;0;5,06
391;0,8;2,58;317;false;true;true;6,86;0;5,1
392;0,8;2,55;317;false;true;true;6,9;0;5,14
393;0,8;2,52;317;false;true;true;6,92;0;5,18
394;0,8;2,49;317;false;true;true;6,96;0;5,23
395;0,8;2,47;317;false;true;true;6,99;0;5,27
396;0,8;2,46;317;false;true;true;7,02;0;5,33
397;0,8;2,44;317;false;true;true;7,06;0;5,38
398;0,8;2,44;317;false;true;true;7,1;0;5,45
399;0,8;2,45;317;false;true;true;7,14;0;5,53
400;0,8;2,48;317;false;true;true;7,2;0;5,64
401;0,81;2,56;317;false;true;true;7,28;0;5,8
402;0,81;2,72;316;false;true;true;6,99;0;5,11
403;0,81;2,59;316;false;true;true;6,88;0;5,16
404;0,81;2,51;316;false;true;true;6,82;0;5,21
405;0,81;2,45;316;false;true;true;6,81;0;5,25
406;0,81;2,41;316;false;true;true;6,86;0;5,3
407;0,81;2,38;316;false;true;true;6,9;0;5,36
408;0,81;2,36;316;false;true;true;6,95;0;5,43
409;0,81;2,36;316;false;true;true;7;0;5,5
410;0,81;2,38;316;false;true;true;7,06;0;5,61
411;0,81;2,46;316;false;true;true;7,14;0;5,76
412;0,82;2,56;315;false;true;true;6,87;0;5,12
413;0,82;2,43;315;false;true;true;6,75;0;5,16
414;0,82;2,35;315;false;true;true;6,69;0;5,2
415;0,82;2,29;315;false;true;true;6,65;0;5,24
416;0,82;2,25;315;false;true;true;6,69;0;5,28
417;0,82;2,21;315;false;true;true;6,74;0;5,33
418;0,82;2,18;315;false;true;true;6,78;0;5,38
419;0,82;2,16;315;false;true;true;6,82;0;5,43
420;0,82;2,15;315;false;true;true;6,87;0;5,49
421;0,82;2,15;315;false;true;true;6,92;0;5,57
422;0,83;2,19;315;false;true;true;6,98;0;5,67
423;0,83;2,27;315;false;true;true;7,06;0;5,82
424;0,83;2,3;314;false;true;true;6,62;0;5,09
425;0,83;2,22;314;false;true;true;6,55;0;5,13
426;0,83;2,16;314;false;true;true;6,52;0;5,16
427;0,83;2,12;314;false;true;true;6,54;0;5,19
428;0,83;2,07;314;false;true;true;6,57;0;5,23
429;0,83;2,04;314;false;true;true;6,62;0;5,26
430;0,83;2,01;314;false;true;true;6,65;0;5,29
431;0,83;1,98;314;false;true;true;6,69;0;5,32
432;0,84;1,97;314;false;true;true;6,72;0;5,36
433;0,84;1,94;314;false;true;true;6,75;0;5,39
434;0,84;1,93;314;false;true;true;6,78;0;5,43
435;0,84;1,92;314;false;true;true;6,81;0;5,48
436;0,84;1,92;314;false;true;true;6,85;0;5,52
437;0,84;1,91;314;false;true;true;6,88;0;5,58
438;0,84;1,92;314;false;true;true;6,92;0;5,64
439;0,84;1,96;314;false;true;true;6,97;0;5,73
440;0,85;2,01;314;false;true;true;7,03;0;5,85
441;0,85;2,14;314;false;true;true;7,12;0;6,05
442;0,85;2,14;313;false;true;true;6,76;0;5,29
443;0,85;2,04;313;false;true;true;6,66;0;5,33
444;0,85;1,98;313;false;true;true;6,61;0;5,37
445;0,85;1,93;313;false;true;true;6,58;0;5,4
446;0,85;1,9;313;false;true;true;6,63;0;5,44
447;0,85;1,88;313;false;true;true;6,69;0;5,48
448;0,85;1,86;313;false;true;true;6,73;0;5,53
449;0,85;1,85;313;false;true;true;6,77;0;5,58
450;0,86;1,84;313;false;true;true;6,82;0;5,64
451;0,86;1,85;313;false;true;true;6,87;0;5,71
452;0,86;1,89;313;false;true;true;6,93;0;5,81
453;0,86;1,98;313;false;true;true;7,01;0;5,97
454;0,86;2,02;312;false;true;true;6,51;0;5,2
455;0,86;1,95;312;false;true;true;6,45;0;5,24
456;0,86;1,9;312;false;true;true;6,43;0;5,27
457;0,86;1,85;312;false;true;true;6,45;0;5,3
458;0,86;1,81;312;false;true;true;6,49;0;5,33
459;0,86;1,78;312;false;true;true;6,53;0;5,36
460;0,87;1,75;312;false;true;true;6,56;0;5,39
461;0,87;1,73;312;false;true;true;6,59;0;5,42
462;0,87;1,71;312;false;true;true;6,62;0;5,45
463;0,87;1,7;312;false;true;true;6,65;0;5,49
464;0,87;1,68;312;false;true;true;6,68;0;5,53
465;0,87;1,67;312;false;true;true;6,71;0;5,57
466;0,87;1,67;312;false;true;true;6,73;0;5,61
467;0,87;1,67;312;false;true;true;6,77;0;5,66
468;0,87;1,67;312;false;true;true;6,8;0;5,72
469;0,88;1,68;312;false;true;true;6,84;0;5,79
470;0,88;1,71;312;false;true;true;6,89;0;5,88
471;0,88;1,76;312;false;true;true;6,96;0;5,99
472;0,88;1,86;312;false;true;true;7,04;0;6,16
473;0,88;2,01;311;false;true;true;6,62;0;5,5
474;0,88;2,02;311;false;true;true;6,61;0;5,64
475;0,88;2,15;310;false;true;true;6,29;0;5
476;0,88;2;310;false;true;true;6,18;0;5,03
477;0,88;1,9;310;false;true;true;6,13;0;5,06
478;0,88;1,82;310;false;true;true;6,1;0;5,08
479;0,88;1,76;310;false;true;true;6,15;0;5,11
480;0,89;1,72;310;false;true;true;6,2;0;5,13
481;0,89;1,68;310;false;true;true;6,24;0;5,15
482;0,89;1,64;310;false;true;true;6,27;0;5,18
483;0,89;1,6;310;false;true;true;6,29;0;5,2
484;0,89;1,58;310;false;true;true;6,32;0;5,22
485;0,89;1,55;310;false;true;true;6,33;0;5,24
486;0,89;1,53;310;false;true;true;6,35;0;5,27
487;0,89;1,51;310;false;true;true;6,36;0;5,29
488;0,89;1,5;310;false;true;true;6,38;0;5,31
489;0,89;1,48;310;false;true;true;6,39;0;5,34
490;0,9;1,47;310;false;true;true;6,41;0;5,37
491;0,9;1,45;310;false;true;true;6,43;0;5,4
492;0,9;1,44;310;false;true;true;6,44;0;5,43
493;0,9;1,43;310;false;true;true;6,46;0;5,47
494;0,9;1,44;310;false;true;true;6,5;0;5,51
495;0,9;1,46;310;false;true;true;6,53;0;5,57
496;0,9;1,48;310;false;true;true;6,57;0;5,65
497;0,9;1,54;310;false;true;true;6,63;0;5,76
498;0,9;1,88;309;false;true;true;6,22;0;5,02
499;0,9;1,7;309;false;true;true;6,05;0;5,05
500;0,91;1,62;309;false;true;true;6,01;0;5,07
501;0,91;1,57;309;false;true;true;6,04;0;5,1
502;0,91;1,54;309;false;true;true;6,08;0;5,12
503;0,91;1,51;309;false;true;true;6,12;0;5,15
504;0,91;1,49;309;false;true;true;6,15;0;5,17
505;0,91;1,46;309;false;true;true;6,17;0;5,19
506;0,91;1,45;309;false;true;true;6,2;0;5,22
507;0,91;1,43;309;false;true;true;6,22;0;5,24
508;0,91;1,42;309;false;true;true;6,24;0;5,27
509;0,92;1,4;309;false;true;true;6,26;0;5,29
510;0,92;1,39;309;false;true;true;6,29;0;5,32
511;0,92;1,38;309;false;true;true;6,3;0;5,35
512;0,92;1,37;309;false;true;true;6,32;0;5,38
513;0,92;1,36;309;false;true;true;6,34;0;5,41
514;0,92;1,36;309;false;true;true;6,37;0;5,45
515;0,92;1,37;309;false;true;true;6,4;0;5,49
516;0,92;1,37;309;false;true;true;6,43;0;5,53
517;0,93;1,39;309;false;true;true;6,47;0;5,58
518;0,93;1,41;309;false;true;true;6,51;0;5,65
519;0,93;1,45;309;false;true;true;6,57;0;5,74
520;0,93;1,53;309;false;true;true;6,63;0;5,87
521;0,93;1,72;308;false;true;true;6,3;0;5,2
522;0,93;1,62;308;false;true;true;6,21;0;5,24
523;0,93;1,56;308;false;true;true;6,15;0;5,28
524;0,93;1,53;308;false;true;true;6,16;0;5,32
525;0,93;1,51;308;false;true;true;6,21;0;5,36
526;0,93;1,51;308;false;true;true;6,27;0;5,42
527;0,94;1,52;308;false;true;true;6,33;0;5,5
528;0,94;1,58;308;false;true;true;6,39;0;5,62
529;0,94;1,7;307;false;true;true;5,94;0;4,94
530;0,94;1,62;307;false;true;true;5,87;0;4,97
531;0,94;1,57;307;false;true;true;5,85;0;5
532;0,94;1,53;307;false;true;true;5,87;0;5,02
533;0,94;1,49;307;false;true;true;5,93;0;5,04
534;0,94;1,45;307;false;true;true;5,96;0;5,06
535;0,94;1,42;307;false;true;true;5,99;0;5,08
536;0,94;1,4;307;false;true;true;6,02;0;5,1
537;0,95;1,37;307;false;true;true;6,04;0;5,12
538;0,96;1,35;307;false;true;true;6,06;0;5,13
539;0,96;1,33;307;false;true;true;6,08;0;5,15
540;0,96;1,3;307;false;true;true;6,09;0;5,17
541;0,96;1,29;307;false;true;true;6,1;0;5,19
542;0,96;1,27;307;false;true;true;6,11;0;5,2
543;0,96;1,26;307;false;true;true;6,13;0;5,22
544;0,96;1,25;307;false;true;true;6,14;0;5,24
545;0,97;1,23;307;false;true;true;6,15;0;5,26
546;0,97;1,21;307;false;true;true;6,16;0;5,28
547;0,97;1,21;307;false;true;true;6,18;0;5,29
548;0,97;1,19;307;false;true;true;6,18;0;5,31
549;0,97;1,18;307;false;true;true;6,2;0;5,33
550;0,97;1,17;307;false;true;true;6,21;0;5,35
551;0,97;1,16;307;false;true;true;6,22;0;5,37
552;0,97;1,16;307;false;true;true;6,24;0;5,39
553;0,98;1,15;307;false;true;true;6,25;0;5,42
554;0,98;1,14;307;false;true;true;6,26;0;5,44
555;0,98;1,14;307;false;true;true;6,28;0;5,47
556;0,98;1,14;307;false;true;true;6,3;0;5,49
557;0,98;1,14;307;false;true;true;6,32;0;5,53
558;0,98;1,14;307;false;true;true;6,34;0;5,56
559;0,98;1,15;307;false;true;true;6,37;0;5,6
560;0,98;1,16;307;false;true;true;6,4;0;5,65
561;0,98;1,19;307;false;true;true;6,44;0;5,72
562;0,98;1,25;307;false;true;true;6,49;0;5,81
563;0,99;1,34;307;false;true;true;6,55;0;5,95
564;0,99;1,39;306;false;true;true;6,15;0;5,24
565;0,99;1,31;306;false;true;true;6,07;0;5,26
566;0,99;1,26;306;false;true;true;6,02;0;5,28
567;0,99;1,23;306;false;true;true;6,01;0;5,3
568;0,99;1,2;306;false;true;true;6,03;0;5,32
569;0,99;1,17;306;false;true;true;6,07;0;5,33
570;0,99;1,15;306;false;true;true;6,09;0;5,35
571;0,99;1,13;306;false;true;true;6,12;0;5,37
572;0,99;1,12;306;false;true;true;6,14;0;5,39
573;1;1,1;306;false;true;true;6,16;0;5,4
574;1;1,09;306;false;true;true;6,17;0;5,42
575;1;1,07;306;false;true;true;6,19;0;5,44
576;1;1,06;306;false;true;true;6,2;0;5,45
577;1;1,05;306;false;true;true;6,22;0;5,47
578;1;1,04;306;false;true;true;6,23;0;5,49
579;1;1,03;306;false;true;true;6,24;0;5,51
580;1;1,02;306;false;true;true;6,26;0;5,53
581;1;1,01;306;false;true;true;6,26;0;5,55
582;1;1;306;false;true;true;6,28;0;5,57
583;1;1;306;false;true;true;6,3;0;5,6
584;1,01;1;306;false;true;true;6,32;0;5,62
585;1,01;1;306;false;true;true;6,34;0;5,65
586;1,01;1;306;false;true;true;6,36;0;5,68
587;1,01;1;306;false;true;true;6,38;0;5,71
588;1,01;1;306;false;true;true;6,4;0;5,75
589;1,01;1,02;306;false;true;true;6,44;0;5,79
590;1,01;1,04;306;false;true;true;6,47;0;5,85
591;1,01;1,07;306;false;true;true;6,52;0;5,92
592;1,01;1,13;306;false;true;true;6,58;0;6,02
593;1,01;1,44;305;false;true;true;6,2;0;5,32
594;1,02;1,31;305;false;true;true;6,03;0;5,34
595;1,02;1,25;305;false;true;true;5,98;0;5,37
596;1,02;1,21;305;false;true;true;6;0;5,39
597;1,02;1,18;305;false;true;true;6,05;0;5,42
598;1,02;1,16;305;false;true;true;6,1;0;5,45
599;1,02;1,15;305;false;true;true;6,14;0;5,47
600;1,02;1,14;305;false;true;true;6,18;0;5,5
601;1,02;1,13;305;false;true;true;6,21;0;5,54
602;1,02;1,13;305;false;true;true;6,25;0;5,58
603;1,02;1,14;305;false;true;true;6,29;0;5,62
604;1,03;1,15;305;false;true;true;6,33;0;5,68
605;1,03;1,19;305;false;true;true;6,38;0;5,76
606;1,03;1,27;305;false;true;true;6,45;0;5,88
607;1,03;1,44;304;false;true;true;5,97;0;5,12
608;1,03;1,34;304;false;true;true;5,89;0;5,15
609;1,03;1,28;304;false;true;true;5,84;0;5,17
610;1,03;1,23;304;false;true;true;5,87;0;5,19
611;1,03;1,2;304;false;true;true;5,91;0;5,22
612;1,03;1,18;304;false;true;true;5,95;0;5,24
613;1,03;1,16;304;false;true;true;5,98;0;5,26
614;1,04;1,14;304;false;true;true;6,01;0;5,29
615;1,04;1,13;304;false;true;true;6,03;0;5,31
616;1,04;1,12;304;false;true;true;6,06;0;5,34
617;1,04;1,12;304;false;true;true;6,08;0;5,38
618;1,04;1,12;304;false;true;true;6,11;0;5,42
619;1,04;1,13;304;false;true;true;6,14;0;5,46
620;1,04;1,16;304;false;true;true;6,18;0;5,52
621;1,04;1,2;304;false;true;true;6,23;0;5,61
622;1,04;1,3;304;false;true;true;6,29;0;5,75
623;1,04;1,36;303;false;true;true;5,86;0;5,01
624;1,05;1,27;303;false;true;true;5,77;0;5,03
625;1,05;1,22;303;false;true;true;5,72;0;5,04
626;1,05;1,18;303;false;true;true;5,71;0;5,06
627;1,05;1,15;303;false;true;true;5,74;0;5,07
628;1,05;1,12;303;false;true;true;5,77;0;5,09
629;1,05;1,1;303;false;true;true;5,8;0;5,1
630;1,05;1,08;303;false;true;true;5,82;0;5,11
631;1,05;1,05;303;false;true;true;5,83;0;5,12
632;1,05;1,04;303;false;true;true;5,84;0;5,14
633;1,05;1,02;303;false;true;true;5,85;0;5,15
634;1,06;1;303;false;true;true;5,86;0;5,16
635;1,06;0,99;303;false;true;true;5,87;0;5,17
636;1,06;0,97;303;false;true;true;5,88;0;5,18
637;1,06;0,96;303;false;true;true;5,88;0;5,19
638;1,06;0,95;303;false;true;true;5,89;0;5,2
639;1,06;0,93;303;false;true;true;5,89;0;5,22
640;1,06;0,92;303;false;true;true;5,89;0;5,23
641;1,06;0,91;303;false;true;true;5,9;0;5,24
642;1,06;0,89;303;false;true;true;5,9;0;5,25
643;1,07;0,89;303;false;true;true;5,91;0;5,26
644;1,07;0,87;303;false;true;true;5,91;0;5,27
645;1,07;0,86;303;false;true;true;5,91;0;5,29
646;1,07;0,86;303;false;true;true;5,93;0;5,3
647;1,07;0,85;303;false;true;true;5,93;0;5,31
648;1,07;0,85;303;false;true;true;5,94;0;5,32
649;1,07;0,83;303;false;true;true;5,95;0;5,34
650;1,07;0,83;303;false;true;true;5,95;0;5,35
651;1,07;0,82;303;false;true;true;5,96;0;5,37
652;1,07;0,82;303;false;true;true;5,97;0;5,38
653;1,08;0,81;303;false;true;true;5,98;0;5,4
654;1,08;0,81;303;false;true;true;5,99;0;5,42
655;1,08;0,81;303;false;true;true;6;0;5,44
656;1,08;0,81;303;false;true;true;6,02;0;5,46
657;1,08;0,8;303;false;true;true;6,03;0;5,48
658;1,08;0,81;303;false;true;true;6,05;0;5,51
659;1,08;0,81;303;false;true;true;6,06;0;5,54
660;1,08;0,82;303;false;true;true;6,09;0;5,57
661;1,08;0,84;303;false;true;true;6,11;0;5,62
662;1,08;0,86;303;false;true;true;6,15;0;5,67
663;1,09;0,91;303;false;true;true;6,19;0;5,76
664;1,09;1,01;303;false;true;true;6,26;0;5,89
665;1,09;1,09;302;false;true;true;5,71;0;5,09
666;1,09;1,03;302;false;true;true;5,65;0;5,11
667;1,09;0,99;302;false;true;true;5,62;0;5,12
668;1,09;0,95;302;false;true;true;5,64;0;5,14
669;1,09;0,93;302;false;true;true;5,67;0;5,16
670;1,09;0,9;302;false;true;true;5,71;0;5,17
671;1,09;0,88;302;false;true;true;5,73;0;5,19
672;1,09;0,87;302;false;true;true;5,75;0;5,2
673;1,1;0,86;302;false;true;true;5,77;0;5,22
674;1,1;0,84;302;false;true;true;5,78;0;5,23
675;1,1;0,83;302;false;true;true;5,8;0;5,25
676;1,1;0,82;302;false;true;true;5,81;0;5,26
677;1,1;0,81;302;false;true;true;5,82;0;5,28
678;1,1;0,8;302;false;true;true;5,83;0;5,29
679;1,1;0,8;302;false;true;true;5,85;0;5,31
680;1,1;0,8;302;false;true;true;5,86;0;5,33
681;1,1;0,79;302;false;true;true;5,87;0;5,35
682;1,1;0,8;302;false;true;true;5,89;0;5,37
683;1,11;0,8;302;false;true;true;5,91;0;5,4
684;1,11;0,8;302;false;true;true;5,93;0;5,42
685;1,11;0,81;302;false;true;true;5,95;0;5,45
686;1,11;0,82;302;false;true;true;5,98;0;5,48
687;1,11;0,82;302;false;true;true;6;0;5,52
688;1,11;0,84;302;false;true;true;6,03;0;5,56
689;1,11;0,86;302;false;true;true;6,06;0;5,61
690;1,11;0,89;302;false;true;true;6,11;0;5,68
691;1,11;0,93;302;false;true;true;6,16;0;5,76
692;1,11;1,01;302;false;true;true;6,23;0;5,88
693;1,12;1,29;301;false;true;true;5,77;0;5,3
694;1,12;1,27;301;false;true;true;5,72;0;5,39
695;1,12;1,3;301;false;true;true;5,74;0;5,51
696;1,12;1,39;301;false;true;true;5,89;0;5,68
697;1,12;1,55;300;false;true;true;5,54;0;4,91
698;1,12;1,45;300;false;true;true;5,5;0;4,96
699;1,12;1,38;300;false;true;true;5,48;0;5,02
700;1,12;1,33;300;false;true;true;5,53;0;5,08
701;1,12;1,32;300;false;true;true;5,6;0;5,15
702;1,12;1,32;300;false;true;true;5,68;0;5,24
703;1,12;1,35;300;false;true;true;5,77;0;5,35
704;1,13;1,44;300;false;true;true;5,87;0;5,52
705;1,13;1,51;299;false;true;true;5,67;0;5
706;1,13;1,48;299;false;true;true;5,63;0;5,11
707;1,13;1,67;298;false;true;true;5,15;0;4,41
708;1,13;1,53;298;false;true;true;5,01;0;4,44
709;1,13;1,43;298;false;true;true;4,98;0;4,47
710;1,13;1,36;298;false;true;true;5,02;0;4,49
711;1,13;1,3;298;false;true;true;5,08;0;4,51
712;1,13;1,26;298;false;true;true;5,13;0;4,54
713;1,13;1,22;298;false;true;true;5,17;0;4,56
714;1,14;1,19;298;false;true;true;5,21;0;4,58
715;1,14;1,16;298;false;true;true;5,24;0;4,6
716;1,14;1,13;298;false;true;true;5,27;0;4,62
717;1,14;1,11;298;false;true;true;5,29;0;4,64
718;1,14;1,09;298;false;true;true;5,32;0;4,66
719;1,14;1,08;298;false;true;true;5,34;0;4,69
720;1,14;1,07;298;false;true;true;5,36;0;4,71
721;1,14;1,05;298;false;true;true;5,38;0;4,74
722;1,14;1,05;298;false;true;true;5,41;0;4,77
723;1,14;1,05;298;false;true;true;5,43;0;4,8
724;1,15;1,05;298;false;true;true;5,45;0;4,84
725;1,15;1,07;298;false;true;true;5,49;0;4,89
726;1,15;1,1;298;false;true;true;5,53;0;4,95
727;1,15;1,14;298;false;true;true;5,58;0;5,04
728;1,15;1,23;298;false;true;true;5,65;0;5,18
729;1,15;1,28;297;false;true;true;5,32;0;4,52
730;1,15;1,2;297;false;true;true;5,24;0;4,55
731;1,15;1,15;297;false;true;true;5,18;0;4,57
732;1,15;1,11;297;false;true;true;5,14;0;4,59
733;1,15;1,08;297;false;true;true;5,17;0;4,61
734;1,16;1,07;297;false;true;true;5,21;0;4,62
735;1,16;1,04;297;false;true;true;5,24;0;4,64
736;1,16;1,03;297;false;true;true;5,27;0;4,66
737;1,16;1,01;297;false;true;true;5,3;0;4,69
738;1,16;1,01;297;false;true;true;5,33;0;4,71
739;1,16;1;297;false;true;true;5,34;0;4,73
740;1,16;0,99;297;false;true;true;5,37;0;4,76
741;1,16;0,99;297;false;true;true;5,39;0;4,8
742;1,16;1;297;false;true;true;5,42;0;4,84
743;1,16;1,02;297;false;true;true;5,45;0;4,88
744;1,17;1,05;297;false;true;true;5,5;0;4,95
745;1,17;1,11;297;false;true;true;5,55;0;5,05
746;1,17;1,27;296;false;true;true;5,11;0;4,36
747;1,17;1,19;296;false;true;true;5,04;0;4,38
748;1,17;1,13;296;false;true;true;4,98;0;4,4
749;1,17;1,1;296;false;true;true;4,98;0;4,41
750;1,17;1,07;296;false;true;true;5,02;0;4,43
751;1,17;1,04;296;false;true;true;5,05;0;4,45
752;1,17;1,03;296;false;true;true;5,09;0;4,46
753;1,17;1,01;296;false;true;true;5,11;0;4,48
754;1,18;0,99;296;false;true;true;5,12;0;4,5
755;1,18;0,98;296;false;true;true;5,14;0;4,52
756;1,18;0,96;296;false;true;true;5,15;0;4,54
757;1,18;0,95;296;false;true;true;5,17;0;4,56
758;1,18;0,95;296;false;true;true;5,19;0;4,59
759;1,18;0,96;296;false;true;true;5,21;0;4,62
760;1,18;0,96;296;false;true;true;5,23;0;4,65
761;1,18;0,97;296;false;true;true;5,26;0;4,7
762;1,18;1;296;false;true;true;5,29;0;4,76
763;1,18;1,05;296;false;true;true;5,34;0;4,85
764;1,19;1,16;296;false;true;true;5,4;0;5,01
765;1,19;1,16;295;false;true;true;4,99;0;4,26
766;1,19;1,08;295;false;true;true;4,9;0;4,27
767;1,19;1,03;295;false;true;true;4,84;0;4,28
768;1,19;0,99;295;false;true;true;4,81;0;4,29
769;1,19;0,96;295;false;true;true;4,84;0;4,3
770;1,19;0,93;295;false;true;true;4,86;0;4,31
771;1,19;0,91;295;false;true;true;4,89;0;4,32
772;1,19;0,88;295;false;true;true;4,9;0;4,33
773;1,2;0,87;295;false;true;true;4,92;0;4,34
774;1,2;0,85;295;false;true;true;4,93;0;4,34
775;1,2;0,84;295;false;true;true;4,94;0;4,35
776;1,2;0,82;295;false;true;true;4,94;0;4,36
777;1,2;0,81;295;false;true;true;4,94;0;4,36
778;1,2;0,79;295;false;true;true;4,94;0;4,37
779;1,2;0,78;295;false;true;true;4,94;0;4,37
780;1,2;0,77;295;false;true;true;4,95;0;4,38
781;1,2;0,76;295;false;true;true;4,95;0;4,39
782;1,2;0,75;295;false;true;true;4,95;0;4,39
783;1,21;0,74;295;false;true;true;4,95;0;4,4
784;1,21;0,73;295;false;true;true;4,96;0;4,4
785;1,21;0,73;295;false;true;true;4,96;0;4,41
786;1,21;0,72;295;false;true;true;4,96;0;4,41
787;1,21;0,71;295;false;true;true;4,96;0;4,42
788;1,21;0,71;295;false;true;true;4,97;0;4,43
789;1,21;0,7;295;false;true;true;4,96;0;4,43
790;1,21;0,69;295;false;true;true;4,96;0;4,44
791;1,21;0,68;295;false;true;true;4,97;0;4,44
792;1,21;0,68;295;false;true;true;4,97;0;4,45
793;1,22;0,68;295;false;true;true;4,97;0;4,46
794;1,22;0,67;295;false;true;true;4,98;0;4,46
795;1,22;0,67;295;false;true;true;4,98;0;4,47
796;1,22;0,66;295;false;true;true;4,98;0;4,47
797;1,22;0,66;295;false;true;true;4,98;0;4,48
798;1,22;0,65;295;false;true;true;4,98;0;4,49
799;1,22;0,65;295;false;true;true;4,99;0;4,49
800;1,22;0,64;295;false;true;true;4,99;0;4,5
801;1,22;0,64;295;false;true;true;4,99;0;4,51
802;1,22;0,64;295;false;true;true;5;0;4,52
803;1,23;0,63;295;false;true;true;5;0;4,53
804;1,23;0,63;295;false;true;true;5,01;0;4,53
805;1,23;0,63;295;false;true;true;5,01;0;4,54
806;1,23;0,63;295;false;true;true;5,02;0;4,55
807;1,23;0,63;295;false;true;true;5,02;0;4,56
808;1,23;0,63;295;false;true;true;5,03;0;4,58
809;1,23;0,62;295;false;true;true;5,03;0;4,59
810;1,23;0,63;295;false;true;true;5,04;0;4,6
811;1,23;0,62;295;false;true;true;5,05;0;4,62
812;1,23;0,63;295;false;true;true;5,07;0;4,63
813;1,24;0,64;295;false;true;true;5,08;0;4,65
814;1,24;0,65;295;false;true;true;5,1;0;4,68
815;1,24;0,66;295;false;true;true;5,12;0;4,7
816;1,24;0,68;295;false;true;true;5,14;0;4,74
817;1,24;0,7;295;false;true;true;5,17;0;4,79
818;1,24;0,74;295;false;true;true;5,2;0;4,85
819;1,24;0,81;295;false;true;true;5,25;0;4,95
820;1,24;0,95;294;false;true;true;4,85;0;4,29
821;1,24;0,87;294;false;true;true;4,76;0;4,3
822;1,24;0,83;294;false;true;true;4,71;0;4,31
823;1,25;0,8;294;false;true;true;4,69;0;4,32
824;1,25;0,78;294;false;true;true;4,73;0;4,33
825;1,25;0,75;294;false;true;true;4,76;0;4,34
826;1,25;0,74;294;false;true;true;4,78;0;4,35
827;1,25;0,72;294;false;true;true;4,8;0;4,35
828;1,25;0,71;294;false;true;true;4,81;0;4,36
829;1,25;0,69;294;false;true;true;4,81;0;4,36
830;1,25;0,68;294;false;true;true;4,83;0;4,37
831;1,25;0,67;294;false;true;true;4,83;0;4,37
832;1,25;0,66;294;false;true;true;4,84;0;4,38
833;1,25;0,65;294;false;true;true;4,84;0;4,39
834;1,26;0,64;294;false;true;true;4,84;0;4,39
835;1,26;0,63;294;false;true;true;4,85;0;4,4
836;1,26;0,63;294;false;true;true;4,85;0;4,4
837;1,26;0,62;294;false;true;true;4,85;0;4,4
838;1,26;0,61;294;false;true;true;4,86;0;4,41
839;1,26;0,61;294;false;true;true;4,87;0;4,41
840;1,26;0,6;294;false;true;true;4,86;0;4,42
841;1,26;0,6;294;false;true;true;4,86;0;4,42
842;1,26;0,59;294;false;true;true;4,87;0;4,43
843;1,26;0,59;294;false;true;true;4,87;0;4,43
844;1,27;0,58;294;false;true;true;4,87;0;4,44
845;1,27;0,57;294;false;true;true;4,87;0;4,44
846;1,27;0,57;294;false;true;true;4,87;0;4,45
847;1,27;0,56;294;false;true;true;4,87;0;4,45
848;1,27;0,56;294;false;true;true;4,87;0;4,46
849;1,27;0,55;294;false;true;true;4,87;0;4,46
850;1,27;0,55;294;false;true;true;4,88;0;4,47
851;1,27;0,55;294;false;true;true;4,88;0;4,47
852;1,27;0,54;294;false;true;true;4,88;0;4,48
853;1,27;0,54;294;false;true;true;4,88;0;4,49
854;1,28;0,53;294;false;true;true;4,88;0;4,49
855;1,28;0,53;294;false;true;true;4,89;0;4,5
856;1,28;0,53;294;false;true;true;4,89;0;4,5
857;1,28;0,53;294;false;true;true;4,9;0;4,51
858;1,28;0,52;294;false;true;true;4,9;0;4,52
859;1,28;0,52;294;false;true;true;4,9;0;4,52
860;1,28;0,52;294;false;true;true;4,9;0;4,53
861;1,28;0,52;294;false;true;true;4,91;0;4,54
862;1,28;0,52;294;false;true;true;4,92;0;4,54
863;1,28;0,52;294;false;true;true;4,92;0;4,55
864;1,29;0,52;294;false;true;true;4,93;0;4,56
865;1,29;0,51;294;false;true;true;4,93;0;4,57
866;1,29;0,51;294;false;true;true;4,94;0;4,58
867;1,29;0,51;294;false;true;true;4,94;0;4,59
868;1,29;0,51;294;false;true;true;4,95;0;4,6
869;1,29;0,52;294;false;true;true;4,96;0;4,62
870;1,29;0,52;294;false;true;true;4,97;0;4,63
871;1,29;0,52;294;false;true;true;4,98;0;4,65
872;1,29;0,53;294;false;true;true;4,99;0;4,67
873;1,29;0,54;294;false;true;true;5,01;0;4,69
874;1,3;0,55;294;false;true;true;5,03;0;4,71
875;1,3;0,57;294;false;true;true;5,05;0;4,74
876;1,3;0,59;294;false;true;true;5,08;0;4,79
877;1,3;0,63;294;false;true;true;5,11;0;4,84
878;1,3;0,69;294;false;true;true;5,16;0;4,93
879;1,3;0,81;294;false;true;true;5,23;0;5,08
880;1,3;0,84;293;false;true;true;4,77;0;4,3
881;1,3;0,77;293;false;true;true;4,69;0;4,31
882;1,3;0,72;293;false;true;true;4,63;0;4,32
883;1,3;0,68;293;false;true;true;4,61;0;4,33
884;1,31;0,66;293;false;true;true;4,64;0;4,33
885;1,31;0,64;293;false;true;true;4,67;0;4,34
886;1,31;0,62;293;false;true;true;4,69;0;4,35
887;1,31;0,61;293;false;true;true;4,71;0;4,35
888;1,31;0,6;293;false;true;true;4,72;0;4,36
889;1,31;0,59;293;false;true;true;4,73;0;4,36
890;1,31;0,57;293;false;true;true;4,73;0;4,36
891;1,31;0,56;293;false;true;true;4,74;0;4,37
892;1,31;0,55;293;false;true;true;4,74;0;4,37
893;1,32;0,55;293;false;true;true;4,75;0;4,38
894;1,32;0,54;293;false;true;true;4,75;0;4,38
895;1,32;0,53;293;false;true;true;4,76;0;4,38
896;1,32;0,52;293;false;true;true;4,76;0;4,39
897;1,32;0,52;293;false;true;true;4,76;0;4,39
898;1,32;0,51;293;false;true;true;4,75;0;4,39
899;1,32;0,5;293;false;true;true;4,76;0;4,4
900;1,32;0,5;293;false;true;true;4,76;0;4,4
901;1,32;0,5;293;false;true;true;4,76;0;4,4
902;1,32;0,49;293;false;true;true;4,76;0;4,41
903;1,33;0,48;293;false;true;true;4,76;0;4,41
904;1,33;0,48;293;false;true;true;4,77;0;4,41
905;1,33;0,48;293;false;true;true;4,77;0;4,42
906;1,33;0,46;293;false;true;true;4,76;0;4,42
907;1,33;0,46;293;false;true;true;4,76;0;4,42
908;1,33;0,45;293;false;true;true;4,75;0;4,43
909;1,33;0,45;293;false;true;true;4,76;0;4,43
910;1,33;0,44;293;false;true;true;4,76;0;4,43
911;1,33;0,44;293;false;true;true;4,76;0;4,43
912;1,33;0,44;293;false;true;true;4,76;0;4,44
913;1,34;0,44;293;false;true;true;4,76;0;4,44
914;1,34;0,43;293;false;true;true;4,76;0;4,44
915;1,34;0,43;293;false;true;true;4,76;0;4,45
916;1,34;0,42;293;false;true;true;4,76;0;4,45
917;1,34;0,42;293;false;true;true;4,76;0;4,45
918;1,34;0,42;293;false;true;true;4,77;0;4,45
919;1,34;0,41;293;false;true;true;4,76;0;4,46
920;1,34;0,4;293;false;true;true;4,76;0;4,46
921;1,34;0,4;293;false;true;true;4,76;0;4,46
922;1,34;0,39;293;false;true;true;4,76;0;4,47
923;1,35;0,39;293;false;true;true;4,76;0;4,47
924;1,35;0,39;293;false;true;true;4,76;0;4,47
925;1,35;0,39;293;false;true;true;4,76;0;4,47
926;1,35;0,39;293;false;true;true;4,77;0;4,48
927;1,35;0,39;293;false;true;true;4,77;0;4,48
928;1,35;0,39;293;false;true;true;4,77;0;4,48
929;1,35;0,38;293;false;true;true;4,76;0;4,49
930;1,35;0,38;293;false;true;true;4,77;0;4,49
931;1,35;0,37;293;false;true;true;4,77;0;4,49
932;1,35;0,37;293;false;true;true;4,77;0;4,49
933;1,36;0,37;293;false;true;true;4,77;0;4,5
934;1,36;0,37;293;false;true;true;4,78;0;4,5
935;1,36;0,37;293;false;true;true;4,78;0;4,5
936;1,36;0,37;293;false;true;true;4,78;0;4,51
937;1,36;0,36;293;false;true;true;4,78;0;4,51
938;1,36;0,36;293;false;true;true;4,77;0;4,51
939;1,36;0,35;293;false;true;true;4,78;0;4,52
940;1,36;0,36;293;false;true;true;4,78;0;4,52
941;1,36;0,35;293;false;true;true;4,78;0;4,52
942;1,36;0,35;293;false;true;true;4,78;0;4,53
943;1,37;0,34;293;false;true;true;4,78;0;4,53
944;1,37;0,34;293;false;true;true;4,78;0;4,53
945;1,37;0,33;293;false;true;true;4,78;0;4,54
946;1,37;0,33;293;false;true;true;4,78;0;4,54
947;1,37;0,33;293;false;true;true;4,78;0;4,54
948;1,37;0,33;293;false;true;true;4,79;0;4,55
949;1,37;0,33;293;false;true;true;4,79;0;4,55
950;1,37;0,33;293;false;true;true;4,79;0;4,55
951;1,37;0,33;293;false;true;true;4,79;0;4,56
952;1,37;0,33;293;false;true;true;4,79;0;4,56
953;1,38;0,32;293;false;true;true;4,8;0;4,57
954;1,38;0,32;293;false;true;true;4,8;0;4,57
955;1,38;0,32;293;false;true;true;4,8;0;4,58
956;1,38;0,32;293;false;true;true;4,81;0;4,58
957;1,38;0,32;293;false;true;true;4,81;0;4,58
958;1,38;0,32;293;false;true;true;4,81;0;4,59
959;1,38;0,32;293;false;true;true;4,81;0;4,59
960;1,38;0,32;293;false;true;true;4,82;0;4,6
961;1,38;0,31;293;false;true;true;4,82;0;4,61
962;1,38;0,32;293;false;true;true;4,83;0;4,61
963;1,38;0,32;293;false;true;true;4,83;0;4,62
964;1,39;0,31;293;false;true;true;4,83;0;4,62
965;1,39;0,31;293;false;true;true;4,83;0;4,63
966;1,39;0,32;293;false;true;true;4,84;0;4,64
967;1,39;0,31;293;false;true;true;4,85;0;4,64
968;1,39;0,31;293;false;true;true;4,85;0;4,65
969;1,39;0,32;293;false;true;true;4,87;0;4,66
970;1,39;0,32;293;false;true;true;4,87;0;4,67
971;1,39;0,32;293;false;true;true;4,87;0;4,68
972;1,39;0,32;293;false;true;true;4,88;0;4,69
973;1,39;0,33;293;false;true;true;4,9;0;4,71
974;1,4;0,34;293;false;true;true;4,91;0;4,72
975;1,4;0,35;293;false;true;true;4,93;0;4,74
976;1,4;0,36;293;false;true;true;4,94;0;4,76
977;1,4;0,38;293;false;true;true;4,96;0;4,79
978;1,4;0,39;293;false;true;true;4,98;0;4,82
979;1,4;0,42;293;false;true;true;5,01;0;4,86
980;1,4;0,46;293;false;true;true;5,04;0;4,91
981;1,4;0,51;293;false;true;true;5,08;0;5
982;1,4;0,64;293;false;true;true;5,15;0;5,16
983;1,4;0,66;292;false;true;true;4,64;0;4,33
984;1,41;0,6;292;false;true;true;4,57;0;4,34
985;1,41;0,56;292;false;true;true;4,53;0;4,35
986;1,41;0,52;292;false;true;true;4,51;0;4,36
987;1,41;0,5;292;false;true;true;4,55;0;4,36
988;1,41;0,48;292;false;true;true;4,58;0;4,37
989;1,41;0,47;292;false;true;true;4,6;0;4,37
990;1,41;0,46;292;false;true;true;4,62;0;4,37
991;1,41;0,44;292;false;true;true;4,62;0;4,38
992;1,41;0,43;292;false;true;true;4,63;0;4,38
993;1,41;0,42;292;false;true;true;4,63;0;4,39
994;1,42;0,41;292;false;true;true;4,64;0;4,39
995;1,42;0,4;292;false;true;true;4,64;0;4,39
996;1,42;0,39;292;false;true;true;4,64;0;4,39
997;1,42;0,39;292;false;true;true;4,65;0;4,4
998;1,42;0,38;292;false;true;true;4,65;0;4,4
999;1,42;0,37;292;false;true;true;4,65;0;4,4
1000;1,42;0,37;292;false;true;true;4,65;0;4,4
1001;1,42;0,36;292;false;true;true;4,64;0;4,41
1002;1,42;0,35;292;false;true;true;4,65;0;4,41
1003;1,42;0,35;292;false;true;true;4,65;0;4,41
1004;1,43;0,34;292;false;true;true;4,65;0;4,41
1005;1,43;0,34;292;false;true;true;4,65;0;4,41
1006;1,43;0,34;292;false;true;true;4,65;0;4,42
1007;1,43;0,33;292;false;true;true;4,65;0;4,42
1008;1,43;0,33;292;false;true;true;4,65;0;4,42
1009;1,43;0,33;292;false;true;true;4,65;0;4,42
1010;1,43;0,32;292;false;true;true;4,65;0;4,42
1011;1,43;0,32;292;false;true;true;4,65;0;4,43
1012;1,43;0,31;292;false;true;true;4,65;0;4,43
1013;1,43;0,31;292;false;true;true;4,65;0;4,43
1014;1,44;0,31;292;false;true;true;4,65;0;4,43
1015;1,44;0,3;292;false;true;true;4,65;0;4,43
1016;1,44;0,3;292;false;true;true;4,65;0;4,43
1017;1,44;0,3;292;false;true;true;4,65;0;4,44
1018;1,44;0,29;292;false;true;true;4,65;0;4,44
1019;1,44;0,29;292;false;true;true;4,65;0;4,44
1020;1,44;0,29;292;false;true;true;4,65;0;4,44
1021;1,44;0,29;292;false;true;true;4,65;0;4,44
1022;1,44;0,28;292;false;true;true;4,65;0;4,44
1023;1,45;0,28;292;false;true;true;4,65;0;4,44
1024;1,45;0,27;292;false;true;true;4,65;0;4,45
1025;1,45;0,27;292;false;true;true;4,65;0;4,45
1026;1,45;0,27;292;false;true;true;4,64;0;4,45
1027;1,45;0,26;292;false;true;true;4,64;0;4,45
1028;1,45;0,26;292;false;true;true;4,64;0;4,45
1029;1,45;0,26;292;false;true;true;4,64;0;4,45
1030;1,45;0,26;292;false;true;true;4,64;0;4,45
1031;1,45;0,26;292;false;true;true;4,64;0;4,46
1032;1,45;0,25;292;false;true;true;4,64;0;4,46
1033;1,46;0,25;292;false;true;true;4,64;0;4,46
1034;1,46;0,25;292;false;true;true;4,64;0;4,46
1035;1,46;0,25;292;false;true;true;4,64;0;4,46
1036;1,46;0,24;292;false;true;true;4,64;0;4,46
1037;1,46;0,24;292;false;true;true;4,64;0;4,46
1038;1,46;0,24;292;false;true;true;4,64;0;4,46
1039;1,46;0,24;292;false;true;true;4,64;0;4,47
1040;1,46;0,24;292;false;true;true;4,64;0;4,47
1041;1,46;0,23;292;false;true;true;4,64;0;4,47
1042;1,46;0,23;292;false;true;true;4,64;0;4,47
1043;1,47;0,23;292;false;true;true;4,63;0;4,47
1044;1,47;0,22;292;false;true;true;4,63;0;4,47
1045;1,47;0,22;292;false;true;true;4,64;0;4,47
1046;1,47;0,22;292;false;true;true;4,64;0;4,47
1047;1,47;0,22;292;false;true;true;4,63;0;4,47
1048;1,47;0,22;292;false;true;true;4,63;0;4,48
1049;1,47;0,22;292;false;true;true;4,63;0;4,48
1050;1,47;0,21;292;false;true;true;4,63;0;4,48
1051;1,47;0,21;292;false;true;true;4,63;0;4,48
1052;1,47;0,21;292;false;true;true;4,63;0;4,48
1053;1,48;0,2;292;false;true;true;4,63;0;4,48
1054;1,48;0,2;292;false;true;true;4,63;0;4,48
1055;1,48;0,2;292;false;true;true;4,63;0;4,48
1056;1,48;0,2;292;false;true;true;4,63;0;4,48
1057;1,48;0,2;292;false;true;true;4,63;0;4,49
1058;1,48;0,2;292;false;true;true;4,63;0;4,49
1059;1,48;0,2;292;false;true;true;4,63;0;4,49
1060;1,48;0,2;292;false;true;true;4,63;0;4,49
1061;1,48;0,19;292;false;true;true;4,63;0;4,49
1062;1,48;0,19;292;false;true;true;4,63;0;4,49
1063;1,49;0,19;292;false;true;true;4,63;0;4,49
1064;1,49;0,19;292;false;true;true;4,63;0;4,49
1065;1,49;0,19;292;false;true;true;4,63;0;4,49
1066;1,49;0,18;292;false;true;true;4,63;0;4,5
1067;1,49;0,18;292;false;true;true;4,63;0;4,5
1068;1,49;0,18;292;false;true;true;4,63;0;4,5
1069;1,49;0,18;292;false;true;true;4,63;0;4,5
1070;1,49;0,18;292;false;true;true;4,63;0;4,5
1071;1,49;0,17;292;false;true;true;4,63;0;4,5
1072;1,49;0,17;292;false;true;true;4,63;0;4,5
1073;1,5;0,17;292;false;true;true;4,63;0;4,5
1074;1,5;0,17;292;false;true;true;4,63;0;4,5
1075;1,5;0,17;292;false;true;true;4,63;0;4,5
1076;1,5;0,17;292;false;true;true;4,63;0;4,51
1077;1,5;0,17;292;false;true;true;4,63;0;4,51
1078;1,5;0,17;292;false;true;true;4,63;0;4,51
1079;1,5;0,16;292;false;true;true;4,63;0;4,51
1080;1,5;0,16;292;false;true;true;4,62;0;4,51
1081;1,5;0,16;292;false;true;true;4,63;0;4,51
1082;1,5;0,16;292;false;true;true;4,63;0;4,51
1083;1,5;0,16;292;false;true;true;4,63;0;4,51
1084;1,51;0,16;292;false;true;true;4,63;0;4,51
1085;1,51;0,15;292;false;true;true;4,63;0;4,51
1086;1,51;0,15;292;false;true;true;4,63;0;4,52
1087;1,51;0,15;292;false;true;true;4,63;0;4,52
1088;1,51;0,15;292;false;true;true;4,63;0;4,52
1089;1,51;0,15;292;false;true;true;4,63;0;4,52
1090;1,51;0,15;292;false;true;true;4,63;0;4,52
1091;1,51;0,15;292;false;true;true;4,63;0;4,52
1092;1,51;0,15;292;false;true;true;4,63;0;4,52
1093;1,51;0,15;292;false;true;true;4,63;0;4,52
1094;1,52;0,15;292;false;true;true;4,63;0;4,52
1095;1,52;0,15;292;false;true;true;4,63;0;4,52
1096;1,52;0,14;292;false;true;true;4,63;0;4,52
1097;1,52;0,14;292;false;true;true;4,63;0;4,53
1098;1,52;0,14;292;false;true;true;4,63;0;4,53
1099;1,52;0,14;292;false;true;true;4,63;0;4,53
1100;1,52;0,14;292;false;true;true;4,63;0;4,53
1101;1,52;0,13;292;false;true;true;4,63;0;4,53
1102;1,52;0,14;292;false;true;true;4,63;0;4,53
1103;1,52;0,13;292;false;true;true;4,63;0;4,53
1104;1,53;0,13;292;false;true;true;4,63;0;4,53
1105;1,53;0,13;292;false;true;true;4,63;0;4,53
1106;1,53;0,13;292;false;true;true;4,63;0;4,53
1107;1,53;0,13;292;false;true;true;4,63;0;4,53
1108;1,53;0,13;292;false;true;true;4,63;0;4,54
1109;1,53;0,13;292;false;true;true;4,63;0;4,54
1110;1,53;0,12;292;false;true;true;4,63;0;4,54
1111;1,53;0,13;292;false;true;true;4,63;0;4,54
1112;1,53;0,12;292;false;true;true;4,63;0;4,54
1113;1,53;0,12;292;false;true;true;4,63;0;4,54
1114;1,54;0,12;292;false;true;true;4,63;0;4,54
1115;1,54;0,12;292;false;true;true;4,63;0;4,54
1116;1,54;0,12;292;false;true;true;4,63;0;4,54
1117;1,54;0,12;292;false;true;true;4,63;0;4,54
1118;1,54;0,12;292;false;true;true;4,63;0;4,54
1119;1,54;0,12;292;false;true;true;4,63;0;4,54
1120;1,54;0,12;292;false;true;true;4,63;0;4,55
1121;1,54;0,12;292;false;true;true;4,63;0;4,55
1122;1,54;0,12;292;false;true;true;4,63;0;4,55
1123;1,54;0,11;292;false;true;true;4,63;0;4,55
1124;1,55;0,11;292;false;true;true;4,63;0;4,55
1125;1,55;0,11;292;false;true;true;4,63;0;4,55
1126;1,55;0,11;292;false;true;true;4,63;0;4,55
1127;1,55;0,11;292;false;true;true;4,63;0;4,55
1128;1,55;0,11;292;false;true;true;4,63;0;4,55
1129;1,55;0,11;292;false;true;true;4,63;0;4,55
1130;1,55;0,11;292;false;true;true;4,63;0;4,55
1131;1,55;0,11;292;false;true;true;4,63;0;4,55
1132;1,55;0,11;292;false;true;true;4,63;0;4,56
1133;1,55;0,11;292;false;true;true;4,63;0;4,56
1134;1,56;0,11;292;false;true;true;4,63;0;4,56
1135;1,56;0,1;292;false;true;true;4,63;0;4,56
1136;1,56;0,1;292;false;true;true;4,63;0;4,56
1137;1,56;0,1;292;false;true;true;4,63;0;4,56
1138;1,56;0,1;292;false;true;true;4,63;0;4,56
1139;1,56;0,1;292;false;true;true;4,63;0;4,56
1140;1,56;0,1;292;false;true;true;4,63;0;4,56
1141;1,56;0,1;292;false;true;true;4,63;0;4,56
1142;1,56;0,1;292;false;true;true;4,63;0;4,56
1143;1,57;0,1;292;false;true;true;4,64;0;4,56
1144;1,57;0,1;292;false;true;true;4,64;0;4,56
1145;1,57;0,1;292;false;true;true;4,64;0;4,57
1146;1,57;0,1;292;false;true;true;4,64;0;4,57
1147;1,57;0,09;292;false;true;true;4,63;0;4,57
1148;1,57;0,09;292;false;true;true;4,63;0;4,57
1149;1,57;0,09;292;false;true;true;4,63;0;4,57
1150;1,57;0,09;292;false;true;true;4,63;0;4,57
1151;1,57;0,09;292;false;true;true;4,63;0;4,57
1152;1,57;0,09;292;false;true;true;4,64;0;4,57
1153;1,58;0,09;292;false;true;true;4,64;0;4,57
1154;1,58;0,09;292;false;true;true;4,64;0;4,57
1155;1,58;0,09;292;false;true;true;4,64;0;4,57
1156;1,58;0,09;292;false;true;true;4,64;0;4,57
1157;1,58;0,09;292;false;true;true;4,64;0;4,57
1158;1,58;0,08;292;false;true;true;4,64;0;4,58
1159;1,58;0,08;292;false;true;true;4,63;0;4,58
1160;1,58;0,08;292;false;true;true;4,64;0;4,58
1161;1,58;0,08;292;false;true;true;4,64;0;4,58
1162;1,58;0,08;292;false;true;true;4,64;0;4,58
1163;1,59;0,08;292;false;true;true;4,64;0;4,58
1164;1,59;0,08;292;false;true;true;4,64;0;4,58
1165;1,59;0,08;292;false;true;true;4,64;0;4,58
1166;1,59;0,08;292;false;true;true;4,64;0;4,58
1167;1,59;0,08;292;false;true;true;4,64;0;4,58
1168;1,59;0,08;292;false;true;true;4,64;0;4,58
1169;1,59;0,08;292;false;true;true;4,64;0;4,58
1170;1,59;0,08;292;false;true;true;4,64;0;4,58
1171;1,59;0,08;292;false;true;true;4,64;0;4,58
1172;1,59;0,08;292;false;true;true;4,64;0;4,58
1173;1,6;0,08;292;false;true;true;4,64;0;4,59
1174;1,6;0,08;292;false;true;true;4,64;0;4,59
1175;1,6;0,08;292;false;true;true;4,64;0;4,59
1176;1,6;0,07;292;false;true;true;4,64;0;4,59
1177;1,6;0,07;292;false;true;true;4,64;0;4,59
1178;1,6;0,07;292;false;true;true;4,64;0;4,59
1179;1,6;0,07;292;false;true;true;4,64;0;4,59
1180;1,6;0,07;292;false;true;true;4,64;0;4,59
1181;1,6;0,07;292;false;true;true;4,64;0;4,59
1182;1,6;0,07;292;false;true;true;4,64;0;4,59
1183;1,61;0,07;292;false;true;true;4,64;0;4,59
1184;1,61;0,07;292;false;true;true;4,64;0;4,59
1185;1,61;0,07;292;false;true;true;4,64;0;4,59
1186;1,61;0,07;292;false;true;true;4,64;0;4,59
1187;1,61;0,07;292;false;true;true;4,64;0;4,59
1188;1,61;0,07;292;false;true;true;4,64;0;4,6
1189;1,61;0,07;292;false;true;true;4,64;0;4,6
1190;1,61;0,07;292;false;true;true;4,64;0;4,6
1191;1,61;0,07;292;false;true;true;4,65;0;4,6
1192;1,61;0,06;292;false;true;true;4,64;0;4,6
1193;1,62;0,07;292;false;true;true;4,65;0;4,6
1194;1,62;0,07;292;false;true;true;4,65;0;4,6
1195;1,62;0,07;292;false;true;true;4,65;0;4,6
1196;1,62;0,07;292;false;true;true;4,65;0;4,6
1197;1,62;0,07;292;false;true;true;4,65;0;4,6
1198;1,62;0,07;292;false;true;true;4,65;0;4,6
1199;1,62;0,07;292;false;true;true;4,65;0;4,6
1200;1,62;0,06;292;false;true;true;4,65;0;4,6
1201;1,62;0,07;292;false;true;true;4,65;0;4,6
1202;1,62;0,06;292;false;true;true;4,65;0;4,6
1203;1,62;0,06;292;false;true;true;4,65;0;4,6
1204;1,63;0,06;292;false;true;true;4,65;0;4,6
1205;1,63;0,06;292;false;true;true;4,65;0;4,61
1206;1,63;0,06;292;false;true;true;4,65;0;4,61
1207;1,63;0,06;292;false;true;true;4,65;0;4,61
1208;1,63;0,06;292;false;true;true;4,65;0;4,61
1209;1,63;0,06;292;false;true;true;4,65;0;4,61
1210;1,63;0,06;292;false;true;true;4,65;0;4,61
1211;1,63;0,06;292;false;true;true;4,65;0;4,61
1212;1,63;0,06;292;false;true;true;4,65;0;4,61
1213;1,63;0,06;292;false;true;true;4,65;0;4,61
1214;1,64;0,06;292;false;true;true;4,65;0;4,61
1215;1,64;0,05;292;false;true;true;4,65;0;4,61
1216;1,64;0,05;292;false;true;true;4,65;0;4,61
1217;1,64;0,05;292;false;true;true;4,65;0;4,61
1218;1,64;0,05;292;false;true;true;4,65;0;4,61
1219;1,64;0,05;292;false;true;true;4,65;0;4,61
1220;1,64;0,05;292;false;true;true;4,65;0;4,61
1221;1,64;0,05;292;false;true;true;4,65;0;4,61
1222;1,64;0,05;292;false;true;true;4,65;0;4,61
1223;1,64;0,05;292;false;true;true;4,65;0;4,61
1224;1,65;0,05;292;false;true;true;4,65;0;4,62
1225;1,65;0,05;292;false;true;true;4,65;0;4,62
1226;1,65;0,05;292;false;true;true;4,65;0;4,62
1227;1,65;0,05;292;false;true;true;4,65;0;4,62
1228;1,65;0,05;292;false;true;true;4,65;0;4,62
1229;1,65;0,05;292;false;true;true;4,65;0;4,62
1230;1,65;0,05;292;false;true;true;4,65;0;4,62
1231;1,65;0,05;292;false;true;true;4,65;0;4,62
1232;1,65;0,04;292;false;true;true;4,65;0;4,62
1233;1,65;0,05;292;false;true;true;4,66;0;4,62
1234;1,66;0,05;292;false;true;true;4,66;0;4,62
1235;1,66;0,05;292;false;true;true;4,65;0;4,62
1236;1,66;0,05;292;false;true;true;4,65;0;4,62
1237;1,66;0,05;292;false;true;true;4,65;0;4,62
1238;1,66;0,05;292;false;true;true;4,65;0;4,62
1239;1,66;0,05;292;false;true;true;4,66;0;4,62
1240;1,66;0,05;292;false;true;true;4,66;0;4,62
1241;1,66;0,05;292;false;true;true;4,66;0;4,62
1242;1,66;0,05;292;false;true;true;4,66;0;4,62
1243;1,66;0,05;292;false;true;true;4,66;0;4,62
1244;1,67;0,05;292;false;true;true;4,66;0;4,63
1245;1,67;0,05;292;false;true;true;4,66;0;4,63
1246;1,67;0,04;292;false;true;true;4,66;0;4,63
1247;1,67;0,04;292;false;true;true;4,66;0;4,63
1248;1,67;0,04;292;false;true;true;4,66;0;4,63
1249;1,67;0,04;292;false;true;true;4,66;0;4,63
1250;1,67;0,04;292;false;true;true;4,65;0;4,63
1251;1,67;0,04;292;false;true;true;4,66;0;4,63
1252;1,67;0,04;292;false;true;true;4,66;0;4,63
1253;1,67;0,04;292;false;true;true;4,66;0;4,63
1254;1,68;0,04;292;false;true;true;4,65;0;4,63
1255;1,68;0,04;292;false;true;true;4,66;0;4,63
1256;1,68;0,04;292;false;true;true;4,66;0;4,63
1257;1,68;0,04;292;false;true;true;4,66;0;4,63
1258;1,68;0,04;292;false;true;true;4,66;0;4,63
1259;1,68;0,04;292;false;true;true;4,66;0;4,63
1260;1,68;0,04;292;false;true;true;4,66;0;4,63
1261;1,68;0,04;292;false;true;true;4,66;0;4,63
1262;1,68;0,04;292;false;true;true;4,66;0;4,63
1263;1,68;0,04;292;false;true;true;4,66;0;4,63
1264;1,69;0,04;292;false;true;true;4,66;0;4,63
1265;1,69;0,04;292;false;true;true;4,66;0;4,63
1266;1,69;0,04;292;false;true;true;4,66;0;4,63
1267;1,69;0,04;292;false;true;true;4,66;0;4,63
1268;1,69;0,03;292;false;true;true;4,66;0;4,64
1269;1,69;0,04;292;false;true;true;4,66;0;4,64
1270;1,69;0,04;292;false;true;true;4,66;0;4,64
1271;1,69;0,04;292;false;true;true;4,66;0;4,64
1272;1,69;0,04;292;false;true;true;4,66;0;4,64
1273;1,7;0,04;292;false;true;true;4,66;0;4,64
1274;1,7;0,04;292;false;true;true;4,66;0;4,64
1275;1,7;0,04;292;false;true;true;4,66;0;4,64
1276;1,7;0,03;292;false;true;true;4,66;0;4,64
1277;1,7;0,03;292;false;true;true;4,66;0;4,64
1278;1,7;0,03;292;false;true;true;4,66;0;4,64
1279;1,7;0,03;292;false;true;true;4,66;0;4,64
1280;1,7;0,03;292;false;true;true;4,66;0;4,64
1281;1,7;0,03;292;false;true;true;4,66;0;4,64
1282;1,7;0,03;292;false;true;true;4,66;0;4,64
1283;1,71;0,03;292;false;true;true;4,66;0;4,64
1284;1,71;0,03;292;false;true;true;4,66;0;4,64
1285;1,71;0,03;292;false;true;true;4,66;0;4,64
1286;1,71;0,03;292;false;true;true;4,66;0;4,64
1287;1,71;0,03;292;false;true;true;4,67;0;4,64
1288;1,71;0,03;292;false;true;true;4,67;0;4,64
1289;1,71;0,03;292;false;true;true;4,66;0;4,64
1290;1,71;0,03;292;false;true;true;4,66;0;4,64
1291;1,71;0,03;292;false;true;true;4,66;0;4,64
1292;1,71;0,03;292;false;true;true;4,66;0;4,64
1293;1,72;0,03;292;false;true;true;4,66;0;4,64
1294;1,72;0,03;292;false;true;true;4,66;0;4,64
1295;1,72;0,03;292;false;true;true;4,66;0;4,64
1296;1,72;0,03;292;false;true;true;4,66;0;4,64
1297;1,72;0,03;292;false;true;true;4,66;0;4,64
1298;1,72;0,03;292;false;true;true;4,66;0;4,64
1299;1,72;0,03;292;false;true;true;4,66;0;4,65
1300;1,72;0,03;292;false;true;true;4,66;0;4,65
1301;1,72;0,03;292;false;true;true;4,66;0;4,65
1302;1,72;0,03;292;false;true;true;4,66;0;4,65
1303;1,73;0,03;292;false;true;true;4,67;0;4,65
1304;1,73;0,03;292;false;true;true;4,66;0;4,65
1305;1,73;0,02;292;false;true;true;4,66;0;4,65
1306;1,73;0,02;292;false;true;true;4,66;0;4,65
1307;1,73;0,02;292;false;true;true;4,66;0;4,65
1308;1,73;0,02;292;false;true;true;4,66;0;4,65
1309;1,73;0,02;292;false;true;true;4,66;0;4,65
1310;1,73;0,02;292;false;true;true;4,66;0;4,65
1311;1,73;0,02;292;false;true;true;4,66;0;4,65
1312;1,73;0,03;292;false;true;true;4,67;0;4,65
1313;1,74;0,03;292;false;true;true;4,67;0;4,65
1314;1,74;0,03;292;false;true;true;4,67;0;4,65
1315;1,74;0,03;292;false;true;true;4,67;0;4,65
1316;1,74;0,02;292;false;true;true;4,67;0;4,65
1317;1,74;0,03;292;false;true;true;4,67;0;4,65
1318;1,74;0,02;292;false;true;true;4,67;0;4,65
1319;1,74;0,02;292;false;true;true;4,67;0;4,65
1320;1,74;0,02;292;false;true;true;4,67;0;4,65
1321;1,74;0,02;292;false;true;true;4,66;0;4,65
1322;1,74;0,02;292;false;true;true;4,66;0;4,65
1323;1,75;0,02;292;false;true;true;4,67;0;4,65
1324;1,75;0,02;292;false;true;true;4,67;0;4,65
1325;1,75;0,02;292;false;true;true;4,67;0;4,65
1326;1,75;0,02;292;false;true;true;4,67;0;4,65
1327;1,75;0,02;292;false;true;true;4,67;0;4,65
1328;1,75;0,02;292;false;true;true;4,67;0;4,65
1329;1,75;0,02;292;false;true;true;4,67;0;4,65
1330;1,75;0,02;292;false;true;true;4,67;0;4,65
1331;1,75;0,02;292;false;true;true;4,67;0;4,65
1332;1,75;0,02;292;false;true;true;4,67;0;4,65
1333;1,75;0,02;292;false;true;true;4,67;0;4,65
1334;1,76;0,02;292;false;true;true;4,67;0;4,65
1335;1,76;0,02;292;false;true;true;4,67;0;4,65
1336;1,76;0,02;292;false;true;true;4,67;0;4,65
1337;1,76;0,02;292;false;true;true;4,67;0;4,65
1338;1,76;0,02;292;false;true;true;4,66;0;4,65
1339;1,76;0,02;292;false;true;true;4,67;0;4,65
1340;1,76;0,02;292;false;true;true;4,67;0;4,65
1341;1,76;0,02;292;false;true;true;4,67;0;4,65
1342;1,76;0,02;292;false;true;true;4,67;0;4,65
1343;1,76;0,02;292;false;true;true;4,67;0;4,65
1344;1,77;0,02;292;false;true;true;4,67;0;4,65
1345;1,77;0,02;292;false;true;true;4,67;0;4,65
1346;1,77;0,02;292;false;true;true;4,67;0;4,65
1347;1,77;0,02;292;false;true;true;4,67;0;4,65
1348;1,77;0,02;292;false;true;true;4,67;0;4,65
1349;1,77;0,02;292;false;true;true;4,67;0;4,65
1350;1,77;0,01;292;false;true;true;4,66;0;4,66
1351;1,77;0,01;292;false;true;true;4,66;0;4,66
1352;1,77;0,01;292;false;true;true;4,66;0;4,66
1353;1,77;0,01;292;false;true;true;4,66;0;4,66
1354;1,78;0,01;292;false;true;true;4,66;0;4,66
1355;1,78;0,01;292;false;true;true;4,66;0;4,66
1356;1,78;0,01;292;false;true;true;4,66;0;4,66
1357;1,78;0,01;292;false;true;true;4,66;0;4,66
1358;1,78;0,01;292;false;true;true;4,66;0;4,66
1359;1,78;0,02;292;false;true;true;4,67;0;4,66
1360;1,78;0,02;292;false;true;true;4,67;0;4,66
1361;1,78;0,01;292;false;true;true;4,67;0;4,66
1362;1,78;0,01;292;false;true;true;4,67;0;4,66
1363;1,78;0,01;292;false;true;true;4,66;0;4,66
1364;1,79;0,01;292;false;true;true;4,66;0;4,66
1365;1,79;0,01;292;false;true;true;4,66;0;4,66
1366;1,79;0,01;292;false;true;true;4,66;0;4,66
1367;1,79;0,01;292;false;true;true;4,66;0;4,66
1368;1,79;0,01;292;false;true;true;4,67;0;4,66
1369;1,79;0,01;292;false;true;true;4,66;0;4,66
1370;1,79;0,01;292;false;true;true;4,66;0;4,66
1371;1,79;0,01;292;false;true;true;4,66;0;4,66
1372;1,79;0,01;292;false;true;true;4,66;0;4,66
1373;1,79;0,01;292;false;true;true;4,66;0;4,66
1374;1,8;0,01;292;false;true;true;4,66;0;4,66
1375;1,8;0,01;292;false;true;true;4,67;0;4,66
1376;1,8;0,01;292;false;true;true;4,66;0;4,66
1377;1,8;0,01;292;false;true;true;4,66;0;4,66
1378;1,8;0,01;292;false;true;true;4,66;0;4,66
1379;1,8;0,01;292;false;true;true;4,67;0;4,66
1380;1,8;0,01;292;false;true;true;4,67;0;4,66
1381;1,8;0,01;292;false;true;true;4,67;0;4,66
1382;1,8;0,01;292;false;true;true;4,67;0;4,66
1383;1,8;0,01;292;false;true;true;4,67;0;4,66
1384;1,81;0,01;292;false;true;true;4,67;0;4,66
1385;1,81;0,01;292;false;true;true;4,67;0;4,66
1386;1,81;0,01;292;false;true;true;4,67;0;4,66
1387;1,81;0,01;292;false;true;true;4,66;0;4,66
1388;1,81;0,01;292;false;true;true;4,67;0;4,66
1389;1,81;0,01;292;false;true;true;4,67;0;4,66
1390;1,81;0,01;292;false;true;true;4,66;0;4,66
1391;1,81;0,01;292;false;true;true;4,67;0;4,66
1392;1,81;0,01;292;false;true;true;4,67;0;4,66
1393;1,82;0,01;292;false;true;true;4,66;0;4,66
1394;1,82;0,01;292;false;true;true;4,66;0;4,66
1395;1,82;0,01;292;false;true;true;4,67;0;4,66
1396;1,82;0,01;292;false;true;true;4,66;0;4,66
1397;1,82;0;292;false;true;true;4,66;0;4,66
1398;1,82;0,01;292;false;true;true;4,66;0;4,66
1399;1,82;0,01;292;false;true;true;4,67;0;4,66
1400;1,82;0,01;292;false;true;true;4,66;0;4,66
1401;1,82;0,01;292;false;true;true;4,66;0;4,66
1402;1,82;0,01;292;false;true;true;4,67;0;4,66
1403;1,83;0,01;292;false;true;true;4,66;0;4,66
1404;1,83;0,01;292;false;true;true;4,67;0;4,66
1405;1,83;0,01;292;false;true;true;4,66;0;4,66
1406;1,83;0,01;292;false;true;true;4,66;0;4,66
1407;1,83;0,01;292;false;true;true;4,66;0;4,66
1408;1,83;0,01;292;false;true;true;4,66;0;4,66
1409;1,83;0,01;292;false;true;true;4,67;0;4,66
1410;1,83;0,01;292;false;true;true;4,67;0;4,66
1411;1,83;0;292;false;true;true;4,66;0;4,66
1412;1,83;0,01;292;false;true;true;4,67;0;4,66
1413;1,84;0,01;292;false;true;true;4,67;0;4,66
1414;1,84;0,01;292;false;true;true;4,67;0;4,66
1415;1,84;0,01;292;false;true;true;4,67;0;4,66
1416;1,84;0,01;292;false;true;true;4,67;0;4,66
1417;1,84;0;292;false;true;true;4,66;0;4,66
1418;1,84;0;292;false;true;true;4,66;0;4,66
1419;1,84;0;292;false;true;true;4,66;0;4,66
1420;1,84;0;292;false;true;true;4,66;0;4,66
1421;1,84;0;292;false;true;true;4,66;0;4,66
1422;1,84;0;292;false;true;true;4,66;0;4,66
1423;1,85;0;292;false;true;true;4,66;0;4,66
1424;1,85;0;292;false;true;true;4,66;0;4,66
1425;1,85;0,01;292;false;true;true;4,66;0;4,66
1426;1,85;0,01;292;false;true;true;4,66;0;4,66
1427;1,85;0,01;292;false;true;true;4,67;0;4,66
1428;1,85;0;292;false;true;true;4,66;0;4,66
1429;1,85;0;292;false;true;true;4,66;0;4,66
1430;1,85;0;292;false;true;true;4,66;0;4,66
1431;1,85;0,01;292;false;true;true;4,67;0;4,66
1432;1,85;0,01;292;false;true;true;4,66;0;4,66
1433;1,86;0;292;false;true;true;4,66;0;4,66
1434;1,86;0;292;false;true;true;4,66;0;4,66
1435;1,86;0;292;false;true;true;4,66;0;4,66
1436;1,86;0;292;false;true;true;4,66;0;4,66
1437;1,86;0;292;false;true;true;4,66;0;4,66
1438;1,86;0;292;false;true;true;4,66;0;4,66
1439;1,86;0;292;false;true;true;4,66;0;4,66
1440;1,86;0;292;false;true;true;4,66;0;4,66
1441;1,86;0;292;false;true;true;4,66;0;4,66
1442;1,86;0;292;false;true;true;4,66;0;4,66
1443;1,87;0;292;false;true;true;4,66;0;4,66
1444;1,87;0;292;false;true;true;4,66;0;4,66
1445;1,87;0;292;false;true;true;4,66;0;4,66
1446;1,87;0;292;false;true;true;4,66;0;4,66
1447;1,87;0;292;false;true;true;4,66;0;4,66
1448;1,87;0;292;false;true;true;4,66;0;4,66
1449;1,87;0;292;false;true;true;4,66;0;4,66
1450;1,87;0;292;false;true;true;4,66;0;4,66
1451;1,87;0;292;false;true;true;4,66;0;4,66
1452;1,87;0;292;false;true;true;4,66;0;4,66
1453;1,88;0;292;false;true;true;4,66;0;4,66
1454;1,88;0;292;false;true;true;4,66;0;4,66
1455;1,88;0;292;false;true;true;4,66;0;4,66
1456;1,88;0;292;false;true;true;4,66;0;4,66
1457;1,88;0;292;false;true;true;4,66;0;4,66
1458;1,88;0;292;false;true;true;4,66;0;4,66
1459;1,88;0;292;false;true;true;4,66;0;4,66
1460;1,88;0;292;false;true;true;4,66;0;4,66
1461;1,88;0;292;false;true;true;4,66;0;4,66
1462;1,88;0;292;false;true;true;4,66;0;4,66
1463;1,88;0;292;false;true;true;4,66;0;4,66
1464;1,89;0;292;false;true;true;4,66;0;4,66
1465;1,89;0;292;false;true;true;4,66;0;4,66
1466;1,89;0;292;false;true;true;4,66;0;4,66
1467;1,89;0;292;false;true;true;4,66;0;4,66
1468;1,89;0;292;false;true;true;4,66;0;4,66
1469;1,89;0;292;false;true;true;4,66;0;4,66
1470;1,89;0;292;false;true;true;4,66;0;4,66
1471;1,89;0;292;false;true;true;4,66;0;4,66
1472;1,89;0;292;false;true;true;4,66;0;4,66
1473;1,89;0;292;false;true;true;4,66;0;4,66
1474;1,9;0;292;false;true;true;4,66;0;4,66
1475;1,9;0;292;false;true;true;4,66;0;4,66
1476;1,9;0;292;false;true;true;4,66;0;4,66
1477;1,9;0;292;false;true;true;4,66;0;4,66
1478;1,9;0;292;false;true;true;4,66;0;4,66
1479;1,9;0;292;false;true;true;4,66;0;4,66
1480;1,9;0;292;false;true;true;4,66;0;4,66
1481;1,9;0;292;false;true;true;4,66;0;4,66
1482;1,9;0;292;false;true;true;4,66;0;4,66
1483;1,9;0;292;false;true;true;4,66;0;4,66
1484;1,91;0;292;false;true;true;4,66;0;4,66
1485;1,91;0;292;false;true;true;4,66;0;4,66
1486;1,91;0;292;false;true;true;4,66;0;4,66
1487;1,91;0;292;false;true;true;4,66;0;4,66
1488;1,91;0;292;false;true;true;4,66;0;4,66
1489;1,91;0;292;false;true;true;4,66;0;4,66
1490;1,91;0;292;false;true;true;4,66;0;4,66
1491;1,91;0;292;false;true;true;4,66;0;4,66
1492;1,91;0;292;false;true;true;4,66;0;4,66
1493;1,91;0;292;false;true;true;4,66;0;4,66
1494;1,92;0;292;false;true;true;4,66;0;4,66
1495;1,92;0;292;false;true;true;4,66;0;4,66
1496;1,92;0;292;false;true;true;4,66;0;4,66
1497;1,92;0;292;false;true;true;4,66;0;4,66
1498;1,92;0;292;false;true;true;4,66;0;4,66
1499;1,92;0;292;false;true;true;4,66;0;4,66
1500;1,92;0;292;false;true;true;4,66;0;4,66
1501;1,92;0;292;false;true;true;4,66;0;4,66
1502;1,92;0;292;false;true;true;4,66;0;4,66
1503;1,92;0;292;false;true;true;4,66;0;4,66
1504;1,93;0;292;false;true;true;4,66;0;4,66
1505;1,93;0;292;false;true;true;4,66;0;4,66
1506;1,93;0;292;false;true;true;4,66;0;4,66
1507;1,93;0;292;false;true;true;4,66;0;4,66
1508;1,93;0;292;false;true;true;4,66;0;4,66
1509;1,93;0;292;false;true;true;4,66;0;4,66
1510;1,93;0;292;false;true;true;4,66;0;4,66
1511;1,93;0;292;false;true;true;4,66;0;4,66
1512;1,93;0;292;false;true;true;4,66;0;4,66
1513;1,93;0;292;false;true;true;4,66;0;4,66
1514;1,94;0;292;false;true;true;4,66;0;4,66
1515;1,94;0;292;false;true;true;4,66;0;4,66
1516;1,94;0;292;false;true;true;4,66;0;4,66
1517;1,94;0;292;false;true;true;4,66;0;4,66
1518;1,94;0;292;false;true;true;4,66;0;4,66
1519;1,94;0;292;false;true;true;4,66;0;4,66
1520;1,94;0;292;false;true;true;4,66;0;4,66
1521;1,94;0;292;false;true;true;4,66;0;4,66
1522;1,94;0;292;false;true;true;4,66;0;4,66
1523;1,95;0;292;false;true;true;4,66;0;4,66
1524;1,95;0;292;false;true;true;4,66;0;4,66
1525;1,95;0;292;false;true;true;4,66;0;4,66
1526;1,95;0;292;false;true;true;4,66;0;4,66
1527;1,95;0;292;false;true;true;4,66;0;4,66
1528;1,95;0;292;false;true;true;4,66;0;4,66
1529;1,95;0;292;false;true;true;4,66;0;4,66
1530;1,95;0;292;false;true;true;4,66;0;4,66
1531;1,95;0;292;false;true;true;4,66;0;4,66
1532;1,95;0;292;false;true;true;4,66;0;4,66
1533;1,96;0;292;false;true;true;4,66;0;4,66
1534;1,96;0;292;false;true;true;4,66;0;4,66
1535;1,96;0;292;false;true;true;4,66;0;4,66
1536;1,96;0;292;false;true;true;4,66;0;4,66
1537;1,96;0;292;false;true;true;4,66;0;4,66
1538;1,96;0;292;false;true;true;4,66;0;4,66
1539;1,96;0;292;false;true;true;4,66;0;4,66
1540;1,96;0;292;false;true;true;4,66;0;4,66
1541;1,96;0;292;false;true;true;4,66;0;4,66
1542;1,96;0;292;false;true;true;4,66;0;4,66
1543;1,97;0;292;false;true;true;4,66;0;4,66
1544;1,97;0;292;false;true;true;4,66;0;4,66
1545;1,97;0;292;false;true;true;4,66;0;4,66
1546;1,97;0;292;false;true;true;4,66;0;4,66
1547;1,97;0;292;false;true;true;4,66;0;4,66
1548;1,97;0;292;false;true;true;4,66;0;4,66
1549;1,97;0;292;false;true;true;4,66;0;4,66
1550;1,97;0;292;false;true;true;4,66;0;4,66
1551;1,97;0;292;false;true;true;4,66;0;4,66
1552;1,98;0;292;false;true;true;4,66;0;4,66
1553;1,98;0;292;false;true;true;4,66;0;4,66
1554;1,98;0;292;false;true;true;4,66;0;4,66
1555;1,98;0;292;false;true;true;4,66;0;4,66
1556;1,98;0;292;false;true;true;4,66;0;4,66
1557;1,98;0;292;false;true;true;4,66;0;4,66
1558;1,98;0;292;false;true;true;4,66;0;4,66
1559;1,98;0;292;false;true;true;4,66;0;4,66
1560;1,98;0;292;false;true;true;4,66;0;4,66
1561;1,98;0;292;false;true;true;4,66;0;4,66
1562;1,99;0;292;false;true;true;4,66;0;4,66
1563;1,99;0;292;false;true;true;4,66;0;4,66
1564;1,99;0;292;false;true;true;4,66;0;4,66
1565;1,99;0;292;false;true;true;4,66;0;4,66
1566;1,99;0;292;false;true;true;4,66;0;4,66
1567;1,99;0;292;false;true;true;4,66;0;4,66
1568;1,99;0;292;false;true;true;4,66;0;4,66
1569;1,99;0;292;false;true;true;4,66;0;4,66
1570;1,99;0;292;false;true;true;4,66;0;4,66
1571;1,99;0;292;false;true;true;4,66;0;4,66
1572;2;0;292;false;true;true;4,66;0;4,66
1573;2;0;292;false;true;true;4,66;0;4,66
1574;2;0;292;false;true;true;4,66;0;4,66
1575;2;0;292;false;true;true;4,66;0;4,66
1576;2;0;292;false;true;true;4,66;0;4,66
1577;2;0;292;false;true;true;4,66;0;4,66
1578;2;0;292;false;true;true;4,66;0;4,66
1579;2;0;292;false;true;true;4,66;0;4,66
1580;2;0;292;false;true;true;4,66;0;4,66
1581;2;0;292;false;true;true;4,66;0;4,66
1582;2,01;0;292;false;true;true;4,66;0;4,66
1583;2,01;0;292;false;true;true;4,66;0;4,66
1584;2,01;0;292;false;true;true;4,66;0;4,66
1585;2,01;0;292;false;true;true;4,66;0;4,66
1586;2,01;0;292;false;true;true;4,66;0;4,66
1587;2,01;0;292;false;true;true;4,66;0;4,66
1588;2,01;0;292;false;true;true;4,66;0;4,66
1589;2,01;0;292;false;true;true;4,66;0;4,66
1590;2,01;0;292;false;true;true;4,66;0;4,66
1591;2,01;0;292;false;true;true;4,66;0;4,66
1592;2,02;0;292;false;true;true;4,66;0;4,66
1593;2,02;0;292;false;true;true;4,66;0;4,66
1594;2,02;0;292;false;true;true;4,66;0;4,66
1595;2,02;0;292;false;true;true;4,66;0;4,66
1596;2,02;0;292;false;true;true;4,66;0;4,66
1597;2,02;0;292;false;true;true;4,66;0;4,66
1598;2,02;0;292;false;true;true;4,66;0;4,66
1599;2,02;0;292;false;true;true;4,66;0;4,66
1600;2,02;0;292;false;true;true;4,66;0;4,66
1601;2,02;0;292;false;true;true;4,66;0;4,66
1602;2,03;0;292;false;true;true;4,66;0;4,66
1603;2,03;0;292;false;true;true;4,66;0;4,66
1604;2,03;0;292;false;true;true;4,66;0;4,66
1605;2,03;0;292;false;true;true;4,66;0;4,66
1606;2,03;0;292;false;true;true;4,66;0;4,66
1607;2,03;0;292;false;true;true;4,66;0;4,66
1608;2,03;0;292;false;true;true;4,66;0;4,66
1609;2,03;0;292;false;true;true;4,66;0;4,66
1610;2,03;0;292;false;true;true;4,66;0;4,66
1611;2,03;0;292;false;true;true;4,66;0;4,66
1612;2,04;0;292;false;true;true;4,66;0;4,66
1613;2,04;0;292;false;true;true;4,66;0;4,66
1614;2,04;0;292;false;true;true;4,66;0;4,66
1615;2,04;0;292;false;true;true;4,66;0;4,66
1616;2,04;0;292;false;true;true;4,66;0;4,66
1617;2,04;0;292;false;true;true;4,66;0;4,66
1618;2,04;0;292;false;true;true;4,66;0;4,66
1619;2,04;0;292;false;true;true;4,66;0;4,66
1620;2,04;0;292;false;true;true;4,66;0;4,66
1621;2,04;0;292;false;true;true;4,66;0;4,66
1622;2,05;0;292;false;true;true;4,66;0;4,66
1623;2,05;0;292;false;true;true;4,66;0;4,66
1624;2,05;0;292;false;true;true;4,66;0;4,66
1625;2,05;0;292;false;true;true;4,66;0;4,66
1626;2,05;0;292;false;true;true;4,66;0;4,66
1627;2,05;0;292;false;true;true;4,66;0;4,66
1628;2,05;0;292;false;true;true;4,66;0;4,66
1629;2,05;0;292;false;true;true;4,66;0;4,66
1630;2,05;0;292;false;true;true;4,66;0;4,66
1631;2,05;0;292;false;true;true;4,66;0;4,66
1632;2,06;0;292;false;true;true;4,66;0;4,66
1633;2,06;0;292;false;true;true;4,66;0;4,66
1634;2,06;0;292;false;true;true;4,66;0;4,66
1635;2,06;0;292;false;true;true;4,66;0;4,66
1636;2,06;0;292;false;true;true;4,66;0;4,66
1637;2,06;0;292;false;true;true;4,66;0;4,66
1638;2,06;0;292;false;true;true;4,66;0;4,66
1639;2,06;0;292;false;true;true;4,66;0;4,66
1640;2,06;0;292;false;true;true;4,66;0;4,66
1641;2,06;0;292;false;true;true;4,66;0;4,66
1642;2,07;0;292;false;true;true;4,66;0;4,66
1643;2,07;0;292;false;true;true;4,66;0;4,66
1644;2,07;0;292;false;true;true;4,66;0;4,66
1645;2,07;0;292;false;true;true;4,66;0;4,66
1646;2,07;0;292;false;true;true;4,66;0;4,66
1647;2,07;0;292;false;true;true;4,66;0;4,66
1648;2,07;0;292;false;true;true;4,66;0;4,66
1649;2,07;0;292;false;true;true;4,66;0;4,66
1650;2,07;0;292;false;true;true;4,66;0;4,66
1651;2,07;0;292;false;true;true;4,66;0;4,66
1652;2,08;0;292;false;true;true;4,66;0;4,66
1653;2,08;0;292;false;true;true;4,66;0;4,66
1654;2,08;0;292;false;true;true;4,66;0;4,66
1655;2,08;0;292;false;true;true;4,66;0;4,66
1656;2,08;0;292;false;true;true;4,66;0;4,66
1657;2,08;0;292;false;true;true;4,66;0;4,66
1658;2,08;0;292;false;true;true;4,66;0;4,66
1659;2,08;0;292;false;true;true;4,66;0;4,66
1660;2,08;0;292;false;true;true;4,66;0;4,66
1661;2,08;0;292;false;true;true;4,66;0;4,66
1662;2,09;0;292;false;true;true;4,66;0;4,66
1663;2,09;0;292;false;true;true;4,66;0;4,66
1664;2,09;0;292;false;true;true;4,66;0;4,66
1665;2,09;0;292;false;true;true;4,66;0;4,66
1666;2,09;0;292;false;true;true;4,66;0;4,66
1667;2,09;0;292;false;true;true;4,66;0;4,66
1668;2,09;0;292;false;true;true;4,66;0;4,66
1669;2,09;0;292;false;true;true;4,66;0;4,66
1670;2,09;0;292;false;true;true;4,66;0;4,66
1671;2,09;0;292;false;true;true;4,66;0;4,66
1672;2,1;0;292;false;true;true;4,66;0;4,66
1673;2,1;0;292;false;true;true;4,66;0;4,66
1674;2,1;0;292;false;true;true;4,66;0;4,66
1675;2,1;0;292;false;true;true;4,66;0;4,66
1676;2,1;0;292;false;true;true;4,66;0;4,66
1677;2,1;0;292;false;true;true;4,66;0;4,66
1678;2,1;0;292;false;true;true;4,66;0;4,66
1679;2,1;0;292;false;true;true;4,66;0;4,66
1680;2,1;0;292;false;true;true;4,66;0;4,66
1681;2,1;0;292;false;true;true;4,66;0;4,66
1682;2,11;0;292;false;true;true;4,66;0;4,66
1683;2,11;0;292;false;true;true;4,66;0;4,66
1684;2,11;0;292;false;true;true;4,66;0;4,66
1685;2,11;0;292;false;true;true;4,66;0;4,66
1686;2,11;0;292;false;true;true;4,66;0;4,66
1687;2,11;0;292;false;true;true;4,66;0;4,66
1688;2,11;0;292;false;true;true;4,66;0;4,66
1689;2,11;0;292;false;true;true;4,66;0;4,66
1690;2,11;0;292;false;true;true;4,66;0;4,66
1691;2,11;0;292;false;true;true;4,66;0;4,66
1692;2,12;0;292;false;true;true;4,66;0;4,66
1693;2,12;0;292;false;true;true;4,66;0;4,66
1694;2,12;0;292;false;true;true;4,66;0;4,66
1695;2,12;0;292;false;true;true;4,66;0;4,66
1696;2,12;0;292;false;true;true;4,66;0;4,66
1697;2,12;0;292;false;true;true;4,66;0;4,66
1698;2,12;0;292;false;true;true;4,66;0;4,66
1699;2,12;0;292;false;true;true;4,66;0;4,66
1700;2,12;0;292;false;true;true;4,66;0;4,66
1701;2,12;0;292;false;true;true;4,66;0;4,66
1702;2,12;0;292;false;true;true;4,66;0;4,66
1703;2,13;0;292;false;true;true;4,66;0;4,66
1704;2,13;0;292;false;true;true;4,66;0;4,66
1705;2,13;0;292;false;true;true;4,66;0;4,66
1706;2,13;0;292;false;true;true;4,66;0;4,66
1707;2,13;0;292;false;true;true;4,66;0;4,66
1708;2,13;0;292;false;true;true;4,66;0;4,66
1709;2,13;0;292;false;true;true;4,66;0;4,66
1710;2,13;0;292;false;true;true;4,66;0;4,66
1711;2,13;0;292;false;true;true;4,66;0;4,66
1712;2,13;0;292;false;true;true;4,66;0;4,66
1713;2,14;0;292;false;true;true;4,66;0;4,66
1714;2,14;0;292;false;true;true;4,66;0;4,66
1715;2,14;0;292;false;true;true;4,66;0;4,66
1716;2,14;0;292;false;true;true;4,66;0;4,66
1717;2,14;0;292;false;true;true;4,66;0;4,66
1718;2,14;0;292;false;true;true;4,66;0;4,66
1719;2,14;0;292;false;true;true;4,66;0;4,66
1720;2,14;0;292;false;true;true;4,66;0;4,66
1721;2,14;0;292;false;true;true;4,66;0;4,66
1722;2,14;0;292;false;true;true;4,66;0;4,66
1723;2,15;0;292;false;true;true;4,66;0;4,66
1724;2,15;59,54;292;true;true;true;0;56,81;0
1725;2,16;19,2;292;true;true;true;0;19,2;0
1726;2,16;17,52;292;true;true;true;0;17,52;0
1727;2,17;15,89;292;true;true;true;0;15,89;0
1728;2,17;14,74;292;true;true;true;0;14,74;0
1729;2,18;13,9;292;true;true;true;0;13,32;0
1730;2,18;13,28;292;true;true;true;0;12,76;0
1731;2,19;12,8;292;true;true;true;0;12,31;0
1732;2,19;12,41;292;true;true;true;0;11,94;0
1733;2,2;12,08;292;true;true;true;0;11,64;0
1734;2,2;11,81;292;true;true;true;0;11,38;0
1735;2,21;11,56;292;true;true;true;0;11,15;0
1736;2,21;11,35;292;true;true;true;0;10,95;0
1737;2,22;11,16;292;true;true;true;0;10,77;0
1738;2,22;10,99;292;true;true;true;0;10,61;0
1739;2,23;10,84;292;true;true;true;0;10,47;0
1740;2,23;10,69;292;true;true;true;0;10,33;0
1741;2,24;10,55;292;true;true;true;0;10,2;0
1742;2,24;10,42;292;true;true;true;0;10,08;0
1743;2,25;10,3;292;true;true;true;0;9,96;0
1744;2,25;10,17;292;true;true;true;0;9,84;0
1745;2,26;10,04;292;true;true;true;0;9,71;0
1746;2,26;9,9;292;true;true;true;0;9,58;0
1747;2,27;9,76;292;true;true;true;0;9,44;0
1748;2,27;9,61;292;true;true;true;0;9,29;0
1749;2,28;9,44;292;true;true;true;0;9,14;0
1750;2,28;9,27;292;true;true;true;0;8,97;0
1751;2,29;9,1;292;true;true;true;0;8,79;0
1752;2,29;8,92;292;true;true;true;0;8,62;0
1753;2,3;8,75;292;true;true;true;0;8,45;0
1754;2,3;8,59;292;true;true;true;0;8,29;0
1755;2,31;8,44;292;true;true;true;0;8,15;0
1756;2,31;8,31;292;true;true;true;0;8,02;0
1757;2,31;8,19;292;true;true;true;0;7,9;0
1758;2,32;8,08;292;true;true;true;0;7,8;0
1759;2,32;7,99;292;true;true;true;0;7,71;0
1760;2,33;7,92;292;true;true;true;0;7,63;0
1761;2,33;7,85;292;true;true;true;0;7,57;0
1762;2,34;7,79;292;true;true;true;0;7,51;0
1763;2,34;7,73;292;true;true;true;0;7,46;0
1764;2,35;7,69;292;true;true;true;0;7,41;0
1765;2,35;7,65;292;true;true;true;0;7,37;0
1766;2,36;7,61;292;true;true;true;0;7,33;0
1767;2,36;7,58;292;true;true;true;0;7,3;0
1768;2,37;7,55;292;true;true;true;0;7,27;0
1769;2,37;7,53;292;true;true;true;0;7,25;0
1770;2,37;7,51;292;true;true;true;0;7,24;0
1771;2,38;7,49;292;true;true;true;0;7,22;0
1772;2,38;7,47;292;true;true;true;0;7,2;0
1773;2,39;7,45;292;true;true;true;0;7,18;0
1774;2,39;7,43;292;true;true;true;0;7,17;0
1775;2,4;7,42;292;true;true;true;0;7,15;0
1776;2,4;7,4;292;true;true;true;0;7,14;0
1777;2,4;7,39;292;true;true;true;0;7,13;0
1778;2,41;7,38;292;true;true;true;0;7,12;0
1779;2,41;7,37;292;true;true;true;0;7,11;0
1780;2,42;7,36;292;true;true;true;0;7,1;0
1781;2,42;7,34;292;true;true;true;0;7,09;0
1782;2,42;7,33;292;true;true;true;0;7,08;0
1783;2,43;7,32;292;true;true;true;0;7,07;0
1784;2,43;7,31;292;true;true;true;0;7,06;0
1785;2,44;7,31;292;true;true;true;0;7,05;0
1786;2,44;7,3;292;true;true;true;0;7,04;0
1787;2,44;7,29;292;true;true;true;0;7,04;0
1788;2,45;7,28;292;true;true;true;0;7,03;0
1789;2,45;7,27;292;true;true;true;0;7,02;0
1790;2,46;7,26;292;true;true;true;0;7,02;0
1791;2,46;7,26;292;true;true;true;0;7,01;0
1792;2,46;7,25;292;true;true;true;0;7;0
1793;2,47;7,24;292;true;true;true;0;7;0
1794;2,47;7,24;292;true;true;true;0;6,99;0
1795;2,48;7,23;292;true;true;true;0;6,99;0
1796;2,48;7,23;292;true;true;true;0;6,99;0
1797;2,48;7,22;292;true;true;true;0;6,98;0
1798;2,49;7,22;292;true;true;true;0;6,98;0
1799;2,49;7,21;292;true;true;true;0;6,98;0
1800;2,5;7,21;292;true;true;true;0;6,97;0
1801;2,5;7,21;292;true;true;true;0;6,97;0
1802;2,5;7,2;292;true;true;true;0;6,97;0
1803;2,51;7,2;292;true;true;true;0;6,96;0
1804;2,51;7,2;292;true;true;true;0;6,96;0
1805;2,52;7,19;292;true;true;true;0;6,96;0
1806;2,52;7,19;292;true;true;true;0;6,96;0
1807;2,52;7,19;292;true;true;true;0;6,95;0
1808;2,53;7,18;292;true;true;true;0;6,95;0
1809;2,53;7,18;292;true;true;true;0;6,95;0
1810;2,54;7,18;292;true;true;true;0;6,95;0
1811;2,54;7,17;292;true;true;true;0;6,94;0
1812;2,55;7,17;292;true;true;true;0;6,94;0
1813;2,55;7,17;292;true;true;true;0;6,94;0
1814;2,55;7,17;292;true;true;true;0;6,94;0
1815;2,56;7,16;292;true;true;true;0;6,93;0
1816;2,56;7,16;292;true;true;true;0;6,93;0
1817;2,57;7,16;292;true;true;true;0;6,93;0
1818;2,57;7,15;292;true;true;true;0;6,93;0
1819;2,58;7,15;292;true;true;true;0;6,92;0
1820;2,58;7,15;292;true;true;true;0;6,92;0
1821;2,58;7,15;292;true;true;true;0;6,92;0
1822;2,59;7,14;292;true;true;true;0;6,92;0
1823;2,59;7,14;292;true;true;true;0;6,91;0
1824;2,6;7,14;292;true;true;true;0;6,91;0
1825;2,6;7,14;292;true;true;true;0;6,91;0
1826;2,61;7,13;292;true;true;true;0;6,91;0
1827;2,61;7,13;292;true;true;true;0;6,91;0
1828;2,62;7,13;292;true;true;true;0;6,9;0
1829;2,62;7,13;292;true;true;true;0;6,9;0
1830;2,62;7,13;292;true;true;true;0;6,9;0
1831;2,63;7,12;292;true;true;true;0;6,9;0
1832;2,63;7,12;292;true;true;true;0;6,9;0
1833;2,64;7,12;292;true;true;true;0;6,89;0
1834;2,64;7,12;292;true;true;true;0;6,89;0
1835;2,64;7,12;292;true;true;true;0;6,89;0
1836;2,65;7,11;292;true;true;true;0;6,89;0
1837;2,65;7,11;292;true;true;true;0;6,89;0
1838;2,66;7,11;292;true;true;true;0;6,89;0
1839;2,66;7,11;292;true;true;true;0;6,88;0
1840;2,66;7,11;292;true;true;true;0;6,88;0
1841;2,67;7,11;292;true;true;true;0;6,88;0
1842;2,67;7,1;292;true;true;true;0;6,88;0
1843;2,68;7,1;292;true;true;true;0;6,88;0
1844;2,68;7,1;292;true;true;true;0;6,88;0
1845;2,68;7,1;292;true;true;true;0;6,87;0
1846;2,68;7,1;292;true;true;true;0;6,87;0
1847;2,69;7,1;292;true;true;true;0;6,87;0
1848;2,69;7,1;292;true;true;true;0;6,87;0
1849;2,7;7,09;292;true;true;true;0;6,87;0
1850;2,7;7,09;292;true;true;true;0;6,87;0
1851;2,7;7,09;292;true;true;true;0;6,87;0
1852;2,71;7,09;292;true;true;true;0;6,86;0
1853;2,71;7,09;292;true;true;true;0;6,86;0
1854;2,72;7,09;292;true;true;true;0;6,86;0
1855;2,72;7,09;292;true;true;true;0;6,86;0
1856;2,72;7,08;292;true;true;true;0;6,86;0
1857;2,73;7,08;292;true;true;true;0;6,86;0
1858;2,73;7,08;292;true;true;true;0;6,86;0
1859;2,73;7,08;292;true;true;true;0;6,85;0
1860;2,74;7,08;292;true;true;true;0;6,85;0
1861;2,74;7,08;292;true;true;true;0;6,85;0
1862;2,75;7,08;292;true;true;true;0;6,85;0
1863;2,75;7,08;292;true;true;true;0;6,85;0
1864;2,75;7,08;292;true;true;true;0;6,85;0
1865;2,76;7,07;292;true;true;true;0;6,85;0
1866;2,76;7,07;292;true;true;true;0;6,85;0
1867;2,76;7,07;292;true;true;true;0;6,85;0
1868;2,77;7,07;292;true;true;true;0;6,85;0
1869;2,77;7,07;292;true;true;true;0;6,85;0
1870;2,78;7,07;292;true;true;true;0;6,84;0
1871;2,78;7,07;292;true;true;true;0;6,84;0
1872;2,78;7,07;292;true;true;true;0;6,84;0
1873;2,79;7,07;292;true;true;true;0;6,84;0
1874;2,79;7,07;292;true;true;true;0;6,84;0
1875;2,8;7,07;292;true;true;true;0;6,84;0
1876;2,8;7,07;292;true;true;true;0;6,84;0
1877;2,8;7,06;292;true;true;true;0;6,84;0
1878;2,81;7,06;292;true;true;true;0;6,84;0
1879;2,81;7,06;292;true;true;true;0;6,84;0
1880;2,81;7,06;292;true;true;true;0;6,84;0
1881;2,82;7,06;292;true;true;true;0;6,83;0
1882;2,82;7,06;292;true;true;true;0;6,83;0
1883;2,83;7,06;292;true;true;true;0;6,83;0
1884;2,83;7,06;292;true;true;true;0;6,83;0
1885;2,83;7,06;292;true;true;true;0;6,83;0
1886;2,84;7,06;292;true;true;true;0;6,83;0
1887;2,84;7,06;292;true;true;true;0;6,83;0
1888;2,84;7,06;292;true;true;true;0;6,83;0
1889;2,85;7,06;292;true;true;true;0;6,83;0
1890;2,85;7,06;292;true;true;true;0;6,83;0
1891;2,86;7,05;292;true;true;true;0;6,83;0
1892;2,86;7,05;292;true;true;true;0;6,83;0
1893;2,86;7,05;292;true;true;true;0;6,83;0
1894;2,87;7,05;292;true;true;true;0;6,83;0
1895;2,87;7,05;292;true;true;true;0;6,83;0
1896;2,88;7,05;292;true;true;true;0;6,82;0
1897;2,88;7,05;292;true;true;true;0;6,82;0
1898;2,88;7,05;292;true;true;true;0;6,82;0
1899;2,89;7,05;292;true;true;true;0;6,82;0
1900;2,89;7,05;292;true;true;true;0;6,82;0
1901;2,89;7,05;292;true;true;true;0;6,82;0
1902;2,9;7,05;292;true;true;true;0;6,82;0
1903;2,9;7,05;292;true;true;true;0;6,82;0
1904;2,9;7,05;292;true;true;true;0;6,82;0
1905;2,91;7,05;292;true;true;true;0;6,82;0
1906;2,91;7,05;292;true;true;true;0;6,82;0
1907;2,91;7,05;292;true;true;true;0;6,82;0
1908;2,92;7,05;292;true;true;true;0;6,82;0
1909;2,92;7,05;292;true;true;true;0;6,82;0
1910;2,92;7,05;292;true;true;true;0;6,82;0
1911;2,93;7,05;292;true;true;true;0;6,82;0
1912;2,93;7,05;292;true;true;true;0;6,82;0
1913;2,93;7,05;292;true;true;true;0;6,82;0
1914;2,94;7,05;292;true;true;true;0;6,82;0
1915;2,94;7,05;292;true;true;true;0;6,82;0
1916;2,95;7,05;292;true;true;true;0;6,82;0
1917;2,95;7,05;292;true;true;true;0;6,82;0
1918;2,95;7,05;292;true;true;true;0;6,82;0
1919;2,96;7,05;292;true;true;true;0;6,82;0
1920;2,96;7,05;292;true;true;true;0;6,82;0
1921;2,97;7,05;292;true;true;true;0;6,82;0
1922;2,97;7,05;292;true;true;true;0;6,82;0
1923;2,98;7,05;292;true;true;true;0;6,82;0
1924;2,98;7,05;292;true;true;true;0;6,82;0
1925;2,99;7,04;292;true;true;true;0;6,81;0
1926;2,99;7,04;292;true;true;true;0;6,81;0
1927;2,99;7,04;292;true;true;true;0;6,81;0
1928;3;7,04;292;true;true;true;0;6,81;0
1929;3;7,04;292;true;true;true;0;6,81;0
1930;3,01;7,04;292;true;true;true;0;6,81;0
1931;3,01;7,04;292;true;true;true;0;6,81;0
1932;3,01;7,04;292;true;true;true;0;6,81;0
1933