lengthMiddleSegment: 85597.07
step_energy: 0.05
electrostatic_force_factor: 1.0
spring_force_factor: 0.1
reject_force_factor: 2.0
distanceRejectRadius: 21399.2675
distanceSamePosition: 21399.2675
Iteration;time;energy;num nodes;reject force is enabled;spring force is enabled;electrostatic force is enabled;str_force;rep_force;elec_force
1;0;50,26;1456;false;true;true;18,78;0;31,6
2;0,06;57,84;1401;false;true;true;21,25;0;37,57
3;0,78;58,61;1343;false;true;true;20,57;0;39,16
4;0,8;56,6;1292;false;true;true;20,29;0;37,59
5;0,82;51,91;1232;false;true;true;19,02;0;34,84
6;0,83;51,14;1182;false;true;true;18,9;0;34,44
7;0,85;49,61;1133;false;true;true;18,85;0;32,8
8;0,86;48,28;1094;false;true;true;18,08;0;32,42
9;0,88;46,43;1054;false;true;true;18,21;0;30,01
10;0,88;46,37;1016;false;true;true;18,19;0;30,49
11;0,9;45,86;977;false;true;true;18,02;0;30,03
12;0,91;46,35;939;false;true;true;18,05;0;30,05
13;0,92;43,85;905;false;true;true;17,59;0;28,19
14;0,93;43,95;869;false;true;true;17,32;0;28,97
15;0,94;43,32;837;false;true;true;17,84;0;28,2
16;0,94;40,78;805;false;true;true;17,71;0;25,34
17;0,95;39,97;786;false;true;true;16,48;0;26,77
18;0,96;37,24;764;false;true;true;16,48;0;25,02
19;0,97;36,09;746;false;true;true;16,53;0;24,26
20;0,98;31,97;721;false;true;true;16,36;0;17,48
21;0,98;32,3;712;false;true;true;14,62;0;20,27
22;0,99;31,96;698;false;true;true;15,12;0;19,97
23;1;31,48;685;false;true;true;15,47;0;20,21
24;1,01;30,01;672;false;true;true;15,59;0;19,06
25;1,02;29,72;660;false;true;true;15,5;0;18,8
26;1,02;28,58;646;false;true;true;14,54;0;16,88
27;1,03;27,36;636;false;true;true;14,1;0;16,69
28;1,04;27,02;624;false;true;true;14,29;0;16,26
29;1,04;24,79;613;false;true;true;13,88;0;14,62
30;1,05;24,2;605;false;true;true;13,87;0;14,55
31;1,05;23,94;599;false;true;true;13,29;0;14,81
32;1,06;25,53;593;false;true;true;14,54;0;17,13
33;1,07;23,36;581;false;true;true;14,2;0;12,86
34;1,08;23,38;577;false;true;true;13,46;0;14,53
35;1,08;24,05;572;false;true;true;13,44;0;15,83
36;1,09;23,18;563;false;true;true;13,95;0;14,08
37;1,09;21,92;555;false;true;true;13,38;0;12,06
38;1,1;21,35;550;false;true;true;12,4;0;12,03
39;1,1;20,83;544;false;true;true;12,21;0;11,5
40;1,11;20,46;540;false;true;true;12,37;0;11,98
41;1,11;20,8;535;false;true;true;12,83;0;12,56
42;1,12;19,77;528;false;true;true;12,64;0;10,81
43;1,12;20,08;525;false;true;true;12,31;0;11,95
44;1,13;19,75;519;false;true;true;12,4;0;11,36
45;1,13;19,79;515;false;true;true;12,15;0;11,78
46;1,14;20,1;511;false;true;true;12,27;0;12,16
47;1,15;19,12;505;false;true;true;12,27;0;10,86
48;1,15;19,25;503;false;true;true;11,87;0;12,34
49;1,16;18,6;497;false;true;true;12,06;0;11,16
50;1,16;18,26;493;false;true;true;12,18;0;11,35
51;1,17;16,22;488;false;true;true;11,25;0;9,1
52;1,17;16,54;487;false;true;true;10,96;0;10,23
53;1,18;17,36;485;false;true;true;11,81;0;11,53
54;1,18;16,31;479;false;true;true;12,41;0;9,66
55;1,19;16,41;477;false;true;true;12,08;0;10,42
56;1,19;16,84;475;false;true;true;11,94;0;11,41
57;1,2;16,8;471;false;true;true;12,29;0;11,17
58;1,2;15,44;466;false;true;true;11,54;0;8,97
59;1,21;15,92;466;false;true;true;11,42;0;10,98
60;1,21;15,8;462;false;true;true;11,87;0;10,46
61;1,22;15,5;458;false;true;true;11,84;0;9,64
62;1,22;15,53;456;false;true;true;11,86;0;10,3
63;1,23;15,5;451;false;true;true;11,01;0;8,5
64;1,23;15,5;450;false;true;true;11,18;0;9,56
65;1,24;15,95;447;false;true;true;11,73;0;10,03
66;1,24;15,05;442;false;true;true;11,32;0;8,3
67;1,25;15,28;441;false;true;true;11,07;0;9,27
68;1,25;15,07;438;false;true;true;10,95;0;8,84
69;1,25;15,52;436;false;true;true;11,42;0;9,69
70;1,26;15,08;431;false;true;true;11,58;0;8,28
71;1,26;15,61;431;false;true;true;11,54;0;10,26
72;1,27;15,3;425;false;true;true;10,52;0;7,4
73;1,27;15,26;424;false;true;true;10,42;0;8,59
74;1,28;14,5;421;false;true;true;10,3;0;7,71
75;1,28;14,31;419;false;true;true;10,3;0;7,85
76;1,28;14,01;417;false;true;true;10,51;0;7,95
77;1,29;14,47;416;false;true;true;10,7;0;9,08
78;1,29;13,71;411;false;true;true;10,43;0;6,95
79;1,3;13,74;411;false;true;true;10,38;0;8,38
80;1,3;13,44;409;false;true;true;10,33;0;8,38
81;1,31;13,05;406;false;true;true;10,2;0;7,59
82;1,31;12,63;403;false;true;true;10,2;0;6,91
83;1,32;12,65;402;false;true;true;9,87;0;7,35
84;1,32;12,55;401;false;true;true;9,91;0;7,87
85;1,32;12,59;399;false;true;true;10,12;0;7,94
86;1,33;12,37;397;false;true;true;10,15;0;7,7
87;1,33;12,28;395;false;true;true;10,04;0;7,55
88;1,34;12,25;393;false;true;true;10,06;0;7,46
89;1,34;12,52;392;false;true;true;9,84;0;8,03
90;1,35;12,25;389;false;true;true;9,75;0;7,18
91;1,35;12,31;387;false;true;true;9,65;0;7,11
92;1,36;11,97;385;false;true;true;9,58;0;6,94
93;1,37;11,5;383;false;true;true;8,99;0;6,23
94;1,37;11,44;382;false;true;true;8,88;0;6,51
95;1,38;10,9;380;false;true;true;8,88;0;5,95
96;1,38;11,02;380;false;true;true;9,17;0;6,89
97;1,38;10,86;378;false;true;true;9,37;0;6,53
98;1,39;10,92;377;false;true;true;9,62;0;6,88
99;1,39;10,76;375;false;true;true;9,52;0;6,39
100;1,39;10,96;374;false;true;true;9,63;0;6,79
101;1,4;11,13;373;false;true;true;9,77;0;7,26
102;1,4;10,83;370;false;true;true;9,63;0;6,29
103;1,41;11,17;369;false;true;true;9,49;0;6,81
104;1,41;10,77;367;false;true;true;9,09;0;6,24
105;1,41;10,04;365;false;true;true;8,59;0;5,26
106;1,42;9,85;365;false;true;true;8,53;0;5,85
107;1,42;10;365;false;true;true;8,78;0;6,7
108;1,43;9,62;364;false;true;true;9,03;0;6,49
109;1,43;10,04;363;false;true;true;9,64;0;6,91
110;1,44;9,89;361;false;true;true;9,67;0;6,27
111;1,44;9,59;360;false;true;true;9,55;0;6,2
112;1,44;9,59;358;false;true;true;9,48;0;5,68
113;1,45;9,3;357;false;true;true;9,04;0;5,53
114;1,45;9,17;357;false;true;true;9,04;0;6,08
115;1,46;9,28;356;false;true;true;8,94;0;5,98
116;1,46;9,35;356;false;true;true;9,28;0;6,7
117;1,47;9,91;356;false;true;true;9,88;0;7,83
118;1,47;9,85;353;false;true;true;9,98;0;6,74
119;1,47;10,15;352;false;true;true;9,87;0;7,03
120;1,48;9,64;349;false;true;true;9,35;0;5,51
121;1,49;9,49;348;false;true;true;8,75;0;5,39
122;1,49;9,35;348;false;true;true;8,64;0;5,99
123;1,5;9,26;347;false;true;true;8,33;0;5,71
124;1,5;9,31;347;false;true;true;8,76;0;6,42
125;1,51;9,48;346;false;true;true;9,09;0;6,57
126;1,51;9,57;345;false;true;true;9,33;0;6,75
127;1,52;9,58;343;false;true;true;9,21;0;6,27
128;1,52;9,5;341;false;true;true;9,02;0;5,64
129;1,52;9,39;340;false;true;true;8,88;0;5,64
130;1,53;8,98;339;false;true;true;8,76;0;5,7
131;1,53;8,81;339;false;true;true;8,69;0;6,26
132;1,53;8,91;339;false;true;true;8,99;0;6,99
133;1,54;9,64;338;false;true;true;9,35;0;7,23
134;1,54;9,8;335;false;true;true;8,94;0;6,07
135;1,55;9,42;334;false;true;true;8,86;0;6,16
136;1,55;9,22;332;false;true;true;8,47;0;5,34
137;1,55;9,2;331;false;true;true;8,31;0;5,43
138;1,56;9,08;330;false;true;true;8,06;0;5,37
139;1,56;8,47;328;false;true;true;7,61;0;4,18
140;1,57;8,16;328;false;true;true;7,49;0;4,51
141;1,57;8,01;328;false;true;true;7,61;0;4,9
142;1,57;8,05;328;false;true;true;7,89;0;5,42
143;1,58;7,99;327;false;true;true;8,12;0;5,25
144;1,58;8,14;326;false;true;true;8,06;0;4,89
145;1,59;8,09;326;false;true;true;8,22;0;5,4
146;1,59;8,36;326;false;true;true;8,51;0;6,17
147;1,6;8,01;324;false;true;true;8,29;0;5,04
148;1,6;7,7;323;false;true;true;8,23;0;4,56
149;1,6;7,8;323;false;true;true;8,42;0;5,11
150;1,61;7,85;322;false;true;true;8,39;0;4,94
151;1,61;7,9;321;false;true;true;8,29;0;4,84
152;1,62;7,87;320;false;true;true;8,17;0;4,78
153;1,62;7,59;318;false;true;true;7,36;0;3,48
154;1,62;7,35;318;false;true;true;7,12;0;3,8
155;1,63;7,17;317;false;true;true;6,78;0;3,31
156;1,63;6,92;317;false;true;true;6,71;0;3,52
157;1,63;6,79;317;false;true;true;6,85;0;3,77
158;1,64;6,74;317;false;true;true;7,05;0;4,07
159;1,64;6,83;317;false;true;true;7,34;0;4,49
160;1,65;6,96;316;false;true;true;7,44;0;4,26
161;1,65;6,96;315;false;true;true;7,41;0;4,11
162;1,65;6,65;314;false;true;true;7,07;0;3,56
163;1,66;6,49;314;false;true;true;6,93;0;3,81
164;1,66;6,49;314;false;true;true;6,94;0;4,15
165;1,67;6,34;313;false;true;true;6,77;0;3,69
166;1,67;6,24;313;false;true;true;6,87;0;3,94
167;1,67;6,29;313;false;true;true;7,03;0;4,3
168;1,68;6,18;312;false;true;true;6,94;0;3,8
169;1,68;6,06;312;false;true;true;6,97;0;4,04
170;1,69;6,07;312;false;true;true;7,1;0;4,37
171;1,69;6,02;311;false;true;true;7,06;0;4,04
172;1,7;6;311;false;true;true;7,13;0;4,34
173;1,7;6,15;311;false;true;true;7,3;0;4,8
174;1,7;6,24;310;false;true;true;7,22;0;4,49
175;1,71;5,98;309;false;true;true;6,94;0;3,91
176;1,71;5,88;309;false;true;true;6,92;0;4,18
177;1,72;5,93;309;false;true;true;6,97;0;4,55
178;1,72;5,91;308;false;true;true;6,78;0;4,04
179;1,72;5,9;308;false;true;true;6,89;0;4,4
180;1,73;5,72;307;false;true;true;6,71;0;3,88
181;1,73;5,63;307;false;true;true;6,73;0;4,12
182;1,74;5,68;307;false;true;true;6,86;0;4,47
183;1,74;5,58;306;false;true;true;6,74;0;4,03
184;1,74;5,57;306;false;true;true;6,81;0;4,33
185;1,75;5,54;305;false;true;true;6,72;0;3,83
186;1,75;5,39;305;false;true;true;6,71;0;4,04
187;1,75;5,36;305;false;true;true;6,78;0;4,31
188;1,76;5,35;304;false;true;true;6,69;0;3,85
189;1,76;5,2;304;false;true;true;6,68;0;4,03
190;1,77;5,14;304;false;true;true;6,76;0;4,25
191;1,77;5,19;304;false;true;true;6,87;0;4,56
192;1,77;5,1;303;false;true;true;6,65;0;3,94
193;1,78;4,95;303;false;true;true;6,64;0;4,12
194;1,78;4,9;303;false;true;true;6,71;0;4,33
195;1,79;4,98;303;false;true;true;6,91;0;4,66
196;1,79;4,79;302;false;true;true;6,73;0;4,04
197;1,79;4,69;302;false;true;true;6,76;0;4,2
198;1,8;4,65;302;false;true;true;6,83;0;4,38
199;1,8;4,67;302;false;true;true;6,93;0;4,61
200;1,8;4,82;302;false;true;true;7,11;0;4,97
201;1,81;5,04;301;false;true;true;6,88;0;4,64
202;1,81;5,27;301;false;true;true;7,02;0;5,14
203;1,81;5,27;300;false;true;true;7,25;0;5,15
204;1,82;5,49;299;false;true;true;7,06;0;4,93
205;1,82;5,26;298;false;true;true;7,17;0;4,82
206;1,82;5,25;297;false;true;true;6,81;0;4,43
207;1,83;5,16;296;false;true;true;6,36;0;3,91
208;1,83;4,98;296;false;true;true;6,3;0;4,17
209;1,83;5,05;296;false;true;true;6,34;0;4,61
210;1,84;4,3;295;false;true;true;6,12;0;3,76
211;1,84;4,27;295;false;true;true;6,24;0;3,92
212;1,85;4,33;295;false;true;true;6,4;0;4,16
213;1,85;4,21;294;false;true;true;6,18;0;3,52
214;1,85;4,08;294;false;true;true;6,15;0;3,6
215;1,86;3,99;294;false;true;true;6,14;0;3,68
216;1,86;3,92;294;false;true;true;6,14;0;3,77
217;1,87;3,87;294;false;true;true;6,21;0;3,87
218;1,87;3,84;294;false;true;true;6,31;0;3,97
219;1,87;3,83;294;false;true;true;6,41;0;4,09
220;1,88;3,85;294;false;true;true;6,51;0;4,25
221;1,88;3,93;294;false;true;true;6,64;0;4,46
222;1,88;3,99;293;false;true;true;6,54;0;3,94
223;1,89;3,89;293;false;true;true;6,49;0;4,06
224;1,89;3,85;293;false;true;true;6,48;0;4,2
225;1,89;3,88;293;false;true;true;6,51;0;4,4
226;1,9;3,96;292;false;true;true;6,25;0;3,82
227;1,9;3,83;292;false;true;true;6,2;0;3,92
228;1,9;3,76;292;false;true;true;6,2;0;4,02
229;1,91;3,71;292;false;true;true;6,25;0;4,13
230;1,91;3,7;292;false;true;true;6,36;0;4,27
231;1,91;3,75;292;false;true;true;6,49;0;4,45
232;1,92;3,78;291;false;true;true;6,3;0;3,92
233;1,92;3,68;291;false;true;true;6,27;0;4
234;1,93;3,61;291;false;true;true;6,27;0;4,09
235;1,93;3,56;291;false;true;true;6,29;0;4,19
236;1,93;3,53;291;false;true;true;6,37;0;4,29
237;1,94;3,52;291;false;true;true;6,48;0;4,4
238;1,94;3,53;291;false;true;true;6,59;0;4,53
239;1,95;3,56;291;false;true;true;6,71;0;4,69
240;1,95;3,65;291;false;true;true;6,84;0;4,9
241;1,95;3,81;290;false;true;true;6,8;0;4,42
242;1,96;3,7;290;false;true;true;6,75;0;4,55
243;1,96;3,67;290;false;true;true;6,76;0;4,71
244;1,97;3,69;290;false;true;true;6,82;0;4,9
245;1,97;3,8;290;false;true;true;6,94;0;5,18
246;1,97;3,94;289;false;true;true;6,84;0;4,7
247;1,98;3,96;289;false;true;true;6,87;0;4,96
248;1,98;4;288;false;true;true;6,41;0;4,3
249;1,99;3,91;288;false;true;true;6,36;0;4,5
250;1,99;4,11;287;false;true;true;6,03;0;3,92
251;2;3,93;287;false;true;true;5,97;0;4,06
252;2;3,88;287;false;true;true;6,06;0;4,24
253;2;3,93;287;false;true;true;6,22;0;4,49
254;2,01;4,11;286;false;true;true;5,86;0;3,94
255;2,01;4,07;286;false;true;true;5,93;0;4,16
256;2,01;4,3;285;false;true;true;5,73;0;3,59
257;2,01;4,15;285;false;true;true;5,76;0;3,74
258;2,02;4,08;285;false;true;true;5,85;0;3,92
259;2,02;4,1;285;false;true;true;5,98;0;4,15
260;2,02;4,22;284;false;true;true;5,82;0;3,67
261;2,03;4,17;284;false;true;true;5,88;0;3,86
262;2,03;4,22;284;false;true;true;5,99;0;4,11
263;2,03;4,39;284;false;true;true;6,16;0;4,48
264;2,04;4,51;282;false;true;true;5,66;0;3,22
265;2,04;4,35;282;false;true;true;5,55;0;3,39
266;2,04;4,36;282;false;true;true;5,54;0;3,65
267;2,04;4,31;281;false;true;true;5,23;0;3,03
268;2,05;4,16;281;false;true;true;5,21;0;3,14
269;2,05;4,06;281;false;true;true;5,28;0;3,26
270;2,05;4,01;281;false;true;true;5,36;0;3,39
271;2,06;3,99;281;false;true;true;5,53;0;3,55
272;2,06;4,04;281;false;true;true;5,7;0;3,77
273;2,06;4,2;281;false;true;true;5,9;0;4,09
274;2,07;4,39;280;false;true;true;5,71;0;3,62
275;2,07;4,1;279;false;true;true;5,49;0;3,04
276;2,07;3,97;279;false;true;true;5,38;0;3,13
277;2,08;3,88;279;false;true;true;5,32;0;3,24
278;2,08;3,83;279;false;true;true;5,36;0;3,36
279;2,08;3,82;279;false;true;true;5,46;0;3,51
280;2,09;3,87;279;false;true;true;5,62;0;3,71
281;2,09;4,04;279;false;true;true;5,8;0;4,04
282;2,09;3,92;278;false;true;true;5,54;0;3,36
283;2,09;3,92;278;false;true;true;5,56;0;3,56
284;2,1;3,82;277;false;true;true;5,44;0;3,1
285;2,1;3,7;277;false;true;true;5,33;0;3,19
286;2,1;3,64;277;false;true;true;5,31;0;3,3
287;2,11;3,61;277;false;true;true;5,33;0;3,42
288;2,11;3,63;277;false;true;true;5,41;0;3,58
289;2,11;3,73;277;false;true;true;5,57;0;3,83
290;2,12;3,71;276;false;true;true;5,23;0;3,17
291;2,12;3,65;276;false;true;true;5,23;0;3,3
292;2,12;3,66;276;false;true;true;5,27;0;3,46
293;2,12;3,77;276;false;true;true;5,39;0;3,71
294;2,13;3,59;275;false;true;true;5,29;0;3,14
295;2,13;3,49;275;false;true;true;5,27;0;3,23
296;2,13;3,44;275;false;true;true;5,26;0;3,32
297;2,14;3,41;275;false;true;true;5,28;0;3,42
298;2,14;3,4;275;false;true;true;5,35;0;3,53
299;2,14;3,41;275;false;true;true;5,48;0;3,67
300;2,15;3,46;275;false;true;true;5,62;0;3,83
301;2,15;3,56;275;false;true;true;5,77;0;4,06
302;2,15;3,78;275;false;true;true;5,96;0;4,42
303;2,16;4,06;274;false;true;true;5,91;0;4,2
304;2,16;3,84;272;false;true;true;5,35;0;2,91
305;2,16;3,63;272;false;true;true;5,09;0;2,98
306;2,17;3,5;272;false;true;true;4,91;0;3,06
307;2,17;3,4;272;false;true;true;4,83;0;3,13
308;2,17;3,34;272;false;true;true;4,88;0;3,21
309;2,18;3,29;272;false;true;true;5,01;0;3,29
310;2,18;3,26;272;false;true;true;5,13;0;3,39
311;2,18;3,27;272;false;true;true;5,25;0;3,51
312;2,18;3,32;272;false;true;true;5,37;0;3,66
313;2,19;3,46;272;false;true;true;5,51;0;3,93
314;2,19;3,29;271;false;true;true;5,39;0;3,34
315;2,19;3,22;271;false;true;true;5,34;0;3,43
316;2,19;3,19;271;false;true;true;5,33;0;3,53
317;2,2;3,2;271;false;true;true;5,34;0;3,66
318;2,2;3,26;271;false;true;true;5,42;0;3,83
319;2,2;3,44;271;false;true;true;5,59;0;4,13
320;2,21;3,29;270;false;true;true;5,34;0;3,44
321;2,21;3,24;270;false;true;true;5,33;0;3,55
322;2,21;3,26;270;false;true;true;5,36;0;3,71
323;2,22;3,38;270;false;true;true;5,43;0;3,97
324;2,22;3,22;269;false;true;true;5,31;0;3,39
325;2,23;3,13;269;false;true;true;5,27;0;3,47
326;2,23;3,09;269;false;true;true;5,27;0;3,56
327;2,23;3,08;269;false;true;true;5,29;0;3,67
328;2,24;3,09;269;false;true;true;5,36;0;3,8
329;2,24;3,14;269;false;true;true;5,5;0;3,96
330;2,24;3,28;269;false;true;true;5,66;0;4,21
331;2,25;3,31;268;false;true;true;5,41;0;3,6
332;2,25;3,3;268;false;true;true;5,42;0;3,76
333;2,25;3,4;268;false;true;true;5,48;0;4,01
334;2,26;3,27;267;false;true;true;5,35;0;3,48
335;2,26;3,21;267;false;true;true;5,3;0;3,6
336;2,27;3,22;267;false;true;true;5,33;0;3,76
337;2,27;3,34;267;false;true;true;5,4;0;4,03
338;2,27;3,2;266;false;true;true;5,1;0;3,33
339;2,28;3,11;266;false;true;true;5,09;0;3,42
340;2,28;3,07;266;false;true;true;5,12;0;3,51
341;2,28;3,05;266;false;true;true;5,16;0;3,61
342;2,29;3,07;266;false;true;true;5,27;0;3,75
343;2,29;3,17;266;false;true;true;5,4;0;3,97
344;2,29;3,08;265;false;true;true;5,34;0;3,44
345;2,3;2,99;265;false;true;true;5,28;0;3,52
346;2,31;2,94;265;false;true;true;5,26;0;3,6
347;2,31;2,92;265;false;true;true;5,27;0;3,69
348;2,31;2,91;265;false;true;true;5,31;0;3,8
349;2,32;2,93;265;false;true;true;5,43;0;3,93
350;2,32;2,99;265;false;true;true;5,56;0;4,09
351;2,32;3,12;265;false;true;true;5,72;0;4,33
352;2,33;3,29;264;false;true;true;5,38;0;3,67
353;2,33;3,32;264;false;true;true;5,4;0;3,88
354;2,33;3,24;263;false;true;true;5,28;0;3,42
355;2,33;3,14;263;false;true;true;5,21;0;3,53
356;2,34;3,11;263;false;true;true;5,23;0;3,66
357;2,34;3,14;263;false;true;true;5,28;0;3,84
358;2,34;3,3;263;false;true;true;5,38;0;4,14
359;2,35;3,16;262;false;true;true;5,09;0;3,41
360;2,35;3,1;262;false;true;true;5,1;0;3,52
361;2,35;3,1;262;false;true;true;5,15;0;3,67
362;2,36;3,17;262;false;true;true;5,25;0;3,89
363;2,36;3,35;261;false;true;true;5,05;0;3,41
364;2,36;3,44;261;false;true;true;5,07;0;3,72
365;2,36;3,09;260;false;true;true;4,81;0;2,98
366;2,37;2,96;260;false;true;true;4,7;0;3,03
367;2,37;2,87;260;false;true;true;4,66;0;3,09
368;2,37;2,8;260;false;true;true;4,65;0;3,14
369;2,38;2,74;260;false;true;true;4,69;0;3,2
370;2,38;2,7;260;false;true;true;4,77;0;3,26
371;2,38;2,66;260;false;true;true;4,85;0;3,33
372;2,39;2,65;260;false;true;true;4,92;0;3,41
373;2,39;2,66;260;false;true;true;4,99;0;3,51
374;2,39;2,71;260;false;true;true;5,07;0;3,65
375;2,4;2,88;260;false;true;true;5,18;0;3,93
376;2,4;2,64;259;false;true;true;4,96;0;3,22
377;2,4;2,54;259;false;true;true;4,87;0;3,27
378;2,41;2,48;259;false;true;true;4,82;0;3,32
379;2,41;2,42;259;false;true;true;4,78;0;3,37
380;2,41;2,38;259;false;true;true;4,82;0;3,42
381;2,42;2,34;259;false;true;true;4,88;0;3,48
382;2,42;2,31;259;false;true;true;4,93;0;3,54
383;2,42;2,29;259;false;true;true;4,99;0;3,61
384;2,43;2,28;259;false;true;true;5,05;0;3,69
385;2,43;2,29;259;false;true;true;5,1;0;3,78
386;2,43;2,31;259;false;true;true;5,18;0;3,89
387;2,44;2,37;259;false;true;true;5,27;0;4,03
388;2,44;2,49;259;false;true;true;5,37;0;4,25
389;2,44;2,54;258;false;true;true;5,22;0;3,74
390;2,45;2,53;258;false;true;true;5,16;0;3,92
391;2,45;2,54;257;false;true;true;4,71;0;3,29
392;2,46;2,43;257;false;true;true;4,6;0;3,36
393;2,46;2,36;257;false;true;true;4,59;0;3,43
394;2,46;2,31;257;false;true;true;4,67;0;3,5
395;2,47;2,29;257;false;true;true;4,76;0;3,59
396;2,47;2,3;257;false;true;true;4,86;0;3,7
397;2,47;2,37;257;false;true;true;4,98;0;3,87
398;2,48;2,42;256;false;true;true;4,68;0;3,21
399;2,48;2,31;256;false;true;true;4,62;0;3,26
400;2,48;2,25;256;false;true;true;4,6;0;3,31
401;2,49;2,21;256;false;true;true;4,61;0;3,36
402;2,49;2,18;256;false;true;true;4,66;0;3,42
403;2,49;2,17;256;false;true;true;4,73;0;3,49
404;2,5;2,18;256;false;true;true;4,81;0;3,57
405;2,5;2,22;256;false;true;true;4,89;0;3,69
406;2,51;2,34;256;false;true;true;4,99;0;3,89
407;2,51;2,29;255;false;true;true;4,72;0;3,21
408;2,51;2,19;255;false;true;true;4,64;0;3,25
409;2,52;2,13;255;false;true;true;4,59;0;3,29
410;2,52;2,09;255;false;true;true;4,57;0;3,33
411;2,52;2,06;255;false;true;true;4,61;0;3,37
412;2,52;2,04;255;false;true;true;4,66;0;3,41
413;2,53;2,03;255;false;true;true;4,71;0;3,46
414;2,53;2,03;255;false;true;true;4,77;0;3,51
415;2,53;2,03;255;false;true;true;4,82;0;3,58
416;2,54;2,06;255;false;true;true;4,88;0;3,66
417;2,54;2,12;255;false;true;true;4,95;0;3,78
418;2,54;2,41;254;false;true;true;4,7;0;3,11
419;2,55;2,27;254;false;true;true;4,56;0;3,15
420;2,55;2,17;254;false;true;true;4,48;0;3,19
421;2,55;2,11;254;false;true;true;4,47;0;3,23
422;2,56;2,08;254;false;true;true;4,53;0;3,27
423;2,56;2,06;254;false;true;true;4,58;0;3,32
424;2,56;2,05;254;false;true;true;4,64;0;3,38
425;2,57;2,06;254;false;true;true;4,69;0;3,46
426;2,57;2,09;254;false;true;true;4,75;0;3,55
427;2,57;2,18;254;false;true;true;4,83;0;3,71
428;2,57;2,24;253;false;true;true;4,58;0;3,09
429;2,58;2,14;253;false;true;true;4,49;0;3,13
430;2,58;2,08;253;false;true;true;4,44;0;3,17
431;2,58;2,04;253;false;true;true;4,4;0;3,21
432;2,59;2,02;253;false;true;true;4,43;0;3,26
433;2,59;2,01;253;false;true;true;4,49;0;3,31
434;2,59;2,01;253;false;true;true;4,54;0;3,37
435;2,6;2,02;253;false;true;true;4,6;0;3,44
436;2,6;2,07;253;false;true;true;4,67;0;3,55
437;2,6;2,18;253;false;true;true;4,76;0;3,72
438;2,61;2,19;252;false;true;true;4,39;0;2,99
439;2,61;2,1;252;false;true;true;4,31;0;3,03
440;2,62;2,04;252;false;true;true;4,27;0;3,06
441;2,62;2;252;false;true;true;4,26;0;3,09
442;2,62;1,97;252;false;true;true;4,29;0;3,13
443;2,62;1,96;252;false;true;true;4,35;0;3,16
444;2,63;1,94;252;false;true;true;4,39;0;3,21
445;2,63;1,94;252;false;true;true;4,43;0;3,26
446;2,63;1,95;252;false;true;true;4,48;0;3,33
447;2,64;1,99;252;false;true;true;4,54;0;3,42
448;2,64;2,09;252;false;true;true;4,62;0;3,58
449;2,64;2,09;251;false;true;true;4,33;0;2,92
450;2,65;2;251;false;true;true;4,23;0;2,95
451;2,65;1,94;251;false;true;true;4,16;0;2,97
452;2,65;1,88;251;false;true;true;4,11;0;2,99
453;2,66;1,85;251;false;true;true;4,12;0;3,01
454;2,66;1,82;251;false;true;true;4,15;0;3,03
455;2,66;1,79;251;false;true;true;4,18;0;3,04
456;2,67;1,76;251;false;true;true;4,2;0;3,06
457;2,67;1,74;251;false;true;true;4,22;0;3,08
458;2,68;1,71;251;false;true;true;4,24;0;3,1
459;2,68;1,69;251;false;true;true;4,25;0;3,12
460;2,68;1,67;251;false;true;true;4,27;0;3,14
461;2,69;1,66;251;false;true;true;4,29;0;3,16
462;2,69;1,63;251;false;true;true;4,3;0;3,18
463;2,69;1,62;251;false;true;true;4,32;0;3,2
464;2,7;1,61;251;false;true;true;4,34;0;3,23
465;2,7;1,6;251;false;true;true;4,35;0;3,25
466;2,7;1,59;251;false;true;true;4,37;0;3,28
467;2,71;1,58;251;false;true;true;4,39;0;3,31
468;2,71;1,58;251;false;true;true;4,41;0;3,35
469;2,71;1,58;251;false;true;true;4,44;0;3,39
470;2,72;1,59;251;false;true;true;4,47;0;3,44
471;2,72;1,61;251;false;true;true;4,5;0;3,5
472;2,72;1,64;251;false;true;true;4,54;0;3,57
473;2,72;1,71;251;false;true;true;4,6;0;3,69
474;2,73;1,85;251;false;true;true;4,68;0;3,88
475;2,73;1,82;250;false;true;true;4,32;0;3,14
476;2,73;1,77;250;false;true;true;4,2;0;3,17
477;2,74;1,73;250;false;true;true;4,13;0;3,21
478;2,74;1,7;250;false;true;true;4,11;0;3,25
479;2,74;1,68;250;false;true;true;4,16;0;3,29
480;2,75;1,67;250;false;true;true;4,23;0;3,35
481;2,75;1,68;250;false;true;true;4,29;0;3,41
482;2,75;1,72;250;false;true;true;4,36;0;3,51
483;2,76;1,81;250;false;true;true;4,44;0;3,68
484;2,76;1,81;249;false;true;true;4,05;0;2,92
485;2,76;1,71;249;false;true;true;3,97;0;2,94
486;2,76;1,64;249;false;true;true;3,92;0;2,96
487;2,77;1,6;249;false;true;true;3,91;0;2,97
488;2,77;1,55;249;false;true;true;3,93;0;2,99
489;2,77;1,52;249;false;true;true;3,96;0;3
490;2,78;1,48;249;false;true;true;3,98;0;3,01
491;2,78;1,46;249;false;true;true;4;0;3,03
492;2,78;1,43;249;false;true;true;4,01;0;3,04
493;2,79;1,4;249;false;true;true;4,02;0;3,05
494;2,79;1,38;249;false;true;true;4,04;0;3,07
495;2,79;1,36;249;false;true;true;4,04;0;3,08
496;2,8;1,35;249;false;true;true;4,05;0;3,09
497;2,8;1,33;249;false;true;true;4,06;0;3,11
498;2,8;1,31;249;false;true;true;4,06;0;3,12
499;2,81;1,3;249;false;true;true;4,07;0;3,13
500;2,81;1,28;249;false;true;true;4,08;0;3,15
501;2,81;1,27;249;false;true;true;4,09;0;3,16
502;2,81;1,25;249;false;true;true;4,09;0;3,18
503;2,82;1,24;249;false;true;true;4,1;0;3,19
504;2,82;1,23;249;false;true;true;4,11;0;3,21
505;2,82;1,22;249;false;true;true;4,12;0;3,23
506;2,83;1,21;249;false;true;true;4,13;0;3,24
507;2,83;1,21;249;false;true;true;4,14;0;3,26
508;2,84;1,2;249;false;true;true;4,15;0;3,28
509;2,84;1,2;249;false;true;true;4,16;0;3,3
510;2,84;1,19;249;false;true;true;4,17;0;3,33
511;2,84;1,19;249;false;true;true;4,18;0;3,36
512;2,85;1,19;249;false;true;true;4,2;0;3,39
513;2,85;1,2;249;false;true;true;4,22;0;3,42
514;2,85;1,22;249;false;true;true;4,25;0;3,47
515;2,86;1,26;249;false;true;true;4,28;0;3,52
516;2,86;1,3;249;false;true;true;4,32;0;3,6
517;2,86;1,4;249;false;true;true;4,37;0;3,73
518;2,87;1,63;248;false;true;true;3,89;0;2,98
519;2,87;1,51;248;false;true;true;3,83;0;3,01
520;2,87;1,43;248;false;true;true;3,8;0;3,03
521;2,88;1,37;248;false;true;true;3,79;0;3,05
522;2,88;1,32;248;false;true;true;3,82;0;3,08
523;2,88;1,29;248;false;true;true;3,87;0;3,1
524;2,88;1,26;248;false;true;true;3,91;0;3,13
525;2,89;1,25;248;false;true;true;3,94;0;3,15
526;2,89;1,24;248;false;true;true;3,97;0;3,18
527;2,89;1,23;248;false;true;true;4;0;3,21
528;2,9;1,22;248;false;true;true;4,03;0;3,24
529;2,9;1,22;248;false;true;true;4,06;0;3,27
530;2,9;1,21;248;false;true;true;4,08;0;3,3
531;2,9;1,21;248;false;true;true;4,11;0;3,34
532;2,91;1,21;248;false;true;true;4,14;0;3,39
533;2,91;1,23;248;false;true;true;4,18;0;3,44
534;2,91;1,24;248;false;true;true;4,22;0;3,5
535;2,91;1,28;248;false;true;true;4,27;0;3,57
536;2,92;1,32;248;false;true;true;4,33;0;3,67
537;2,92;1,41;248;false;true;true;4,4;0;3,81
538;2,92;1,57;248;false;true;true;4,51;0;4,03
539;2,93;1,79;247;false;true;true;4,27;0;3,35
540;2,93;1,81;247;false;true;true;4,21;0;3,55
541;2,93;1,69;246;false;true;true;3,64;0;2,73
542;2,93;1,55;246;false;true;true;3,51;0;2,75
543;2,94;1,46;246;false;true;true;3,48;0;2,78
544;2,94;1,39;246;false;true;true;3,48;0;2,8
545;2,95;1,33;246;false;true;true;3,51;0;2,81
546;2,95;1,28;246;false;true;true;3,55;0;2,83
547;2,95;1,24;246;false;true;true;3,58;0;2,85
548;2,95;1,21;246;false;true;true;3,61;0;2,86
549;2,96;1,18;246;false;true;true;3,63;0;2,88
550;2,96;1,14;246;false;true;true;3,64;0;2,89
551;2,96;1,12;246;false;true;true;3,65;0;2,91
552;2,97;1,09;246;false;true;true;3,66;0;2,92
553;2,97;1,07;246;false;true;true;3,67;0;2,93
554;2,97;1,04;246;false;true;true;3,68;0;2,95
555;2,98;1,03;246;false;true;true;3,7;0;2,96
556;2,98;1,01;246;false;true;true;3,71;0;2,97
557;2,98;1;246;false;true;true;3,72;0;2,99
558;2,98;0,99;246;false;true;true;3,73;0;3
559;2,98;0,98;246;false;true;true;3,74;0;3,02
560;2,99;0,96;246;false;true;true;3,75;0;3,03
561;2,99;0,96;246;false;true;true;3,76;0;3,05
562;2,99;0,95;246;false;true;true;3,78;0;3,07
563;3;0,95;246;false;true;true;3,79;0;3,09
564;3;0,95;246;false;true;true;3,81;0;3,11
565;3;0,95;246;false;true;true;3,83;0;3,14
566;3,01;0,95;246;false;true;true;3,84;0;3,17
567;3,01;0,96;246;false;true;true;3,87;0;3,21
568;3,01;0,98;246;false;true;true;3,9;0;3,27
569;3,02;1,04;246;false;true;true;3,95;0;3,35
570;3,02;1,43;245;false;true;true;3,6;0;2,62
571;3,02;1,23;245;false;true;true;3,4;0;2,63
572;3,03;1,14;245;false;true;true;3,33;0;2,65
573;3,03;1,09;245;false;true;true;3,34;0;2,66
574;3,03;1,06;245;false;true;true;3,37;0;2,67
575;3,04;1,03;245;false;true;true;3,39;0;2,68
576;3,04;1,01;245;false;true;true;3,4;0;2,68
577;3,04;0,99;245;false;true;true;3,42;0;2,69
578;3,04;0,97;245;false;true;true;3,43;0;2,7
579;3,05;0,96;245;false;true;true;3,44;0;2,71
580;3,05;0,94;245;false;true;true;3,44;0;2,72
581;3,05;0,92;245;false;true;true;3,45;0;2,72
582;3,06;0,92;245;false;true;true;3,46;0;2,73
583;3,06;0,91;245;false;true;true;3,46;0;2,74
584;3,07;0,9;245;false;true;true;3,46;0;2,75
585;3,07;0,88;245;false;true;true;3,46;0;2,75
586;3,07;0,88;245;false;true;true;3,47;0;2,76
587;3,07;0,87;245;false;true;true;3,47;0;2,77
588;3,08;0,86;245;false;true;true;3,48;0;2,77
589;3,08;0,85;245;false;true;true;3,48;0;2,78
590;3,08;0,84;245;false;true;true;3,48;0;2,79
591;3,09;0,83;245;false;true;true;3,48;0;2,79
592;3,09;0,82;245;false;true;true;3,48;0;2,8
593;3,09;0,82;245;false;true;true;3,48;0;2,81
594;3,1;0,81;245;false;true;true;3,48;0;2,82
595;3,1;0,8;245;false;true;true;3,48;0;2,82
596;3,1;0,8;245;false;true;true;3,49;0;2,83
597;3,11;0,79;245;false;true;true;3,48;0;2,84
598;3,11;0,78;245;false;true;true;3,49;0;2,85
599;3,11;0,78;245;false;true;true;3,5;0;2,85
600;3,11;0,78;245;false;true;true;3,5;0;2,86
601;3,12;0,77;245;false;true;true;3,51;0;2,87
602;3,12;0,77;245;false;true;true;3,51;0;2,88
603;3,12;0,76;245;false;true;true;3,51;0;2,89
604;3,12;0,76;245;false;true;true;3,52;0;2,9
605;3,13;0,76;245;false;true;true;3,52;0;2,91
606;3,13;0,75;245;false;true;true;3,53;0;2,92
607;3,13;0,76;245;false;true;true;3,54;0;2,93
608;3,13;0,75;245;false;true;true;3,54;0;2,94
609;3,14;0,75;245;false;true;true;3,55;0;2,96
610;3,14;0,75;245;false;true;true;3,56;0;2,97
611;3,14;0,75;245;false;true;true;3,57;0;2,99
612;3,14;0,75;245;false;true;true;3,58;0;3,01
613;3,14;0,76;245;false;true;true;3,59;0;3,03
614;3,15;0,76;245;false;true;true;3,6;0;3,05
615;3,15;0,77;245;false;true;true;3,62;0;3,07
616;3,15;0,79;245;false;true;true;3,64;0;3,11
617;3,16;0,81;245;false;true;true;3,67;0;3,15
618;3,16;0,84;245;false;true;true;3,7;0;3,2
619;3,16;0,89;245;false;true;true;3,74;0;3,27
620;3,16;0,98;245;false;true;true;3,8;0;3,39
621;3,17;1,1;244;false;true;true;3,39;0;2,67
622;3,17;1,04;244;false;true;true;3,27;0;2,69
623;3,17;1,01;244;false;true;true;3,22;0;2,7
624;3,18;0,98;244;false;true;true;3,22;0;2,71
625;3,18;0,95;244;false;true;true;3,25;0;2,72
626;3,18;0,93;244;false;true;true;3,28;0;2,73
627;3,18;0,91;244;false;true;true;3,31;0;2,74
628;3,19;0,89;244;false;true;true;3,34;0;2,75
629;3,19;0,88;244;false;true;true;3,36;0;2,76
630;3,19;0,86;244;false;true;true;3,37;0;2,77
631;3,19;0,85;244;false;true;true;3,39;0;2,78
632;3,2;0,84;244;false;true;true;3,4;0;2,8
633;3,2;0,83;244;false;true;true;3,41;0;2,81
634;3,2;0,83;244;false;true;true;3,43;0;2,82
635;3,21;0,82;244;false;true;true;3,44;0;2,83
636;3,21;0,82;244;false;true;true;3,45;0;2,85
637;3,21;0,82;244;false;true;true;3,47;0;2,86
638;3,21;0,82;244;false;true;true;3,48;0;2,88
639;3,22;0,82;244;false;true;true;3,49;0;2,91
640;3,22;0,83;244;false;true;true;3,51;0;2,93
641;3,22;0,84;244;false;true;true;3,54;0;2,97
642;3,23;0,87;244;false;true;true;3,57;0;3,01
643;3,23;0,91;244;false;true;true;3,6;0;3,08
644;3,23;0,98;244;false;true;true;3,65;0;3,18
645;3,23;1,45;243;false;true;true;3,3;0;2,56
646;3,24;1,28;243;false;true;true;3,17;0;2,6
647;3,24;1,18;243;false;true;true;3,16;0;2,64
648;3,24;1,13;243;false;true;true;3,22;0;2,68
649;3,25;1,11;243;false;true;true;3,28;0;2,72
650;3,25;1,1;243;false;true;true;3,34;0;2,76
651;3,25;1,1;243;false;true;true;3,39;0;2,81
652;3,26;1,12;243;false;true;true;3,44;0;2,88
653;3,26;1,16;243;false;true;true;3,51;0;2,96
654;3,26;1,25;243;false;true;true;3,58;0;3,1
655;3,26;1,4;242;false;true;true;3,23;0;2,5
656;3,27;1,26;242;false;true;true;3,14;0;2,52
657;3,27;1,19;242;false;true;true;3,1;0;2,55
658;3,27;1,14;242;false;true;true;3,09;0;2,57
659;3,27;1,1;242;false;true;true;3,15;0;2,59
660;3,27;1,08;242;false;true;true;3,21;0;2,61
661;3,28;1,05;242;false;true;true;3,25;0;2,63
662;3,28;1,04;242;false;true;true;3,28;0;2,65
663;3,28;1,02;242;false;true;true;3,31;0;2,67
664;3,28;1;242;false;true;true;3,33;0;2,69
665;3,28;0,99;242;false;true;true;3,35;0;2,7
666;3,29;0,99;242;false;true;true;3,38;0;2,73
667;3,29;0,98;242;false;true;true;3,4;0;2,75
668;3,29;0,98;242;false;true;true;3,42;0;2,77
669;3,29;0,99;242;false;true;true;3,46;0;2,8
670;3,3;0,98;242;false;true;true;3,47;0;2,82
671;3,3;0,98;242;false;true;true;3,5;0;2,86
672;3,3;1;242;false;true;true;3,53;0;2,9
673;3,3;1,02;242;false;true;true;3,57;0;2,95
674;3,31;1,06;242;false;true;true;3,61;0;3,02
675;3,31;1,12;242;false;true;true;3,67;0;3,12
676;3,31;1,26;242;false;true;true;3,75;0;3,31
677;3,31;1,34;241;false;true;true;3,46;0;2,54
678;3,32;1,21;241;false;true;true;3,31;0;2,56
679;3,32;1,13;241;false;true;true;3,22;0;2,58
680;3,32;1,08;241;false;true;true;3,19;0;2,59
681;3,32;1,05;241;false;true;true;3,23;0;2,61
682;3,33;1,03;241;false;true;true;3,26;0;2,62
683;3,33;1,01;241;false;true;true;3,29;0;2,64
684;3,33;0,99;241;false;true;true;3,31;0;2,65
685;3,33;0,97;241;false;true;true;3,32;0;2,66
686;3,34;0,96;241;false;true;true;3,34;0;2,67
687;3,34;0,95;241;false;true;true;3,35;0;2,69
688;3,34;0,94;241;false;true;true;3,37;0;2,7
689;3,34;0,93;241;false;true;true;3,38;0;2,71
690;3,35;0,91;241;false;true;true;3,39;0;2,73
691;3,35;0,91;241;false;true;true;3,4;0;2,74
692;3,35;0,9;241;false;true;true;3,41;0;2,75
693;3,35;0,9;241;false;true;true;3,43;0;2,77
694;3,35;0,89;241;false;true;true;3,43;0;2,79
695;3,36;0,89;241;false;true;true;3,45;0;2,8
696;3,36;0,88;241;false;true;true;3,46;0;2,82
697;3,36;0,88;241;false;true;true;3,48;0;2,84
698;3,36;0,89;241;false;true;true;3,5;0;2,86
699;3,37;0,89;241;false;true;true;3,51;0;2,89
700;3,37;0,89;241;false;true;true;3,53;0;2,91
701;3,37;0,91;241;false;true;true;3,56;0;2,95
702;3,37;0,92;241;false;true;true;3,59;0;2,99
703;3,37;0,95;241;false;true;true;3,62;0;3,04
704;3,38;0,99;241;false;true;true;3,67;0;3,11
705;3,38;1,07;241;false;true;true;3,73;0;3,22
706;3,38;1,36;240;false;true;true;3,54;0;2,59
707;3,38;1,22;240;false;true;true;3,38;0;2,61
708;3,39;1,13;240;false;true;true;3,27;0;2,62
709;3,39;1,08;240;false;true;true;3,23;0;2,64
710;3,39;1,03;240;false;true;true;3,26;0;2,65
711;3,39;1,01;240;false;true;true;3,29;0;2,66
712;3,39;0,98;240;false;true;true;3,32;0;2,67
713;3,4;0,96;240;false;true;true;3,33;0;2,68
714;3,4;0,94;240;false;true;true;3,35;0;2,69
715;3,4;0,92;240;false;true;true;3,36;0;2,71
716;3,4;0,91;240;false;true;true;3,37;0;2,72
717;3,41;0,9;240;false;true;true;3,38;0;2,73
718;3,41;0,89;240;false;true;true;3,39;0;2,74
719;3,41;0,87;240;false;true;true;3,4;0;2,75
720;3,41;0,86;240;false;true;true;3,4;0;2,76
721;3,42;0,85;240;false;true;true;3,41;0;2,77
722;3,42;0,85;240;false;true;true;3,42;0;2,78
723;3,42;0,84;240;false;true;true;3,43;0;2,8
724;3,43;0,83;240;false;true;true;3,44;0;2,81
725;3,43;0,83;240;false;true;true;3,44;0;2,82
726;3,43;0,82;240;false;true;true;3,46;0;2,83
727;3,43;0,82;240;false;true;true;3,47;0;2,85
728;3,44;0,82;240;false;true;true;3,48;0;2,86
729;3,44;0,82;240;false;true;true;3,49;0;2,88
730;3,44;0,81;240;false;true;true;3,5;0;2,89
731;3,45;0,81;240;false;true;true;3,51;0;2,91
732;3,45;0,81;240;false;true;true;3,53;0;2,93
733;3,45;0,81;240;false;true;true;3,54;0;2,95
734;3,45;0,82;240;false;true;true;3,56;0;2,97
735;3,46;0,82;240;false;true;true;3,57;0;2,99
736;3,46;0,83;240;false;true;true;3,6;0;3,02
737;3,46;0,84;240;false;true;true;3,62;0;3,05
738;3,46;0,85;240;false;true;true;3,65;0;3,08
739;3,47;0,87;240;false;true;true;3,68;0;3,13
740;3,47;0,9;240;false;true;true;3,71;0;3,18
741;3,47;0,95;240;false;true;true;3,76;0;3,26
742;3,48;1,03;240;false;true;true;3,83;0;3,37
743;3,48;1,6;239;false;true;true;3,67;0;2,87
744;3,48;1,5;239;false;true;true;3,46;0;2,98
745;3,49;1,56;239;false;true;true;3,51;0;3,17
746;3,49;1,41;238;false;true;true;3,46;0;2,76
747;3,49;1,31;238;false;true;true;3,39;0;2,81
748;3,49;1,24;238;false;true;true;3,34;0;2,85
749;3,5;1,19;238;false;true;true;3,32;0;2,9
750;3,5;1,16;238;false;true;true;3,39;0;2,95
751;3,58;1,15;238;false;true;true;3,47;0;3
752;3,58;1,15;238;false;true;true;3,54;0;3,06
753;3,58;1,17;238;false;true;true;3,61;0;3,14
754;3,58;1,22;238;false;true;true;3,69;0;3,24
755;3,59;1,31;238;false;true;true;3,77;0;3,39
756;3,59;1,69;237;false;true;true;3,37;0;2,55
757;3,59;1,65;237;false;true;true;3,27;0;2,68
758;3,59;1,69;237;false;true;true;3,25;0;2,86
759;3,6;1,84;237;false;true;true;3,31;0;3,13
760;3,6;1,9;236;false;true;true;3,57;0;3,1
761;3,6;2,05;236;false;true;true;3,56;0;3,41
762;3,6;2,2;235;false;true;true;3,33;0;2,91
763;3,6;1,82;234;false;true;true;3,28;0;2,42
764;3,61;1,67;234;false;true;true;3,12;0;2,47
765;3,61;1,58;234;false;true;true;3,04;0;2,51
766;3,61;1,52;234;false;true;true;3,08;0;2,55
767;3,61;1,47;234;false;true;true;3,16;0;2,59
768;3,61;1,43;234;false;true;true;3,23;0;2,63
769;3,62;1,4;234;false;true;true;3,29;0;2,67
770;3,62;1,38;234;false;true;true;3,34;0;2,71
771;3,62;1,36;234;false;true;true;3,4;0;2,76
772;3,62;1,35;234;false;true;true;3,45;0;2,8
773;3,63;1,34;234;false;true;true;3,5;0;2,86
774;3,63;1,35;234;false;true;true;3,56;0;2,92
775;3,63;1,36;234;false;true;true;3,62;0;2,99
776;3,63;1,39;234;false;true;true;3,69;0;3,07
777;3,64;1,44;234;false;true;true;3,77;0;3,18
778;3,64;1,52;234;false;true;true;3,87;0;3,33
779;3,64;1,67;234;false;true;true;3,99;0;3,56
780;3,64;2,02;234;false;true;true;4,16;0;4
781;3,65;1,89;232;false;true;true;3,48;0;2,41
782;3,65;1,69;232;false;true;true;3,25;0;2,45
783;3,65;1,58;232;false;true;true;3,11;0;2,48
784;3,65;1,51;232;false;true;true;3,07;0;2,52
785;3,65;1,45;232;false;true;true;3,15;0;2,55
786;3,66;1,41;232;false;true;true;3,22;0;2,58
787;3,66;1,37;232;false;true;true;3,27;0;2,61
788;3,66;1,35;232;false;true;true;3,32;0;2,63
789;3,66;1,32;232;false;true;true;3,36;0;2,66
790;3,67;1,3;232;false;true;true;3,4;0;2,7
791;3,67;1,28;232;false;true;true;3,43;0;2,73
792;3,67;1,26;232;false;true;true;3,47;0;2,76
793;3,67;1,25;232;false;true;true;3,5;0;2,8
794;3,68;1,24;232;false;true;true;3,53;0;2,84
795;3,68;1,24;232;false;true;true;3,57;0;2,88
796;3,68;1,24;232;false;true;true;3,61;0;2,93
797;3,68;1,25;232;false;true;true;3,65;0;2,99
798;3,69;1,27;232;false;true;true;3,7;0;3,06
799;3,69;1,3;232;false;true;true;3,76;0;3,14
800;3,69;1,36;232;false;true;true;3,83;0;3,26
801;3,7;1,47;232;false;true;true;3,92;0;3,43
802;3,7;1,68;231;false;true;true;3,73;0;2,84
803;3,7;1,6;231;false;true;true;3,62;0;2,95
804;3,71;1,62;231;false;true;true;3,59;0;3,1
805;3,71;1,68;230;false;true;true;3,3;0;2,45
806;3,71;1,53;230;false;true;true;3,21;0;2,48
807;3,71;1,44;230;false;true;true;3,17;0;2,51
808;3,72;1,37;230;false;true;true;3,14;0;2,54
809;3,72;1,32;230;false;true;true;3,18;0;2,56
810;3,72;1,28;230;false;true;true;3,22;0;2,59
811;3,73;1,24;230;false;true;true;3,26;0;2,61
812;3,73;1,22;230;false;true;true;3,29;0;2,63
813;3,73;1,19;230;false;true;true;3,32;0;2,66
814;3,73;1,17;230;false;true;true;3,35;0;2,68
815;3,73;1,15;230;false;true;true;3,38;0;2,7
816;3,74;1,13;230;false;true;true;3,39;0;2,73
817;3,74;1,11;230;false;true;true;3,42;0;2,76
818;3,74;1,1;230;false;true;true;3,44;0;2,79
819;3,74;1,09;230;false;true;true;3,46;0;2,82
820;3,75;1,08;230;false;true;true;3,48;0;2,85
821;3,75;1,08;230;false;true;true;3,51;0;2,89
822;3,75;1,08;230;false;true;true;3,54;0;2,93
823;3,75;1,08;230;false;true;true;3,58;0;2,98
824;3,76;1,1;230;false;true;true;3,61;0;3,04
825;3,76;1,13;230;false;true;true;3,67;0;3,12
826;3,76;1,2;230;false;true;true;3,73;0;3,24
827;3,76;1,33;230;false;true;true;3,82;0;3,43
828;3,77;1,4;229;false;true;true;3,48;0;2,68
829;3,77;1,29;229;false;true;true;3,36;0;2,72
830;3,77;1,22;229;false;true;true;3,29;0;2,76
831;3,77;1,19;229;false;true;true;3,3;0;2,8
832;3,78;1,17;229;false;true;true;3,36;0;2,85
833;3,78;1,17;229;false;true;true;3,43;0;2,91
834;3,78;1,18;229;false;true;true;3,48;0;2,98
835;3,78;1,23;229;false;true;true;3,55;0;3,09
836;3,79;1,36;229;false;true;true;3,64;0;3,28
837;3,79;1,36;228;false;true;true;3,31;0;2,51
838;3,79;1,24;228;false;true;true;3,2;0;2,53
839;3,79;1,16;228;false;true;true;3,13;0;2,55
840;3,8;1,1;228;false;true;true;3,09;0;2,57
841;3,8;1,06;228;false;true;true;3,11;0;2,59
842;3,8;1,03;228;false;true;true;3,15;0;2,61
843;3,8;1;228;false;true;true;3,17;0;2,63
844;3,81;0,97;228;false;true;true;3,2;0;2,64
845;3,81;0,95;228;false;true;true;3,21;0;2,66
846;3,81;0,93;228;false;true;true;3,23;0;2,67
847;3,81;0,91;228;false;true;true;3,25;0;2,69
848;3,82;0,89;228;false;true;true;3,26;0;2,71
849;3,82;0,88;228;false;true;true;3,27;0;2,73
850;3,82;0,86;228;false;true;true;3,28;0;2,74
851;3,82;0,85;228;false;true;true;3,3;0;2,76
852;3,82;0,84;228;false;true;true;3,31;0;2,78
853;3,83;0,82;228;false;true;true;3,32;0;2,8
854;3,83;0,82;228;false;true;true;3,34;0;2,82
855;3,83;0,81;228;false;true;true;3,35;0;2,84
856;3,83;0,8;228;false;true;true;3,37;0;2,86
857;3,84;0,8;228;false;true;true;3,38;0;2,88
858;3,84;0,8;228;false;true;true;3,4;0;2,91
859;3,84;0,79;228;false;true;true;3,42;0;2,94
860;3,85;0,8;228;false;true;true;3,44;0;2,97
861;3,85;0,8;228;false;true;true;3,47;0;3,01
862;3,85;0,82;228;false;true;true;3,5;0;3,05
863;3,85;0,83;228;false;true;true;3,54;0;3,1
864;3,86;0,87;228;false;true;true;3,58;0;3,17
865;3,86;0,93;228;false;true;true;3,64;0;3,27
866;3,86;1,04;228;false;true;true;3,71;0;3,43
867;3,86;1,18;227;false;true;true;3,33;0;2,66
868;3,86;1,07;227;false;true;true;3,21;0;2,69
869;3,87;1;227;false;true;true;3,15;0;2,71
870;3,87;0,96;227;false;true;true;3,17;0;2,74
871;3,87;0,93;227;false;true;true;3,21;0;2,77
872;3,88;0,9;227;false;true;true;3,24;0;2,8
873;3,88;0,89;227;false;true;true;3,28;0;2,83
874;3,88;0,88;227;false;true;true;3,31;0;2,87
875;3,88;0,89;227;false;true;true;3,34;0;2,92
876;3,88;0,91;227;false;true;true;3,38;0;2,99
877;3,89;0,96;227;false;true;true;3,44;0;3,09
878;3,89;1,09;227;false;true;true;3,51;0;3,27
879;3,89;1,11;226;false;true;true;3,13;0;2,48
880;3,89;1;226;false;true;true;3,03;0;2,49
881;3,9;0,93;226;false;true;true;2,96;0;2,51
882;3,9;0,87;226;false;true;true;2,91;0;2,52
883;3,9;0,83;226;false;true;true;2,94;0;2,53
884;3,91;0,8;226;false;true;true;2,97;0;2,54
885;3,91;0,77;226;false;true;true;2,99;0;2,55
886;3,91;0,75;226;false;true;true;3;0;2,55
887;3,91;0,73;226;false;true;true;3,01;0;2,56
888;3,92;0,71;226;false;true;true;3,02;0;2,57
889;3,92;0,69;226;false;true;true;3,03;0;2,58
890;3,92;0,68;226;false;true;true;3,04;0;2,58
891;3,92;0,66;226;false;true;true;3,05;0;2,59
892;3,93;0,65;226;false;true;true;3,05;0;2,6
893;3,93;0,63;226;false;true;true;3,05;0;2,6
894;3,93;0,62;226;false;true;true;3,06;0;2,61
895;3,93;0,61;226;false;true;true;3,06;0;2,62
896;3,93;0,6;226;false;true;true;3,06;0;2,62
897;3,94;0,59;226;false;true;true;3,06;0;2,63
898;3,94;0,58;226;false;true;true;3,06;0;2,63
899;3,94;0,57;226;false;true;true;3,06;0;2,64
900;3,94;0,56;226;false;true;true;3,06;0;2,64
901;3,95;0,55;226;false;true;true;3,06;0;2,65
902;3,95;0,54;226;false;true;true;3,06;0;2,66
903;3,95;0,54;226;false;true;true;3,07;0;2,66
904;3,95;0,53;226;false;true;true;3,07;0;2,67
905;3,96;0,52;226;false;true;true;3,07;0;2,67
906;3,96;0,52;226;false;true;true;3,07;0;2,68
907;3,96;0,51;226;false;true;true;3,07;0;2,68
908;3,96;0,5;226;false;true;true;3,07;0;2,69
909;3,97;0,49;226;false;true;true;3,07;0;2,69
910;3,97;0,49;226;false;true;true;3,08;0;2,7
911;3,97;0,49;226;false;true;true;3,08;0;2,7
912;3,98;0,49;226;false;true;true;3,08;0;2,71
913;3,98;0,48;226;false;true;true;3,09;0;2,71
914;3,98;0,48;226;false;true;true;3,09;0;2,72
915;3,98;0,47;226;false;true;true;3,09;0;2,73
916;3,99;0,47;226;false;true;true;3,09;0;2,73
917;3,99;0,47;226;false;true;true;3,1;0;2,74
918;3,99;0,46;226;false;true;true;3,1;0;2,75
919;3,99;0,46;226;false;true;true;3,1;0;2,75
920;4;0,46;226;false;true;true;3,11;0;2,76
921;4;0,46;226;false;true;true;3,11;0;2,77
922;4;0,45;226;false;true;true;3,12;0;2,77
923;4;0,45;226;false;true;true;3,12;0;2,78
924;4,01;0,45;226;false;true;true;3,13;0;2,79
925;4,01;0,45;226;false;true;true;3,13;0;2,8
926;4,01;0,45;226;false;true;true;3,14;0;2,81
927;4,01;0,45;226;false;true;true;3,14;0;2,82
928;4,02;0,45;226;false;true;true;3,15;0;2,83
929;4,02;0,45;226;false;true;true;3,16;0;2,84
930;4,02;0,45;226;false;true;true;3,17;0;2,86
931;4,02;0,46;226;false;true;true;3,18;0;2,87
932;4,03;0,46;226;false;true;true;3,19;0;2,89
933;4,03;0,46;226;false;true;true;3,2;0;2,91
934;4,03;0,47;226;false;true;true;3,22;0;2,93
935;4,03;0,49;226;false;true;true;3,24;0;2,96
936;4,04;0,5;226;false;true;true;3,26;0;2,99
937;4,04;0,53;226;false;true;true;3,29;0;3,03
938;4,04;0,57;226;false;true;true;3,32;0;3,09
939;4,04;0,64;226;false;true;true;3,37;0;3,19
940;4,05;0,78;226;false;true;true;3,45;0;3,36
941;4,05;0,87;225;false;true;true;3,02;0;2,6
942;4,05;0,8;225;false;true;true;2,92;0;2,62
943;4,05;0,75;225;false;true;true;2,85;0;2,64
944;4,05;0,71;225;false;true;true;2,89;0;2,66
945;4,06;0,69;225;false;true;true;2,94;0;2,69
946;4,06;0,67;225;false;true;true;2,99;0;2,71
947;4,06;0,66;225;false;true;true;3,03;0;2,73
948;4,06;0,66;225;false;true;true;3,06;0;2,75
949;4,07;0,65;225;false;true;true;3,09;0;2,77
950;4,07;0,65;225;false;true;true;3,12;0;2,8
951;4,07;0,65;225;false;true;true;3,15;0;2,83
952;4,07;0,66;225;false;true;true;3,18;0;2,87
953;4,07;0,68;225;false;true;true;3,21;0;2,91
954;4,08;0,71;225;false;true;true;3,25;0;2,97
955;4,08;0,75;225;false;true;true;3,3;0;3,05
956;4,08;0,85;225;false;true;true;3,37;0;3,18
957;4,09;0,96;224;false;true;true;3,15;0;2,56
958;4,09;0,86;224;false;true;true;3,04;0;2,57
959;4,09;0,79;224;false;true;true;2,96;0;2,59
960;4,09;0,75;224;false;true;true;2,91;0;2,6
961;4,1;0,72;224;false;true;true;2,91;0;2,61
962;4,1;0,69;224;false;true;true;2,94;0;2,62
963;4,1;0,67;224;false;true;true;2,97;0;2,63
964;4,1;0,65;224;false;true;true;2,99;0;2,65
965;4,11;0,64;224;false;true;true;3,01;0;2,66
966;4,11;0,62;224;false;true;true;3,02;0;2,67
967;4,11;0,61;224;false;true;true;3,04;0;2,68
968;4,11;0,6;224;false;true;true;3,05;0;2,69
969;4,11;0,59;224;false;true;true;3,06;0;2,7
970;4,12;0,58;224;false;true;true;3,07;0;2,71
971;4,12;0,58;224;false;true;true;3,08;0;2,72
972;4,12;0,57;224;false;true;true;3,09;0;2,74
973;4,12;0,57;224;false;true;true;3,1;0;2,75
974;4,13;0,56;224;false;true;true;3,11;0;2,76
975;4,13;0,56;224;false;true;true;3,13;0;2,78
976;4,13;0,55;224;false;true;true;3,13;0;2,79
977;4,13;0,55;224;false;true;true;3,15;0;2,81
978;4,13;0,56;224;false;true;true;3,17;0;2,83
979;4,14;0,56;224;false;true;true;3,18;0;2,86
980;4,14;0,57;224;false;true;true;3,2;0;2,88
981;4,14;0,58;224;false;true;true;3,22;0;2,92
982;4,14;0,6;224;false;true;true;3,25;0;2,96
983;4,14;0,63;224;false;true;true;3,29;0;3,01
984;4,15;0,68;224;false;true;true;3,33;0;3,09
985;4,15;0,78;224;false;true;true;3,39;0;3,21
986;4,15;0,9;223;false;true;true;3,1;0;2,55
987;4,16;0,81;223;false;true;true;3;0;2,57
988;4,16;0,74;223;false;true;true;2,91;0;2,58
989;4,16;0,69;223;false;true;true;2,86;0;2,59
990;4,16;0,66;223;false;true;true;2,89;0;2,6
991;4,16;0,63;223;false;true;true;2,91;0;2,61
992;4,17;0,61;223;false;true;true;2,94;0;2,62
993;4,17;0,59;223;false;true;true;2,95;0;2,63
994;4,17;0,57;223;false;true;true;2,97;0;2,64
995;4,17;0,56;223;false;true;true;2,98;0;2,64
996;4,18;0,55;223;false;true;true;2,99;0;2,65
997;4,18;0,54;223;false;true;true;2,99;0;2,66
998;4,18;0,53;223;false;true;true;3;0;2,67
999;4,18;0,52;223;false;true;true;3,01;0;2,67
1000;4,18;0,51;223;false;true;true;3,02;0;2,68
1001;4,19;0,5;223;false;true;true;3,02;0;2,69
1002;4,19;0,5;223;false;true;true;3,03;0;2,7
1003;4,19;0,48;223;false;true;true;3,03;0;2,7
1004;4,19;0,48;223;false;true;true;3,04;0;2,71
1005;4,2;0,47;223;false;true;true;3,04;0;2,72
1006;4,2;0,46;223;false;true;true;3,04;0;2,73
1007;4,2;0,46;223;false;true;true;3,05;0;2,74
1008;4,2;0,45;223;false;true;true;3,05;0;2,74
1009;4,2;0,45;223;false;true;true;3,06;0;2,75
1010;4,21;0,45;223;false;true;true;3,07;0;2,76
1011;4,21;0,44;223;false;true;true;3,07;0;2,77
1012;4,21;0,44;223;false;true;true;3,08;0;2,78
1013;4,21;0,44;223;false;true;true;3,08;0;2,79
1014;4,22;0,43;223;false;true;true;3,09;0;2,81
1015;4,22;0,43;223;false;true;true;3,09;0;2,82
1016;4,22;0,43;223;false;true;true;3,11;0;2,83
1017;4,22;0,43;223;false;true;true;3,12;0;2,85
1018;4,23;0,44;223;false;true;true;3,13;0;2,87
1019;4,23;0,44;223;false;true;true;3,15;0;2,89
1020;4,23;0,45;223;false;true;true;3,16;0;2,91
1021;4,23;0,46;223;false;true;true;3,18;0;2,94
1022;4,23;0,48;223;false;true;true;3,2;0;2,97
1023;4,24;0,5;223;false;true;true;3,23;0;3,02
1024;4,24;0,54;223;false;true;true;3,27;0;3,08
1025;4,24;0,6;223;false;true;true;3,31;0;3,17
1026;4,24;0,74;223;false;true;true;3,39;0;3,33
1027;4,25;0,78;222;false;true;true;2,99;0;2,55
1028;4,25;0,69;222;false;true;true;2,89;0;2,56
1029;4,25;0,64;222;false;true;true;2,83;0;2,57
1030;4,25;0,6;222;false;true;true;2,8;0;2,58
1031;4,26;0,56;222;false;true;true;2,83;0;2,59
1032;4,26;0,53;222;false;true;true;2,85;0;2,6
1033;4,26;0,51;222;false;true;true;2,87;0;2,6
1034;4,26;0,5;222;false;true;true;2,89;0;2,61
1035;4,26;0,48;222;false;true;true;2,9;0;2,61
1036;4,27;0,46;222;false;true;true;2,9;0;2,62
1037;4,27;0,45;222;false;true;true;2,91;0;2,62
1038;4,27;0,44;222;false;true;true;2,91;0;2,63
1039;4,27;0,43;222;false;true;true;2,92;0;2,63
1040;4,27;0,42;222;false;true;true;2,92;0;2,64
1041;4,28;0,4;222;false;true;true;2,92;0;2,64
1042;4,28;0,4;222;false;true;true;2,92;0;2,64
1043;4,28;0,39;222;false;true;true;2,93;0;2,65
1044;4,28;0,39;222;false;true;true;2,93;0;2,65
1045;4,29;0,38;222;false;true;true;2,93;0;2,65
1046;4,29;0,37;222;false;true;true;2,93;0;2,66
1047;4,29;0,36;222;false;true;true;2,93;0;2,66
1048;4,29;0,36;222;false;true;true;2,93;0;2,66
1049;4,3;0,35;222;false;true;true;2,93;0;2,67
1050;4,3;0,34;222;false;true;true;2,92;0;2,67
1051;4,3;0,33;222;false;true;true;2,92;0;2,67
1052;4,3;0,33;222;false;true;true;2,93;0;2,68
1053;4,31;0,33;222;false;true;true;2,93;0;2,68
1054;4,31;0,32;222;false;true;true;2,93;0;2,68
1055;4,31;0,32;222;false;true;true;2,93;0;2,69
1056;4,31;0,31;222;false;true;true;2,93;0;2,69
1057;4,32;0,31;222;false;true;true;2,93;0;2,69
1058;4,32;0,3;222;false;true;true;2,93;0;2,7
1059;4,32;0,3;222;false;true;true;2,93;0;2,7
1060;4,32;0,3;222;false;true;true;2,93;0;2,7
1061;4,33;0,29;222;false;true;true;2,93;0;2,71
1062;4,33;0,29;222;false;true;true;2,93;0;2,71
1063;4,33;0,28;222;false;true;true;2,93;0;2,71
1064;4,33;0,28;222;false;true;true;2,93;0;2,72
1065;4,34;0,27;222;false;true;true;2,93;0;2,72
1066;4,34;0,27;222;false;true;true;2,93;0;2,72
1067;4,34;0,27;222;false;true;true;2,93;0;2,73
1068;4,34;0,27;222;false;true;true;2,93;0;2,73
1069;4,35;0,26;222;false;true;true;2,93;0;2,73
1070;4,35;0,26;222;false;true;true;2,93;0;2,74
1071;4,35;0,26;222;false;true;true;2,93;0;2,74
1072;4,36;0,26;222;false;true;true;2,94;0;2,74
1073;4,36;0,25;222;false;true;true;2,94;0;2,75
1074;4,36;0,25;222;false;true;true;2,94;0;2,75
1075;4,36;0,25;222;false;true;true;2,94;0;2,75
1076;4,37;0,24;222;false;true;true;2,94;0;2,76
1077;4,37;0,24;222;false;true;true;2,94;0;2,76
1078;4,37;0,24;222;false;true;true;2,94;0;2,76
1079;4,37;0,23;222;false;true;true;2,94;0;2,77
1080;4,38;0,23;222;false;true;true;2,94;0;2,77
1081;4,38;0,23;222;false;true;true;2,94;0;2,77
1082;4,38;0,23;222;false;true;true;2,95;0;2,78
1083;4,38;0,23;222;false;true;true;2,95;0;2,78
1084;4,39;0,22;222;false;true;true;2,95;0;2,79
1085;4,39;0,22;222;false;true;true;2,95;0;2,79
1086;4,39;0,22;222;false;true;true;2,96;0;2,79
1087;4,4;0,22;222;false;true;true;2,96;0;2,8
1088;4,4;0,22;222;false;true;true;2,96;0;2,8
1089;4,41;0,22;222;false;true;true;2,96;0;2,81
1090;4,41;0,22;222;false;true;true;2,97;0;2,81
1091;4,41;0,22;222;false;true;true;2,97;0;2,82
1092;4,41;0,22;222;false;true;true;2,97;0;2,82
1093;4,42;0,21;222;false;true;true;2,98;0;2,83
1094;4,42;0,21;222;false;true;true;2,98;0;2,84
1095;4,42;0,21;222;false;true;true;2,98;0;2,84
1096;4,43;0,21;222;false;true;true;2,99;0;2,85
1097;4,43;0,21;222;false;true;true;2,99;0;2,86
1098;4,43;0,21;222;false;true;true;3;0;2,86
1099;4,43;0,21;222;false;true;true;3;0;2,87
1100;4,44;0,22;222;false;true;true;3,01;0;2,88
1101;4,44;0,22;222;false;true;true;3,02;0;2,89
1102;4,44;0,22;222;false;true;true;3,03;0;2,9
1103;4,45;0,23;222;false;true;true;3,04;0;2,92
1104;4,45;0,23;222;false;true;true;3,05;0;2,93
1105;4,45;0,24;222;false;true;true;3,06;0;2,95
1106;4,45;0,25;222;false;true;true;3,08;0;2,96
1107;4,46;0,26;222;false;true;true;3,09;0;2,99
1108;4,46;0,28;222;false;true;true;3,12;0;3,02
1109;4,46;0,3;222;false;true;true;3,14;0;3,05
1110;4,47;0,33;222;false;true;true;3,17;0;3,1
1111;4,47;0,38;222;false;true;true;3,21;0;3,17
1112;4,47;0,48;222;false;true;true;3,26;0;3,3
1113;4,47;0,65;221;false;true;true;2,84;0;2,57
1114;4,48;0,57;221;false;true;true;2,74;0;2,59
1115;4,48;0,51;221;false;true;true;2,67;0;2,6
1116;4,48;0,47;221;false;true;true;2,7;0;2,61
1117;4,49;0,45;221;false;true;true;2,74;0;2,62
1118;4,49;0,43;221;false;true;true;2,77;0;2,63
1119;4,49;0,41;221;false;true;true;2,8;0;2,64
1120;4,5;0,39;221;false;true;true;2,81;0;2,65
1121;4,5;0,38;221;false;true;true;2,83;0;2,66
1122;4,5;0,37;221;false;true;true;2,84;0;2,66
1123;4,5;0,36;221;false;true;true;2,86;0;2,67
1124;4,51;0,36;221;false;true;true;2,86;0;2,68
1125;4,51;0,35;221;false;true;true;2,87;0;2,69
1126;4,51;0,34;221;false;true;true;2,88;0;2,69
1127;4,52;0,33;221;false;true;true;2,89;0;2,7
1128;4,52;0,33;221;false;true;true;2,9;0;2,71
1129;4,52;0,33;221;false;true;true;2,9;0;2,72
1130;4,53;0,32;221;false;true;true;2,91;0;2,72
1131;4,53;0,32;221;false;true;true;2,92;0;2,73
1132;4,53;0,32;221;false;true;true;2,93;0;2,74
1133;4,53;0,31;221;false;true;true;2,93;0;2,75
1134;4,54;0,31;221;false;true;true;2,94;0;2,75
1135;4,54;0,31;221;false;true;true;2,95;0;2,76
1136;4,54;0,3;221;false;true;true;2,95;0;2,77
1137;4,55;0,3;221;false;true;true;2,96;0;2,78
1138;4,55;0,3;221;false;true;true;2,97;0;2,79
1139;4,55;0,3;221;false;true;true;2,97;0;2,8
1140;4,55;0,3;221;false;true;true;2,98;0;2,81
1141;4,56;0,3;221;false;true;true;2,99;0;2,82
1142;4,56;0,3;221;false;true;true;3;0;2,83
1143;4,56;0,3;221;false;true;true;3,01;0;2,85
1144;4,57;0,3;221;false;true;true;3,02;0;2,86
1145;4,57;0,31;221;false;true;true;3,03;0;2,88
1146;4,57;0,31;221;false;true;true;3,04;0;2,89
1147;4,57;0,32;221;false;true;true;3,06;0;2,92
1148;4,57;0,33;221;false;true;true;3,08;0;2,94
1149;4,58;0,34;221;false;true;true;3,1;0;2,97
1150;4,58;0,36;221;false;true;true;3,12;0;3,01
1151;4,58;0,4;221;false;true;true;3,16;0;3,06
1152;4,58;0,45;221;false;true;true;3,2;0;3,14
1153;4,59;0,54;221;false;true;true;3,26;0;3,26
1154;4,59;0,69;220;false;true;true;2,91;0;2,54
1155;4,59;0,59;220;false;true;true;2,8;0;2,55
1156;4,59;0,53;220;false;true;true;2,73;0;2,56
1157;4,59;0,49;220;false;true;true;2,7;0;2,57
1158;4,6;0,46;220;false;true;true;2,73;0;2,58
1159;4,6;0,43;220;false;true;true;2,75;0;2,58
1160;4,6;0,41;220;false;true;true;2,77;0;2,59
1161;4,6;0,39;220;false;true;true;2,79;0;2,59
1162;4,61;0,38;220;false;true;true;2,8;0;2,6
1163;4,61;0,36;220;false;true;true;2,8;0;2,6
1164;4,61;0,35;220;false;true;true;2,81;0;2,61
1165;4,61;0,34;220;false;true;true;2,81;0;2,61
1166;4,62;0,32;220;false;true;true;2,81;0;2,61
1167;4,62;0,31;220;false;true;true;2,81;0;2,62
1168;4,62;0,3;220;false;true;true;2,81;0;2,62
1169;4,62;0,29;220;false;true;true;2,81;0;2,62
1170;4,63;0,28;220;false;true;true;2,81;0;2,62
1171;4,63;0,28;220;false;true;true;2,82;0;2,63
1172;4,63;0,27;220;false;true;true;2,82;0;2,63
1173;4,63;0,27;220;false;true;true;2,82;0;2,63
1174;4,63;0,26;220;false;true;true;2,82;0;2,63
1175;4,64;0,25;220;false;true;true;2,82;0;2,64
1176;4,64;0,25;220;false;true;true;2,81;0;2,64
1177;4,64;0,24;220;false;true;true;2,81;0;2,64
1178;4,64;0,23;220;false;true;true;2,81;0;2,64
1179;4,65;0,23;220;false;true;true;2,81;0;2,64
1180;4,65;0,22;220;false;true;true;2,81;0;2,65
1181;4,65;0,22;220;false;true;true;2,81;0;2,65
1182;4,65;0,21;220;false;true;true;2,81;0;2,65
1183;4,66;0,21;220;false;true;true;2,8;0;2,65
1184;4,66;0,2;220;false;true;true;2,8;0;2,65
1185;4,66;0,2;220;false;true;true;2,8;0;2,66
1186;4,66;0,19;220;false;true;true;2,8;0;2,66
1187;4,66;0,19;220;false;true;true;2,8;0;2,66
1188;4,67;0,18;220;false;true;true;2,79;0;2,66
1189;4,67;0,18;220;false;true;true;2,79;0;2,66
1190;4,67;0,18;220;false;true;true;2,79;0;2,66
1191;4,67;0,17;220;false;true;true;2,79;0;2,66
1192;4,67;0,17;220;false;true;true;2,79;0;2,67
1193;4,68;0,16;220;false;true;true;2,79;0;2,67
1194;4,68;0,16;220;false;true;true;2,79;0;2,67
1195;4,68;0,15;220;false;true;true;2,78;0;2,67
1196;4,68;0,15;220;false;true;true;2,79;0;2,67
1197;4,69;0,15;220;false;true;true;2,79;0;2,67
1198;4,69;0,15;220;false;true;true;2,79;0;2,67
1199;4,69;0,15;220;false;true;true;2,79;0;2,67
1200;4,7;0,14;220;false;true;true;2,78;0;2,68
1201;4,7;0,14;220;false;true;true;2,78;0;2,68
1202;4,7;0,14;220;false;true;true;2,78;0;2,68
1203;4,7;0,13;220;false;true;true;2,78;0;2,68
1204;4,71;0,13;220;false;true;true;2,78;0;2,68
1205;4,71;0,13;220;false;true;true;2,78;0;2,68
1206;4,71;0,13;220;false;true;true;2,78;0;2,68
1207;4,72;0,12;220;false;true;true;2,78;0;2,68
1208;4,72;0,12;220;false;true;true;2,78;0;2,68
1209;4,72;0,12;220;false;true;true;2,78;0;2,69
1210;4,72;0,12;220;false;true;true;2,78;0;2,69
1211;4,73;0,12;220;false;true;true;2,78;0;2,69
1212;4,73;0,11;220;false;true;true;2,77;0;2,69
1213;4,73;0,11;220;false;true;true;2,77;0;2,69
1214;4,74;0,11;220;false;true;true;2,77;0;2,69
1215;4,74;0,11;220;false;true;true;2,77;0;2,69
1216;4,74;0,1;220;false;true;true;2,77;0;2,69
1217;4,74;0,11;220;false;true;true;2,77;0;2,69
1218;4,75;0,1;220;false;true;true;2,77;0;2,69
1219;4,75;0,1;220;false;true;true;2,77;0;2,69
1220;4,76;0,1;220;false;true;true;2,77;0;2,7
1221;4,76;0,09;220;false;true;true;2,77;0;2,7
1222;4,76;0,09;220;false;true;true;2,77;0;2,7
1223;4,76;0,09;220;false;true;true;2,77;0;2,7
1224;4,76;0,09;220;false;true;true;2,77;0;2,7
1225;4,77;0,09;220;false;true;true;2,77;0;2,7
1226;4,77;0,09;220;false;true;true;2,77;0;2,7
1227;4,77;0,08;220;false;true;true;2,77;0;2,7
1228;4,77;0,08;220;false;true;true;2,77;0;2,7
1229;4,78;0,08;220;false;true;true;2,76;0;2,7
1230;4,78;0,08;220;false;true;true;2,76;0;2,7
1231;4,78;0,08;220;false;true;true;2,76;0;2,7
1232;4,78;0,08;220;false;true;true;2,76;0;2,7
1233;4,79;0,08;220;false;true;true;2,76;0;2,7
1234;4,79;0,07;220;false;true;true;2,76;0;2,71
1235;4,79;0,07;220;false;true;true;2,76;0;2,71
1236;4,79;0,07;220;false;true;true;2,76;0;2,71
1237;4,8;0,07;220;false;true;true;2,76;0;2,71
1238;4,8;0,07;220;false;true;true;2,76;0;2,71
1239;4,8;0,07;220;false;true;true;2,76;0;2,71
1240;4,8;0,07;220;false;true;true;2,76;0;2,71
1241;4,8;0,06;220;false;true;true;2,76;0;2,71
1242;4,81;0,06;220;false;true;true;2,76;0;2,71
1243;4,81;0,06;220;false;true;true;2,76;0;2,71
1244;4,81;0,06;220;false;true;true;2,76;0;2,71
1245;4,81;0,06;220;false;true;true;2,76;0;2,71
1246;4,82;0,06;220;false;true;true;2,76;0;2,71
1247;4,82;0,06;220;false;true;true;2,76;0;2,71
1248;4,82;0,06;220;false;true;true;2,76;0;2,71
1249;4,83;0,06;220;false;true;true;2,76;0;2,71
1250;4,83;0,06;220;false;true;true;2,76;0;2,71
1251;4,83;0,05;220;false;true;true;2,76;0;2,72
1252;4,83;0,05;220;false;true;true;2,76;0;2,72
1253;4,84;0,05;220;false;true;true;2,75;0;2,72
1254;4,84;0,05;220;false;true;true;2,76;0;2,72
1255;4,84;0,05;220;false;true;true;2,76;0;2,72
1256;4,84;0,05;220;false;true;true;2,75;0;2,72
1257;4,85;0,05;220;false;true;true;2,75;0;2,72
1258;4,85;0,05;220;false;true;true;2,75;0;2,72
1259;4,85;0,05;220;false;true;true;2,75;0;2,72
1260;4,85;0,05;220;false;true;true;2,76;0;2,72
1261;4,86;0,05;220;false;true;true;2,76;0;2,72
1262;4,86;0,04;220;false;true;true;2,75;0;2,72
1263;4,86;0,05;220;false;true;true;2,76;0;2,72
1264;4,86;0,05;220;false;true;true;2,76;0;2,72
1265;4,86;0,04;220;false;true;true;2,75;0;2,72
1266;4,87;0,04;220;false;true;true;2,75;0;2,72
1267;4,87;0,04;220;false;true;true;2,75;0;2,72
1268;4,87;0,04;220;false;true;true;2,75;0;2,72
1269;4,87;0,04;220;false;true;true;2,75;0;2,72
1270;4,88;0,04;220;false;true;true;2,75;0;2,72
1271;4,88;0,04;220;false;true;true;2,75;0;2,72
1272;4,88;0,04;220;false;true;true;2,75;0;2,72
1273;4,88;0,04;220;false;true;true;2,75;0;2,72
1274;4,88;0,03;220;false;true;true;2,75;0;2,72
1275;4,89;0,03;220;false;true;true;2,75;0;2,73
1276;4,89;0,04;220;false;true;true;2,75;0;2,73
1277;4,89;0,03;220;false;true;true;2,75;0;2,73
1278;4,89;0,04;220;false;true;true;2,75;0;2,73
1279;4,9;0,04;220;false;true;true;2,75;0;2,73
1280;4,9;0,03;220;false;true;true;2,75;0;2,73
1281;4,9;0,03;220;false;true;true;2,75;0;2,73
1282;4,9;0,03;220;false;true;true;2,75;0;2,73
1283;4,91;0,03;220;false;true;true;2,75;0;2,73
1284;4,91;0,03;220;false;true;true;2,75;0;2,73
1285;4,91;0,03;220;false;true;true;2,75;0;2,73
1286;4,91;0,03;220;false;true;true;2,75;0;2,73
1287;4,91;0,03;220;false;true;true;2,75;0;2,73
1288;4,92;0,03;220;false;true;true;2,75;0;2,73
1289;4,92;0,03;220;false;true;true;2,75;0;2,73
1290;4,92;0,03;220;false;true;true;2,75;0;2,73
1291;4,93;0,03;220;false;true;true;2,75;0;2,73
1292;4,93;0,03;220;false;true;true;2,75;0;2,73
1293;4,93;0,03;220;false;true;true;2,75;0;2,73
1294;4,93;0,02;220;false;true;true;2,75;0;2,73
1295;4,93;0,02;220;false;true;true;2,75;0;2,73
1296;4,94;0,02;220;false;true;true;2,75;0;2,73
1297;4,94;0,03;220;false;true;true;2,75;0;2,73
1298;4,94;0,02;220;false;true;true;2,75;0;2,73
1299;4,95;0,03;220;false;true;true;2,75;0;2,73
1300;4,95;0,02;220;false;true;true;2,75;0;2,73
1301;4,95;0,03;220;false;true;true;2,75;0;2,73
1302;4,95;0,02;220;false;true;true;2,75;0;2,73
1303;4,96;0,02;220;false;true;true;2,75;0;2,73
1304;4,96;0,02;220;false;true;true;2,75;0;2,73
1305;4,96;0,02;220;false;true;true;2,75;0;2,73
1306;4,97;0,02;220;false;true;true;2,75;0;2,73
1307;4,97;0,02;220;false;true;true;2,75;0;2,73
1308;4,97;0,02;220;false;true;true;2,75;0;2,73
1309;4,97;0,02;220;false;true;true;2,75;0;2,73
1310;4,98;0,02;220;false;true;true;2,75;0;2,73
1311;4,98;0,02;220;false;true;true;2,75;0;2,73
1312;4,99;0,02;220;false;true;true;2,75;0;2,73
1313;4,99;0,02;220;false;true;true;2,75;0;2,73
1314;4,99;0,02;220;false;true;true;2,75;0;2,73
1315;4,99;0,02;220;false;true;true;2,75;0;2,74
1316;5;0,02;220;false;true;true;2,75;0;2,74
1317;5;0,02;220;false;true;true;2,75;0;2,74
1318;5;0,02;220;false;true;true;2,75;0;2,74
1319;5,01;0,02;220;false;true;true;2,75;0;2,74
1320;5,01;0,02;220;false;true;true;2,75;0;2,74
1321;5,01;0,02;220;false;true;true;2,75;0;2,74
1322;5,01;0,02;220;false;true;true;2,75;0;2,74
1323;5,02;0,02;220;false;true;true;2,75;0;2,74
1324;5,02;0,02;220;false;true;true;2,75;0;2,74
1325;5,02;0,01;220;false;true;true;2,75;0;2,74
1326;5,02;0,02;220;false;true;true;2,75;0;2,74
1327;5,03;0,02;220;false;true;true;2,75;0;2,74
1328;5,03;0,02;220;false;true;true;2,75;0;2,74
1329;5,03;0,02;220;false;true;true;2,75;0;2,74
1330;5,03;0,02;220;false;true;true;2,75;0;2,74
1331;5,03;0,02;220;false;true;true;2,75;0;2,74
1332;5,04;0,02;220;false;true;true;2,75;0;2,74
1333;5,04;0,01;220;false;true;true;2,75;0;2,74
1334;5,04;0,01;220;false;true;true;2,75;0;2,74
1335;5,04;0,02;220;false;true;true;2,75;0;2,74
1336;5,05;0,01;220;false;true;true;2,75;0;2,74
1337;5,05;0,01;220;false;true;true;2,75;0;2,74
1338;5,05;0,01;220;false;true;true;2,75;0;2,74
1339;5,05;0,01;220;false;true;true;2,75;0;2,74
1340;5,05;0,01;220;false;true;true;2,75;0;2,74
1341;5,06;0,01;220;false;true;true;2,75;0;2,74
1342;5,06;0,02;220;false;true;true;2,75;0;2,74
1343;5,06;0,02;220;false;true;true;2,75;0;2,74
1344;5,07;0,02;220;false;true;true;2,75;0;2,74
1345;5,07;0,02;220;false;true;true;2,75;0;2,74
1346;5,07;0,01;220;false;true;true;2,75;0;2,74
1347;5,07;0,01;220;false;true;true;2,75;0;2,74
1348;5,08;0,01;220;false;true;true;2,75;0;2,74
1349;5,08;0,01;220;false;true;true;2,75;0;2,74
1350;5,08;0,01;220;false;true;true;2,75;0;2,74
1351;5,09;0,01;220;false;true;true;2,75;0;2,74
1352;5,09;0,01;220;false;true;true;2,75;0;2,74
1353;5,09;0,01;220;false;true;true;2,75;0;2,74
1354;5,09;0,01;220;false;true;true;2,74;0;2,74
1355;5,1;0,01;220;false;true;true;2,74;0;2,74
1356;5,1;0,01;220;false;true;true;2,75;0;2,74
1357;5,1;0,01;220;false;true;true;2,75;0;2,74
1358;5,11;0,01;220;false;true;true;2,75;0;2,74
1359;5,11;0,01;220;false;true;true;2,75;0;2,74
1360;5,11;0,01;220;false;true;true;2,75;0;2,74
1361;5,11;0,01;220;false;true;true;2,74;0;2,74
1362;5,12;0,01;220;false;true;true;2,75;0;2,74
1363;5,12;0,01;220;false;true;true;2,75;0;2,74
1364;5,12;0,01;220;false;true;true;2,75;0;2,74
1365;5,12;0,01;220;false;true;true;2,75;0;2,74
1366;5,13;0,01;220;false;true;true;2,75;0;2,74
1367;5,13;0,01;220;false;true;true;2,75;0;2,74
1368;5,13;0,01;220;false;true;true;2,75;0;2,74
1369;5,14;0;220;false;true;true;2,74;0;2,74
1370;5,14;0;220;false;true;true;2,74;0;2,74
1371;5,14;0;220;false;true;true;2,74;0;2,74
1372;5,14;0;220;false;true;true;2,74;0;2,74
1373;5,15;0;220;false;true;true;2,74;0;2,74
1374;5,15;0;220;false;true;true;2,74;0;2,74
1375;5,15;0;220;false;true;true;2,74;0;2,74
1376;5,15;0,01;220;false;true;true;2,75;0;2,74
1377;5,16;0;220;false;true;true;2,74;0;2,74
1378;5,16;0;220;false;true;true;2,74;0;2,74
1379;5,16;0;220;false;true;true;2,74;0;2,74
1380;5,16;0;220;false;true;true;2,74;0;2,74
1381;5,16;0;220;false;true;true;2,74;0;2,74
1382;5,17;0;220;false;true;true;2,74;0;2,74
1383;5,17;0;220;false;true;true;2,75;0;2,74
1384;5,17;0;220;false;true;true;2,75;0;2,74
1385;5,17;0,01;220;false;true;true;2,75;0;2,74
1386;5,18;0;220;false;true;true;2,74;0;2,74
1387;5,18;0;220;false;true;true;2,75;0;2,74
1388;5,18;0,01;220;false;true;true;2,75;0;2,74
1389;5,18;0;220;false;true;true;2,75;0;2,74
1390;5,19;0,01;220;false;true;true;2,75;0;2,74
1391;5,19;0,01;220;false;true;true;2,75;0;2,74
1392;5,19;0,01;220;false;true;true;2,75;0;2,74
1393;5,19;0,01;220;false;true;true;2,75;0;2,74
1394;5,2;0,01;220;false;true;true;2,75;0;2,74
1395;5,2;0;220;false;true;true;2,75;0;2,74
1396;5,2;0;220;false;true;true;2,74;0;2,74
1397;5,2;0,01;220;false;true;true;2,75;0;2,74
1398;5,2;0,01;220;false;true;true;2,75;0;2,74
1399;5,2;0,01;220;false;true;true;2,75;0;2,74
1400;5,21;0,01;220;false;true;true;2,75;0;2,74
1401;5,21;0;220;false;true;true;2,74;0;2,74
1402;5,21;0;220;false;true;true;2,74;0;2,74
1403;5,21;0;220;false;true;true;2,74;0;2,74
1404;5,22;0;220;false;true;true;2,74;0;2,74
1405;5,22;0;220;false;true;true;2,74;0;2,74
1406;5,22;0;220;false;true;true;2,74;0;2,74
1407;5,22;0;220;false;true;true;2,74;0;2,74
1408;5,22;0;220;false;true;true;2,74;0;2,74
1409;5,23;0;220;false;true;true;2,74;0;2,74
1410;5,23;0;220;false;true;true;2,74;0;2,74
1411;5,24;0;220;false;true;true;2,74;0;2,74
1412;5,24;0;220;false;true;true;2,74;0;2,74
1413;5,24;0;220;false;true;true;2,74;0;2,74
1414;5,24;0;220;false;true;true;2,74;0;2,74
1415;5,25;0;220;false;true;true;2,74;0;2,74
1416;5,25;0;220;false;true;true;2,74;0;2,74
1417;5,25;0;220;false;true;true;2,74;0;2,74
1418;5,25;0;220;false;true;true;2,74;0;2,74
1419;5,26;0;220;false;true;true;2,74;0;2,74
1420;5,26;0;220;false;true;true;2,74;0;2,74
1421;5,26;0;220;false;true;true;2,74;0;2,74
1422;5,26;0;220;false;true;true;2,74;0;2,74
1423;5,26;0;220;false;true;true;2,74;0;2,74
1424;5,27;0;220;false;true;true;2,74;0;2,74
1425;5,27;0;220;false;true;true;2,74;0;2,74
1426;5,27;0;220;false;true;true;2,74;0;2,74
1427;5,28;0;220;false;true;true;2,74;0;2,74
1428;5,28;0;220;false;true;true;2,74;0;2,74
1429;5,28;0;220;false;true;true;2,74;0;2,74
1430;5,28;0;220;false;true;true;2,74;0;2,74
1431;5,29;0;220;false;true;true;2,74;0;2,74
1432;5,29;0;220;false;true;true;2,74;0;2,74
1433;5,29;0;220;false;true;true;2,74;0;2,74
1434;5,29;0;220;false;true;true;2,74;0;2,74
1435;5,3;0;220;false;true;true;2,74;0;2,74
1436;5,3;0;220;false;true;true;2,74;0;2,74
1437;5,3;0;220;false;true;true;2,74;0;2,74
1438;5,3;0;220;false;true;true;2,74;0;2,74
1439;5,3;0;220;false;true;true;2,74;0;2,74
1440;5,31;0;220;false;true;true;2,74;0;2,74
1441;5,31;0;220;false;true;true;2,74;0;2,74
1442;5,31;0;220;false;true;true;2,74;0;2,74
1443;5,32;0;220;false;true;true;2,74;0;2,74
1444;5,32;0;220;false;true;true;2,74;0;2,74
1445;5,32;0;220;false;true;true;2,74;0;2,74
1446;5,32;0;220;false;true;true;2,74;0;2,74
1447;5,33;0;220;false;true;true;2,74;0;2,74
1448;5,33;0;220;false;true;true;2,74;0;2,74
1449;5,33;0;220;false;true;true;2,74;0;2,74
1450;5,34;0;220;false;true;true;2,74;0;2,74
1451;5,34;0;220;false;true;true;2,74;0;2,74
1452;5,34;0;220;false;true;true;2,74;0;2,74
1453;5,34;0;220;false;true;true;2,74;0;2,74
1454;5,34;0;220;false;true;true;2,74;0;2,74
1455;5,35;0;220;false;true;true;2,74;0;2,74
1456;5,35;0;220;false;true;true;2,74;0;2,74
1457;5,35;0;220;false;true;true;2,74;0;2,74
1458;5,36;0;220;false;true;true;2,74;0;2,74
1459;5,36;0;220;false;true;true;2,74;0;2,74
1460;5,36;0;220;false;true;true;2,74;0;2,74
1461;5,36;0;220;false;true;true;2,74;0;2,74
1462;5,36;0;220;false;true;true;2,74;0;2,74
1463;5,37;0;220;false;true;true;2,74;0;2,74
1464;5,37;0;220;false;true;true;2,74;0;2,74
1465;5,37;0;220;false;true;true;2,74;0;2,74
1466;5,38;0;220;false;true;true;2,74;0;2,74
1467;5,38;0;220;false;true;true;2,74;0;2,74
1468;5,38;0;220;false;true;true;2,74;0;2,74
1469;5,38;0;220;false;true;true;2,74;0;2,74
1470;5,39;0;220;false;true;true;2,74;0;2,74
1471;5,39;0;220;false;true;true;2,74;0;2,74
1472;5,39;0;220;false;true;true;2,74;0;2,74
1473;5,39;0;220;false;true;true;2,74;0;2,74
1474;5,4;0;220;false;true;true;2,74;0;2,74
1475;5,4;0;220;false;true;true;2,74;0;2,74
1476;5,4;0;220;false;true;true;2,74;0;2,74
1477;5,41;0;220;false;true;true;2,74;0;2,74
1478;5,41;0;220;false;true;true;2,74;0;2,74
1479;5,41;0;220;false;true;true;2,74;0;2,74
1480;5,41;0;220;false;true;true;2,74;0;2,74
1481;5,42;0;220;false;true;true;2,74;0;2,74
1482;5,42;0;220;false;true;true;2,74;0;2,74
1483;5,42;0;220;false;true;true;2,74;0;2,74
1484;5,43;0;220;false;true;true;2,74;0;2,74
1485;5,43;0;220;false;true;true;2,74;0;2,74
1486;5,43;0;220;false;true;true;2,74;0;2,74
1487;5,43;0;220;false;true;true;2,74;0;2,74
1488;5,44;0;220;false;true;true;2,74;0;2,74
1489;5,44;0;220;false;true;true;2,74;0;2,74
1490;5,44;0;220;false;true;true;2,74;0;2,74
1491;5,45;0;220;false;true;true;2,74;0;2,74
1492;5,45;0;220;false;true;true;2,74;0;2,74
1493;5,45;0;220;false;true;true;2,74;0;2,74
1494;5,45;0;220;false;true;true;2,74;0;2,74
1495;5,45;0;220;false;true;true;2,74;0;2,74
1496;5,46;0;220;false;true;true;2,74;0;2,74
1497;5,46;0;220;false;true;true;2,74;0;2,74
1498;5,46;0;220;false;true;true;2,74;0;2,74
1499;5,47;0;220;false;true;true;2,74;0;2,74
1500;5,47;0;220;false;true;true;2,74;0;2,74
1501;5,48;0;220;false;true;true;2,74;0;2,74
1502;5,48;0;220;false;true;true;2,74;0;2,74
1503;5,48;0;220;false;true;true;2,74;0;2,74
1504;5,48;0;220;false;true;true;2,74;0;2,74
1505;5,49;0;220;false;true;true;2,74;0;2,74
1506;5,49;0;220;false;true;true;2,74;0;2,74
1507;5,49;0;220;false;true;true;2,74;0;2,74
1508;5,49;0;220;false;true;true;2,74;0;2,74
1509;5,5;0;220;false;true;true;2,74;0;2,74
1510;5,5;0;220;false;true;true;2,74;0;2,74
1511;5,5;0;220;false;true;true;2,74;0;2,74
1512;5,51;0;220;false;true;true;2,74;0;2,74
1513;5,51;0;220;false;true;true;2,74;0;2,74
1514;5,51;0;220;false;true;true;2,74;0;2,74
1515;5,51;0;220;false;true;true;2,74;0;2,74
1516;5,51;0;220;false;true;true;2,74;0;2,74
1517;5,51;0;220;false;true;true;2,74;0;2,74
1518;5,52;0;220;false;true;true;2,74;0;2,74
1519;5,52;0;220;false;true;true;2,74;0;2,74
1520;5,52;0;220;false;true;true;2,74;0;2,74
1521;5,53;0;220;false;true;true;2,74;0;2,74
1522;5,53;0;220;false;true;true;2,74;0;2,74
1523;5,53;0;220;false;true;true;2,74;0;2,74
1524;5,53;0;220;false;true;true;2,74;0;2,74
1525;5,53;0;220;false;true;true;2,74;0;2,74
1526;5,54;0;220;false;true;true;2,74;0;2,74
1527;5,54;0;220;false;true;true;2,74;0;2,74
1528;5,54;0;220;false;true;true;2,74;0;2,74
1529;5,54;0;220;false;true;true;2,74;0;2,74
1530;5,54;0;220;false;true;true;2,74;0;2,74
1531;5,55;0;220;false;true;true;2,74;0;2,74
1532;5,55;0;220;false;true;true;2,74;0;2,74
1533;5,55;0;220;false;true;true;2,74;0;2,74
1534;5,55;0;220;false;true;true;2,74;0;2,74
1535;5,55;0;220;false;true;true;2,74;0;2,74
1536;5,56;0;220;false;true;true;2,74;0;2,74
1537;5,56;0;220;false;true;true;2,74;0;2,74
1538;5,56;0;220;false;true;true;2,74;0;2,74
1539;5,56;0;220;false;true;true;2,74;0;2,74
1540;5,57;0;220;false;true;true;2,74;0;2,74
1541;5,57;0;220;false;true;true;2,74;0;2,74
1542;5,57;0;220;false;true;true;2,74;0;2,74
1543;5,57;0;220;false;true;true;2,74;0;2,74
1544;5,57;0;220;false;true;true;2,74;0;2,74
1545;5,58;0;220;false;true;true;2,74;0;2,74
1546;5,58;0;220;false;true;true;2,74;0;2,74
1547;5,58;0;220;false;true;true;2,74;0;2,74
1548;5,59;0;220;false;true;true;2,74;0;2,74
1549;5,59;0;220;false;true;true;2,74;0;2,74
1550;5,59;0;220;false;true;true;2,74;0;2,74
1551;5,59;0;220;false;true;true;2,74;0;2,74
1552;5,59;0;220;false;true;true;2,74;0;2,74
1553;5,6;0;220;false;true;true;2,74;0;2,74
1554;5,6;0;220;false;true;true;2,74;0;2,74
1555;5,6;0;220;false;true;true;2,74;0;2,74
1556;5,6;0;220;false;true;true;2,74;0;2,74
1557;5,61;0;220;false;true;true;2,74;0;2,74
1558;5,61;0;220;false;true;true;2,74;0;2,74
1559;5,61;0;220;false;true;true;2,74;0;2,74
1560;5,61;0;220;false;true;true;2,74;0;2,74
1561;5,62;0;220;false;true;true;2,74;0;2,74
1562;5,62;0;220;false;true;true;2,74;0;2,74
1563;5,62;0;220;false;true;true;2,74;0;2,74
1564;5,63;0;220;false;true;true;2,74;0;2,74
1565;5,63;0;220;false;true;true;2,74;0;2,74
1566;5,63;0;220;false;true;true;2,74;0;2,74
1567;5,64;0;220;false;true;true;2,74;0;2,74
1568;5,64;0;220;false;true;true;2,74;0;2,74
1569;5,64;0;220;false;true;true;2,74;0;2,74
1570;5,64;0;220;false;true;true;2,74;0;2,74
1571;5,65;0;220;false;true;true;2,74;0;2,74
1572;5,65;0;220;false;true;true;2,74;0;2,74
1573;5,65;0;220;false;true;true;2,74;0;2,74
1574;5,65;0;220;false;true;true;2,74;0;2,74
1575;5,66;0;220;false;true;true;2,74;0;2,74
1576;5,66;0;220;false;true;true;2,74;0;2,74
1577;5,66;0;220;false;true;true;2,74;0;2,74
1578;5,66;0;220;false;true;true;2,74;0;2,74
1579;5,66;0;220;false;true;true;2,74;0;2,74
1580;5,67;0;220;false;true;true;2,74;0;2,74
1581;5,67;0;220;false;true;true;2,74;0;2,74
1582;5,67;0;220;false;true;true;2,74;0;2,74
1583;5,68;0;220;false;true;true;2,74;0;2,74
1584;5,68;0;220;false;true;true;2,74;0;2,74
1585;5,68;0;220;false;true;true;2,74;0;2,74
1586;5,68;0;220;false;true;true;2,74;0;2,74
1587;5,68;0;220;false;true;true;2,74;0;2,74
1588;5,69;0;220;false;true;true;2,74;0;2,74
1589;5,69;0;220;false;true;true;2,74;0;2,74
1590;5,69;0;220;false;true;true;2,74;0;2,74
1591;5,69;0;220;false;true;true;2,74;0;2,74
1592;5,7;0;220;false;true;true;2,74;0;2,74
1593;5,7;0;220;false;true;true;2,74;0;2,74
1594;5,7;0;220;false;true;true;2,74;0;2,74
1595;5,7;0;220;false;true;true;2,74;0;2,74
1596;5,7;0;220;false;true;true;2,74;0;2,74
1597;5,71;0;220;false;true;true;2,74;0;2,74
1598;5,71;0;220;false;true;true;2,74;0;2,74
1599;5,71;0;220;false;true;true;2,74;0;2,74
1600;5,71;0;220;false;true;true;2,74;0;2,74
1601;5,72;0;220;false;true;true;2,74;0;2,74
1602;5,72;0;220;false;true;true;2,74;0;2,74
1603;5,72;0;220;false;true;true;2,74;0;2,74
1604;5,72;0;220;false;true;true;2,74;0;2,74
1605;5,72;0;220;false;true;true;2,74;0;2,74
1606;5,73;0;220;false;true;true;2,74;0;2,74
1607;5,73;0;220;false;true;true;2,74;0;2,74
1608;5,73;0;220;false;true;true;2,74;0;2,74
1609;5,73;0;220;false;true;true;2,74;0;2,74
1610;5,74;0;220;false;true;true;2,74;0;2,74
1611;5,74;0;220;false;true;true;2,74;0;2,74
1612;5,74;0;220;false;true;true;2,74;0;2,74
1613;5,74;0;220;false;true;true;2,74;0;2,74
1614;5,74;0;220;false;true;true;2,74;0;2,74
1615;5,75;0;220;false;true;true;2,74;0;2,74
1616;5,75;0;220;false;true;true;2,74;0;2,74
1617;5,75;0;220;false;true;true;2,74;0;2,74
1618;5,75;0;220;false;true;true;2,74;0;2,74
1619;5,76;0;220;false;true;true;2,74;0;2,74
1620;5,76;0;220;false;true;true;2,74;0;2,74
1621;5,76;0;220;false;true;true;2,74;0;2,74
1622;5,76;0;220;false;true;true;2,74;0;2,74
1623;5,77;0;220;false;true;true;2,74;0;2,74
1624;5,77;0;220;false;true;true;2,74;0;2,74
1625;5,77;0;220;false;true;true;2,74;0;2,74
1626;5,77;0;220;false;true;true;2,74;0;2,74
1627;5,78;0;220;false;true;true;2,74;0;2,74
1628;5,78;0;220;false;true;true;2,74;0;2,74
1629;5,78;0;220;false;true;true;2,74;0;2,74
1630;5,78;0;220;false;true;true;2,74;0;2,74
1631;5,78;0;220;false;true;true;2,74;0;2,74
1632;5,79;0;220;false;true;true;2,74;0;2,74
1633;5,79;0;220;false;true;true;2,74;0;2,74
1634;5,79;0;220;false;true;true;2,74;0;2,74
1635;5,79;0;220;false;true;true;2,74;0;2,74
1636;5,8;0;220;false;true;true;2,74;0;2,74
1637;5,8;0;220;false;true;true;2,74;0;2,74
1638;5,8;0;220;false;true;true;2,74;0;2,74
1639;5,8;0;220;false;true;true;2,74;0;2,74
1640;5,8;0;220;false;true;true;2,74;0;2,74
1641;5,81;0;220;false;true;true;2,74;0;2,74
1642;5,81;0;220;false;true;true;2,74;0;2,74
1643;5,81;0;220;false;true;true;2,74;0;2,74
1644;5,82;0;220;false;true;true;2,74;0;2,74
1645;5,82;0;220;false;true;true;2,74;0;2,74
1646;5,82;0;220;false;true;true;2,74;0;2,74
1647;5,82;0;220;false;true;true;2,74;0;2,74
1648;5,82;0;220;false;true;true;2,74;0;2,74
1649;5,82;0;220;false;true;true;2,74;0;2,74
1650;5,83;0;220;false;true;true;2,74;0;2,74
1651;5,83;0;220;false;true;true;2,74;0;2,74
1652;5,83;0;220;false;true;true;2,74;0;2,74
1653;5,84;0;220;false;true;true;2,74;0;2,74
1654;5,84;0;220;false;true;true;2,74;0;2,74
1655;5,84;0;220;false;true;true;2,74;0;2,74
1656;5,84;0;220;false;true;true;2,74;0;2,74
1657;5,84;0;220;false;true;true;2,74;0;2,74
1658;5,85;0;220;false;true;true;2,74;0;2,74
1659;5,85;0;220;false;true;true;2,74;0;2,74
1660;5,85;0;220;false;true;true;2,74;0;2,74
1661;5,85;0;220;false;true;true;2,74;0;2,74
1662;5,86;0;220;false;true;true;2,74;0;2,74
1663;5,86;0;220;false;true;true;2,74;0;2,74
1664;5,86;0;220;false;true;true;2,74;0;2,74
1665;5,86;0;220;false;true;true;2,74;0;2,74
1666;5,87;0;220;false;true;true;2,74;0;2,74
1667;5,87;0;220;false;true;true;2,74;0;2,74
1668;5,87;0;220;false;true;true;2,74;0;2,74
1669;5,87;0;220;false;true;true;2,74;0;2,74
1670;5,88;0;220;false;true;true;2,74;0;2,74
1671;5,88;0;220;false;true;true;2,74;0;2,74
1672;5,88;0;220;false;true;true;2,74;0;2,74
1673;5,88;0;220;false;true;true;2,74;0;2,74
1674;5,88;0;220;false;true;true;2,74;0;2,74
1675;5,89;0;220;false;true;true;2,74;0;2,74
1676;5,89;0;220;false;true;true;2,74;0;2,74
1677;5,89;0;220;false;true;true;2,74;0;2,74
1678;5,89;0;220;false;true;true;2,74;0;2,74
1679;5,89;0;220;false;true;true;2,74;0;2,74
1680;5,9;0;220;false;true;true;2,74;0;2,74
1681;5,9;0;220;false;true;true;2,74;0;2,74
1682;5,9;0;220;false;true;true;2,74;0;2,74
1683;5,91;0;220;false;true;true;2,74;0;2,74
1684;5,91;0;220;false;true;true;2,74;0;2,74
1685;5,91;0;220;false;true;true;2,74;0;2,74
1686;5,91;0;220;false;true;true;2,74;0;2,74
1687;5,91;0;220;false;true;true;2,74;0;2,74
1688;5,91;0;220;false;true;true;2,74;0;2,74
1689;5,92;0;220;false;true;true;2,74;0;2,74
1690;5,92;0;220;false;true;true;2,74;0;2,74
1691;5,92;0;220;false;true;true;2,74;0;2,74
1692;5,92;0;220;false;true;true;2,74;0;2,74
1693;5,93;0;220;false;true;true;2,74;0;2,74
1694;5,93;0;220;false;true;true;2,74;0;2,74
1695;5,93;0;220;false;true;true;2,74;0;2,74
1696;5,93;0;220;false;true;true;2,74;0;2,74
1697;5,93;0;220;false;true;true;2,74;0;2,74
1698;5,94;0;220;false;true;true;2,74;0;2,74
1699;5,94;0;220;false;true;true;2,74;0;2,74
1700;5,94;0;220;false;true;true;2,74;0;2,74
1701;5,94;0;220;false;true;true;2,74;0;2,74
1702;5,95;0;220;false;true;true;2,74;0;2,74
1703;5,95;0;220;false;true;true;2,74;0;2,74
1704;5,95;0;220;false;true;true;2,74;0;2,74
1705;5,95;0;220;false;true;true;2,74;0;2,74
1706;5,96;0;220;false;true;true;2,74;0;2,74
1707;5,96;0;220;false;true;true;2,74;0;2,74
1708;5,96;0;220;false;true;true;2,74;0;2,74
1709;5,96;0;220;false;true;true;2,74;0;2,74
1710;5,97;0;220;false;true;true;2,74;0;2,74
1711;5,97;0;220;false;true;true;2,74;0;2,74
1712;5,97;0;220;false;true;true;2,74;0;2,74
1713;5,97;0;220;false;true;true;2,74;0;2,74
1714;5,97;0;220;false;true;true;2,74;0;2,74
1715;5,97;0;220;false;true;true;2,74;0;2,74
1716;5,98;0;220;false;true;true;2,74;0;2,74
1717;5,98;0;220;false;true;true;2,74;0;2,74
1718;5,98;0;220;false;true;true;2,74;0;2,74
1719;5,99;0;220;false;true;true;2,74;0;2,74
1720;5,99;0;220;false;true;true;2,74;0;2,74
1721;5,99;0;220;false;true;true;2,74;0;2,74
1722;5,99;0;220;false;true;true;2,74;0;2,74
1723;5,99;0;220;false;true;true;2,74;0;2,74
1724;6;0;220;false;true;true;2,74;0;2,74
1725;6;0;220;false;true;true;2,74;0;2,74
1726;6;0;220;false;true;true;2,74;0;2,74
1727;6;0;220;false;true;true;2,74;0;2,74
1728;6,01;0;220;false;true;true;2,74;0;2,74
1729;6,01;0;220;false;true;true;2,74;0;2,74
1730;6,01;0;220;false;true;true;2,74;0;2,74
1731;6,01;0;220;false;true;true;2,74;0;2,74
1732;6,01;0;220;false;true;true;2,74;0;2,74
1733;6,02;0;220;false;true;true;2,74;0;2,74
1734;6,02;0;220;false;true;true;2,74;0;2,74
1735;6,02;0;220;false;true;true;2,74;0;2,74
1736;6,02;0;220;false;true;true;2,74;0;2,74
1737;6,03;0;220;false;true;true;2,74;0;2,74
1738;6,03;0;220;false;true;true;2,74;0;2,74
1739;6,03;0;220;false;true;true;2,74;0;2,74
1740;6,03;0;220;false;true;true;2,74;0;2,74
1741;6,03;0;220;false;true;true;2,74;0;2,74
1742;6,04;0;220;false;true;true;2,74;0;2,74
1743;6,04;0;220;false;true;true;2,74;0;2,74
1744;6,04;0;220;false;true;true;2,74;0;2,74
1745;6,04;0;220;false;true;true;2,74;0;2,74
1746;6,05;0;220;false;true;true;2,74;0;2,74
1747;6,05;0;220;false;true;true;2,74;0;2,74
1748;6,05;0;220;false;true;true;2,74;0;2,74
1749;6,05;0;220;false;true;true;2,74;0;2,74
1750;6,06;0;220;false;true;true;2,74;0;2,74
1751;6,06;0;220;false;true;true;2,74;0;2,74
1752;6,06;0;220;false;true;true;2,74;0;2,74
1753;6,06;0;220;false;true;true;2,74;0;2,74
1754;6,07;0;220;false;true;true;2,74;0;2,74
1755;6,07;0;220;false;true;true;2,74;0;2,74
1756;6,07;0;220;false;true;true;2,74;0;2,74
1757;6,07;0;220;false;true;true;2,74;0;2,74
1758;6,07;0;220;false;true;true;2,74;0;2,74
1759;6,08;0;220;false;true;true;2,74;0;2,74
1760;6,08;0;220;false;true;true;2,74;0;2,74
1761;6,08;0;220;false;true;true;2,74;0;2,74
1762;6,08;0;220;false;true;true;2,74;0;2,74
1763;6,09;0;220;false;true;true;2,74;0;2,74
1764;6,09;0;220;false;true;true;2,74;0;2,74
1765;6,09;0;220;false;true;true;2,74;0;2,74
1766;6,09;0;220;false;true;true;2,74;0;2,74
1767;6,1;0;220;false;true;true;2,74;0;2,74
1768;6,1;0;220;false;true;true;2,74;0;2,74
1769;6,1;0;220;false;true;true;2,74;0;2,74
1770;6,1;0;220;false;true;true;2,74;0;2,74
1771;6,11;0;220;false;true;true;2,74;0;2,74
1772;6,11;0;220;false;true;true;2,74;0;2,74
1773;6,11;0;220;false;true;true;2,74;0;2,74
1774;6,11;0;220;false;true;true;2,74;0;2,74
1775;6,11;0;220;false;true;true;2,74;0;2,74
1776;6,11;0;220;false;true;true;2,74;0;2,74
1777;6,12;0;220;false;true;true;2,74;0;2,74
1778;6,12;0;220;false;true;true;2,74;0;2,74
1779;6,12;0;220;false;true;true;2,74;0;2,74
1780;6,13;0;220;false;true;true;2,74;0;2,74
1781;6,13;0;220;false;true;true;2,74;0;2,74
1782;6,13;0;220;false;true;true;2,74;0;2,74
1783;6,13;0;220;false;true;true;2,74;0;2,74
1784;6,14;0;220;false;true;true;2,74;0;2,74
1785;6,14;0;220;false;true;true;2,74;0;2,74
1786;6,14;0;220;false;true;true;2,74;0;2,74
1787;6,14;0;220;false;true;true;2,74;0;2,74
1788;6,14;0;220;false;true;true;2,74;0;2,74
1789;6,15;0;220;false;true;true;2,74;0;2,74
1790;6,15;0;220;false;true;true;2,74;0;2,74
1791;6,15;0;220;false;true;true;2,74;0;2,74
1792;6,15;0;220;false;true;true;2,74;0;2,74
1793;6,16;0;220;false;true;true;2,74;0;2,74
1794;6,16;0;220;false;true;true;2,74;0;2,74
1795;6,16;0;220;false;true;true;2,74;0;2,74
1796;6,16;0;220;false;true;true;2,74;0;2,74
1797;6,17;0;220;false;true;true;2,74;0;2,74
1798;6,17;0;220;false;true;true;2,74;0;2,74
1799;6,17;0;220;false;true;true;2,74;0;2,74
1800;6,18;0;220;false;true;true;2,74;0;2,74
1801;6,18;0;220;false;true;true;2,74;0;2,74
1802;6,18;0;220;false;true;true;2,74;0;2,74
1803;6,18;0;220;false;true;true;2,74;0;2,74
1804;6,18;0;220;false;true;true;2,74;0;2,74
1805;6,19;0;220;false;true;true;2,74;0;2,74
1806;6,19;0;220;false;true;true;2,74;0;2,74
1807;6,19;0;220;false;true;true;2,74;0;2,74
1808;6,2;0;220;false;true;true;2,74;0;2,74
1809;6,2;0;220;false;true;true;2,74;0;2,74
1810;6,2;0;220;false;true;true;2,74;0;2,74
1811;6,2;0;220;false;true;true;2,74;0;2,74
1812;6,21;0;220;false;true;true;2,74;0;2,74
1813;6,21;0;220;false;true;true;2,74;0;2,74
1814;6,21;0;220;false;true;true;2,74;0;2,74
1815;6,22;0;220;false;true;true;2,74;0;2,74
1816;6,22;0;220;false;true;true;2,74;0;2,74
1817;6,22;0;220;false;true;true;2,74;0;2,74
1818;6,22;0;220;false;true;true;2,74;0;2,74
1819;6,22;0;220;false;true;true;2,74;0;2,74
1820;6,23;0;220;false;true;true;2,74;0;2,74
1821;6,23;0;220;false;true;true;2,74;0;2,74
1822;6,23;0;220;false;true;true;2,74;0;2,74
1823;6,23;0;220;false;true;true;2,74;0;2,74
1824;6,24;0;220;false;true;true;2,74;0;2,74
1825;6,24;0;220;false;true;true;2,74;0;2,74
1826;6,24;0;220;false;true;true;2,74;0;2,74
1827;6,24;0;220;false;true;true;2,74;0;2,74
1828;6,24;0;220;false;true;true;2,74;0;2,74
1829;6,25;0;220;false;true;true;2,74;0;2,74
1830;6,25;0;220;false;true;true;2,74;0;2,74
1831;6,25;0;220;false;true;true;2,74;0;2,74
1832;6,25;0;220;false;true;true;2,74;0;2,74
1833;6,26;0;220;false;true;true;2,74;0;2,74
1834;6,26;0;220;false;true;true;2,74;0;2,74
1835;6,26;0;220;false;true;true;2,74;0;2,74
1836;6,26;0;220;false;true;true;2,74;0;2,74
1837;6,26;0;220;false;true;true;2,74;0;2,74
1838;6,27;0;220;false;true;true;2,74;0;2,74
1839;6,27;0;220;false;true;true;2,74;0;2,74
1840;6,27;0;220;false;true;true;2,74;0;2,74
1841;6,27;0;220;false;true;true;2,74;0;2,74
1842;6,28;0;220;false;true;true;2,74;0;2,74
1843;6,28;0;220;false;true;true;2,74;0;2,74
1844;6,28;0;220;false;true;true;2,74;0;2,74
1845;6,28;0;220;false;true;true;2,74;0;2,74
1846;6,28;0;220;false;true;true;2,74;0;2,74
1847;6,29;0;220;false;true;true;2,74;0;2,74
1848;6,29;0;220;false;true;true;2,74;0;2,74
1849;6,29;0;220;false;true;true;2,74;0;2,74
1850;6,29;0;220;false;true;true;2,74;0;2,74
1851;6,3;0;220;false;true;true;2,74;0;2,74
1852;6,3;0;220;false;true;true;2,74;0;2,74
1853;6,3;0;220;false;true;true;2,74;0;2,74
1854;6,3;0;220;false;true;true;2,74;0;2,74
1855;6,3;0;220;false;true;true;2,74;0;2,74
1856;6,31;0;220;false;true;true;2,74;0;2,74
1857;6,31;0;220;false;true;true;2,74;0;2,74
1858;6,31;0;220;false;true;true;2,74;0;2,74
1859;6,31;0;220;false;true;true;2,74;0;2,74
1860;6,32;0;220;false;true;true;2,74;0;2,74
1861;6,32;0;220;false;true;true;2,74;0;2,74
1862;6,32;0;220;false;true;true;2,74;0;2,74
1863;6,32;0;220;false;true;true;2,74;0;2,74
1864;6,33;0;220;false;true;true;2,74;0;2,74
1865;6,33;0;220;false;true;true;2,74;0;2,74
1866;6,33;0;220;false;true;true;2,74;0;2,74
1867;6,33;0;220;false;true;true;2,74;0;2,74
1868;6,34;0;220;false;true;true;2,74;0;2,74
1869;6,34;0;220;false;true;true;2,74;0;2,74
1870;6,34;0;220;false;true;true;2,74;0;2,74
1871;6,34;0;220;false;true;true;2,74;0;2,74
1872;6,34;0;220;false;true;true;2,74;0;2,74
1873;6,35;0;220;false;true;true;2,74;0;2,74
1874;6,35;0;220;false;true;true;2,74;0;2,74
1875;6,35;0;220;false;true;true;2,74;0;2,74
1876;6,35;0;220;false;true;true;2,74;0;2,74
1877;6,36;0;220;false;true;true;2,74;0;2,74
1878;6,36;0;220;false;true;true;2,74;0;2,74
1879;6,36;0;220;false;true;true;2,74;0;2,74
1880;6,36;0;220;false;true;true;2,74;0;2,74
1881;6,36;0;220;false;true;true;2,74;0;2,74
1882;6,37;0;220;false;true;true;2,74;0;2,74
1883;6,37;0;220;false;true;true;2,74;0;2,74
1884;6,37;0;220;false;true;true;2,74;0;2,74
1885;6,37;0;220;false;true;true;2,74;0;2,74
1886;6,38;0;220;false;true;true;2,74;0;2,74
1887;6,38;0;220;false;true;true;2,74;0;2,74
1888;6,38;0;220;false;true;true;2,74;0;2,74
1889;6,38;0;220;false;true;true;2,74;0;2,74
1890;6,38;0;220;false;true;true;2,74;0;2,74
1891;6,39;0;220;false;true;true;2,74;0;2,74
1892;6,39;0;220;false;true;true;2,74;0;2,74
1893;6,39;0;220;false;true;true;2,74;0;2,74
1894;6,39;0;220;false;true;true;2,74;0;2,74
1895;6,39;0;220;false;true;true;2,74;0;2,74
1896;6,4;0;220;false;true;true;2,74;0;2,74
1897;6,4;0;220;false;true;true;2,74;0;2,74
1898;6,4;0;220;false;true;true;2,74;0;2,74
1899;6,41;0;220;false;true;true;2,74;0;2,74
1900;6,41;0;220;false;true;true;2,74;0;2,74
1901;6,41;0;220;false;true;true;2,74;0;2,74
1902;6,41;0;220;false;true;true;2,74;0;2,74
1903;6,42;0;220;false;true;true;2,74;0;2,74
1904;6,42;0;220;false;true;true;2,74;0;2,74
1905;6,42;0;220;false;true;true;2,74;0;2,74
1906;6,42;0;220;false;true;true;2,74;0;2,74
1907;6,43;0;220;false;true;true;2,74;0;2,74
1908;6,43;0;220;false;true;true;2,74;0;2,74
1909;6,43;0;220;false;true;true;2,74;0;2,74
1910;6,43;0;220;false;true;true;2,74;0;2,74
1911;6,43;0;220;false;true;true;2,74;0;2,74
1912;6,44;0;220;false;true;true;2,74;0;2,74
1913;6,44;0;220;false;true;true;2,74;0;2,74
1914;6,44;0;220;false;true;true;2,74;0;2,74
1915;6,44;0;220;false;true;true;2,74;0;2,74
1916;6,45;0;220;false;true;true;2,74;0;2,74
1917;6,45;0;220;false;true;true;2,74;0;2,74
1918;6,45;0;220;false;true;true;2,74;0;2,74
1919;6,45;0;220;false;true;true;2,74;0;2,74
1920;6,46;0;220;false;true;true;2,74;0;2,74
1921;6,46;0;220;false;true;true;2,74;0;2,74
1922;6,46;0;220;false;true;true;2,74;0;2,74
1923;6,46;0;220;false;true;true;2,74;0;2,74
1924;6,47;0;220;false;true;true;2,74;0;2,74
1925;6,47;0;220;false;true;true;2,74;0;2,74
1926;6,47;0;220;false;true;true;2,74;0;2,74
1927;6,47;0;220;false;true;true;2,74;0;2,74
1928;6,48;0;220;false;true;true;2,74;0;2,74
1929;6,48;0;220;false;true;true;2,74;0;2,74
1930;6,48;0;220;false;true;true;2,74;0;2,74
1931;6,48;0;220;false;true;true;2,74;0;2,74
1932;6,49;0;220;false;true;true;2,74;0;2,74
1933;6,49;0;220;false;true;true;2,74;0;2,74
1934;6,49;0;220;false;true;true;2,74;0;2,74
1935;6,49;0;220;false;true;true;2,74;0;2,74
1936;6,49;0;220;false;true;true;2,74;0;2,74
