lengthMiddleSegment: 3989.835416666667
step_energy: 0.05
electrostatic_force_factor: 1.0
spring_force_factor: 0.1
reject_force_factor: 2.0
distanceRejectRadius: 2393.90125
distanceSamePosition: 2393.90125
Iteration;time;energy;num nodes;reject force is enabled;spring force is enabled;electrostatic force is enabled;str_force;rep_force;elec_force
1;0;12,34;593;false;true;true;4,73;0;8,33
2;0,03;13,13;578;false;true;true;5,5;0;9,77
3;0,08;12,7;564;false;true;true;6,15;0;8,02
4;0,08;12,06;555;false;true;true;6,03;0;9,12
5;0,09;12,17;539;false;true;true;6,13;0;8,72
6;0,09;12,12;528;false;true;true;6,76;0;8,93
7;0,09;11,04;514;false;true;true;6,61;0;6,95
8;0,09;10,63;502;false;true;true;6,1;0;7,29
9;0,1;10,13;492;false;true;true;6,29;0;6,9
10;0,1;10;487;false;true;true;6,02;0;7,4
11;0,1;9,94;479;false;true;true;6,73;0;7,72
12;0,1;9,7;472;false;true;true;6,41;0;8,11
13;0,11;10,53;464;false;true;true;6,13;0;6,66
14;0,11;10,59;454;false;true;true;6,16;0;6,26
15;0,11;10,48;446;false;true;true;6,17;0;6,46
16;0,11;10,76;437;false;true;true;6,73;0;6,8
17;0,12;10,69;428;false;true;true;6,89;0;6,16
18;0,12;10,67;421;false;true;true;6,97;0;6,33
19;0,12;9,67;415;false;true;true;7,21;0;5,59
20;0,12;9,75;408;false;true;true;7,35;0;5,03
21;0,13;9,59;403;false;true;true;7,3;0;5,13
22;0,13;8,57;397;false;true;true;7,41;0;4,41
23;0,13;9,05;392;false;true;true;7,92;0;3,95
24;0,13;8,9;390;false;true;true;7,47;0;4,63
25;0,14;8,8;386;false;true;true;7,75;0;4,37
26;0,14;9,5;380;false;true;true;8,53;0;3,92
27;0,14;9,32;378;false;true;true;8,09;0;4,57
28;0,14;9,29;375;false;true;true;8,39;0;4,28
29;0,15;9,78;371;false;true;true;9,1;0;4,46
30;0,15;10,35;366;false;true;true;9,31;0;4,38
31;0,15;10,3;361;false;true;true;9,45;0;4,13
32;0,15;10,63;358;false;true;true;10,03;0;4,2
33;0,16;11,1;355;false;true;true;10,45;0;4,8
34;0,16;11,82;351;false;true;true;11,18;0;3,95
35;0,16;11,87;348;false;true;true;11,1;0;4,41
36;0,16;12,06;345;false;true;true;11,37;0;4,74
37;0,16;12,1;342;false;true;true;11,59;0;4,89
38;0,17;12,72;337;false;true;true;12,58;0;3,71
39;0,17;12,8;335;false;true;true;12,67;0;3,91
40;0,17;13,48;332;false;true;true;12,85;0;2,96
41;0,17;13,42;330;false;true;true;12,91;0;3,35
42;0,17;13,94;327;false;true;true;13,58;0;2,9
43;0,18;14,39;324;false;true;true;13,73;0;2,82
44;0,18;14,33;322;false;true;true;13,69;0;3,15
45;0,18;14,67;321;false;true;true;14,31;0;3,56
46;0,18;15,03;318;false;true;true;15,05;0;2,89
47;0,18;15,81;314;false;true;true;15,57;0;2,4
48;0,19;15,8;313;false;true;true;15,56;0;2,52
49;0,19;16,08;312;false;true;true;15,94;0;2,62
50;0,19;16,58;309;false;true;true;16,58;0;2,76
51;0,19;17,08;308;false;true;true;17,16;0;2,97
52;0,19;18,05;305;false;true;true;17,84;0;2,42
53;0,19;18,13;304;false;true;true;17,92;0;2,54
54;0,2;18,41;303;false;true;true;18,31;0;2,64
55;0,2;18,86;301;false;true;true;18,9;0;2,76
56;0,2;19,6;297;false;true;true;19,42;0;3,25
57;0,2;20,15;292;false;true;true;20,4;0;2,47
58;0,2;20,44;291;false;true;true;20,41;0;2,84
59;0,2;20,56;290;false;true;true;20,68;0;2,94
60;0,2;20,86;289;false;true;true;21,17;0;3,03
61;0,2;21,23;288;false;true;true;21,72;0;3,16
62;0,2;21,73;287;false;true;true;22,29;0;3,37
63;0,2;22,47;285;false;true;true;22,76;0;2,73
64;0,21;22,56;284;false;true;true;22,89;0;2,81
65;0,21;22,8;283;false;true;true;23,31;0;2,88
66;0,21;22,05;282;false;true;true;23,49;0;2,18
67;0,21;22,12;282;false;true;true;23,68;0;2,34
68;0,21;22,73;281;false;true;true;24,26;0;1,6
69;0,21;22,95;281;false;true;true;24,18;0;1,96
70;0,21;22,98;281;false;true;true;24,27;0;2,06
71;0,21;23,15;281;false;true;true;24,6;0;2,16
72;0,22;23,36;281;false;true;true;24,93;0;2,27
73;0,22;23,64;281;false;true;true;25,29;0;2,44
74;0,22;24,19;280;false;true;true;25,78;0;1,66
75;0,22;24,35;280;false;true;true;25,66;0;2,02
76;0,22;24,35;280;false;true;true;25,72;0;2,12
77;0,22;24,48;280;false;true;true;26;0;2,21
78;0,22;24,64;280;false;true;true;26,29;0;2,33
79;0,22;24,87;280;false;true;true;26,61;0;2,48
80;0,23;25,44;279;false;true;true;27,1;0;1,73
81;0,23;25,53;279;false;true;true;26,92;0;2,09
82;0,23;25,49;279;false;true;true;26,93;0;2,19
83;0,23;25,58;279;false;true;true;27,17;0;2,28
84;0,24;25,7;279;false;true;true;27,43;0;2,39
85;0,24;25,89;279;false;true;true;27,71;0;2,54
86;0,24;26,15;279;false;true;true;28,01;0;2,78
87;0,24;26,41;278;false;true;true;28,18;0;1,87
88;0,24;26,59;278;false;true;true;28,06;0;2,24
89;0,24;26,57;278;false;true;true;28,15;0;2,37
90;0,25;27,21;277;false;true;true;28,06;0;1,48
91;0,25;27,32;277;false;true;true;27,97;0;1,89
92;0,25;27,28;277;false;true;true;28,37;0;2,07
93;0,25;27,44;277;false;true;true;28,67;0;2,33
94;0,25;27,57;276;false;true;true;28,78;0;1,37
95;0,25;27,72;276;false;true;true;28,65;0;1,74
96;0,25;27,65;276;false;true;true;28,71;0;1,83
97;0,26;27,7;276;false;true;true;28,93;0;1,92
98;0,26;27,8;276;false;true;true;29,17;0;2,02
99;0,26;27,98;276;false;true;true;29,43;0;2,16
100;0,26;28,24;276;false;true;true;29,73;0;2,38
101;0,26;28,52;275;false;true;true;29,9;0;1,44
102;0,27;28,71;275;false;true;true;29,78;0;1,8
103;0,27;28,68;275;false;true;true;29,86;0;1,89
104;0,27;28,77;275;false;true;true;30,09;0;1,97
105;0,27;28,9;275;false;true;true;30,35;0;2,06
106;0,28;29,09;275;false;true;true;30,62;0;2,18
107;0,28;29,35;275;false;true;true;30,93;0;2,37
108;0,28;29,76;274;false;true;true;31,2;0;1,49
109;0,28;29,93;274;false;true;true;31,07;0;1,84
110;0,28;29,9;274;false;true;true;31,13;0;1,92
111;0,28;30,01;274;false;true;true;31,38;0;2
112;0,29;30,16;274;false;true;true;31,65;0;2,08
113;0,29;30,35;274;false;true;true;31,93;0;2,19
114;0,29;30,6;274;false;true;true;32,24;0;2,34
115;0,29;31,15;273;false;true;true;32,64;0;1,54
116;0,29;31,3;273;false;true;true;32,5;0;1,87
117;0,3;31,28;273;false;true;true;32,56;0;1,95
118;0,3;31,39;273;false;true;true;32,8;0;2,02
119;0,3;31,54;273;false;true;true;33,08;0;2,1
120;0,3;31,74;273;false;true;true;33,37;0;2,19
121;0,3;31,97;273;false;true;true;33,67;0;2,32
122;0,3;32,3;273;false;true;true;34,01;0;2,55
123;0,3;32,63;272;false;true;true;34,18;0;1,59
124;0,31;32,86;272;false;true;true;34,11;0;1,93
125;0,31;32,88;272;false;true;true;34,23;0;2,01
126;0,31;33,01;272;false;true;true;34,49;0;2,08
127;0,31;33,17;272;false;true;true;34,78;0;2,16
128;0,31;33,36;272;false;true;true;35,05;0;2,25
129;0,31;33,59;272;false;true;true;35,35;0;2,38
130;0,31;33,9;272;false;true;true;35,67;0;2,6
131;0,31;34,22;271;false;true;true;35,82;0;1,64
132;0,31;34,42;271;false;true;true;35,73;0;1,98
133;0,32;34,4;271;false;true;true;35,81;0;2,06
134;0,32;34,49;271;false;true;true;36,04;0;2,13
135;0,32;34,61;271;false;true;true;36,28;0;2,21
136;0,32;34,76;271;false;true;true;36,52;0;2,29
137;0,32;34,93;271;false;true;true;36,76;0;2,41
138;0,32;35,16;271;false;true;true;37,03;0;2,59
139;0,33;35,6;270;false;true;true;37,26;0;1,72
140;0,33;35,71;270;false;true;true;37,1;0;2,05
141;0,33;35,63;270;false;true;true;37,12;0;2,13
142;0,33;35,67;270;false;true;true;37,28;0;2,2
143;0,33;35,73;270;false;true;true;37,48;0;2,28
144;0,33;35,84;270;false;true;true;37,67;0;2,36
145;0,33;35,96;270;false;true;true;37,87;0;2,46
146;0,34;36,11;270;false;true;true;38,08;0;2,6
147;0,34;36,33;270;false;true;true;38,32;0;2,83
148;0,34;36,65;269;false;true;true;38,41;0;1,91
149;0,34;36,75;269;false;true;true;38,26;0;2,28
150;0,34;36,68;269;false;true;true;38,3;0;2,41
151;0,34;37,21;268;false;true;true;38,19;0;1,47
152;0,34;37,01;268;false;true;true;38,08;0;1,51
153;0,34;36,9;268;false;true;true;38,07;0;1,57
154;0,35;36,89;268;false;true;true;38,12;0;1,62
155;0,35;36,91;268;false;true;true;38,2;0;1,69
156;0,35;36,97;268;false;true;true;38,3;0;1,78
157;0,35;37,07;268;false;true;true;38,44;0;1,91
158;0,35;37,55;267;false;true;true;38,6;0;1,06
159;0,35;37,53;267;false;true;true;38,33;0;1,37
160;0,35;37,35;267;false;true;true;38,24;0;1,42
161;0,36;37,3;267;false;true;true;38,29;0;1,47
162;0,36;37,27;267;false;true;true;38,39;0;1,51
163;0,36;37,28;267;false;true;true;38,47;0;1,55
164;0,36;37,3;267;false;true;true;38,55;0;1,6
165;0,36;37,33;267;false;true;true;38,64;0;1,65
166;0,36;37,37;267;false;true;true;38,72;0;1,71
167;0,37;37,43;267;false;true;true;38,82;0;1,79
168;0,37;37,51;267;false;true;true;38,94;0;1,91
169;0,37;38,06;266;false;true;true;39,13;0;1,08
170;0,37;37,78;266;false;true;true;38,85;0;1,08
171;0,37;37,88;266;false;true;true;38,66;0;1,39
172;0,37;37,77;266;false;true;true;38,73;0;1,45
173;0,37;37,69;266;false;true;true;38,79;0;1,48
174;0,38;37,68;266;false;true;true;38,85;0;1,52
175;0,38;37,67;266;false;true;true;38,91;0;1,55
176;0,38;37,68;266;false;true;true;38,98;0;1,59
177;0,38;37,7;266;false;true;true;39,04;0;1,63
178;0,38;37,72;266;false;true;true;39,1;0;1,67
179;0,38;37,75;266;false;true;true;39,17;0;1,73
180;0,38;37,79;266;false;true;true;39,25;0;1,79
181;0,38;37,86;266;false;true;true;39,34;0;1,89
182;0,38;37,96;266;false;true;true;39,46;0;2,03
183;0,38;38,37;265;false;true;true;39,46;0;1,1
184;0,39;38,37;265;false;true;true;39,22;0;1,4
185;0,39;38,17;265;false;true;true;39,13;0;1,45
186;0,39;38,09;265;false;true;true;39,15;0;1,49
187;0,39;38,05;265;false;true;true;39,23;0;1,53
188;0,39;38,03;265;false;true;true;39,28;0;1,56
189;0,39;38,03;265;false;true;true;39,33;0;1,6
190;0,39;38,31;265;false;true;true;39,38;0;1,93
191;0,4;38,22;265;false;true;true;39,74;0;2
192;0,4;38,18;265;false;true;true;39,82;0;2,06
193;0,4;38,18;265;false;true;true;39,88;0;2,13
194;0,4;38,19;265;false;true;true;39,98;0;2,21
195;0,4;38,26;265;false;true;true;40,06;0;2,32
196;0,4;38,75;264;false;true;true;40,17;0;1,48
197;0,4;38,44;264;false;true;true;39,84;0;1,49
198;0,4;38,51;264;false;true;true;39,7;0;1,79
199;0,4;38,4;264;false;true;true;39,76;0;1,84
200;0,41;38,34;264;false;true;true;39,83;0;1,87
201;0,41;38,31;264;false;true;true;39,85;0;1,9
202;0,41;38,29;264;false;true;true;39,91;0;1,93
203;0,41;38,27;264;false;true;true;39,93;0;1,95
204;0,41;38,26;264;false;true;true;39,98;0;1,98
205;0,41;38,26;264;false;true;true;39,99;0;2,01
206;0,42;38,25;264;false;true;true;40,04;0;2,04
207;0,42;38,25;264;false;true;true;40,06;0;2,07
208;0,42;38,25;264;false;true;true;40,11;0;2,11
209;0,42;38,25;264;false;true;true;40,13;0;2,15
210;0,42;38,26;264;false;true;true;40,19;0;2,2
211;0,42;38,28;264;false;true;true;40,22;0;2,25
212;0,42;38,32;264;false;true;true;40,31;0;2,34
213;0,43;38,38;264;false;true;true;40,37;0;2,45
214;0,43;39,14;263;false;true;true;40,34;0;1,87
215;0,43;38,83;263;false;true;true;40,12;0;1,98
216;0,43;38,72;263;false;true;true;40,12;0;2,08
217;0,43;38,7;263;false;true;true;40,21;0;2,2
218;0,43;38,75;263;false;true;true;40,37;0;2,36
219;0,43;38,8;262;false;true;true;40,31;0;1,56
220;0,43;38,92;262;false;true;true;40,13;0;1,9
221;0,43;38,76;262;false;true;true;40,03;0;1,97
222;0,44;38,7;262;false;true;true;40,13;0;2,04
223;0,44;38,66;262;false;true;true;40,19;0;2,12
224;0,44;38,66;262;false;true;true;40,31;0;2,22
225;0,44;38,7;262;false;true;true;40,38;0;2,36
226;0,44;38,84;261;false;true;true;40,4;0;1,58
227;0,44;38,92;261;false;true;true;40,14;0;1,9
228;0,44;38,74;261;false;true;true;40,07;0;1,98
229;0,44;38,68;261;false;true;true;40,11;0;2,04
230;0,44;38,64;261;false;true;true;40,21;0;2,11
231;0,44;38,62;261;false;true;true;40,26;0;2,18
232;0,45;38,64;261;false;true;true;40,37;0;2,29
233;0,45;38,71;261;false;true;true;40,44;0;2,45
234;0,45;38,79;260;false;true;true;40,37;0;1,6
235;0,45;38,88;260;false;true;true;40,12;0;1,92
236;0,45;38,71;260;false;true;true;40,07;0;2
237;0,45;38,64;260;false;true;true;40,1;0;2,05
238;0,45;38,6;260;false;true;true;40,21;0;2,12
239;0,45;38,58;260;false;true;true;40,24;0;2,2
240;0,45;38,59;260;false;true;true;40,34;0;2,3
241;0,46;38,64;260;false;true;true;40,41;0;2,44
242;0,46;38,77;259;false;true;true;40,36;0;1,62
243;0,46;38,84;259;false;true;true;40,1;0;1,94
244;0,46;38,66;259;false;true;true;40,06;0;2,01
245;0,46;38,59;259;false;true;true;40,07;0;2,07
246;0,46;38,55;259;false;true;true;40,17;0;2,13
247;0,46;38,52;259;false;true;true;40,19;0;2,2
248;0,47;38,52;259;false;true;true;40,3;0;2,3
249;0,47;38,56;259;false;true;true;40,35;0;2,42
250;0,47;38,74;258;false;true;true;40,35;0;1,64
251;0,47;38,79;258;false;true;true;40,06;0;1,95
252;0,47;38,61;258;false;true;true;40,02;0;2,03
253;0,47;38,53;258;false;true;true;40,01;0;2,08
254;0,47;38,48;258;false;true;true;40,12;0;2,14
255;0,47;38,45;258;false;true;true;40,13;0;2,2
256;0,47;38,45;258;false;true;true;40,24;0;2,29
257;0,47;38,47;258;false;true;true;40,27;0;2,4
258;0,48;38,57;258;false;true;true;40,42;0;2,61
259;0,48;38,57;257;false;true;true;40,15;0;1,65
260;0,48;38,67;257;false;true;true;39,99;0;1,99
261;0,48;38,49;257;false;true;true;39,89;0;2,05
262;0,48;38,43;257;false;true;true;40;0;2,11
263;0,48;38,38;257;false;true;true;40,01;0;2,17
264;0,48;38,36;257;false;true;true;40,12;0;2,25
265;0,48;38,36;257;false;true;true;40,13;0;2,33
266;0,48;38,41;257;false;true;true;40,28;0;2,46
267;0,49;38,6;256;false;true;true;40,18;0;1,67
268;0,49;38,65;256;false;true;true;40;0;1,99
269;0,49;38,45;256;false;true;true;39,85;0;2,06
270;0,49;38,39;256;false;true;true;39,95;0;2,12
271;0,49;38,33;256;false;true;true;39,95;0;2,17
272;0,49;38,31;256;false;true;true;40,07;0;2,24
273;0,49;38,29;256;false;true;true;40,05;0;2,31
274;0,49;38,32;256;false;true;true;40,2;0;2,42
275;0,49;38,39;256;false;true;true;40,23;0;2,58
276;0,5;38,48;255;false;true;true;40,14;0;1,7
277;0,5;38,55;255;false;true;true;39,83;0;2,01
278;0,5;38,37;255;false;true;true;39,86;0;2,09
279;0,5;38,3;255;false;true;true;39,83;0;2,14
280;0,5;38,25;255;false;true;true;39,97;0;2,2
281;0,5;38,23;255;false;true;true;39,95;0;2,26
282;0,5;38,23;255;false;true;true;40,08;0;2,35
283;0,5;38,24;255;false;true;true;40,07;0;2,45
284;0,5;38,33;255;false;true;true;40,26;0;2,63
285;0,5;38,39;254;false;true;true;39,99;0;1,71
286;0,51;38,47;254;false;true;true;39,85;0;2,04
287;0,51;38,3;254;false;true;true;39,72;0;2,1
288;0,51;38,23;254;false;true;true;39,85;0;2,16
289;0,51;38,18;254;false;true;true;39,83;0;2,21
290;0,51;38,16;254;false;true;true;39,97;0;2,29
291;0,51;38,15;254;false;true;true;39,93;0;2,35
292;0,51;38,17;254;false;true;true;40,1;0;2,47
293;0,51;38,25;254;false;true;true;40,11;0;2,63
294;0,51;38,34;253;false;true;true;40,03;0;1,74
295;0,51;38,41;253;false;true;true;39,7;0;2,05
296;0,52;38,23;253;false;true;true;39,76;0;2,13
297;0,52;38,16;253;false;true;true;39,7;0;2,17
298;0,52;38,11;253;false;true;true;39,87;0;2,24
299;0,52;38,09;253;false;true;true;39,81;0;2,29
300;0,52;38,08;253;false;true;true;39,98;0;2,38
301;0,52;38,09;253;false;true;true;39,94;0;2,47
302;0,52;38,16;253;false;true;true;40,14;0;2,63
303;0,53;38,29;252;false;true;true;39,89;0;1,75
304;0,53;38,35;252;false;true;true;39,77;0;2,09
305;0,53;38,18;252;false;true;true;39,61;0;2,14
306;0,53;38,12;252;false;true;true;39,77;0;2,2
307;0,53;38,06;252;false;true;true;39,72;0;2,25
308;0,53;38,04;252;false;true;true;39,89;0;2,32
309;0,53;38,03;252;false;true;true;39,83;0;2,38
310;0,53;38,05;252;false;true;true;40,02;0;2,48
311;0,53;38,1;252;false;true;true;39,98;0;2,61
312;0,54;38,28;251;false;true;true;40,02;0;1,79
313;0,54;38,34;251;false;true;true;39,65;0;2,1
314;0,54;38,15;251;false;true;true;39,72;0;2,18
315;0,54;38,09;251;false;true;true;39,63;0;2,21
316;0,54;38,03;251;false;true;true;39,83;0;2,28
317;0,54;38,01;251;false;true;true;39,74;0;2,32
318;0,54;38;251;false;true;true;39,93;0;2,41
319;0,54;38;251;false;true;true;39,86;0;2,48
320;0,55;38,05;251;false;true;true;40,08;0;2,61
321;0,55;38,17;251;false;true;true;40,06;0;2,81
322;0,55;38,16;250;false;true;true;39,93;0;1,83
323;0,55;38,26;250;false;true;true;39,57;0;2,14
324;0,55;38,1;250;false;true;true;39,71;0;2,22
325;0,55;38,03;250;false;true;true;39,61;0;2,26
326;0,55;37,99;250;false;true;true;39,83;0;2,33
327;0,55;37,96;250;false;true;true;39,73;0;2,37
328;0,56;37,95;250;false;true;true;39,94;0;2,46
329;0,56;37,97;250;false;true;true;39,85;0;2,54
330;0,56;38,02;250;false;true;true;40,09;0;2,69
331;0,56;38,21;249;false;true;true;39,85;0;1,85
332;0,56;38,26;249;false;true;true;39,77;0;2,19
333;0,56;38,08;249;false;true;true;39,55;0;2,23
334;0,56;38,01;249;false;true;true;39,75;0;2,31
335;0,56;37,95;249;false;true;true;39,65;0;2,34
336;0,56;37,93;249;false;true;true;39,86;0;2,42
337;0,56;37,91;249;false;true;true;39,75;0;2,46
338;0,57;37,91;249;false;true;true;39,98;0;2,57
339;0,57;37,94;249;false;true;true;39,88;0;2,66
340;0,57;38,02;249;false;true;true;40,16;0;2,85
341;0,57;38,12;248;false;true;true;39,79;0;1,92
342;0,57;38,2;248;false;true;true;39,75;0;2,27
343;0,57;38,02;248;false;true;true;39,56;0;2,32
344;0,57;37,96;248;false;true;true;39,78;0;2,41
345;0,57;37,91;248;false;true;true;39,68;0;2,45
346;0,57;37,89;248;false;true;true;39,92;0;2,54
347;0,58;37,89;248;false;true;true;39,81;0;2,6
348;0,58;38,52;247;false;true;true;39,77;0;1,73
349;0,58;38,54;247;false;true;true;39,36;0;2,12
350;0,58;38,45;247;false;true;true;39,79;0;2,35
351;0,58;38,46;246;false;true;true;39,37;0;1,43
352;0,58;38,48;246;false;true;true;39,39;0;1,8
353;0,58;38,26;246;false;true;true;39,19;0;1,85
354;0,58;38,17;246;false;true;true;39,42;0;1,93
355;0,59;38,09;246;false;true;true;39,31;0;1,97
356;0,59;38,04;246;false;true;true;39,54;0;2,06
357;0,59;38;246;false;true;true;39,4;0;2,1
358;0,59;37,99;246;false;true;true;39,65;0;2,2
359;0,59;37,99;246;false;true;true;39,52;0;2,28
360;0,59;38,04;246;false;true;true;39,8;0;2,46
361;0,59;38,19;245;false;true;true;39,45;0;1,57
362;0,59;38,23;245;false;true;true;39,41;0;1,91
363;0,59;38,04;245;false;true;true;39,17;0;1,95
364;0,6;37,96;245;false;true;true;39,39;0;2,03
365;0,6;37,89;245;false;true;true;39,25;0;2,05
366;0,6;37,84;245;false;true;true;39,48;0;2,14
367;0,6;37,81;245;false;true;true;39,32;0;2,17
368;0,6;37,79;245;false;true;true;39,56;0;2,26
369;0,6;37,78;245;false;true;true;39,41;0;2,32
370;0,6;37,81;245;false;true;true;39,68;0;2,46
371;0,6;37,9;245;false;true;true;39,58;0;2,63
372;0,61;37,93;244;false;true;true;39,49;0;1,68
373;0,61;38;244;false;true;true;39,06;0;1,97
374;0,61;37,82;244;false;true;true;39,26;0;2,06
375;0,61;37,73;244;false;true;true;39,07;0;2,08
376;0,61;37,66;244;false;true;true;39,33;0;2,16
377;0,61;37,61;244;false;true;true;39,15;0;2,18
378;0,61;37,57;244;false;true;true;39,38;0;2,26
379;0,61;37,54;244;false;true;true;39,2;0;2,29
380;0,61;37,53;244;false;true;true;39,45;0;2,39
381;0,62;37,53;244;false;true;true;39,29;0;2,46
382;0,62;37,58;244;false;true;true;39,57;0;2,63
383;0,62;37,74;243;false;true;true;39,17;0;1,72
384;0,62;37,78;243;false;true;true;39,13;0;2,06
385;0,62;37,59;243;false;true;true;38,9;0;2,09
386;0,62;37,5;243;false;true;true;39,12;0;2,16
387;0,62;37,42;243;false;true;true;38,95;0;2,17
388;0,62;37,37;243;false;true;true;39,18;0;2,25
389;0,62;37,32;243;false;true;true;38,98;0;2,26
390;0,62;37,28;243;false;true;true;39,21;0;2,34
391;0,63;37,24;243;false;true;true;39,02;0;2,36
392;0,63;37,22;243;false;true;true;39,26;0;2,45
393;0,63;37,21;243;false;true;true;39,08;0;2,49
394;0,63;37,22;243;false;true;true;39,34;0;2,63
395;0,63;37,28;243;false;true;true;39,21;0;2,74
396;0,63;37,42;242;false;true;true;39,15;0;1,85
397;0,63;37,19;242;false;true;true;38,71;0;1,83
398;0,63;37,38;242;false;true;true;38,81;0;2,18
399;0,63;37,23;242;false;true;true;38,72;0;2,2
400;0,63;37,13;242;false;true;true;38,94;0;2,28
401;0,64;37,06;242;false;true;true;38,74;0;2,28
402;0,64;37;242;false;true;true;38,97;0;2,36
403;0,64;36,95;242;false;true;true;38,76;0;2,36
404;0,64;36,91;242;false;true;true;38,99;0;2,44
405;0,64;36,87;242;false;true;true;38,78;0;2,44
406;0,64;36,84;242;false;true;true;39,02;0;2,53
407;0,64;36,82;242;false;true;true;38,82;0;2,54
408;0,64;36,8;242;false;true;true;39,07;0;2,64
409;0,64;36,79;242;false;true;true;38,89;0;2,67
410;0,65;36,79;242;false;true;true;39,16;0;2,8
411;0,65;37,47;241;false;true;true;38,8;0;1,84
412;0,65;37,15;241;false;true;true;38,73;0;1,94
413;0,65;37,01;241;false;true;true;38,39;0;1,99
414;0,65;37,52;240;false;true;true;38,28;0;1,46
415;0,65;37,19;240;false;true;true;38,09;0;1,46
416;0,65;36,98;240;false;true;true;38,16;0;1,51
417;0,65;36,85;240;false;true;true;37,89;0;1,49
418;0,65;36,76;240;false;true;true;38,07;0;1,54
419;0,65;36,98;240;false;true;true;37,8;0;1,82
420;0,66;36,85;240;false;true;true;38,28;0;1,91
421;0,66;36,73;240;false;true;true;38,02;0;1,89
422;0,66;36,66;240;false;true;true;38,26;0;1,96
423;0,66;36,6;240;false;true;true;38,03;0;1,94
424;0,66;36,55;240;false;true;true;38,24;0;2
425;0,66;36,5;240;false;true;true;38,01;0;1,97
426;0,66;36,46;240;false;true;true;38,23;0;2,03
427;0,66;36,42;240;false;true;true;37,99;0;2,01
428;0,66;36,39;240;false;true;true;38,2;0;2,06
429;0,67;36,35;240;false;true;true;37,96;0;2,03
430;0,67;36,32;240;false;true;true;38,17;0;2,09
431;0,67;36,28;240;false;true;true;37,93;0;2,06
432;0,67;36,25;240;false;true;true;38,14;0;2,12
433;0,67;36,21;240;false;true;true;37,89;0;2,09
434;0,67;36,19;240;false;true;true;38,11;0;2,14
435;0,67;36,16;240;false;true;true;37,86;0;2,11
436;0,67;36,12;240;false;true;true;38,07;0;2,17
437;0,67;36,09;240;false;true;true;37,83;0;2,14
438;0,67;36,06;240;false;true;true;38,04;0;2,2
439;0,68;36,03;240;false;true;true;37,8;0;2,16
440;0,68;36;240;false;true;true;38,01;0;2,22
441;0,68;35,97;240;false;true;true;37,76;0;2,19
442;0,68;35,94;240;false;true;true;37,97;0;2,25
443;0,68;35,91;240;false;true;true;37,73;0;2,22
444;0,68;35,88;240;false;true;true;37,94;0;2,28
445;0,68;35,85;240;false;true;true;37,7;0;2,25
446;0,68;35,82;240;false;true;true;37,92;0;2,31
447;0,68;35,79;240;false;true;true;37,67;0;2,28
448;0,68;35,77;240;false;true;true;37,89;0;2,35
449;0,69;35,74;240;false;true;true;37,64;0;2,31
450;0,69;35,72;240;false;true;true;37,87;0;2,38
451;0,69;35,69;240;false;true;true;37,62;0;2,35
452;0,69;35,67;240;false;true;true;37,85;0;2,42
453;0,69;35,64;240;false;true;true;37,6;0;2,39
454;0,69;35,62;240;false;true;true;37,84;0;2,47
455;0,69;35,6;240;false;true;true;37,6;0;2,44
456;0,69;35,58;240;false;true;true;37,84;0;2,52
457;0,69;35,56;240;false;true;true;37,6;0;2,5
458;0,69;35,56;240;false;true;true;37,85;0;2,59
459;0,7;35,54;240;false;true;true;37,62;0;2,58
460;0,7;35,55;240;false;true;true;37,89;0;2,69
461;0,7;35,56;240;false;true;true;37,68;0;2,69
462;0,7;35,6;240;false;true;true;37,98;0;2,83
463;0,7;35,94;239;false;true;true;37,39;0;1,87
464;0,7;35,7;239;false;true;true;37,39;0;1,95
465;0,7;35,6;239;false;true;true;37,05;0;1,91
466;0,7;35,61;239;false;true;true;37,3;0;2
467;0,71;35,63;239;false;true;true;37,05;0;1,97
468;0,71;35,7;239;false;true;true;37,35;0;2,07
469;0,71;35,78;239;false;true;true;37,14;0;2,04
470;0,71;35,93;238;false;true;true;37,03;0;1,12
471;0,71;35,72;238;false;true;true;36,82;0;1,12
472;0,71;35,48;238;false;true;true;36,57;0;1,12
473;0,71;35,41;238;false;true;true;36,52;0;1,13
474;0,71;35,31;238;false;true;true;36,42;0;1,13
475;0,71;35,27;238;false;true;true;36,39;0;1,13
476;0,71;35,22;238;false;true;true;36,34;0;1,14
477;0,72;35,2;238;false;true;true;36,32;0;1,14
478;0,72;35,16;238;false;true;true;36,28;0;1,14
479;0,72;35,14;238;false;true;true;36,26;0;1,14
480;0,72;35,1;238;false;true;true;36,23;0;1,15
481;0,72;35,07;238;false;true;true;36,2;0;1,15
482;0,72;35,04;238;false;true;true;36,17;0;1,15
483;0,72;35,02;238;false;true;true;36,15;0;1,16
484;0,72;34,98;238;false;true;true;36,11;0;1,16
485;0,73;34,95;238;false;true;true;36,09;0;1,16
486;0,73;34,91;238;false;true;true;36,05;0;1,16
487;0,73;34,88;238;false;true;true;36,03;0;1,17
488;0,73;34,84;238;false;true;true;35,99;0;1,17
489;0,73;34,81;238;false;true;true;35,96;0;1,17
490;0,73;34,78;238;false;true;true;35,93;0;1,18
491;0,73;34,74;238;false;true;true;35,9;0;1,18
492;0,73;34,7;238;false;true;true;35,86;0;1,18
493;0,73;34,95;238;false;true;true;35,83;0;1,49
494;0,73;34,79;238;false;true;true;36,08;0;1,52
495;0,74;34,7;238;false;true;true;36,09;0;1,53
496;0,74;34,65;238;false;true;true;36,09;0;1,54
497;0,74;34,61;238;false;true;true;36,07;0;1,55
498;0,74;34,57;238;false;true;true;36,04;0;1,56
499;0,74;34,53;238;false;true;true;36,03;0;1,57
500;0,74;34,49;238;false;true;true;35,99;0;1,57
501;0,74;34,46;238;false;true;true;35,97;0;1,58
502;0,74;34,42;238;false;true;true;35,93;0;1,59
503;0,74;34,38;238;false;true;true;35,91;0;1,59
504;0,74;34,35;238;false;true;true;35,88;0;1,6
505;0,75;34,31;238;false;true;true;35,85;0;1,6
506;0,75;34,27;238;false;true;true;35,82;0;1,61
507;0,75;34,23;238;false;true;true;35,79;0;1,62
508;0,75;34,2;238;false;true;true;35,76;0;1,62
509;0,75;34,16;238;false;true;true;35,73;0;1,63
510;0,75;34,12;238;false;true;true;35,7;0;1,64
511;0,75;34,09;238;false;true;true;35,68;0;1,64
512;0,75;34,05;238;false;true;true;35,64;0;1,65
513;0,75;34,02;238;false;true;true;35,62;0;1,66
514;0,75;33,98;238;false;true;true;35,58;0;1,66
515;0,75;33,94;238;false;true;true;35,56;0;1,67
516;0,76;33,9;238;false;true;true;35,52;0;1,68
517;0,76;33,87;238;false;true;true;35,5;0;1,69
518;0,76;33,83;238;false;true;true;35,47;0;1,7
519;0,76;33,79;238;false;true;true;35,44;0;1,71
520;0,76;33,76;238;false;true;true;35,41;0;1,72
521;0,76;33,73;238;false;true;true;35,39;0;1,73
522;0,76;33,69;238;false;true;true;35,36;0;1,74
523;0,76;33,65;238;false;true;true;35,34;0;1,75
524;0,76;33,62;238;false;true;true;35,31;0;1,77
525;0,76;33,59;238;false;true;true;35,3;0;1,78
526;0,77;33,56;238;false;true;true;35,27;0;1,8
527;0,77;33,53;238;false;true;true;35,26;0;1,82
528;0,77;33,5;238;false;true;true;35,24;0;1,84
529;0,77;33,48;238;false;true;true;35,24;0;1,87
530;0,77;33,45;238;false;true;true;35,23;0;1,91
531;0,77;34,15;237;false;true;true;35,07;0;0,95
532;0,77;33,78;237;false;true;true;34,7;0;0,95
533;0,77;33,56;237;false;true;true;34,49;0;0,95
534;0,77;33,48;237;false;true;true;34,41;0;0,95
535;0,78;33,71;237;false;true;true;34,33;0;1,26
536;0,78;33,57;237;false;true;true;34,59;0;1,29
537;0,78;33,49;237;false;true;true;34,57;0;1,31
538;0,78;33,42;237;false;true;true;34,57;0;1,33
539;0,78;33,36;237;false;true;true;34,55;0;1,34
540;0,78;33,31;237;false;true;true;34,52;0;1,35
541;0,78;33,25;237;false;true;true;34,5;0;1,36
542;0,78;33,21;237;false;true;true;34,47;0;1,37
543;0,78;33,16;237;false;true;true;34,44;0;1,37
544;0,79;33,11;237;false;true;true;34,41;0;1,38
545;0,79;33,08;237;false;true;true;34,39;0;1,39
546;0,79;33,03;237;false;true;true;34,35;0;1,4
547;0,79;33,13;237;false;true;true;34,32;0;1,7
548;0,79;33,02;237;false;true;true;34,43;0;1,72
549;0,79;33;237;false;true;true;34,47;0;1,75
550;0,79;32,92;237;false;true;true;34,42;0;1,74
551;0,79;32,92;237;false;true;true;34,47;0;1,78
552;0,79;32,87;237;false;true;true;34,4;0;1,76
553;0,8;32,87;237;false;true;true;34,46;0;1,79
554;0,8;32,83;237;false;true;true;34,38;0;1,78
555;0,8;32,82;237;false;true;true;34,44;0;1,81
556;0,8;32,79;237;false;true;true;34,35;0;1,79
557;0,8;32,78;237;false;true;true;34,42;0;1,82
558;0,8;32,76;237;false;true;true;34,33;0;1,8
559;0,8;32,75;237;false;true;true;34,4;0;1,84
560;0,8;32,72;237;false;true;true;34,31;0;1,82
561;0,8;32,71;237;false;true;true;34,38;0;1,85
562;0,8;32,68;237;false;true;true;34,28;0;1,83
563;0,81;32,66;237;false;true;true;34,35;0;1,86
564;0,81;32,64;237;false;true;true;34,25;0;1,84
565;0,81;32,62;237;false;true;true;34,32;0;1,87
566;0,81;32,6;237;false;true;true;34,22;0;1,85
567;0,81;32,58;237;false;true;true;34,29;0;1,88
568;0,81;32,55;237;false;true;true;34,18;0;1,86
569;0,81;32,53;237;false;true;true;34,25;0;1,89
570;0,81;32,5;237;false;true;true;34,14;0;1,86
571;0,81;32,48;237;false;true;true;34,21;0;1,9
572;0,81;32,46;237;false;true;true;34,1;0;1,87
573;0,81;32,44;237;false;true;true;34,18;0;1,91
574;0,82;32,41;237;false;true;true;34,06;0;1,88
575;0,82;32,39;237;false;true;true;34,13;0;1,92
576;0,82;32,35;237;false;true;true;34,02;0;1,89
577;0,82;32,33;237;false;true;true;34,09;0;1,92
578;0,82;32,3;237;false;true;true;33,97;0;1,9
579;0,82;32,27;237;false;true;true;34,04;0;1,93
580;0,82;32,24;237;false;true;true;33,92;0;1,9
581;0,82;32,21;237;false;true;true;33,99;0;1,94
582;0,82;32,18;237;false;true;true;33,87;0;1,91
583;0,82;32,16;237;false;true;true;33,94;0;1,95
584;0,83;32,12;237;false;true;true;33,82;0;1,92
585;0,83;32,1;237;false;true;true;33,89;0;1,95
586;0,83;32,07;237;false;true;true;33,77;0;1,92
587;0,83;32,04;237;false;true;true;33,84;0;1,96
588;0,83;32,01;237;false;true;true;33,71;0;1,93
589;0,83;31,98;237;false;true;true;33,78;0;1,97
590;0,83;31,94;237;false;true;true;33,66;0;1,94
591;0,83;31,91;237;false;true;true;33,73;0;1,97
592;0,83;31,88;237;false;true;true;33,6;0;1,94
593;0,83;31,85;237;false;true;true;33,67;0;1,98
594;0,84;31,82;237;false;true;true;33,55;0;1,95
595;0,84;31,79;237;false;true;true;33,62;0;1,99
596;0,84;31,76;237;false;true;true;33,49;0;1,96
597;0,84;31,73;237;false;true;true;33,57;0;1,99
598;0,84;31,7;237;false;true;true;33,44;0;1,96
599;0,84;31,67;237;false;true;true;33,52;0;2
600;0,84;31,65;237;false;true;true;33,39;0;1,97
601;0,84;31,62;237;false;true;true;33,47;0;2
602;0,84;31,59;237;false;true;true;33,34;0;1,97
603;0,85;31,56;237;false;true;true;33,41;0;2,01
604;0,85;31,53;237;false;true;true;33,28;0;1,98
605;0,85;31,5;237;false;true;true;33,36;0;2,02
606;0,85;31,47;237;false;true;true;33,23;0;1,99
607;0,85;31,44;237;false;true;true;33,31;0;2,02
608;0,85;31,4;237;false;true;true;33,17;0;1,99
609;0,85;31,38;237;false;true;true;33,25;0;2,03
610;0,85;31,34;237;false;true;true;33,11;0;2
611;0,85;31,31;237;false;true;true;33,19;0;2,03
612;0,85;31,28;237;false;true;true;33,06;0;2
613;0,86;31,25;237;false;true;true;33,14;0;2,04
614;0,86;31,22;237;false;true;true;33;0;2,01
615;0,86;31,19;237;false;true;true;33,08;0;2,05
616;0,86;31,15;237;false;true;true;32,94;0;2,01
617;0,86;31,12;237;false;true;true;33,02;0;2,05
618;0,86;31,09;237;false;true;true;32,88;0;2,02
619;0,86;31,06;237;false;true;true;32,96;0;2,06
620;0,86;31,03;237;false;true;true;32,83;0;2,03
621;0,86;31;237;false;true;true;32,91;0;2,06
622;0,86;30,97;237;false;true;true;32,78;0;2,03
623;0,87;30,94;237;false;true;true;32,86;0;2,07
624;0,87;30,91;237;false;true;true;32,72;0;2,04
625;0,87;30,88;237;false;true;true;32,81;0;2,07
626;0,87;30,85;237;false;true;true;32,67;0;2,04
627;0,87;30,82;237;false;true;true;32,75;0;2,08
628;0,87;30,79;237;false;true;true;32,62;0;2,05
629;0,87;30,77;237;false;true;true;32,7;0;2,09
630;0,87;30,74;237;false;true;true;32,56;0;2,05
631;0,87;30,71;237;false;true;true;32,65;0;2,09
632;0,87;30,67;237;false;true;true;32,51;0;2,06
633;0,88;30,65;237;false;true;true;32,59;0;2,1
634;0,88;30,62;237;false;true;true;32,46;0;2,07
635;0,88;30,59;237;false;true;true;32,54;0;2,1
636;0,88;30,56;237;false;true;true;32,41;0;2,07
637;0,88;30,53;237;false;true;true;32,49;0;2,11
638;0,88;30,5;237;false;true;true;32,35;0;2,08
639;0,88;30,47;237;false;true;true;32,43;0;2,12
640;0,88;30,44;237;false;true;true;32,29;0;2,08
641;0,88;30,4;237;false;true;true;32,38;0;2,12
642;0,88;30,37;237;false;true;true;32,24;0;2,09
643;0,88;30,34;237;false;true;true;32,32;0;2,13
644;0,89;30,31;237;false;true;true;32,18;0;2,1
645;0,89;30,28;237;false;true;true;32,27;0;2,13
646;0,89;30,25;237;false;true;true;32,13;0;2,1
647;0,89;30,23;237;false;true;true;32,22;0;2,14
648;0,89;30,2;237;false;true;true;32,08;0;2,11
649;0,89;30,17;237;false;true;true;32,17;0;2,15
650;0,89;30,14;237;false;true;true;32,03;0;2,12
651;0,89;30,11;237;false;true;true;32,12;0;2,15
652;0,89;30,08;237;false;true;true;31,98;0;2,12
653;0,89;30,06;237;false;true;true;32,07;0;2,16
654;0,9;30,03;237;false;true;true;31,93;0;2,13
655;0,9;30,01;237;false;true;true;32,02;0;2,17
656;0,9;29,97;237;false;true;true;31,88;0;2,14
657;0,9;29,95;237;false;true;true;31,97;0;2,18
658;0,9;29,92;237;false;true;true;31,83;0;2,14
659;0,9;29,89;237;false;true;true;31,92;0;2,18
660;0,9;29,86;237;false;true;true;31,78;0;2,15
661;0,9;29,83;237;false;true;true;31,87;0;2,19
662;0,9;29,8;237;false;true;true;31,73;0;2,16
663;0,9;29,77;237;false;true;true;31,82;0;2,2
664;0,91;29,74;237;false;true;true;31,68;0;2,17
665;0,91;29,72;237;false;true;true;31,77;0;2,21
666;0,91;29,69;237;false;true;true;31,63;0;2,18
667;0,91;29,66;237;false;true;true;31,72;0;2,22
668;0,91;29,63;237;false;true;true;31,58;0;2,19
669;0,91;29,6;237;false;true;true;31,67;0;2,23
670;0,91;29,57;237;false;true;true;31,54;0;2,2
671;0,91;29,55;237;false;true;true;31,63;0;2,24
672;0,91;29,52;237;false;true;true;31,5;0;2,21
673;0,92;29,5;237;false;true;true;31,6;0;2,25
674;0,92;29,48;237;false;true;true;31,46;0;2,23
675;0,92;29,45;237;false;true;true;31,56;0;2,27
676;0,92;29,42;237;false;true;true;31,42;0;2,24
677;0,92;29,4;237;false;true;true;31,52;0;2,29
678;0,92;29,37;237;false;true;true;31,39;0;2,26
679;0,92;29,35;237;false;true;true;31,48;0;2,31
680;0,92;29,32;237;false;true;true;31,35;0;2,28
681;0,92;29,3;237;false;true;true;31,45;0;2,33
682;0,92;29,28;237;false;true;true;31,33;0;2,31
683;0,93;29,26;237;false;true;true;31,43;0;2,36
684;0,93;29,24;237;false;true;true;31,31;0;2,35
685;0,93;29,22;237;false;true;true;31,42;0;2,41
686;0,93;29,21;237;false;true;true;31,31;0;2,41
687;0,93;29,2;237;false;true;true;31,43;0;2,48
688;0,93;29,86;236;false;true;true;31,1;0;1,45
689;0,93;29,51;236;false;true;true;30,86;0;1,49
690;0,93;29,31;236;false;true;true;30,55;0;1,45
691;0,93;29,24;236;false;true;true;30,59;0;1,49
692;0,93;29,48;236;false;true;true;30,41;0;1,76
693;0,94;29,36;236;false;true;true;30,8;0;1,83
694;0,94;29,28;236;false;true;true;30,67;0;1,81
695;0,94;29,23;236;false;true;true;30,79;0;1,85
696;0,94;29,17;236;false;true;true;30,66;0;1,83
697;0,94;29,12;236;false;true;true;30,75;0;1,87
698;0,94;29,08;236;false;true;true;30,62;0;1,85
699;0,94;29,04;236;false;true;true;30,71;0;1,89
700;0,94;29;236;false;true;true;30,58;0;1,86
701;0,94;28,96;236;false;true;true;30,67;0;1,9
702;0,94;28,93;236;false;true;true;30,53;0;1,87
703;0,94;28,89;236;false;true;true;30,62;0;1,91
704;0,95;28,86;236;false;true;true;30,48;0;1,88
705;0,95;28,82;236;false;true;true;30,57;0;1,92
706;0,95;28,8;236;false;true;true;30,43;0;1,89
707;0,95;28,77;236;false;true;true;30,53;0;1,93
708;0,95;28,74;236;false;true;true;30,39;0;1,9
709;0,96;28,71;236;false;true;true;30,48;0;1,94
710;0,96;28,68;236;false;true;true;30,34;0;1,91
711;0,96;28,65;236;false;true;true;30,43;0;1,95
712;0,96;28,63;236;false;true;true;30,3;0;1,92
713;0,96;28,6;236;false;true;true;30,39;0;1,96
714;0,97;28,57;236;false;true;true;30,25;0;1,93
715;0,97;28,55;236;false;true;true;30,35;0;1,96
716;0,97;28,52;236;false;true;true;30,21;0;1,93
717;0,97;28,49;236;false;true;true;30,3;0;1,97
718;0,97;28,46;236;false;true;true;30,16;0;1,94
719;0,98;28,43;236;false;true;true;30,25;0;1,98
720;0,98;28,4;236;false;true;true;30,11;0;1,94
721;0,98;28,38;236;false;true;true;30,21;0;1,98
722;0,98;28,36;236;false;true;true;30,07;0;1,95
723;0,98;28,34;236;false;true;true;30,17;0;1,99
724;0,98;28,32;236;false;true;true;30,04;0;1,95
725;0,98;28,3;236;false;true;true;30,13;0;1,99
726;0,98;28,27;236;false;true;true;30;0;1,96
727;0,98;28,25;236;false;true;true;30,09;0;2
728;0,98;28,22;236;false;true;true;29,95;0;1,97
729;0,99;28,2;236;false;true;true;30,05;0;2
730;0,99;28,17;236;false;true;true;29,91;0;1,97
731;0,99;28,15;236;false;true;true;30;0;2,01
732;0,99;28,12;236;false;true;true;29,87;0;1,98
733;0,99;28,11;236;false;true;true;29,97;0;2,01
734;0,99;28,09;236;false;true;true;29,84;0;1,98
735;0,99;28,07;236;false;true;true;29,94;0;2,02
736;0,99;28,05;236;false;true;true;29,8;0;1,98
737;0,99;28,03;236;false;true;true;29,9;0;2,02
738;1;28,01;236;false;true;true;29,77;0;1,99
739;1;27,99;236;false;true;true;29,86;0;2,03
740;1;27,97;236;false;true;true;29,73;0;1,99
741;1;27,95;236;false;true;true;29,83;0;2,03
742;1;27,92;236;false;true;true;29,69;0;2
743;1;27,91;236;false;true;true;29,79;0;2,03
744;1;27,89;236;false;true;true;29,66;0;2
745;1;27,88;236;false;true;true;29,77;0;2,04
746;1,01;27,86;236;false;true;true;29,64;0;2,01
747;1,01;27,85;236;false;true;true;29,74;0;2,04
748;1,01;27,84;236;false;true;true;29,62;0;2,01
749;1,01;27,82;236;false;true;true;29,72;0;2,05
750;1,01;27,8;236;false;true;true;29,59;0;2,01
751;1,01;27,78;236;false;true;true;29,69;0;2,05
752;1,01;27,77;236;false;true;true;29,56;0;2,02
753;1,02;27,76;236;false;true;true;29,67;0;2,06
754;1,02;27,75;236;false;true;true;29,54;0;2,02
755;1,02;27,73;236;false;true;true;29,65;0;2,06
756;1,02;27,72;236;false;true;true;29,52;0;2,03
757;1,02;27,71;236;false;true;true;29,63;0;2,06
758;1,02;27,7;236;false;true;true;29,5;0;2,03
759;1,02;27,69;236;false;true;true;29,61;0;2,07
760;1,02;27,69;236;false;true;true;29,49;0;2,03
761;1,02;27,68;236;false;true;true;29,61;0;2,07
762;1,02;27,67;236;false;true;true;29,48;0;2,04
763;1,03;27,67;236;false;true;true;29,6;0;2,07
764;1,03;27,66;236;false;true;true;29,47;0;2,04
765;1,03;27,65;236;false;true;true;29,58;0;2,08
766;1,03;27,64;236;false;true;true;29,46;0;2,04
767;1,03;27,64;236;false;true;true;29,58;0;2,08
768;1,03;27,63;236;false;true;true;29,45;0;2,05
769;1,03;27,63;236;false;true;true;29,57;0;2,09
770;1,03;27,63;236;false;true;true;29,45;0;2,05
771;1,03;27,63;236;false;true;true;29,58;0;2,09
772;1,03;27,64;236;false;true;true;29,47;0;2,06
773;1,04;27,64;236;false;true;true;29,59;0;2,09
774;1,04;27,65;236;false;true;true;29,48;0;2,06
775;1,04;27,65;236;false;true;true;29,61;0;2,1
776;1,04;27,66;236;false;true;true;29,5;0;2,06
777;1,04;27,67;236;false;true;true;29,62;0;2,1
778;1,04;27,68;236;false;true;true;29,51;0;2,07
779;1,04;27,68;236;false;true;true;29,64;0;2,1
780;1,04;27,69;236;false;true;true;29,53;0;2,07
781;1,04;27,69;236;false;true;true;29,66;0;2,11
782;1,04;27,71;236;false;true;true;29,55;0;2,07
783;1,05;27,72;236;false;true;true;29,69;0;2,11
784;1,05;27,74;236;false;true;true;29,58;0;2,08
785;1,05;27,75;236;false;true;true;29,72;0;2,11
786;1,05;27,76;236;false;true;true;29,61;0;2,08
787;1,05;27,78;236;false;true;true;29,75;0;2,12
788;1,05;27,79;236;false;true;true;29,65;0;2,08
789;1,05;27,81;236;false;true;true;29,79;0;2,12
790;1,05;27,82;236;false;true;true;29,68;0;2,09
791;1,05;27,83;236;false;true;true;29,82;0;2,12
792;1,06;27,85;236;false;true;true;29,71;0;2,09
793;1,06;27,86;236;false;true;true;29,85;0;2,13
794;1,06;27,87;236;false;true;true;29,74;0;2,09
795;1,06;27,89;236;false;true;true;29,88;0;2,13
796;1,06;27,9;236;false;true;true;29,77;0;2,1
797;1,06;27,91;236;false;true;true;29,9;0;2,14
798;1,06;27,92;236;false;true;true;29,79;0;2,1
799;1,06;27,93;236;false;true;true;29,93;0;2,14
800;1,06;27,94;236;false;true;true;29,82;0;2,11
801;1,07;27,95;236;false;true;true;29,95;0;2,14
802;1,07;27,96;236;false;true;true;29,85;0;2,11
803;1,07;27,98;236;false;true;true;29,98;0;2,15
804;1,07;27,99;236;false;true;true;29,87;0;2,11
805;1,07;28;236;false;true;true;30,01;0;2,15
806;1,07;28,01;236;false;true;true;29,9;0;2,12
807;1,07;28,02;236;false;true;true;30,03;0;2,15
808;1,07;28,02;236;false;true;true;29,92;0;2,12
809;1,07;28,03;236;false;true;true;30,05;0;2,16
810;1,07;28,04;236;false;true;true;29,94;0;2,12
811;1,08;28,04;236;false;true;true;30,07;0;2,16
812;1,08;28,05;236;false;true;true;29,95;0;2,13
813;1,08;28,05;236;false;true;true;30,08;0;2,17
814;1,08;28,06;236;false;true;true;29,97;0;2,13
815;1,08;28,07;236;false;true;true;30,1;0;2,17
816;1,08;28,07;236;false;true;true;29,98;0;2,14
817;1,08;28,08;236;false;true;true;30,11;0;2,17
818;1,08;28,08;236;false;true;true;30;0;2,14
819;1,08;28,09;236;false;true;true;30,13;0;2,18
820;1,08;28,09;236;false;true;true;30,01;0;2,14
821;1,09;28,1;236;false;true;true;30,14;0;2,18
822;1,09;28,1;236;false;true;true;30,02;0;2,15
823;1,09;28,1;236;false;true;true;30,15;0;2,19
824;1,09;28,1;236;false;true;true;30,03;0;2,15
825;1,09;28,1;236;false;true;true;30,15;0;2,19
826;1,09;28,1;236;false;true;true;30,03;0;2,16
827;1,09;28,1;236;false;true;true;30,15;0;2,2
828;1,09;28,1;236;false;true;true;30,04;0;2,16
829;1,09;28,1;236;false;true;true;30,16;0;2,2
830;1,09;28,1;236;false;true;true;30,04;0;2,17
831;1,1;28,1;236;false;true;true;30,16;0;2,2
832;1,1;28,1;236;false;true;true;30,04;0;2,17
833;1,1;28,09;236;false;true;true;30,16;0;2,21
834;1,1;28,09;236;false;true;true;30,04;0;2,18
835;1,1;28,09;236;false;true;true;30,16;0;2,21
836;1,1;28,08;236;false;true;true;30,03;0;2,18
837;1,1;28,08;236;false;true;true;30,15;0;2,22
838;1,1;28,07;236;false;true;true;30,03;0;2,19
839;1,1;28,07;236;false;true;true;30,15;0;2,23
840;1,1;28,06;236;false;true;true;30,03;0;2,19
841;1,11;28,06;236;false;true;true;30,15;0;2,23
842;1,11;28,05;236;false;true;true;30,02;0;2,2
843;1,11;28,05;236;false;true;true;30,14;0;2,24
844;1,11;28,04;236;false;true;true;30,02;0;2,2
845;1,11;28,04;236;false;true;true;30,14;0;2,24
846;1,11;28,03;236;false;true;true;30,01;0;2,21
847;1,11;28,02;236;false;true;true;30,13;0;2,25
848;1,11;28,01;236;false;true;true;30;0;2,22
849;1,11;28;236;false;true;true;30,11;0;2,26
850;1,11;27,99;236;false;true;true;29,98;0;2,22
851;1,12;27,98;236;false;true;true;30,1;0;2,26
852;1,12;27,97;236;false;true;true;29,97;0;2,23
853;1,12;27,96;236;false;true;true;30,08;0;2,27
854;1,12;27,95;236;false;true;true;29,95;0;2,24
855;1,12;27,94;236;false;true;true;30,07;0;2,28
856;1,12;27,93;236;false;true;true;29,94;0;2,25
857;1,12;27,92;236;false;true;true;30,06;0;2,29
858;1,12;27,91;236;false;true;true;29,93;0;2,26
859;1,12;27,89;236;false;true;true;30,04;0;2,3
860;1,12;27,88;236;false;true;true;29,92;0;2,27
861;1,12;27,87;236;false;true;true;30,03;0;2,31
862;1,13;27,86;236;false;true;true;29,9;0;2,28
863;1,13;27,85;236;false;true;true;30,02;0;2,33
864;1,13;27,84;236;false;true;true;29,89;0;2,3
865;1,13;27,82;236;false;true;true;30;0;2,34
866;1,13;27,81;236;false;true;true;29,88;0;2,32
867;1,13;27,8;236;false;true;true;29,99;0;2,36
868;1,13;27,78;236;false;true;true;29,87;0;2,34
869;1,13;27,78;236;false;true;true;29,99;0;2,39
870;1,13;27,77;236;false;true;true;29,87;0;2,37
871;1,13;27,76;236;false;true;true;29,99;0;2,42
872;1,14;27,75;236;false;true;true;29,88;0;2,41
873;1,14;27,75;236;false;true;true;30,01;0;2,47
874;1,14;27,76;236;false;true;true;29,91;0;2,48
875;1,14;28,45;235;false;true;true;29,84;0;1,52
876;1,14;28,11;235;false;true;true;29,38;0;1,49
877;1,14;27,91;235;false;true;true;29,3;0;1,52
878;1,14;27,84;235;false;true;true;29,12;0;1,49
879;1,14;28,09;235;false;true;true;29,18;0;1,83
880;1,14;27,97;235;false;true;true;29,33;0;1,82
881;1,14;27,91;235;false;true;true;29,45;0;1,87
882;1,15;27,86;235;false;true;true;29,34;0;1,85
883;1,15;27,81;235;false;true;true;29,46;0;1,9
884;1,15;27,77;235;false;true;true;29,32;0;1,87
885;1,15;27,74;235;false;true;true;29,43;0;1,91
886;1,15;27,71;235;false;true;true;29,3;0;1,88
887;1,15;27,68;235;false;true;true;29,4;0;1,93
888;1,15;27,65;235;false;true;true;29,26;0;1,9
889;1,15;27,62;235;false;true;true;29,37;0;1,94
890;1,15;27,59;235;false;true;true;29,23;0;1,91
891;1,15;27,57;235;false;true;true;29,33;0;1,95
892;1,16;27,54;235;false;true;true;29,2;0;1,92
893;1,16;27,51;235;false;true;true;29,3;0;1,96
894;1,16;27,49;235;false;true;true;29,16;0;1,92
895;1,16;27,46;235;false;true;true;29,26;0;1,96
896;1,16;27,44;235;false;true;true;29,12;0;1,93
897;1,16;27,42;235;false;true;true;29,22;0;1,97
898;1,16;27,39;235;false;true;true;29,08;0;1,94
899;1,16;27,37;235;false;true;true;29,19;0;1,98
900;1,16;27,35;235;false;true;true;29,05;0;1,94
901;1,16;27,33;235;false;true;true;29,15;0;1,98
902;1,17;27,3;235;false;true;true;29,01;0;1,95
903;1,17;27,28;235;false;true;true;29,11;0;1,99
904;1,17;27,25;235;false;true;true;28,97;0;1,95
905;1,17;27,23;235;false;true;true;29,07;0;1,99
906;1,17;27,21;235;false;true;true;28,93;0;1,96
907;1,17;27,19;235;false;true;true;29,03;0;2
908;1,17;27,16;235;false;true;true;28,89;0;1,96
909;1,17;27,14;235;false;true;true;29;0;2
910;1,17;27,12;235;false;true;true;28,85;0;1,97
911;1,17;27,1;235;false;true;true;28,96;0;2,01
912;1,18;27,08;235;false;true;true;28,81;0;1,97
913;1,18;27,05;235;false;true;true;28,92;0;2,01
914;1,18;27,03;235;false;true;true;28,78;0;1,98
915;1,18;27,01;235;false;true;true;28,88;0;2,02
916;1,18;26,99;235;false;true;true;28,74;0;1,98
917;1,18;26,96;235;false;true;true;28,84;0;2,02
918;1,18;26,94;235;false;true;true;28,69;0;1,99
919;1,18;26,92;235;false;true;true;28,8;0;2,02
920;1,18;26,9;235;false;true;true;28,65;0;1,99
921;1,18;26,87;235;false;true;true;28,75;0;2,03
922;1,19;26,85;235;false;true;true;28,61;0;1,99
923;1,19;26,83;235;false;true;true;28,71;0;2,03
924;1,19;26,81;235;false;true;true;28,57;0;2
925;1,19;26,79;235;false;true;true;28,68;0;2,03
926;1,19;26,77;235;false;true;true;28,54;0;2
927;1,19;26,74;235;false;true;true;28,64;0;2,04
928;1,19;26,72;235;false;true;true;28,49;0;2
929;1,19;26,7;235;false;true;true;28,59;0;2,04
930;1,19;26,67;235;false;true;true;28,45;0;2,01
931;1,2;26,65;235;false;true;true;28,55;0;2,04
932;1,2;26,63;235;false;true;true;28,41;0;2,01
933;1,2;26,61;235;false;true;true;28,51;0;2,05
934;1,2;26,59;235;false;true;true;28,37;0;2,01
935;1,2;26,56;235;false;true;true;28,47;0;2,05
936;1,2;26,54;235;false;true;true;28,33;0;2,02
937;1,2;26,52;235;false;true;true;28,43;0;2,05
938;1,2;26,5;235;false;true;true;28,29;0;2,02
939;1,2;26,47;235;false;true;true;28,39;0;2,06
940;1,21;26,45;235;false;true;true;28,25;0;2,02
941;1,21;26,43;235;false;true;true;28,35;0;2,06
942;1,21;26,41;235;false;true;true;28,21;0;2,03
943;1,21;26,39;235;false;true;true;28,31;0;2,06
944;1,21;26,37;235;false;true;true;28,17;0;2,03
945;1,21;26,34;235;false;true;true;28,27;0;2,07
946;1,21;26,32;235;false;true;true;28,13;0;2,03
947;1,21;26,3;235;false;true;true;28,23;0;2,07
948;1,21;26,28;235;false;true;true;28,09;0;2,03
949;1,21;26,26;235;false;true;true;28,19;0;2,07
950;1,22;26,23;235;false;true;true;28,04;0;2,04
951;1,22;26,21;235;false;true;true;28,14;0;2,07
952;1,22;26,19;235;false;true;true;28;0;2,04
953;1,22;26,17;235;false;true;true;28,1;0;2,08
954;1,22;26,14;235;false;true;true;27,96;0;2,04
955;1,22;26,12;235;false;true;true;28,06;0;2,08
956;1,23;26,1;235;false;true;true;27,92;0;2,05
957;1,23;26,08;235;false;true;true;28,02;0;2,08
958;1,23;26,06;235;false;true;true;27,88;0;2,05
959;1,23;26,04;235;false;true;true;27,98;0;2,09
960;1,23;26,02;235;false;true;true;27,84;0;2,05
961;1,23;26;235;false;true;true;27,94;0;2,09
962;1,23;25,97;235;false;true;true;27,8;0;2,05
963;1,23;25,95;235;false;true;true;27,9;0;2,09
964;1,23;25,93;235;false;true;true;27,76;0;2,06
965;1,24;25,91;235;false;true;true;27,86;0;2,09
966;1,24;25,88;235;false;true;true;27,72;0;2,06
967;1,24;25,86;235;false;true;true;27,82;0;2,1
968;1,24;25,84;235;false;true;true;27,68;0;2,06
969;1,24;25,82;235;false;true;true;27,78;0;2,1
970;1,24;25,8;235;false;true;true;27,64;0;2,06
971;1,24;25,78;235;false;true;true;27,74;0;2,1
972;1,24;25,76;235;false;true;true;27,6;0;2,07
973;1,24;25,73;235;false;true;true;27,7;0;2,1
974;1,24;25,71;235;false;true;true;27,56;0;2,07
975;1,25;25,69;235;false;true;true;27,66;0;2,11
976;1,25;25,67;235;false;true;true;27,52;0;2,07
977;1,25;25,65;235;false;true;true;27,62;0;2,11
978;1,25;25,63;235;false;true;true;27,48;0;2,08
979;1,25;25,61;235;false;true;true;27,58;0;2,11
980;1,25;25,58;235;false;true;true;27,44;0;2,08
981;1,25;25,56;235;false;true;true;27,54;0;2,12
982;1,25;25,54;235;false;true;true;27,39;0;2,08
983;1,25;25,52;235;false;true;true;27,49;0;2,12
984;1,25;25,5;235;false;true;true;27,35;0;2,08
985;1,25;25,47;235;false;true;true;27,46;0;2,12
986;1,26;25,45;235;false;true;true;27,31;0;2,09
987;1,26;25,43;235;false;true;true;27,42;0;2,12
988;1,26;25,41;235;false;true;true;27,28;0;2,09
989;1,26;25,39;235;false;true;true;27,38;0;2,13
990;1,26;25,37;235;false;true;true;27,24;0;2,09
991;1,26;25,35;235;false;true;true;27,34;0;2,13
992;1,26;25,33;235;false;true;true;27,2;0;2,09
993;1,26;25,31;235;false;true;true;27,3;0;2,13
994;1,26;25,28;235;false;true;true;27,16;0;2,1
995;1,26;25,26;235;false;true;true;27,26;0;2,13
996;1,27;25,24;235;false;true;true;27,11;0;2,1
997;1,27;25,22;235;false;true;true;27,22;0;2,14
998;1,27;25,2;235;false;true;true;27,07;0;2,1
999;1,27;25,18;235;false;true;true;27,18;0;2,14
1000;1,27;25,16;235;false;true;true;27,04;0;2,1
1001;1,27;25,14;235;false;true;true;27,14;0;2,14
1002;1,27;25,12;235;false;true;true;27;0;2,11
1003;1,27;25,1;235;false;true;true;27,1;0;2,14
1004;1,27;25,07;235;false;true;true;26,96;0;2,11
1005;1,27;25,05;235;false;true;true;27,06;0;2,15
1006;1,28;25,03;235;false;true;true;26,92;0;2,11
1007;1,28;25,01;235;false;true;true;27,02;0;2,15
1008;1,28;24,99;235;false;true;true;26,88;0;2,12
1009;1,28;24,96;235;false;true;true;26,98;0;2,15
1010;1,28;24,94;235;false;true;true;26,84;0;2,12
1011;1,28;24,92;235;false;true;true;26,94;0;2,16
1012;1,28;24,9;235;false;true;true;26,8;0;2,12
1013;1,28;24,88;235;false;true;true;26,9;0;2,16
1014;1,28;24,86;235;false;true;true;26,76;0;2,12
1015;1,29;24,84;235;false;true;true;26,86;0;2,16
1016;1,29;24,82;235;false;true;true;26,72;0;2,13
1017;1,32;24,8;235;false;true;true;26,83;0;2,16
1018;1,32;24,78;235;false;true;true;26,69;0;2,13
1019;1,32;24,76;235;false;true;true;26,79;0;2,17
1020;1,32;24,74;235;false;true;true;26,65;0;2,13
1021;1,32;24,72;235;false;true;true;26,75;0;2,17
1022;1,32;24,69;235;false;true;true;26,6;0;2,13
1023;1,32;24,67;235;false;true;true;26,71;0;2,17
1024;1,32;24,65;235;false;true;true;26,57;0;2,14
1025;1,33;24,63;235;false;true;true;26,67;0;2,18
1026;1,33;24,61;235;false;true;true;26,53;0;2,14
1027;1,33;24,59;235;false;true;true;26,63;0;2,18
1028;1,33;24,57;235;false;true;true;26,49;0;2,14
1029;1,33;24,55;235;false;true;true;26,59;0;2,18
1030;1,33;24,53;235;false;true;true;26,45;0;2,15
1031;1,33;24,51;235;false;true;true;26,55;0;2,18
1032;1,33;24,49;235;false;true;true;26,41;0;2,15
1033;1,33;24,47;235;false;true;true;26,52;0;2,19
1034;1,33;24,45;235;false;true;true;26,38;0;2,15
1035;1,34;24,43;235;false;true;true;26,48;0;2,19
1036;1,34;24,41;235;false;true;true;26,34;0;2,16
1037;1,34;24,39;235;false;true;true;26,44;0;2,19
1038;1,34;24,36;235;false;true;true;26,3;0;2,16
1039;1,34;24,34;235;false;true;true;26,4;0;2,2
1040;1,34;24,32;235;false;true;true;26,26;0;2,16
1041;1,34;24,3;235;false;true;true;26,36;0;2,2
1042;1,34;24,28;235;false;true;true;26,22;0;2,17
1043;1,34;24,26;235;false;true;true;26,32;0;2,2
1044;1,34;24,24;235;false;true;true;26,18;0;2,17
1045;1,35;24,22;235;false;true;true;26,29;0;2,21
1046;1,35;24,2;235;false;true;true;26,15;0;2,17
1047;1,35;24,18;235;false;true;true;26,25;0;2,21
1048;1,35;24,16;235;false;true;true;26,11;0;2,18
1049;1,35;24,14;235;false;true;true;26,21;0;2,22
1050;1,35;24,12;235;false;true;true;26,08;0;2,18
1051;1,35;24,1;235;false;true;true;26,18;0;2,22
1052;1,35;24,08;235;false;true;true;26,04;0;2,19
1053;1,36;24,06;235;false;true;true;26,14;0;2,22
1054;1,36;24,03;235;false;true;true;26;0;2,19
1055;1,36;24,01;235;false;true;true;26,1;0;2,23
1056;1,36;23,99;235;false;true;true;25,96;0;2,19
1057;1,36;23,97;235;false;true;true;26,06;0;2,23
1058;1,36;23,95;235;false;true;true;25,93;0;2,2
1059;1,36;23,94;235;false;true;true;26,03;0;2,24
1060;1,36;23,92;235;false;true;true;25,89;0;2,2
1061;1,36;23,9;235;false;true;true;26;0;2,24
1062;1,36;23,88;235;false;true;true;25,86;0;2,21
1063;1,37;23,86;235;false;true;true;25,96;0;2,25
1064;1,37;23,84;235;false;true;true;25,82;0;2,21
1065;1,37;23,81;235;false;true;true;25,92;0;2,25
1066;1,37;23,8;235;false;true;true;25,79;0;2,22
1067;1,37;23,78;235;false;true;true;25,89;0;2,26
1068;1,37;23,76;235;false;true;true;25,75;0;2,22
1069;1,37;23,74;235;false;true;true;25,86;0;2,26
1070;1,37;23,72;235;false;true;true;25,72;0;2,23
1071;1,37;23,7;235;false;true;true;25,82;0;2,27
1072;1,37;23,68;235;false;true;true;25,68;0;2,24
1073;1,38;23,65;235;false;true;true;25,79;0;2,28
1074;1,38;23,63;235;false;true;true;25,65;0;2,24
1075;1,38;23,62;235;false;true;true;25,75;0;2,28
1076;1,38;23,6;235;false;true;true;25,62;0;2,25
1077;1,38;24,83;235;true;true;true;0;7,43;0
1078;1,38;5,96;235;true;true;true;0;5,64;0
1079;1,39;5,36;235;true;true;true;0;5,52;0
1080;1,39;7,21;235;true;true;true;0;5,3;0
1081;1,39;6,89;235;true;true;true;0;4,78;0
1082;1,4;6,74;235;true;true;true;0;4,99;0
1083;1,4;6,37;235;true;true;true;0;4,89;0
1084;1,4;6,31;235;true;true;true;0;4,53;0
1085;1,41;6;235;true;true;true;0;4,01;0
1086;1,41;5,48;235;true;true;true;0;3,6;0
1087;1,41;5,17;235;true;true;true;0;3,41;0
1088;1,42;5,36;235;true;true;true;0;3,31;0
1089;1,42;5,21;235;true;true;true;0;3,21;0
1090;1,42;4,83;235;true;true;true;0;3,13;0
1091;1,43;5,13;235;true;true;true;0;3,15;0
1092;1,43;5,11;235;true;true;true;0;3,09;0
1093;1,43;4,74;235;true;true;true;0;3,01;0
1094;1,44;4,94;235;true;true;true;0;3,03;0
1095;1,44;5;235;true;true;true;0;3;0
1096;1,45;4,73;235;true;true;true;0;2,94;0
1097;1,45;4,8;235;true;true;true;0;2,94;0
1098;1,45;4,92;235;true;true;true;0;2,95;0
1099;1,45;4,75;235;true;true;true;0;2,91;0
1100;1,46;4,77;235;true;true;true;0;2,92;0
1101;1,46;4,85;235;true;true;true;0;2,92;0
1102;1,46;4,78;235;true;true;true;0;2,9;0
1103;1,47;4,73;235;true;true;true;0;2,88;0
1104;1,47;4,81;235;true;true;true;0;2,9;0
1105;1,47;4,76;235;true;true;true;0;2,87;0
1106;1,48;4,72;235;true;true;true;0;2,87;0
1107;1,48;4,76;235;true;true;true;0;2,87;0
1108;1,48;4,75;235;true;true;true;0;2,87;0
1109;1,49;4,7;235;true;true;true;0;2,85;0
1110;1,49;4,73;235;true;true;true;0;2,86;0
1111;1,49;4,72;235;true;true;true;0;2,84;0
1112;1,5;4,7;235;true;true;true;0;2,84;0
1113;1,5;4,69;235;true;true;true;0;2,83;0
1114;1,5;4,7;235;true;true;true;0;2,83;0
1115;1,51;4,67;235;true;true;true;0;2,82;0
1116;1,51;4,68;235;true;true;true;0;2,82;0
1117;1,51;4,67;235;true;true;true;0;2,81;0
1118;1,52;4,67;235;true;true;true;0;2,81;0
1119;1,52;4,65;235;true;true;true;0;2,8;0
1120;1,53;4,66;235;true;true;true;0;2,8;0
1121;1,53;4,64;235;true;true;true;0;2,79;0
1122;1,53;4,65;235;true;true;true;0;2,79;0
1123;1,54;4,63;235;true;true;true;0;2,78;0
1124;1,54;4,64;235;true;true;true;0;2,78;0
1125;1,54;4,62;235;true;true;true;0;2,77;0
1126;1,54;4,63;235;true;true;true;0;2,78;0
1127;1,55;4,61;235;true;true;true;0;2,76;0
1128;1,55;4,61;235;true;true;true;0;2,77;0
1129;1,56;4,6;235;true;true;true;0;2,75;0
1130;1,56;4,6;235;true;true;true;0;2,76;0
1131;1,56;4,59;235;true;true;true;0;2,74;0
1132;1,57;4,59;235;true;true;true;0;2,75;0
1133;1,57;4,58;235;true;true;true;0;2,74;0
1134;1,58;4,58;235;true;true;true;0;2,74;0
1135;1,58;4,57;235;true;true;true;0;2,73;0
1136;1,58;4,57;235;true;true;true;0;2,73;0
1137;1,59;4,56;235;true;true;true;0;2,72;0
1138;1,59;4,56;235;true;true;true;0;2,72;0
1139;1,59;4,55;235;true;true;true;0;2,71;0
1140;1,6;4,55;235;true;true;true;0;2,71;0
1141;1,6;4,54;235;true;true;true;0;2,7;0
1142;1,6;4,54;235;true;true;true;0;2,7;0
1143;1,61;4,53;235;true;true;true;0;2,69;0
1144;1,61;4,54;235;true;true;true;0;2,71;0
1145;1,61;4,54;235;true;true;true;0;2,7;0
1146;1,61;4,55;235;true;true;true;0;2,71;0
1147;1,62;4,54;235;true;true;true;0;2,71;0
1148;1,62;4,55;235;true;true;true;0;2,72;0
1149;1,62;4,54;235;true;true;true;0;2,71;0
1150;1,63;4,55;235;true;true;true;0;2,72;0
1151;1,63;4,54;235;true;true;true;0;2,71;0
1152;1,63;4,55;235;true;true;true;0;2,72;0
1153;1,64;4,55;235;true;true;true;0;2,71;0
1154;1,64;4,55;235;true;true;true;0;2,72;0
1155;1,64;4,55;235;true;true;true;0;2,72;0
1156;1,65;4,55;235;true;true;true;0;2,72;0
1157;1,65;4,54;235;true;true;true;0;2,72;0
1158;1,65;4,55;235;true;true;true;0;2,72;0
1159;1,66;4,54;235;true;true;true;0;2,72;0
1160;1,66;4,55;235;true;true;true;0;2,72;0
1161;1,66;4,54;235;true;true;true;0;2,72;0
1162;1,67;4,55;235;true;true;true;0;2,72;0
1163;1,67;4,54;235;true;true;true;0;2,72;0
1164;1,67;4,55;235;true;true;true;0;2,72;0
1165;1,68;4,54;235;true;true;true;0;2,72;0
1166;1,68;4,55;235;true;true;true;0;2,72;0
1167;1,68;4,54;235;true;true;true;0;2,72;0
1168;1,69;4,55;235;true;true;true;0;2,72;0
1169;1,69;4,54;235;true;true;true;0;2,72;0
1170;1,69;4,55;235;true;true;true;0;2,72;0
1171;1,7;4,54;235;true;true;true;0;2,72;0
1172;1,7;4,55;235;true;true;true;0;2,72;0
1173;1,7;4,54;235;true;true;true;0;2,72;0
1174;1,7;4,55;235;true;true;true;0;2,72;0
1175;1,71;4,54;235;true;true;true;0;2,72;0
1176;1,71;4,54;235;true;true;true;0;2,72;0
1177;1,71;4,54;235;true;true;true;0;2,72;0
1178;1,72;4,54;235;true;true;true;0;2,72;0
1179;1,72;4,54;235;true;true;true;0;2,72;0
1180;1,72;4,54;235;true;true;true;0;2,72;0
1181;1,73;4,53;235;true;true;true;0;2,72;0
1182;1,73;4,54;235;true;true;true;0;2,72;0
1183;1,73;4,53;235;true;true;true;0;2,72;0
1184;1,74;4,54;235;true;true;true;0;2,72;0
1185;1,74;4,53;235;true;true;true;0;2,72;0
1186;1,74;4,54;235;true;true;true;0;2,72;0
1187;1,75;4,53;235;true;true;true;0;2,72;0
1188;1,75;4,54;235;true;true;true;0;2,72;0
1189;1,75;4,53;235;true;true;true;0;2,72;0
1190;1,75;4,54;235;true;true;true;0;2,72;0
1191;1,76;4,53;235;true;true;true;0;2,71;0
1192;1,76;4,54;235;true;true;true;0;2,72;0
1193;1,76;4,53;235;true;true;true;0;2,71;0
1194;1,77;4,54;235;true;true;true;0;2,72;0
1195;1,77;4,53;235;true;true;true;0;2,71;0
1196;1,78;4,54;235;true;true;true;0;2,72;0
1197;1,78;4,53;235;true;true;true;0;2,71;0
1198;1,78;4,54;235;true;true;true;0;2,72;0
1199;1,78;4,53;235;true;true;true;0;2,71;0
1200;1,79;4,54;235;true;true;true;0;2,72;0
1201;1,79;4,53;235;true;true;true;0;2,71;0
1202;1,79;4,54;235;true;true;true;0;2,72;0
1203;1,8;4,53;235;true;true;true;0;2,71;0
1204;1,8;4,54;235;true;true;true;0;2,72;0
1205;1,8;4,53;235;true;true;true;0;2,71;0
1206;1,81;4,54;235;true;true;true;0;2,72;0
1207;1,81;4,52;235;true;true;true;0;2,71;0
1208;1,81;4,53;235;true;true;true;0;2,72;0
1209;1,82;4,52;235;true;true;true;0;2,71;0
1210;1,82;4,53;235;true;true;true;0;2,72;0
1211;1,82;4,52;235;true;true;true;0;2,71;0
1212;1,83;4,53;235;true;true;true;0;2,72;0
1213;1,83;4,52;235;true;true;true;0;2,71;0
1214;1,83;4,53;235;true;true;true;0;2,72;0
1215;1,84;4,52;235;true;true;true;0;2,71;0
1216;1,84;4,53;235;true;true;true;0;2,72;0
1217;1,84;4,52;235;true;true;true;0;2,71;0
1218;1,85;4,53;235;true;true;true;0;2,72;0
1219;1,85;4,52;235;true;true;true;0;2,71;0
1220;1,85;4,53;235;true;true;true;0;2,72;0
1221;1,85;4,52;235;true;true;true;0;2,71;0
1222;1,86;4,53;235;true;true;true;0;2,72;0
1223;1,86;4,52;235;true;true;true;0;2,71;0
1224;1,86;4,53;235;true;true;true;0;2,72;0
1225;1,87;4,52;235;true;true;true;0;2,71;0
1226;1,87;4,53;235;true;true;true;0;2,72;0
1227;1,88;4,52;235;true;true;true;0;2,71;0
1228;1,88;4,53;235;true;true;true;0;2,72;0
1229;1,88;4,52;235;true;true;true;0;2,71;0
1230;1,88;4,53;235;true;true;true;0;2,72;0
1231;1,89;4,52;235;true;true;true;0;2,71;0
1232;1,89;4,53;235;true;true;true;0;2,72;0
1233;1,89;4,52;235;true;true;true;0;2,71;0
1234;1,9;4,53;235;true;true;true;0;2,72;0
1235;1,9;4,52;235;true;true;true;0;2,71;0
1236;1,9;4,53;235;true;true;true;0;2,72;0
1237;1,91;4,52;235;true;true;true;0;2,71;0
1238;1,91;4,53;235;true;true;true;0;2,72;0
1239;1,91;4,52;235;true;true;true;0;2,71;0
1240;1,92;4,53;235;true;true;true;0;2,72;0
1241;1,92;4,52;235;true;true;true;0;2,71;0
1242;1,92;4,52;235;true;true;true;0;2,72;0
1243;1,92;4,52;235;true;true;true;0;2,71;0
1244;1,93;4,52;235;true;true;true;0;2,72;0
1245;1,93;4,52;235;true;true;true;0;2,71;0
1246;1,94;4,52;235;true;true;true;0;2,72;0
1247;1,94;4,52;235;true;true;true;0;2,71;0
1248;1,94;4,52;235;true;true;true;0;2,72;0
1249;1,95;4,52;235;true;true;true;0;2,71;0
1250;1,95;4,52;235;true;true;true;0;2,72;0
1251;1,95;4,52;235;true;true;true;0;2,71;0
1252;1,96;4,52;235;true;true;true;0;2,72;0
1253;1,96;4,52;235;true;true;true;0;2,71;0
1254;1,96;4,52;235;true;true;true;0;2,72;0
1255;1,97;4,52;235;true;true;true;0;2,71;0
1256;1,97;4,52;235;true;true;true;0;2,72;0
1257;1,97;4,51;235;true;true;true;0;2,71;0
1258;1,98;4,52;235;true;true;true;0;2,72;0
1259;1,98;4,51;235;true;true;true;0;2,71;0
1260;1,98;4,52;235;true;true;true;0;2,72;0
1261;1,99;4,51;235;true;true;true;0;2,71;0
1262;1,99;4,52;235;true;true;true;0;2,71;0
1263;1,99;4,51;235;true;true;true;0;2,71;0
1264;2;4,52;235;true;true;true;0;2,71;0
1265;2;4,51;235;true;true;true;0;2,71;0
1266;2;4,52;235;true;true;true;0;2,71;0
1267;2,01;4,51;235;true;true;true;0;2,71;0
1268;2,01;4,52;235;true;true;true;0;2,71;0
1269;2,01;4,51;235;true;true;true;0;2,71;0
1270;2,02;4,52;235;true;true;true;0;2,71;0
1271;2,02;4,51;235;true;true;true;0;2,71;0
1272;2,02;4,52;235;true;true;true;0;2,71;0
1273;2,03;4,51;235;true;true;true;0;2,71;0
1274;2,03;4,52;235;true;true;true;0;2,71;0
1275;2,03;4,51;235;true;true;true;0;2,71;0
1276;2,03;4,52;235;true;true;true;0;2,71;0
1277;2,04;4,51;235;true;true;true;0;2,71;0
1278;2,04;4,52;235;true;true;true;0;2,71;0
1279;2,04;4,51;235;true;true;true;0;2,71;0
1280;2,05;4,52;235;true;true;true;0;2,71;0
1281;2,05;4,51;235;true;true;true;0;2,71;0
1282;2,05;4,52;235;true;true;true;0;2,71;0
1283;2,06;4,51;235;true;true;true;0;2,71;0
1284;2,06;4,52;235;true;true;true;0;2,71;0
1285;2,06;4,51;235;true;true;true;0;2,71;0
1286;2,07;4,52;235;true;true;true;0;2,71;0
1287;2,07;4,51;235;true;true;true;0;2,71;0
1288;2,07;4,52;235;true;true;true;0;2,71;0
1289;2,08;4,51;235;true;true;true;0;2,71;0
1290;2,08;4,52;235;true;true;true;0;2,71;0
1291;2,08;4,51;235;true;true;true;0;2,71;0
1292;2,09;4,52;235;true;true;true;0;2,71;0
1293;2,09;4,51;235;true;true;true;0;2,71;0
1294;2,09;4,52;235;true;true;true;0;2,71;0
1295;2,1;4,51;235;true;true;true;0;2,71;0
1296;2,1;4,52;235;true;true;true;0;2,71;0
1297;2,1;4,51;235;true;true;true;0;2,71;0
1298;2,11;4,52;235;true;true;true;0;2,71;0
1299;2,11;4,51;235;true;true;true;0;2,71;0
1300;2,11;4,51;235;true;true;true;0;2,71;0
1301;2,11;4,51;235;true;true;true;0;2,71;0
1302;2,12;4,51;235;true;true;true;0;2,71;0
1303;2,12;4,51;235;true;true;true;0;2,71;0
1304;2,12;4,51;235;true;true;true;0;2,71;0
1305;2,13;4,51;235;true;true;true;0;2,71;0
1306;2,13;4,51;235;true;true;true;0;2,71;0
1307;2,13;4,51;235;true;true;true;0;2,71;0
1308;2,14;4,51;235;true;true;true;0;2,71;0
1309;2,14;4,51;235;true;true;true;0;2,71;0
1310;2,14;4,51;235;true;true;true;0;2,71;0
1311;2,14;4,51;235;true;true;true;0;2,71;0
1312;2,15;4,51;235;true;true;true;0;2,71;0
1313;2,15;4,51;235;true;true;true;0;2,7;0
1314;2,15;4,51;235;true;true;true;0;2,71;0
1315;2,16;4,51;235;true;true;true;0;2,7;0
1316;2,16;4,51;235;true;true;true;0;2,71;0
1317;2,16;4,51;235;true;true;true;0;2,7;0
1318;2,17;4,51;235;true;true;true;0;2,71;0
1319;2,17;4,5;235;true;true;true;0;2,7;0
1320;2,17;4,51;235;true;true;true;0;2,71;0
1321;2,18;4,5;235;true;true;true;0;2,7;0
1322;2,18;4,51;235;true;true;true;0;2,71;0
1323;2,18;4,5;235;true;true;true;0;2,7;0
1324;2,19;4,51;235;true;true;true;0;2,71;0
1325;2,19;4,5;235;true;true;true;0;2,7;0
1326;2,19;4,51;235;true;true;true;0;2,71;0
1327;2,19;4,5;235;true;true;true;0;2,7;0
1328;2,2;4,51;235;true;true;true;0;2,71;0
1329;2,2;4,5;235;true;true;true;0;2,7;0
1330;2,21;4,51;235;true;true;true;0;2,71;0
1331;2,21;4,5;235;true;true;true;0;2,7;0
1332;2,21;4,51;235;true;true;true;0;2,71;0
1333;2,21;4,5;235;true;true;true;0;2,7;0
1334;2,22;4,51;235;true;true;true;0;2,71;0
1335;2,22;4,5;235;true;true;true;0;2,7;0
1336;2,22;4,51;235;true;true;true;0;2,71;0
1337;2,23;4,5;235;true;true;true;0;2,7;0
1338;2,23;4,51;235;true;true;true;0;2,71;0
1339;2,24;4,5;235;true;true;true;0;2,7;0
1340;2,24;4,51;235;true;true;true;0;2,71;0
1341;2,24;4,5;235;true;true;true;0;2,7;0
1342;2,25;4,51;235;true;true;true;0;2,71;0
1343;2,25;4,5;235;true;true;true;0;2,7;0
1344;2,25;4,51;235;true;true;true;0;2,71;0
1345;2,26;4,5;235;true;true;true;0;2,7;0
1346;2,26;4,51;235;true;true;true;0;2,71;0
1347;2,26;4,5;235;true;true;true;0;2,7;0
1348;2,26;4,51;235;true;true;true;0;2,71;0
1349;2,27;4,5;235;true;true;true;0;2,7;0
1350;2,27;4,51;235;true;true;true;0;2,71;0
1351;2,27;4,5;235;true;true;true;0;2,7;0
1352;2,28;4,51;235;true;true;true;0;2,71;0
1353;2,28;4,5;235;true;true;true;0;2,7;0
1354;2,28;4,51;235;true;true;true;0;2,71;0
1355;2,29;4,5;235;true;true;true;0;2,7;0
1356;2,29;4,51;235;true;true;true;0;2,71;0
1357;2,3;4,5;235;true;true;true;0;2,7;0
1358;2,3;4,51;235;true;true;true;0;2,71;0
1359;2,3;4,5;235;true;true;true;0;2,7;0
1360;2,3;4,51;235;true;true;true;0;2,71;0
1361;2,31;4,5;235;true;true;true;0;2,7;0
1362;2,31;4,51;235;true;true;true;0;2,71;0
1363;2,31;4,5;235;true;true;true;0;2,7;0
1364;2,32;4,51;235;true;true;true;0;2,71;0
1365;2,32;4,5;235;true;true;true;0;2,7;0
1366;2,32;4,51;235;true;true;true;0;2,71;0
1367;2,33;4,5;235;true;true;true;0;2,7;0
1368;2,33;4,51;235;true;true;true;0;2,71;0
1369;2,33;4,5;235;true;true;true;0;2,7;0
1370;2,34;4,51;235;true;true;true;0;2,71;0
1371;2,34;4,5;235;true;true;true;0;2,7;0
1372;2,34;4,51;235;true;true;true;0;2,71;0
1373;2,35;4,5;235;true;true;true;0;2,7;0
1374;2,35;4,51;235;true;true;true;0;2,71;0
1375;2,35;4,5;235;true;true;true;0;2,7;0
1376;2,36;4,51;235;true;true;true;0;2,71;0
1377;2,36;4,5;235;true;true;true;0;2,7;0
1378;2,36;4,51;235;true;true;true;0;2,71;0
1379;2,37;4,5;235;true;true;true;0;2,7;0
1380;2,37;4,51;235;true;true;true;0;2,71;0
1381;2,37;4,5;235;true;true;true;0;2,7;0
1382;2,38;4,51;235;true;true;true;0;2,71;0
1383;2,38;4,5;235;true;true;true;0;2,7;0
1384;2,38;4,51;235;true;true;true;0;2,71;0
1385;2,39;4,5;235;true;true;true;0;2,7;0
1386;2,39;4,51;235;true;true;true;0;2,71;0
1387;2,39;4,5;235;true;true;true;0;2,7;0
1388;2,39;4,51;235;true;true;true;0;2,71;0
1389;2,4;4,5;235;true;true;true;0;2,7;0
1390;2,4;4,51;235;true;true;true;0;2,71;0
1391;2,41;4,5;235;true;true;true;0;2,7;0
1392;2,41;4,51;235;true;true;true;0;2,71;0
1393;2,41;4,5;235;true;true;true;0;2,7;0
1394;2,42;4,51;235;true;true;true;0;2,71;0
1395;2,42;4,5;235;true;true;true;0;2,7;0
1396;2,42;4,51;235;true;true;true;0;2,71;0
1397;2,43;4,5;235;true;true;true;0;2,7;0
1398;2,43;4,51;235;true;true;true;0;2,71;0
1399;2,43;4,5;235;true;true;true;0;2,7;0
1400;2,43;4,51;235;true;true;true;0;2,71;0
1401;2,44;4,5;235;true;true;true;0;2,7;0
1402;2,44;4,51;235;true;true;true;0;2,71;0
1403;2,44;4,5;235;true;true;true;0;2,7;0
1404;2,45;4,51;235;true;true;true;0;2,71;0
1405;2,45;4,5;235;true;true;true;0;2,7;0
1406;2,45;4,5;235;true;true;true;0;2,71;0
1407;2,46;4,5;235;true;true;true;0;2,7;0
1408;2,46;4,5;235;true;true;true;0;2,71;0
1409;2,46;4,5;235;true;true;true;0;2,7;0
1410;2,47;4,5;235;true;true;true;0;2,71;0
1411;2,47;4,5;235;true;true;true;0;2,7;0
1412;2,47;4,5;235;true;true;true;0;2,71;0
1413;2,48;4,5;235;true;true;true;0;2,7;0
1414;2,48;4,5;235;true;true;true;0;2,71;0
1415;2,48;4,5;235;true;true;true;0;2,7;0
1416;2,49;4,5;235;true;true;true;0;2,71;0
1417;2,49;4,5;235;true;true;true;0;2,7;0
1418;2,49;4,5;235;true;true;true;0;2,71;0
1419;2,49;4,5;235;true;true;true;0;2,7;0
1420;2,5;4,5;235;true;true;true;0;2,71;0
1421;2,5;4,5;235;true;true;true;0;2,7;0
1422;2,51;4,5;235;true;true;true;0;2,71;0
1423;2,51;4,5;235;true;true;true;0;2,7;0
1424;2,51;4,5;235;true;true;true;0;2,71;0
1425;2,51;4,5;235;true;true;true;0;2,7;0
1426;2,52;4,5;235;true;true;true;0;2,71;0
1427;2,52;4,5;235;true;true;true;0;2,7;0
1428;2,52;4,5;235;true;true;true;0;2,71;0
1429;2,53;4,5;235;true;true;true;0;2,7;0
1430;2,53;4,5;235;true;true;true;0;2,71;0
1431;2,54;4,5;235;true;true;true;0;2,7;0
1432;2,54;4,5;235;true;true;true;0;2,71;0
1433;2,54;4,5;235;true;true;true;0;2,7;0
1434;2,54;4,5;235;true;true;true;0;2,71;0
1435;2,55;4,49;235;true;true;true;0;2,7;0
1436;2,55;4,5;235;true;true;true;0;2,71;0
1437;2,55;4,49;235;true;true;true;0;2,7;0
1438;2,56;4,5;235;true;true;true;0;2,71;0
1439;2,56;4,49;235;true;true;true;0;2,7;0
1440;2,57;4,5;235;true;true;true;0;2,71;0
1441;2,57;4,49;235;true;true;true;0;2,7;0
1442;2,57;4,5;235;true;true;true;0;2,71;0
1443;2,57;4,49;235;true;true;true;0;2,7;0
1444;2,58;4,5;235;true;true;true;0;2,71;0
1445;2,58;4,49;235;true;true;true;0;2,7;0
1446;2,58;4,5;235;true;true;true;0;2,71;0
1447;2,59;4,49;235;true;true;true;0;2,7;0
1448;2,59;4,5;235;true;true;true;0;2,71;0
1449;2,59;4,49;235;true;true;true;0;2,7;0
1450;2,6;4,5;235;true;true;true;0;2,71;0
1451;2,6;4,49;235;true;true;true;0;2,7;0
1452;2,61;4,5;235;true;true;true;0;2,71;0
1453;2,61;4,49;235;true;true;true;0;2,7;0
1454;2,61;4,5;235;true;true;true;0;2,71;0
1455;2,61;4,49;235;true;true;true;0;2,7;0
1456;2,62;4,5;235;true;true;true;0;2,71;0
1457;2,62;4,49;235;true;true;true;0;2,7;0
1458;2,62;4,5;235;true;true;true;0;2,71;0
1459;2,63;4,49;235;true;true;true;0;2,7;0
1460;2,63;4,5;235;true;true;true;0;2,71;0
1461;2,63;4,49;235;true;true;true;0;2,7;0
1462;2,63;4,5;235;true;true;true;0;2,71;0
1463;2,64;4,49;235;true;true;true;0;2,7;0
1464;2,64;4,5;235;true;true;true;0;2,71;0
1465;2,64;4,49;235;true;true;true;0;2,7;0
1466;2,65;4,5;235;true;true;true;0;2,71;0
1467;2,65;4,49;235;true;true;true;0;2,7;0
1468;2,65;4,5;235;true;true;true;0;2,71;0
1469;2,66;4,49;235;true;true;true;0;2,7;0
1470;2,66;4,5;235;true;true;true;0;2,71;0
1471;2,66;4,49;235;true;true;true;0;2,7;0
1472;2,67;4,5;235;true;true;true;0;2,71;0
1473;2,67;4,49;235;true;true;true;0;2,7;0
1474;2,67;4,5;235;true;true;true;0;2,71;0
1475;2,68;4,49;235;true;true;true;0;2,7;0
1476;2,69;4,5;235;true;true;true;0;2,71;0
1477;2,69;4,49;235;true;true;true;0;2,7;0
1478;2,69;4,5;235;true;true;true;0;2,71;0
1479;2,7;4,49;235;true;true;true;0;2,7;0
1480;2,7;4,5;235;true;true;true;0;2,71;0
1481;2,7;4,49;235;true;true;true;0;2,7;0
1482;2,7;4,5;235;true;true;true;0;2,71;0
1483;2,71;4,49;235;true;true;true;0;2,7;0
1484;2,71;4,5;235;true;true;true;0;2,71;0
1485;2,71;4,49;235;true;true;true;0;2,7;0
1486;2,72;4,5;235;true;true;true;0;2,71;0
1487;2,72;4,49;235;true;true;true;0;2,7;0
1488;2,73;4,5;235;true;true;true;0;2,71;0
1489;2,73;4,49;235;true;true;true;0;2,7;0
1490;2,73;4,5;235;true;true;true;0;2,71;0
1491;2,74;4,49;235;true;true;true;0;2,7;0
1492;2,74;4,5;235;true;true;true;0;2,71;0
1493;2,74;4,49;235;true;true;true;0;2,7;0
1494;2,75;4,5;235;true;true;true;0;2,71;0
1495;2,75;4,49;235;true;true;true;0;2,7;0
1496;2,75;4,5;235;true;true;true;0;2,71;0
1497;2,76;4,49;235;true;true;true;0;2,7;0
1498;2,76;4,5;235;true;true;true;0;2,71;0
1499;2,78;4,49;235;true;true;true;0;2,7;0
1500;2,79;4,5;235;true;true;true;0;2,71;0
1501;2,79;4,49;235;true;true;true;0;2,7;0
1502;2,8;4,5;235;true;true;true;0;2,71;0
1503;2,81;4,49;235;true;true;true;0;2,7;0
1504;2,81;4,5;235;true;true;true;0;2,71;0
1505;2,81;4,49;235;true;true;true;0;2,7;0
1506;2,82;4,5;235;true;true;true;0;2,71;0
1507;2,82;4,49;235;true;true;true;0;2,7;0
1508;2,82;4,5;235;true;true;true;0;2,71;0
1509;2,83;4,49;235;true;true;true;0;2,7;0
1510;2,83;4,5;235;true;true;true;0;2,71;0
1511;2,83;4,49;235;true;true;true;0;2,7;0
1512;2,85;4,5;235;true;true;true;0;2,71;0
1513;2,86;4,49;235;true;true;true;0;2,7;0
1514;2,86;4,5;235;true;true;true;0;2,71;0
1515;2,86;4,49;235;true;true;true;0;2,7;0
1516;2,87;4,5;235;true;true;true;0;2,71;0
1517;2,87;4,49;235;true;true;true;0;2,7;0
1518;2,87;4,5;235;true;true;true;0;2,71;0
1519;2,88;4,49;235;true;true;true;0;2,7;0
1520;2,88;4,5;235;true;true;true;0;2,71;0
1521;2,88;4,49;235;true;true;true;0;2,7;0
1522;2,89;4,5;235;true;true;true;0;2,71;0
1523;2,89;4,49;235;true;true;true;0;2,7;0
1524;2,89;4,5;235;true;true;true;0;2,71;0
1525;2,89;4,49;235;true;true;true;0;2,7;0
1526;2,9;4,5;235;true;true;true;0;2,71;0
1527;2,9;4,49;235;true;true;true;0;2,7;0
1528;2,9;4,5;235;true;true;true;0;2,71;0
1529;2,91;4,49;235;true;true;true;0;2,7;0
1530;2,91;4,5;235;true;true;true;0;2,71;0
1531;2,91;4,49;235;true;true;true;0;2,7;0
1532;2,92;4,5;235;true;true;true;0;2,71;0
1533;2,92;4,49;235;true;true;true;0;2,7;0
1534;2,92;4,5;235;true;true;true;0;2,71;0
1535;2,93;4,49;235;true;true;true;0;2,7;0
1536;2,93;4,5;235;true;true;true;0;2,71;0
1537;2,93;4,49;235;true;true;true;0;2,7;0
1538;2,93;4,5;235;true;true;true;0;2,71;0
1539;2,94;4,49;235;true;true;true;0;2,7;0
1540;2,94;4,5;235;true;true;true;0;2,71;0
1541;2,94;4,49;235;true;true;true;0;2,7;0
1542;2,95;4,5;235;true;true;true;0;2,71;0
1543;2,95;4,49;235;true;true;true;0;2,7;0
1544;2,95;4,5;235;true;true;true;0;2,71;0
1545;2,96;4,49;235;true;true;true;0;2,7;0
1546;2,96;4,5;235;true;true;true;0;2,71;0
1547;2,96;4,49;235;true;true;true;0;2,7;0
1548;2,97;4,5;235;true;true;true;0;2,71;0
1549;2,97;4,49;235;true;true;true;0;2,7;0
1550;2,97;4,5;235;true;true;true;0;2,71;0
1551;2,98;4,49;235;true;true;true;0;2,7;0
1552;2,98;4,5;235;true;true;true;0;2,71;0
1553;2,99;4,49;235;true;true;true;0;2,7;0
1554;2,99;4,5;235;true;true;true;0;2,71;0
1555;2,99;4,49;235;true;true;true;0;2,7;0
1556;3;4,5;235;true;true;true;0;2,71;0
1557;3;4,49;235;true;true;true;0;2,7;0
1558;3;4,5;235;true;true;true;0;2,71;0
1559;3,01;4,49;235;true;true;true;0;2,7;0
1560;3,01;4,5;235;true;true;true;0;2,71;0
1561;3,01;4,49;235;true;true;true;0;2,7;0
1562;3,02;4,5;235;true;true;true;0;2,71;0
1563;3,02;4,49;235;true;true;true;0;2,7;0
1564;3,02;4,5;235;true;true;true;0;2,71;0
1565;3,02;4,49;235;true;true;true;0;2,7;0
1566;3,03;4,5;235;true;true;true;0;2,71;0
1567;3,03;4,49;235;true;true;true;0;2,7;0
1568;3,03;4,5;235;true;true;true;0;2,71;0
1569;3,04;4,49;235;true;true;true;0;2,7;0
1570;3,04;4,5;235;true;true;true;0;2,71;0
1571;3,04;4,49;235;true;true;true;0;2,7;0
1572;3,05;4,5;235;true;true;true;0;2,71;0
1573;3,05;4,49;235;true;true;true;0;2,7;0
1574;3,05;4,5;235;true;true;true;0;2,71;0
1575;3,06;4,49;235;true;true;true;0;2,7;0
1576;3,06;4,5;235;true;true;true;0;2,71;0
1577;3,06;4,49;235;true;true;true;0;2,7;0
1578;3,07;4,5;235;true;true;true;0;2,71;0
1579;3,07;4,49;235;true;true;true;0;2,7;0
1580;3,07;4,5;235;true;true;true;0;2,71;0
1581;3,07;4,49;235;true;true;true;0;2,7;0
1582;3,08;4,5;235;true;true;true;0;2,71;0
1583;3,08;4,49;235;true;true;true;0;2,7;0
1584;3,08;4,5;235;true;true;true;0;2,71;0
1585;3,09;4,49;235;true;true;true;0;2,7;0
1586;3,09;4,5;235;true;true;true;0;2,71;0
1587;3,09;4,49;235;true;true;true;0;2,7;0
1588;3,1;4,5;235;true;true;true;0;2,71;0
1589;3,1;4,49;235;true;true;true;0;2,7;0
1590;3,1;4,5;235;true;true;true;0;2,71;0
1591;3,11;4,49;235;true;true;true;0;2,7;0
1592;3,11;4,5;235;true;true;true;0;2,71;0
1593;3,11;4,49;235;true;true;true;0;2,7;0
1594;3,12;4,5;235;true;true;true;0;2,71;0
1595;3,12;4,49;235;true;true;true;0;2,7;0
1596;3,12;4,5;235;true;true;true;0;2,71;0
1597;3,12;4,49;235;true;true;true;0;2,7;0
1598;3,13;4,5;235;true;true;true;0;2,71;0
1599;3,13;4,49;235;true;true;true;0;2,7;0
1600;3,13;4,5;235;true;true;true;0;2,71;0
1601;3,14;4,49;235;true;true;true;0;2,7;0
1602;3,14;4,5;235;true;true;true;0;2,71;0
1603;3,14;4,49;235;true;true;true;0;2,7;0
1604;3,15;4,5;235;true;true;true;0;2,71;0
1605;3,15;4,49;235;true;true;true;0;2,7;0
1606;3,15;4,5;235;true;true;true;0;2,71;0
1607;3,16;4,49;235;true;true;true;0;2,7;0
1608;3,16;4,5;235;true;true;true;0;2,71;0
1609;3,16;4,49;235;true;true;true;0;2,7;0
1610;3,17;4,5;235;true;true;true;0;2,71;0
1611;3,17;4,49;235;true;true;true;0;2,7;0
1612;3,17;4,5;235;true;true;true;0;2,71;0
1613;3,17;4,49;235;true;true;true;0;2,7;0
1614;3,18;4,5;235;true;true;true;0;2,71;0
1615;3,18;4,49;235;true;true;true;0;2,7;0
1616;3,18;4,5;235;true;true;true;0;2,71;0
1617;3,19;4,49;235;true;true;true;0;2,7;0
1618;3,19;4,5;235;true;true;true;0;2,71;0
1619;3,19;4,49;235;true;true;true;0;2,7;0
1620;3,2;4,5;235;true;true;true;0;2,71;0
1621;3,2;4,49;235;true;true;true;0;2,7;0
1622;3,2;4,5;235;true;true;true;0;2,71;0
1623;3,21;4,49;235;true;true;true;0;2,7;0
1624;3,21;4,5;235;true;true;true;0;2,71;0
1625;3,21;4,49;235;true;true;true;0;2,7;0
1626;3,22;4,5;235;true;true;true;0;2,71;0
1627;3,22;4,49;235;true;true;true;0;2,7;0
1628;3,22;4,5;235;true;true;true;0;2,71;0
1629;3,23;4,49;235;true;true;true;0;2,7;0
1630;3,23;4,5;235;true;true;true;0;2,71;0
1631;3,23;4,49;235;true;true;true;0;2,7;0
1632;3,23;4,5;235;true;true;true;0;2,71;0
1633;3,24;4,49;235;true;true;true;0;2,7;0
1634;3,24;4,5;235;true;true;true;0;2,71;0
1635;3,24;4,49;235;true;true;true;0;2,7;0
1636;3,25;4,5;235;true;true;true;0;2,71;0
1637;3,25;4,49;235;true;true;true;0;2,7;0
1638;3,25;4,5;235;true;true;true;0;2,71;0
1639;3,26;4,49;235;true;true;true;0;2,7;0
1640;3,26;4,5;235;true;true;true;0;2,71;0
1641;3,26;4,49;235;true;true;true;0;2,7;0
1642;3,27;4,5;235;true;true;true;0;2,71;0
1643;3,27;4,49;235;true;true;true;0;2,7;0
1644;3,27;4,5;235;true;true;true;0;2,71;0
1645;3,27;4,49;235;true;true;true;0;2,7;0
1646;3,28;4,5;235;true;true;true;0;2,71;0
1647;3,28;4,49;235;true;true;true;0;2,7;0
1648;3,28;4,5;235;true;true;true;0;2,71;0
1649;3,29;4,49;235;true;true;true;0;2,7;0
1650;3,29;4,5;235;true;true;true;0;2,71;0
1651;3,29;4,49;235;true;true;true;0;2,7;0
1652;3,3;4,5;235;true;true;true;0;2,71;0
1653;3,3;4,49;235;true;true;true;0;2,7;0
1654;3,3;4,5;235;true;true;true;0;2,71;0
1655;3,31;4,49;235;true;true;true;0;2,7;0
1656;3,31;4,5;235;true;true;true;0;2,71;0
1657;3,31;4,49;235;true;true;true;0;2,7;0
1658;3,32;4,5;235;true;true;true;0;2,71;0
1659;3,32;4,49;235;true;true;true;0;2,7;0
1660;3,32;4,5;235;true;true;true;0;2,71;0
1661;3,33;4,49;235;true;true;true;0;2,7;0
1662;3,33;4,5;235;true;true;true;0;2,71;0
1663;3,33;4,49;235;true;true;true;0;2,7;0
1664;3,34;4,5;235;true;true;true;0;2,71;0
1665;3,34;4,49;235;true;true;true;0;2,7;0
1666;3,34;4,5;235;true;true;true;0;2,71;0
1667;3,35;4,49;235;true;true;true;0;2,7;0
1668;3,35;4,5;235;true;true;true;0;2,71;0
1669;3,35;4,49;235;true;true;true;0;2,7;0
1670;3,35;4,5;235;true;true;true;0;2,71;0
1671;3,36;4,49;235;true;true;true;0;2,7;0
1672;3,36;4,5;235;true;true;true;0;2,71;0
1673;3,36;4,49;235;true;true;true;0;2,7;0
1674;3,37;4,5;235;true;true;true;0;2,71;0
1675;3,37;4,49;235;true;true;true;0;2,7;0
1676;3,37;4,5;235;true;true;true;0;2,71;0
1677;3,38;4,49;235;true;true;true;0;2,7;0
1678;3,38;4,5;235;true;true;true;0;2,71;0
1679;3,38;4,49;235;true;true;true;0;2,7;0
1680;3,38;4,5;235;true;true;true;0;2,71;0
1681;3,39;4,49;235;true;true;true;0;2,7;0
1682;3,39;4,49;235;true;true;true;0;2,7;0
1683;3,39;4,49;235;true;true;true;0;2,7;0
1684;3,4;4,49;235;true;true;true;0;2,7;0
1685;3,4;4,49;235;true;true;true;0;2,7;0
1686;3,41;4,5;235;true;true;true;0;2,7;0
1687;3,41;4,49;235;true;true;true;0;2,7;0
1688;3,41;4,5;235;true;true;true;0;2,7;0
1689;3,41;4,49;235;true;true;true;0;2,7;0
1690;3,42;4,5;235;true;true;true;0;2,71;0
1691;3,42;4,49;235;true;true;true;0;2,7;0
1692;3,42;4,5;235;true;true;true;0;2,71;0
1693;3,43;4,49;235;true;true;true;0;2,7;0
1694;3,43;4,5;235;true;true;true;0;2,71;0
1695;3,43;4,49;235;true;true;true;0;2,7;0
1696;3,44;4,5;235;true;true;true;0;2,71;0
1697;3,44;4,49;235;true;true;true;0;2,7;0
1698;3,44;4,5;235;true;true;true;0;2,71;0
1699;3,45;4,49;235;true;true;true;0;2,7;0
1700;3,45;4,5;235;true;true;true;0;2,71;0
1701;3,45;4,49;235;true;true;true;0;2,7;0
1702;3,46;4,5;235;true;true;true;0;2,71;0
1703;3,46;4,49;235;true;true;true;0;2,7;0
1704;3,46;4,5;235;true;true;true;0;2,71;0
1705;3,46;4,49;235;true;true;true;0;2,7;0
1706;3,47;4,5;235;true;true;true;0;2,71;0
1707;3,47;4,49;235;true;true;true;0;2,7;0
1708;3,47;4,5;235;true;true;true;0;2,71;0
1709;3,48;4,49;235;true;true;true;0;2,7;0
1710;3,48;4,5;235;true;true;true;0;2,71;0
1711;3,48;4,49;235;true;true;true;0;2,7;0
1712;3,49;4,5;235;true;true;true;0;2,71;0
1713;3,49;4,49;235;true;true;true;0;2,7;0
1714;3,49;4,5;235;true;true;true;0;2,71;0
1715;3,5;4,49;235;true;true;true;0;2,7;0
1716;3,5;4,5;235;true;true;true;0;2,71;0
1717;3,5;4,49;235;true;true;true;0;2,7;0
1718;3,51;4,5;235;true;true;true;0;2,71;0
1719;3,51;4,49;235;true;true;true;0;2,7;0
1720;3,51;4,5;235;true;true;true;0;2,71;0
1721;3,52;4,49;235;true;true;true;0;2,7;0
1722;3,52;4,5;235;true;true;true;0;2,71;0
1723;3,52;4,49;235;true;true;true;0;2,7;0
1724;3,52;4,5;235;true;true;true;0;2,71;0
1725;3,53;4,49;235;true;true;true;0;2,7;0
1726;3,53;4,5;235;true;true;true;0;2,71;0
1727;3,53;4,49;235;true;true;true;0;2,7;0
1728;3,54;4,5;235;true;true;true;0;2,71;0
1729;3,54;4,49;235;true;true;true;0;2,7;0
1730;3,54;4,5;235;true;true;true;0;2,71;0
1731;3,55;4,49;235;true;true;true;0;2,7;0
1732;3,55;4,5;235;true;true;true;0;2,71;0
1733;3,55;4,49;235;true;true;true;0;2,7;0
1734;3,55;4,5;235;true;true;true;0;2,71;0
1735;3,56;4,49;235;true;true;true;0;2,7;0
1736;3,56;4,5;235;true;true;true;0;2,71;0
1737;3,56;4,49;235;true;true;true;0;2,7;0
1738;3,57;4,5;235;true;true;true;0;2,71;0
1739;3,57;4,49;235;true;true;true;0;2,7;0
1740;3,57;4,5;235;true;true;true;0;2,71;0
1741;3,58;4,49;235;true;true;true;0;2,7;0
1742;3,58;4,5;235;true;true;true;0;2,71;0
1743;3,58;4,49;235;true;true;true;0;2,7;0
1744;3,58;4,5;235;true;true;true;0;2,71;0
1745;3,59;4,49;235;true;true;true;0;2,7;0
1746;3,59;4,5;235;true;true;true;0;2,71;0
1747;3,59;4,49;235;true;true;true;0;2,7;0
1748;3,6;4,5;235;true;true;true;0;2,71;0
1749;3,6;4,49;235;true;true;true;0;2,7;0
1750;3,6;4,5;235;true;true;true;0;2,71;0
1751;3,61;4,49;235;true;true;true;0;2,7;0
1752;3,61;4,5;235;true;true;true;0;2,71;0
1753;3,61;4,49;235;true;true;true;0;2,7;0
1754;3,62;4,5;235;true;true;true;0;2,71;0
1755;3,62;4,49;235;true;true;true;0;2,7;0
1756;3,62;4,5;235;true;true;true;0;2,71;0
1757;3,62;4,49;235;true;true;true;0;2,7;0
1758;3,63;4,5;235;true;true;true;0;2,71;0
1759;3,63;4,49;235;true;true;true;0;2,7;0
1760;3,64;4,5;235;true;true;true;0;2,71;0
1761;3,64;4,49;235;true;true;true;0;2,7;0
1762;3,64;4,5;235;true;true;true;0;2,71;0
1763;3,64;4,49;235;true;true;true;0;2,7;0
1764;3,65;4,5;235;true;true;true;0;2,71;0
1765;3,65;4,49;235;true;true;true;0;2,7;0
1766;3,65;4,5;235;true;true;true;0;2,71;0
1767;3,66;4,49;235;true;true;true;0;2,7;0
1768;3,66;4,5;235;true;true;true;0;2,71;0
1769;3,66;4,49;235;true;true;true;0;2,7;0
1770;3,67;4,5;235;true;true;true;0;2,71;0
1771;3,67;4,49;235;true;true;true;0;2,7;0
1772;3,67;4,5;235;true;true;true;0;2,71;0
1773;3,68;4,49;235;true;true;true;0;2,7;0
1774;3,68;4,5;235;true;true;true;0;2,71;0
1775;3,68;4,49;235;true;true;true;0;2,7;0
1776;3,69;4,5;235;true;true;true;0;2,71;0
1777;3,69;4,49;235;true;true;true;0;2,7;0
1778;3,69;4,5;235;true;true;true;0;2,71;0
1779;3,69;4,49;235;true;true;true;0;2,7;0
1780;3,7;4,5;235;true;true;true;0;2,71;0
1781;3,7;4,49;235;true;true;true;0;2,7;0
1782;3,7;4,5;235;true;true;true;0;2,71;0
1783;3,71;4,49;235;true;true;true;0;2,7;0
1784;3,71;4,5;235;true;true;true;0;2,71;0
1785;3,71;4,49;235;true;true;true;0;2,7;0
1786;3,72;4,5;235;true;true;true;0;2,71;0
1787;3,72;4,49;235;true;true;true;0;2,7;0
1788;3,72;4,5;235;true;true;true;0;2,71;0
1789;3,72;4,49;235;true;true;true;0;2,7;0
1790;3,73;4,5;235;true;true;true;0;2,71;0
1791;3,73;4,49;235;true;true;true;0;2,7;0
1792;3,73;4,5;235;true;true;true;0;2,71;0
1793;3,74;4,49;235;true;true;true;0;2,7;0
1794;3,74;4,5;235;true;true;true;0;2,71;0
1795;3,74;4,49;235;true;true;true;0;2,7;0
1796;3,75;4,5;235;true;true;true;0;2,71;0
1797;3,75;4,49;235;true;true;true;0;2,7;0
1798;3,75;4,5;235;true;true;true;0;2,71;0
1799;3,76;4,49;235;true;true;true;0;2,7;0
1800;3,76;4,5;235;true;true;true;0;2,71;0
1801;3,76;4,49;235;true;true;true;0;2,7;0
1802;3,77;4,5;235;true;true;true;0;2,71;0
1803;3,77;4,49;235;true;true;true;0;2,7;0
1804;3,77;4,5;235;true;true;true;0;2,71;0
1805;3,78;4,49;235;true;true;true;0;2,7;0
1806;3,78;4,5;235;true;true;true;0;2,71;0
1807;3,78;4,49;235;true;true;true;0;2,7;0
1808;3,78;4,5;235;true;true;true;0;2,71;0
1809;3,79;4,49;235;true;true;true;0;2,7;0
1810;3,79;4,5;235;true;true;true;0;2,71;0
1811;3,79;4,49;235;true;true;true;0;2,7;0
1812;3,8;4,5;235;true;true;true;0;2,71;0
1813;3,8;4,49;235;true;true;true;0;2,7;0
1814;3,8;4,5;235;true;true;true;0;2,71;0
1815;3,81;4,49;235;true;true;true;0;2,7;0
1816;3,81;4,5;235;true;true;true;0;2,71;0
1817;3,81;4,49;235;true;true;true;0;2,7;0
1818;3,82;4,5;235;true;true;true;0;2,71;0
1819;3,82;4,49;235;true;true;true;0;2,7;0
1820;3,82;4,5;235;true;true;true;0;2,71;0
1821;3,83;4,49;235;true;true;true;0;2,7;0
1822;3,83;4,5;235;true;true;true;0;2,71;0
1823;3,83;4,49;235;true;true;true;0;2,7;0
1824;3,84;4,5;235;true;true;true;0;2,71;0
1825;3,84;4,49;235;true;true;true;0;2,7;0
1826;3,84;4,5;235;true;true;true;0;2,71;0
1827;3,84;4,49;235;true;true;true;0;2,7;0
1828;3,85;4,5;235;true;true;true;0;2,71;0
1829;3,85;4,49;235;true;true;true;0;2,7;0
1830;3,85;4,5;235;true;true;true;0;2,71;0
1831;3,86;4,49;235;true;true;true;0;2,7;0
1832;3,86;4,5;235;true;true;true;0;2,71;0
1833;3,86;4,49;235;true;true;true;0;2,7;0
1834;3,87;4,5;235;true;true;true;0;2,71;0
1835;3,87;4,49;235;true;true;true;0;2,7;0
1836;3,87;4,5;235;true;true;true;0;2,71;0
1837;3,88;4,49;235;true;true;true;0;2,7;0
1838;3,88;4,5;235;true;true;true;0;2,71;0
1839;3,88;4,49;235;true;true;true;0;2,7;0
1840;3,88;4,5;235;true;true;true;0;2,71;0
1841;3,89;4,49;235;true;true;true;0;2,7;0
1842;3,89;4,5;235;true;true;true;0;2,71;0
1843;3,89;4,49;235;true;true;true;0;2,7;0
1844;3,9;4,5;235;true;true;true;0;2,71;0
1845;3,92;4,49;235;true;true;true;0;2,7;0
1846;3,92;4,5;235;true;true;true;0;2,71;0
1847;3,92;4,49;235;true;true;true;0;2,7;0
1848;3,92;4,5;235;true;true;true;0;2,71;0
1849;3,93;4,49;235;true;true;true;0;2,7;0
1850;3,93;4,5;235;true;true;true;0;2,71;0
1851;3,93;4,49;235;true;true;true;0;2,7;0
1852;3,94;4,5;235;true;true;true;0;2,71;0
1853;3,94;4,49;235;true;true;true;0;2,7;0
1854;3,94;4,5;235;true;true;true;0;2,71;0
1855;3,95;4,49;235;true;true;true;0;2,7;0
1856;3,95;4,5;235;true;true;true;0;2,71;0
1857;3,95;4,49;235;true;true;true;0;2,7;0
1858;3,95;4,5;235;true;true;true;0;2,71;0
1859;3,96;4,49;235;true;true;true;0;2,7;0
1860;3,96;4,5;235;true;true;true;0;2,71;0
1861;3,96;4,49;235;true;true;true;0;2,7;0
1862;3,97;4,49;235;true;true;true;0;2,71;0
1863;3,97;4,49;235;true;true;true;0;2,7;0
1864;3,97;4,49;235;true;true;true;0;2,71;0
1865;3,98;4,49;235;true;true;true;0;2,7;0
1866;3,98;4,49;235;true;true;true;0;2,71;0
1867;3,98;4,49;235;true;true;true;0;2,7;0
1868;3,99;4,49;235;true;true;true;0;2,71;0
1869;3,99;4,49;235;true;true;true;0;2,7;0
1870;3,99;4,49;235;true;true;true;0;2,71;0
1871;4;4,49;235;true;true;true;0;2,7;0
1872;4;4,49;235;true;true;true;0;2,71;0
1873;4;4,49;235;true;true;true;0;2,7;0
1874;4,01;4,49;235;true;true;true;0;2,71;0
1875;4,01;4,49;235;true;true;true;0;2,7;0
1876;4,01;4,49;235;true;true;true;0;2,71;0
1877;4,02;4,49;235;true;true;true;0;2,7;0
1878;4,02;4,49;235;true;true;true;0;2,71;0
1879;4,02;4,49;235;true;true;true;0;2,7;0
1880;4,03;4,49;235;true;true;true;0;2,71;0
1881;4,03;4,49;235;true;true;true;0;2,7;0
1882;4,03;4,49;235;true;true;true;0;2,71;0
1883;4,03;4,49;235;true;true;true;0;2,7;0
1884;4,04;4,49;235;true;true;true;0;2,71;0
1885;4,04;4,49;235;true;true;true;0;2,7;0
1886;4,04;4,49;235;true;true;true;0;2,71;0
1887;4,05;4,49;235;true;true;true;0;2,7;0
1888;4,05;4,49;235;true;true;true;0;2,71;0
1889;4,05;4,49;235;true;true;true;0;2,7;0
1890;4,05;4,49;235;true;true;true;0;2,71;0
1891;4,06;4,49;235;true;true;true;0;2,7;0
1892;4,06;4,49;235;true;true;true;0;2,71;0
1893;4,06;4,49;235;true;true;true;0;2,7;0
1894;4,07;4,49;235;true;true;true;0;2,71;0
1895;4,07;4,49;235;true;true;true;0;2,7;0
1896;4,07;4,49;235;true;true;true;0;2,71;0
1897;4,08;4,49;235;true;true;true;0;2,7;0
1898;4,08;4,49;235;true;true;true;0;2,71;0
1899;4,08;4,49;235;true;true;true;0;2,7;0
1900;4,09;4,49;235;true;true;true;0;2,71;0
1901;4,09;4,49;235;true;true;true;0;2,7;0
1902;4,09;4,49;235;true;true;true;0;2,71;0
1903;4,09;4,49;235;true;true;true;0;2,7;0
1904;4,1;4,49;235;true;true;true;0;2,71;0
