lengthMiddleSegment: 134509.82
step_energy: 0.05
electrostatic_force_factor: 1.0
spring_force_factor: 0.1
reject_force_factor: 2.0
distanceRejectRadius: 33628.455
distanceSamePosition: 33627.455
Iteration;time;energy;num nodes;reject force is enabled;spring force is enabled;electrostatic force is enabled;str_force;rep_force;elec_force
1;5,94;3551,48;912;true;true;true;0;572,7;0
2;0,1;1922,54;825;true;true;true;0;320,69;0
3;0,17;1398,22;754;true;true;true;0;261,91;0
4;0,21;1072,51;730;true;true;true;0;232,29;0
5;0,25;1011,82;714;true;true;true;0;222,6;0
6;0,29;1012,49;702;true;true;true;0;216,45;0
7;0,33;868,64;697;true;true;true;0;194;0
8;0,37;792,21;691;true;true;true;0;179,15;0
9;0,41;780,83;684;true;true;true;0;162,78;0
10;0,45;772,01;680;true;true;true;0;173,35;0
11;0,48;718,64;672;true;true;true;0;178,25;0
12;0,52;767,14;665;true;true;true;0;153,71;0
13;0,55;619,47;661;true;true;true;0;159,39;0
14;0,59;647,22;658;true;true;true;0;159,91;0
15;0,62;531,26;656;true;true;true;0;147,29;0
16;0,66;602,23;652;true;true;true;0;157,9;0
17;0,69;552,75;650;true;true;true;0;148,92;0
18;0,73;540,53;650;true;true;true;0;144,59;0
19;0,76;504,43;648;true;true;true;0;137,84;0
20;0,8;579,97;647;true;true;true;0;136,8;0
21;0,83;550,52;646;true;true;true;0;133,33;0
22;0,87;573,87;646;true;true;true;0;128,83;0
23;0,9;441,44;644;true;true;true;0;118,34;0
24;0,94;485,24;641;true;true;true;0;123,15;0
25;0,97;393,39;635;true;true;true;0;112,04;0
26;1;415;632;true;true;true;0;105,62;0
27;1,04;426,32;630;true;true;true;0;120,51;0
28;1,07;394,99;624;true;true;true;0;114,05;0
29;1,1;444,76;620;true;true;true;0;112,7;0
30;1,13;399,85;618;true;true;true;0;119,62;0
31;1,17;435,01;616;true;true;true;0;111,31;0
32;1,2;419,7;612;true;true;true;0;119,04;0
33;1,23;408,24;610;true;true;true;0;119,63;0
34;1,26;381,08;606;true;true;true;0;104,53;0
35;1,29;349,46;605;true;true;true;0;102,69;0
36;1,32;389,29;604;true;true;true;0;102,68;0
37;1,36;351,01;603;true;true;true;0;106,26;0
38;1,39;362,67;602;true;true;true;0;102,4;0
39;1,42;376,63;602;true;true;true;0;112;0
40;1,45;287,13;602;true;true;true;0;96,54;0
41;1,48;333,55;600;true;true;true;0;95,71;0
42;1,51;337,33;600;true;true;true;0;104,09;0
43;1,54;304,15;599;true;true;true;0;96,03;0
44;1,57;362,87;599;true;true;true;0;94,22;0
45;1,6;313,29;597;true;true;true;0;90,72;0
46;1,63;313,34;596;true;true;true;0;93,97;0
47;1,66;312,15;596;true;true;true;0;91,08;0
48;1,69;352,3;595;true;true;true;0;95,8;0
49;1,73;361,09;595;true;true;true;0;100,1;0
50;1,76;414,23;593;true;true;true;0;106,16;0
51;1,79;426,78;591;true;true;true;0;102,49;0
52;1,82;387,79;591;true;true;true;0;100,1;0
53;1,85;337,83;591;true;true;true;0;92,47;0
54;1,88;314,59;587;true;true;true;0;96,58;0
55;1,91;359,54;585;true;true;true;0;100,56;0
56;1,94;353,84;585;true;true;true;0;86,27;0
57;1,97;292,69;584;true;true;true;0;90,26;0
58;2;308,94;584;true;true;true;0;82,14;0
59;2,03;316,64;584;true;true;true;0;88,95;0
60;2,06;339,8;584;true;true;true;0;93,26;0
61;2,09;291,5;583;true;true;true;0;89,7;0
62;2,12;294,39;583;true;true;true;0;95,55;0
63;2,15;310,38;583;true;true;true;0;87,81;0
64;2,18;293,69;583;true;true;true;0;93,12;0
65;2,21;275,67;583;true;true;true;0;85,97;0
66;2,24;370,47;583;true;true;true;0;100,55;0
67;2,27;262,22;583;true;true;true;0;92,9;0
68;2,3;329,59;583;true;true;true;0;101,19;0
69;2,33;336,39;583;true;true;true;0;93,47;0
70;2,36;292,6;582;true;true;true;0;82,84;0
71;2,39;387,65;581;true;true;true;0;92,75;0
72;2,42;318,57;581;true;true;true;0;95,85;0
73;2,44;269,13;581;true;true;true;0;88,19;0
74;2,47;299,85;581;true;true;true;0;96,64;0
75;2,5;311,99;580;true;true;true;0;98,3;0
76;2,53;322,57;580;true;true;true;0;97,25;0
77;2,56;295,48;580;true;true;true;0;85,55;0
78;2,59;346,54;580;true;true;true;0;93,73;0
79;2,62;270,29;579;true;true;true;0;83,63;0
80;2,65;278,78;578;true;true;true;0;92,46;0
81;2,68;299,06;577;true;true;true;0;88,78;0
82;2,71;282,84;576;true;true;true;0;89,82;0
83;2,74;296,16;576;true;true;true;0;89,54;0
84;2,78;296,38;576;true;true;true;0;90,01;0
85;2,81;273,19;576;true;true;true;0;94,18;0
86;2,84;318,04;576;true;true;true;0;90,75;0
87;2,87;251,45;575;true;true;true;0;82,94;0
88;2,9;270,74;575;true;true;true;0;89,25;0
89;2,93;271,47;574;true;true;true;0;79,86;0
90;2,96;262,28;574;true;true;true;0;84,29;0
91;2,99;247,96;572;true;true;true;0;92,85;0
92;3,02;298,3;572;true;true;true;0;82,22;0
93;3,05;273,9;572;true;true;true;0;92,09;0
94;3,08;339,41;572;true;true;true;0;89,64;0
95;3,11;275,56;572;true;true;true;0;89,2;0
96;3,14;331,08;572;true;true;true;0;92,99;0
97;3,16;257,06;572;true;true;true;0;84,14;0
98;3,19;300,91;572;true;true;true;0;89,89;0
99;3,22;242,2;571;true;true;true;0;91,27;0
100;3,25;304,56;571;true;true;true;0;83,86;0
101;3,28;236,4;569;true;true;true;0;84,45;0
102;3,31;299,23;568;true;true;true;0;85,3;0
103;3,35;297,58;567;true;true;true;0;81,39;0
104;3,38;350,05;566;true;true;true;0;89,34;0
105;3,41;215,5;563;true;true;true;0;80,63;0
106;3,44;263,24;562;true;true;true;0;81,05;0
107;3,47;250,43;562;true;true;true;0;80,59;0
108;3,5;280,8;562;true;true;true;0;86,42;0
109;3,53;247,49;561;true;true;true;0;80,16;0
110;3,56;269,27;561;true;true;true;0;80,17;0
111;3,58;228,64;561;true;true;true;0;81,26;0
112;3,61;238,11;560;true;true;true;0;81,24;0
113;3,64;239,69;560;true;true;true;0;72,75;0
114;3,67;283;560;true;true;true;0;84,5;0
115;3,7;283,37;560;true;true;true;0;85,04;0
116;3,72;275,89;560;true;true;true;0;84,16;0
117;3,75;283,51;560;true;true;true;0;79,13;0
118;3,78;284,18;560;true;true;true;0;89,44;0
119;3,81;320,06;560;true;true;true;0;82,1;0
120;3,84;251,21;560;true;true;true;0;86,16;0
121;3,88;285,25;560;true;true;true;0;85,64;0
122;3,91;249,22;560;true;true;true;0;81,24;0
123;3,94;266,13;560;true;true;true;0;84,41;0
124;3,97;305,61;560;true;true;true;0;95,36;0
125;4;244,26;560;true;true;true;0;85,17;0
126;4,03;278,84;560;true;true;true;0;81,8;0
127;4,05;234,09;560;true;true;true;0;74,39;0
128;4,08;267,6;559;true;true;true;0;81,9;0
129;4,11;291,51;559;true;true;true;0;77,59;0
130;4,14;312,56;558;true;true;true;0;84,79;0
131;4,16;276,67;556;true;true;true;0;78,38;0
132;4,19;296,87;554;true;true;true;0;87,43;0
133;4,22;293,91;552;true;true;true;0;76,73;0
134;4,25;253,67;552;true;true;true;0;85,44;0
135;4,29;290,13;552;true;true;true;0;84,04;0
136;4,32;293,49;552;true;true;true;0;83,42;0
137;4,35;266,17;552;true;true;true;0;79,35;0
138;4,37;238,67;551;true;true;true;0;69,82;0
139;4,4;236,33;549;true;true;true;0;69,65;0
140;4,43;239,67;548;true;true;true;0;73,92;0
141;4,46;248,15;548;true;true;true;0;72,76;0
142;4,48;220,68;548;true;true;true;0;74;0
143;4,51;253,96;548;true;true;true;0;75,84;0
144;4,54;263,22;547;true;true;true;0;74,09;0
145;4,57;271,39;547;true;true;true;0;72,84;0
146;4,59;262,34;547;true;true;true;0;74,14;0
147;4,62;224,5;547;true;true;true;0;73,39;0
148;4,65;262,83;547;true;true;true;0;76,66;0
149;4,68;242,1;547;true;true;true;0;69,24;0
150;4,71;232,89;547;true;true;true;0;77,06;0
151;4,74;216,72;547;true;true;true;0;74,51;0
152;4,77;229,94;547;true;true;true;0;68,1;0
153;4,79;236,05;547;true;true;true;0;69,76;0
154;4,82;278,64;547;true;true;true;0;71,33;0
155;4,85;244,31;547;true;true;true;0;71,01;0
156;4,88;218,81;547;true;true;true;0;71,23;0
157;4,9;204,19;546;true;true;true;0;72,85;0
158;4,93;232,7;545;true;true;true;0;67,9;0
159;4,96;264,2;545;true;true;true;0;77,09;0
160;4,98;235,19;545;true;true;true;0;76,23;0
161;5,01;281,42;545;true;true;true;0;79,3;0
162;5,04;253,79;545;true;true;true;0;75,21;0
163;5,07;298,25;545;true;true;true;0;81,72;0
164;5,09;238,28;545;true;true;true;0;75,09;0
165;5,12;248,14;545;true;true;true;0;79,23;0
166;5,15;316,19;545;true;true;true;0;82,38;0
167;5,18;241,69;545;true;true;true;0;78,76;0
168;5,2;237,39;544;true;true;true;0;71,26;0
169;5,23;321,95;544;true;true;true;0;75,92;0
170;5,26;298,3;544;true;true;true;0;80,22;0
171;5,29;232,46;544;true;true;true;0;75,32;0
172;5,31;281,8;543;true;true;true;0;88,62;0
173;5,34;261,83;543;true;true;true;0;76,58;0
174;5,37;246,82;543;true;true;true;0;76,97;0
175;5,4;303,02;543;true;true;true;0;70,29;0
176;5,43;269,13;543;true;true;true;0;83,77;0
177;5,45;255,63;543;true;true;true;0;79,19;0
178;5,48;297,81;543;true;true;true;0;77,36;0
179;5,51;279,95;543;true;true;true;0;74,54;0
180;5,53;337,47;543;true;true;true;0;81,61;0
181;5,56;210,16;543;true;true;true;0;71,1;0
182;5,59;293,47;542;true;true;true;0;81,4;0
183;5,62;265,43;542;true;true;true;0;84,74;0
184;5,64;240,22;542;true;true;true;0;74,19;0
185;5,67;287,92;542;true;true;true;0;85,79;0
186;5,7;313,07;542;true;true;true;0;80,04;0
187;5,72;344,24;542;true;true;true;0;82,48;0
188;5,75;384,94;542;true;true;true;0;81,87;0
189;5,78;295,73;542;true;true;true;0;85;0
190;5,8;280,37;542;true;true;true;0;70,4;0
191;5,83;243,55;542;true;true;true;0;77,09;0
192;5,86;266,97;541;true;true;true;0;71,32;0
193;5,89;181,04;541;true;true;true;0;66,18;0
194;5,91;261,7;541;true;true;true;0;78,6;0
195;5,94;220,8;541;true;true;true;0;71,93;0
196;5,97;251,55;541;true;true;true;0;76,04;0
197;5,99;185,17;541;true;true;true;0;70,51;0
198;6,02;249,26;541;true;true;true;0;65,37;0
199;6,05;219,8;541;true;true;true;0;70,79;0
200;6,07;216,19;541;true;true;true;0;65,27;0
201;6,1;268,62;541;true;true;true;0;68,52;0
202;6,13;239,87;541;true;true;true;0;67,25;0
203;6,15;215,62;541;true;true;true;0;68,92;0
204;6,18;263,38;541;true;true;true;0;71,44;0
205;6,21;195;540;true;true;true;0;62,64;0
206;6,24;291,24;539;true;true;true;0;80,08;0
207;6,26;186,33;539;true;true;true;0;61,18;0
208;6,29;230,05;539;true;true;true;0;72,43;0
209;6,32;180,41;539;true;true;true;0;60,63;0
210;6,34;230,39;538;true;true;true;0;75,01;0
211;6,37;237,51;538;true;true;true;0;67,85;0
212;6,39;225,65;538;true;true;true;0;71,77;0
213;6,42;226,38;538;true;true;true;0;78,05;0
214;6,45;274;538;true;true;true;0;74,66;0
215;6,47;221,93;538;true;true;true;0;71,94;0
216;6,5;296,45;538;true;true;true;0;77,69;0
217;6,53;162,61;538;true;true;true;0;61;0
218;6,55;211,62;538;true;true;true;0;64,59;0
219;6,58;224,42;538;true;true;true;0;71,71;0
220;6,61;233,34;538;true;true;true;0;62,47;0
221;6,63;204,57;538;true;true;true;0;67,51;0
222;6,66;243,75;538;true;true;true;0;74,49;0
223;6,69;195,16;538;true;true;true;0;70,21;0
224;6,71;282,34;538;true;true;true;0;71,86;0
225;6,74;243,09;538;true;true;true;0;71,65;0
226;6,77;295,74;538;true;true;true;0;83,07;0
227;6,79;290,58;538;true;true;true;0;70,07;0
228;6,82;270,68;538;true;true;true;0;69,46;0
229;6,85;255,74;538;true;true;true;0;69,84;0
230;6,87;308,64;538;true;true;true;0;77,51;0
231;6,9;256,27;538;true;true;true;0;68,4;0
232;6,93;307,93;538;true;true;true;0;79,55;0
233;6,95;231,7;538;true;true;true;0;67,95;0
234;6,98;262,01;538;true;true;true;0;70,55;0
235;7,01;255,92;538;true;true;true;0;74,5;0
236;7,03;279,5;538;true;true;true;0;70,5;0
237;7,06;273,62;538;true;true;true;0;78,8;0
238;7,09;242,44;538;true;true;true;0;66,46;0
239;7,11;277,9;538;true;true;true;0;73,67;0
240;7,14;308,21;538;true;true;true;0;76,34;0
241;7,16;226,96;538;true;true;true;0;68,53;0
242;7,19;282,37;538;true;true;true;0;78,68;0
243;7,22;294;538;true;true;true;0;69,79;0
244;7,24;275,27;538;true;true;true;0;74,79;0
245;7,27;338,94;538;true;true;true;0;80,78;0
246;7,3;292,45;538;true;true;true;0;83,11;0
247;7,33;291,48;538;true;true;true;0;71,06;0
248;7,35;291,12;538;true;true;true;0;82,32;0
249;7,38;281,01;538;true;true;true;0;78,11;0
250;7,41;283,16;538;true;true;true;0;71,47;0
251;7,43;277,71;538;true;true;true;0;82,29;0
252;7,46;246,22;538;true;true;true;0;69,32;0
253;7,49;230,06;538;true;true;true;0;70,52;0
254;7,51;276,19;538;true;true;true;0;74,9;0
255;7,54;204,09;538;true;true;true;0;73,93;0
256;7,57;234,32;538;true;true;true;0;64,06;0
257;7,59;209,38;538;true;true;true;0;67,7;0
258;7,62;241,51;537;true;true;true;0;70,09;0
259;7,64;248,93;537;true;true;true;0;74,47;0
260;7,67;242,12;536;true;true;true;0;66,82;0
261;7,7;183,75;535;true;true;true;0;65,09;0
262;7,72;225,12;535;true;true;true;0;69,61;0
263;7,75;246,28;534;true;true;true;0;73,46;0
264;7,78;214,67;534;true;true;true;0;64,02;0
265;7,8;202,08;534;true;true;true;0;62,75;0
266;7,83;257,83;534;true;true;true;0;67,69;0
267;7,86;198,57;534;true;true;true;0;68,64;0
268;7,88;201,09;534;true;true;true;0;69,56;0
269;7,91;198,06;534;true;true;true;0;61,95;0
270;7,93;228,8;534;true;true;true;0;72,37;0
271;7,96;226,93;534;true;true;true;0;68,55;0
272;7,99;219,5;533;true;true;true;0;69,86;0
273;8,01;237,55;533;true;true;true;0;69,06;0
274;8,04;232,85;533;true;true;true;0;70,95;0
275;8,06;226,26;533;true;true;true;0;68,39;0
276;8,09;261,25;533;true;true;true;0;69,86;0
277;8,12;239,72;533;true;true;true;0;67,47;0
278;8,14;254,84;533;true;true;true;0;66,64;0
279;8,17;245,57;533;true;true;true;0;69,7;0
280;8,2;217,84;533;true;true;true;0;69,79;0
281;8,22;211,99;533;true;true;true;0;65,23;0
282;8,25;261,58;533;true;true;true;0;74,14;0
283;8,27;207,27;533;true;true;true;0;75,65;0
284;8,3;261,3;533;true;true;true;0;71,23;0
285;8,33;187,39;532;true;true;true;0;60,33;0
286;8,35;213,02;532;true;true;true;0;68,31;0
287;8,38;220,69;532;true;true;true;0;69,04;0
288;8,4;231,6;532;true;true;true;0;67,33;0
289;8,43;217,06;532;true;true;true;0;70,52;0
290;8,46;250,64;532;true;true;true;0;65,79;0
291;8,48;234,23;532;true;true;true;0;71,22;0
292;8,51;234,79;532;true;true;true;0;69,07;0
293;8,54;248,59;532;true;true;true;0;77,1;0
294;8,56;237,3;532;true;true;true;0;69,49;0
295;8,59;222,46;532;true;true;true;0;64,63;0
296;8,61;224,09;532;true;true;true;0;70,77;0
297;8,64;208,74;532;true;true;true;0;68,99;0
298;8,67;194,31;532;true;true;true;0;62,89;0
299;8,69;229,44;532;true;true;true;0;71,52;0
300;8,72;232,66;532;true;true;true;0;69,31;0
301;8,75;187,48;532;true;true;true;0;65,99;0
302;8,77;229,46;532;true;true;true;0;62,77;0
303;8,8;209,23;531;true;true;true;0;73,72;0
304;8,82;208,91;531;true;true;true;0;63,43;0
305;8,85;216,37;531;true;true;true;0;71,16;0
306;8,88;228,05;531;true;true;true;0;64,09;0
307;8,9;198,43;531;true;true;true;0;69,88;0
308;8,93;259,22;531;true;true;true;0;70,21;0
309;8,96;204,4;531;true;true;true;0;68,11;0
310;8,98;271,71;531;true;true;true;0;64,75;0
311;9,01;204,37;531;true;true;true;0;72,12;0
312;9,03;227,68;531;true;true;true;0;65,23;0
313;9,06;216,43;531;true;true;true;0;72,58;0
314;9,09;215,64;531;true;true;true;0;71,09;0
315;9,11;192,34;531;true;true;true;0;69,62;0
316;9,14;222;531;true;true;true;0;63,65;0
317;9,16;223,98;531;true;true;true;0;70,18;0
318;9,19;232,66;531;true;true;true;0;72,08;0
319;9,22;199,66;530;true;true;true;0;66,8;0
320;9,24;237,93;530;true;true;true;0;67,4;0
321;9,27;226,67;530;true;true;true;0;70,25;0
322;9,29;215,7;530;true;true;true;0;64,82;0
323;9,32;216,61;530;true;true;true;0;73,45;0
324;9,35;236,91;530;true;true;true;0;68,82;0
325;9,37;218,6;530;true;true;true;0;67,58;0
326;9,4;248,41;530;true;true;true;0;64,96;0
327;9,42;214,2;529;true;true;true;0;67,83;0
328;9,45;222,93;529;true;true;true;0;68,15;0
329;9,48;224,81;529;true;true;true;0;79,36;0
330;9,5;213,78;529;true;true;true;0;63,02;0
331;9,53;219,48;529;true;true;true;0;71,83;0
332;9,55;218,79;529;true;true;true;0;61,65;0
333;9,58;201,08;529;true;true;true;0;65,78;0
334;9,61;210,97;529;true;true;true;0;61,9;0
335;9,63;222,9;529;true;true;true;0;69,59;0
336;9,66;252,54;529;true;true;true;0;71,14;0
337;9,68;173,25;529;true;true;true;0;63,59;0
338;9,71;226,64;529;true;true;true;0;68,04;0
339;9,74;193,14;529;true;true;true;0;61,06;0
340;9,76;217,65;529;true;true;true;0;68,76;0
341;9,79;225,22;529;true;true;true;0;66,03;0
342;9,81;203,41;529;true;true;true;0;62,18;0
343;9,84;213,25;529;true;true;true;0;67,8;0
344;9,87;230,02;529;true;true;true;0;67,25;0
345;9,89;219,64;529;true;true;true;0;69,85;0
346;9,92;221,88;529;true;true;true;0;63,53;0
347;9,94;209,96;529;true;true;true;0;70,65;0
348;9,97;211,08;529;true;true;true;0;63,28;0
349;9,99;218,72;529;true;true;true;0;66,22;0
350;10,02;237,17;529;true;true;true;0;64,56;0
351;10,05;233,91;529;true;true;true;0;70,85;0
352;10,07;250,4;529;true;true;true;0;71,92;0
353;10,1;203,97;529;true;true;true;0;62,16;0
354;10,12;211,27;529;true;true;true;0;63,3;0
355;10,15;257,48;529;true;true;true;0;65,81;0
356;10,18;194,69;529;true;true;true;0;63,23;0
357;10,2;212,92;529;true;true;true;0;66,03;0
358;10,23;257,28;529;true;true;true;0;69,6;0
359;10,26;216,95;529;true;true;true;0;66,28;0
360;10,28;225,34;529;true;true;true;0;65,61;0
361;10,31;248,59;529;true;true;true;0;67,28;0
362;10,33;215,04;529;true;true;true;0;68,18;0
363;10,36;203,33;529;true;true;true;0;68,89;0
364;10,39;235,95;529;true;true;true;0;61,08;0
365;10,41;225,09;529;true;true;true;0;70,63;0
366;10,44;205,44;529;true;true;true;0;69,5;0
367;10,46;204,12;529;true;true;true;0;70,58;0
368;10,49;199,32;529;true;true;true;0;60,82;0
369;10,51;257,74;529;true;true;true;0;69,83;0
370;10,54;215,44;529;true;true;true;0;70,77;0
371;10,57;210,35;529;true;true;true;0;62,05;0
372;10,59;232,41;529;true;true;true;0;63,66;0
373;10,62;221,58;529;true;true;true;0;71,01;0
374;10,64;273,14;529;true;true;true;0;69,14;0
375;10,67;245,07;529;true;true;true;0;67,3;0
376;10,7;232,55;529;true;true;true;0;66,43;0
377;10,72;227,06;529;true;true;true;0;71,74;0
378;10,75;192,81;529;true;true;true;0;58,2;0
379;10,77;251,01;529;true;true;true;0;66,42;0
380;10,8;216,48;529;true;true;true;0;58,16;0
381;10,83;219,68;529;true;true;true;0;68,52;0
382;10,85;248,85;529;true;true;true;0;64,42;0
383;10,88;226,33;529;true;true;true;0;72,62;0
384;10,9;263,69;529;true;true;true;0;64,51;0
385;10,93;207,63;529;true;true;true;0;72,21;0
386;10,96;250,72;529;true;true;true;0;67,07;0
387;10,98;241,92;529;true;true;true;0;77,49;0
388;11,01;235,26;529;true;true;true;0;69,25;0
389;11,03;246,18;529;true;true;true;0;70,33;0
390;11,06;215,03;529;true;true;true;0;61,92;0
391;11,09;229,41;529;true;true;true;0;70,15;0
392;11,11;190,53;529;true;true;true;0;59,11;0
393;11,14;233,8;529;true;true;true;0;73,56;0
394;11,16;200,4;529;true;true;true;0;66,34;0
395;11,19;221,31;529;true;true;true;0;70,69;0
396;11,22;208,72;529;true;true;true;0;60,89;0
397;11,24;233,98;529;true;true;true;0;71,68;0
398;11,27;207,77;529;true;true;true;0;58,03;0
399;11,29;219,64;529;true;true;true;0;73,21;0
400;11,32;186,34;529;true;true;true;0;59,6;0
401;11,35;213,87;529;true;true;true;0;66,52;0
402;11,37;222,02;529;true;true;true;0;63,8;0
403;11,4;236,35;529;true;true;true;0;67,94;0
404;11,42;232,38;529;true;true;true;0;62,79;0
405;11,45;213,34;529;true;true;true;0;67,52;0
406;11,48;231,25;529;true;true;true;0;70,62;0
407;11,5;233,01;529;true;true;true;0;65,2;0
408;11,53;214,08;529;true;true;true;0;63,81;0
409;11,55;215,91;529;true;true;true;0;66,82;0
410;11,58;201,35;529;true;true;true;0;63,16;0
411;11,61;218,76;529;true;true;true;0;69,7;0
412;11,63;225,81;529;true;true;true;0;67,8;0
413;11,66;182,72;529;true;true;true;0;61,18;0
414;11,68;223,35;529;true;true;true;0;60,45;0
415;11,71;271,45;529;true;true;true;0;80,68;0
416;11,74;235,23;529;true;true;true;0;61,83;0
417;11,76;219,99;529;true;true;true;0;71,5;0
418;11,79;249,38;529;true;true;true;0;65,58;0
419;11,81;197,17;529;true;true;true;0;66,99;0
420;11,84;186,24;529;true;true;true;0;60,69;0
421;11,87;212,23;529;true;true;true;0;66,29;0
422;11,89;207,36;529;true;true;true;0;60,77;0
423;11,92;238,74;529;true;true;true;0;69,21;0
424;11,94;218,53;529;true;true;true;0;66,28;0
425;11,97;216,37;529;true;true;true;0;65,39;0
426;12;219,92;529;true;true;true;0;64,24;0
427;12,02;177,6;529;true;true;true;0;59,94;0
428;12,05;248,84;529;true;true;true;0;69,55;0
429;12,07;213,65;529;true;true;true;0;63,09;0
430;12,1;189,95;529;true;true;true;0;59,06;0
431;12,13;244,6;529;true;true;true;0;64,7;0
432;12,15;200,72;529;true;true;true;0;60,7;0
433;12,18;197,11;529;true;true;true;0;62,54;0
434;12,2;240,77;529;true;true;true;0;68,18;0
435;12,23;225,76;529;true;true;true;0;69,64;0
436;12,26;239,95;529;true;true;true;0;69,79;0
437;12,28;245,21;529;true;true;true;0;62,23;0
438;12,31;207,64;529;true;true;true;0;66,68;0
439;12,34;235,82;529;true;true;true;0;69,19;0
440;12,36;210,73;529;true;true;true;0;62,56;0
441;12,39;229,25;529;true;true;true;0;67,3;0
442;12,41;235,82;529;true;true;true;0;62,1;0
443;12,44;240,21;529;true;true;true;0;70,79;0
444;12,46;211,99;529;true;true;true;0;62,44;0
445;12,49;247,18;529;true;true;true;0;68,25;0
446;12,51;202,4;529;true;true;true;0;61,31;0
447;12,54;237,32;529;true;true;true;0;70,37;0
448;12,57;206,76;529;true;true;true;0;60,11;0
449;12,59;242,08;529;true;true;true;0;66,23;0
450;12,62;198,07;529;true;true;true;0;60,37;0
451;12,65;228,23;529;true;true;true;0;73,64;0
452;12,67;205,47;529;true;true;true;0;61,92;0
453;12,7;221,07;529;true;true;true;0;64,03;0
454;12,72;213,59;529;true;true;true;0;64,91;0
455;12,75;240,85;529;true;true;true;0;71,75;0
456;12,77;199,18;529;true;true;true;0;57,56;0
457;12,8;200,8;529;true;true;true;0;68,94;0
458;12,83;223,53;529;true;true;true;0;61,95;0
459;12,85;217,49;529;true;true;true;0;64,9;0
460;12,88;241,78;529;true;true;true;0;65,02;0
461;12,9;208,58;529;true;true;true;0;62,16;0
462;12,93;227,48;529;true;true;true;0;64,18;0
463;12,96;192,42;529;true;true;true;0;66,76;0
464;12,98;230,04;529;true;true;true;0;65,24;0
465;13,01;223,72;529;true;true;true;0;70;0
466;13,03;265,27;529;true;true;true;0;71,35;0
467;13,06;197,51;529;true;true;true;0;64,21;0
468;13,09;226,28;529;true;true;true;0;64,5;0
469;13,11;224,38;529;true;true;true;0;71,31;0
470;13,14;247,26;529;true;true;true;0;65,03;0
471;13,16;225,59;529;true;true;true;0;70,99;0
472;13,19;218,6;529;true;true;true;0;66,75;0
473;13,22;217,64;529;true;true;true;0;66,5;0
474;13,24;211,86;529;true;true;true;0;64,74;0
475;13,27;210,97;529;true;true;true;0;66,11;0
476;13,29;220,49;529;true;true;true;0;60,9;0
477;13,32;242,25;529;true;true;true;0;72,77;0
478;13,35;245,66;529;true;true;true;0;75,1;0
479;13,37;256,13;529;true;true;true;0;66,53;0
480;13,4;205,18;529;true;true;true;0;65,33;0
481;13,42;262,8;529;true;true;true;0;72,84;0
482;13,45;207,07;529;true;true;true;0;66,42;0
483;13,47;237,59;529;true;true;true;0;63,03;0
484;13,5;215,49;529;true;true;true;0;64,13;0
485;13,53;211,6;529;true;true;true;0;68,3;0
486;13,55;199,86;529;true;true;true;0;63,83;0
487;13,58;220,81;529;true;true;true;0;68,11;0
488;13,61;188,31;529;true;true;true;0;59,49;0
489;13,63;210,7;529;true;true;true;0;69,11;0
490;13,66;250,74;529;true;true;true;0;64,73;0
491;13,69;209,97;529;true;true;true;0;67,5;0
492;13,71;200,01;529;true;true;true;0;66,9;0
493;13,74;223,4;529;true;true;true;0;70,14;0
494;13,76;227,63;529;true;true;true;0;68,86;0
495;13,79;238,55;529;true;true;true;0;74,54;0
496;13,82;233,39;529;true;true;true;0;65,43;0
497;13,84;193,61;529;true;true;true;0;62,15;0
498;13,87;250,97;529;true;true;true;0;72,56;0
499;13,89;225,97;529;true;true;true;0;68,32;0
500;13,92;246,42;529;true;true;true;0;68,54;0
501;13,94;250,37;529;true;true;true;0;71,36;0
502;13,97;235,7;529;true;true;true;0;60,74;0
503;14;189,24;529;true;true;true;0;62,07;0
504;14,02;239,88;529;true;true;true;0;76,99;0
505;14,05;233,21;529;true;true;true;0;73,64;0
506;14,07;234,08;529;true;true;true;0;75,77;0
507;14,1;246,98;529;true;true;true;0;75,95;0
508;14,13;221,54;529;true;true;true;0;67,53;0
509;14,15;240,41;529;true;true;true;0;70,52;0
510;14,18;208,22;529;true;true;true;0;59,35;0
511;14,21;228,13;529;true;true;true;0;71,18;0
512;14,23;214,34;529;true;true;true;0;65,14;0
513;14,26;202,92;529;true;true;true;0;63,63;0
514;14,29;227,86;529;true;true;true;0;72,85;0
515;14,31;220,81;529;true;true;true;0;75,72;0
516;14,34;179,56;529;true;true;true;0;60,02;0
517;14,36;214,36;529;true;true;true;0;69,92;0
518;14,39;228,9;529;true;true;true;0;63,29;0
519;14,42;236,34;529;true;true;true;0;74,95;0
520;14,44;270,64;529;true;true;true;0;65,79;0
521;14,47;233,25;529;true;true;true;0;71,01;0
522;14,49;191,23;529;true;true;true;0;65,64;0
523;14,52;204,88;529;true;true;true;0;65,08;0
524;14,55;254,01;529;true;true;true;0;61,59;0
525;14,58;219,69;529;true;true;true;0;68,43;0
526;14,6;219,95;529;true;true;true;0;69,06;0
527;14,63;258,71;529;true;true;true;0;80,71;0
528;14,66;202,2;529;true;true;true;0;63,88;0
529;14,69;195,47;529;true;true;true;0;61,33;0
530;14,71;215,13;529;true;true;true;0;69,22;0
531;14,74;221,03;529;true;true;true;0;68,91;0
532;14,77;216,94;529;true;true;true;0;68,22;0
533;14,79;218,97;529;true;true;true;0;72,85;0
534;14,82;206,97;529;true;true;true;0;64,55;0
535;14,84;220,58;529;true;true;true;0;63,59;0
536;14,87;240,53;529;true;true;true;0;74,15;0
537;14,89;229,79;529;true;true;true;0;67,56;0
538;14,92;217,28;529;true;true;true;0;71,79;0
539;14,95;209,23;529;true;true;true;0;64,68;0
540;14,97;206,48;529;true;true;true;0;69,25;0
541;15;204,56;528;true;true;true;0;65,6;0
542;15,03;208,75;528;true;true;true;0;63,18;0
543;15,05;209,48;528;true;true;true;0;70,32;0
544;15,08;219,86;528;true;true;true;0;61,35;0
545;15,1;228,25;528;true;true;true;0;74,24;0
546;15,13;252,42;528;true;true;true;0;66,27;0
547;15,16;235,16;528;true;true;true;0;72,11;0
548;15,18;235,88;528;true;true;true;0;72,48;0
549;15,21;216,84;528;true;true;true;0;68,81;0
550;15,23;196,83;528;true;true;true;0;64,99;0
551;15,26;229,91;528;true;true;true;0;77,09;0
552;15,28;217,07;528;true;true;true;0;69,09;0
553;15,31;192,44;528;true;true;true;0;65,01;0
554;15,34;272,82;528;true;true;true;0;70,76;0
555;15,36;195,49;528;true;true;true;0;71,24;0
556;15,39;202,21;528;true;true;true;0;68,51;0
557;15,41;228,64;528;true;true;true;0;70,18;0
558;15,44;204,08;528;true;true;true;0;64,2;0
559;15,46;193,49;528;true;true;true;0;68,24;0
560;15,49;265,85;528;true;true;true;0;67,65;0
561;15,52;202,99;528;true;true;true;0;65,1;0
562;15,54;253,05;528;true;true;true;0;66,62;0
563;15,57;247,49;528;true;true;true;0;73,75;0
564;15,6;249,87;528;true;true;true;0;66,48;0
565;15,62;230,73;528;true;true;true;0;74,34;0
566;15,65;211,98;528;true;true;true;0;66,81;0
567;15,67;218,69;528;true;true;true;0;64,7;0
568;15,7;232,59;527;true;true;true;0;62,47;0
569;15,72;180,15;527;true;true;true;0;58,86;0
570;15,75;260,67;526;true;true;true;0;65,18;0
571;15,77;231,88;526;true;true;true;0;78,68;0
572;15,8;237,64;526;true;true;true;0;64,38;0
573;15,83;219,48;526;true;true;true;0;65,71;0
574;15,85;227,21;526;true;true;true;0;70,15;0
575;15,88;217,67;526;true;true;true;0;67,72;0
576;15,9;219,1;526;true;true;true;0;59,28;0
577;15,93;183,58;526;true;true;true;0;64,14;0
578;15,95;250,83;526;true;true;true;0;67,1;0
579;15,98;184,13;525;true;true;true;0;62,1;0
580;16;215,46;522;true;true;true;0;59,39;0
581;16,03;224,5;522;true;true;true;0;64,56;0
582;16,06;216,7;522;true;true;true;0;67,25;0
583;16,08;221,48;522;true;true;true;0;61,52;0
584;16,11;233,79;522;true;true;true;0;65,71;0
585;16,13;202,84;522;true;true;true;0;64,44;0
586;16,16;219,63;522;true;true;true;0;60,97;0
587;16,18;213,97;522;true;true;true;0;64,6;0
588;16,21;210,19;521;true;true;true;0;57,8;0
589;16,23;269,3;521;true;true;true;0;74,04;0
590;16,26;199,62;520;true;true;true;0;62,68;0
591;16,28;200,6;514;true;true;true;0;59,91;0
592;16,31;234,8;511;true;true;true;0;60,78;0
593;16,33;230,74;510;true;true;true;0;63,02;0
594;16,36;266,91;510;true;true;true;0;68,3;0
595;16,38;268,52;510;true;true;true;0;71,66;0
596;16,41;207,28;510;true;true;true;0;65,8;0
597;16,43;204,41;510;true;true;true;0;63,2;0
598;16,46;176,36;510;true;true;true;0;55,31;0
599;16,48;193,27;510;true;true;true;0;64,68;0
600;16,51;230,45;510;true;true;true;0;56,01;0
601;16,53;164,33;510;true;true;true;0;53,75;0
602;16,56;210,66;510;true;true;true;0;62,07;0
603;16,58;187,76;510;true;true;true;0;69,25;0
604;16,6;225,49;509;true;true;true;0;59,49;0
605;16,63;188,23;509;true;true;true;0;62,46;0
606;16,65;220,45;509;true;true;true;0;65,43;0
607;16,68;227,76;508;true;true;true;0;61,5;0
608;16,7;220,19;508;true;true;true;0;61,24;0
609;16,73;238,39;508;true;true;true;0;72,79;0
610;16,75;219,28;508;true;true;true;0;66,55;0
611;16,78;215,25;508;true;true;true;0;68,23;0
612;16,8;242,77;508;true;true;true;0;64,48;0
613;16,83;221,49;508;true;true;true;0;67,47;0
614;16,85;239,17;508;true;true;true;0;67,51;0
615;16,87;184,11;508;true;true;true;0;54,04;0
616;16,9;259,96;508;true;true;true;0;68,93;0
617;16,92;197,02;508;true;true;true;0;64,51;0
618;16,95;227,51;508;true;true;true;0;59,86;0
619;16,97;206,2;508;true;true;true;0;60,32;0
620;17;220,18;507;true;true;true;0;67,39;0
621;17,02;195,88;507;true;true;true;0;58,65;0
622;17,05;214,87;507;true;true;true;0;67,93;0
623;17,07;272,81;507;true;true;true;0;67,37;0
624;17,09;249,85;507;true;true;true;0;64,22;0
625;17,12;216,55;507;true;true;true;0;66,81;0
626;17,15;235,21;507;true;true;true;0;60,06;0
627;17,17;196,26;507;true;true;true;0;68,39;0
628;17,19;185,98;507;true;true;true;0;47,21;0
629;17,22;176,03;507;true;true;true;0;56,57;0
630;17,24;210,79;507;true;true;true;0;64,26;0
631;17,27;178,18;507;true;true;true;0;57,3;0
632;17,29;273,14;506;true;true;true;0;63,36;0
633;17,32;210,51;506;true;true;true;0;60,47;0
634;17,34;238,05;506;true;true;true;0;52,28;0
635;17,36;181,63;506;true;true;true;0;51,95;0
636;17,39;248,88;506;true;true;true;0;65,81;0
637;17,41;228,35;506;true;true;true;0;66,88;0
638;17,44;243,98;506;true;true;true;0;73,04;0
639;17,46;222,66;506;true;true;true;0;69,07;0
640;17,49;223,54;506;true;true;true;0;67,41;0
641;17,51;183,28;506;true;true;true;0;61,78;0
642;17,54;240,37;504;true;true;true;0;53,04;0
643;17,56;210,27;504;true;true;true;0;55,73;0
644;17,59;230,55;504;true;true;true;0;68,69;0
645;17,61;209,07;504;true;true;true;0;58,08;0
646;17,63;254,19;504;true;true;true;0;62,24;0
647;17,66;218,06;504;true;true;true;0;56,88;0
648;17,68;250,27;504;true;true;true;0;63,55;0
649;17,71;215,99;504;true;true;true;0;51,83;0
650;17,73;239,65;504;true;true;true;0;64,32;0
651;17,75;178,1;504;true;true;true;0;57,33;0
652;17,78;210,24;503;true;true;true;0;64,2;0
653;17,8;187,24;502;true;true;true;0;54,37;0
654;17,83;234,71;502;true;true;true;0;64,88;0
655;17,85;237,47;502;true;true;true;0;70,73;0
656;17,88;218,11;502;true;true;true;0;64,39;0
657;17,9;198,13;501;true;true;true;0;55,91;0
658;17,92;286,11;500;true;true;true;0;61,74;0
659;17,95;225,93;500;true;true;true;0;67,75;0
660;17,97;257,94;500;true;true;true;0;60,54;0
661;18;258,69;500;true;true;true;0;74,3;0
662;18,02;313,72;500;true;true;true;0;76,98;0
663;18,04;223;500;true;true;true;0;59,32;0
664;18,07;219,32;499;true;true;true;0;71,4;0
665;18,09;249,19;498;true;true;true;0;65,88;0
666;18,12;242,02;498;true;true;true;0;72,21;0
667;18,14;234,22;497;true;true;true;0;64,89;0
668;18,17;232,96;497;true;true;true;0;68,76;0
669;18,19;209,47;496;true;true;true;0;63,87;0
670;18,21;246,91;496;true;true;true;0;75,96;0
671;18,24;250,2;496;true;true;true;0;67,71;0
672;18,26;213,71;496;true;true;true;0;67,93;0
673;18,28;203,27;496;true;true;true;0;67,15;0
674;18,31;231,41;496;true;true;true;0;61,31;0
675;18,33;224,36;495;true;true;true;0;60,68;0
676;18,35;236,47;494;true;true;true;0;63,45;0
677;18,38;246,67;494;true;true;true;0;64,71;0
678;18,4;195,23;494;true;true;true;0;53,95;0
679;18,42;204,95;494;true;true;true;0;55,86;0
680;18,45;200,89;494;true;true;true;0;49,94;0
681;18,47;201,82;494;true;true;true;0;71,87;0
682;18,5;207,21;494;true;true;true;0;61,75;0
683;18,52;229,12;494;true;true;true;0;56,41;0
684;18,54;219,22;494;true;true;true;0;61,54;0
685;18,57;192,28;494;true;true;true;0;52,5;0
