lengthMiddleSegment: 85597.07
step_energy: 0.05
electrostatic_force_factor: 1.0
spring_force_factor: 0.1
reject_force_factor: 2.0
distanceRejectRadius: 21399.2675
distanceSamePosition: 21399.2675
Iteration;time;energy;num nodes;reject force is enabled;spring force is enabled;electrostatic force is enabled;str_force;rep_force;elec_force
1;0;48,83;1446;false;true;true;18,34;0;30,56
2;0,03;56,63;1385;false;true;true;20,31;0;37,24
3;0,1;58,06;1326;false;true;true;21,47;0;38,53
4;0,11;55,94;1271;false;true;true;20,18;0;37,7
5;0,12;53,62;1210;false;true;true;19,54;0;35,09
6;0,12;51,38;1164;false;true;true;19,04;0;33,47
7;0,13;49,33;1117;false;true;true;19,11;0;31,65
8;0,14;48,69;1078;false;true;true;18,27;0;32,28
9;0,15;47,61;1035;false;true;true;19,35;0;30,9
10;0,15;47,43;1000;false;true;true;19,03;0;30,73
11;0,16;46,29;962;false;true;true;19,24;0;29,31
12;0,17;45,67;928;false;true;true;18,62;0;29,42
13;0,17;43,2;896;false;true;true;18,99;0;26,58
14;0,17;43,38;867;false;true;true;17,31;0;28,2
15;0,18;42,6;833;false;true;true;18,24;0;27,31
16;0,19;40,16;802;false;true;true;17,94;0;24,46
17;0,19;41,19;780;false;true;true;17,5;0;27,04
18;0,2;39,4;758;false;true;true;17,88;0;25,92
19;0,2;37,01;736;false;true;true;17,96;0;24,13
20;0,21;34,37;714;false;true;true;17,53;0;20,46
21;0,21;34,85;701;false;true;true;16,62;0;22,59
22;0,21;32,53;684;false;true;true;17,04;0;19,46
23;0,22;31,89;671;false;true;true;15,31;0;18,67
24;0,22;31,66;661;false;true;true;14,77;0;20,16
25;0,22;30,91;647;false;true;true;15,69;0;19,22
26;0,23;30,05;633;false;true;true;15,1;0;18,24
27;0,23;29,29;621;false;true;true;14,7;0;17,97
28;0,23;28,91;607;false;true;true;15,15;0;17,27
29;0,24;26,45;596;false;true;true;14,17;0;16,36
30;0,24;26,19;586;false;true;true;14,03;0;15,84
31;0,24;25,62;578;false;true;true;14,02;0;15,56
32;0,25;24,79;571;false;true;true;13,71;0;15,28
33;0,25;23,02;563;false;true;true;13,54;0;13,54
34;0,25;23,96;557;false;true;true;13,99;0;14,49
35;0,26;23,18;549;false;true;true;13,91;0;13,4
36;0,26;22,21;542;false;true;true;12,97;0;12,14
37;0,26;22,18;538;false;true;true;13,05;0;13,1
38;0,26;21,58;532;false;true;true;13,12;0;12,45
39;0,27;21;527;false;true;true;13,09;0;12,48
40;0,27;20,98;524;false;true;true;12,9;0;13,57
41;0,27;21,68;518;false;true;true;13,64;0;13,7
42;0,28;20,34;510;false;true;true;13,12;0;11,26
43;0,28;20,65;506;false;true;true;12,81;0;11,89
44;0,28;19,46;500;false;true;true;12,53;0;10,92
45;0,28;19,27;498;false;true;true;11,99;0;12,17
46;0,29;19,33;494;false;true;true;12,09;0;12,27
47;0,29;19,24;489;false;true;true;12,56;0;11,88
48;0,29;18,77;484;false;true;true;12,38;0;11,24
49;0,3;18,15;479;false;true;true;11,93;0;10,4
50;0,3;17,52;475;false;true;true;11,57;0;10,2
51;0,3;16,26;471;false;true;true;11,1;0;9,1
52;0,3;16,5;469;false;true;true;11,34;0;9,96
53;0,31;17,72;467;false;true;true;11,69;0;11,21
54;0,31;16,86;462;false;true;true;11,98;0;10
55;0,31;16,63;459;false;true;true;11,81;0;10,02
56;0,31;16,65;457;false;true;true;11,53;0;10,75
57;0,32;16,22;452;false;true;true;11,83;0;9,69
58;0,32;15,41;450;false;true;true;11,56;0;9,75
59;0,32;15,96;449;false;true;true;11,98;0;11,26
60;0,33;16,3;446;false;true;true;12,68;0;11,64
61;0,33;16,7;442;false;true;true;12,86;0;11,48
62;0,33;16,27;436;false;true;true;12,12;0;9,28
63;0,34;16,13;433;false;true;true;11,16;0;8,86
64;0,34;15,93;430;false;true;true;10,83;0;8,54
65;0,34;16,26;428;false;true;true;10,76;0;9,09
66;0,34;16,05;423;false;true;true;10,81;0;7,91
67;0,35;15,55;420;false;true;true;10,47;0;7,59
68;0,35;15,16;419;false;true;true;10,23;0;8,3
69;0,35;15,61;417;false;true;true;10,61;0;9
70;0,36;15,23;413;false;true;true;10,87;0;8,11
71;0,36;15,53;412;false;true;true;11,06;0;9,19
72;0,36;15,36;409;false;true;true;11,16;0;8,99
73;0,36;15,02;405;false;true;true;10,77;0;7,91
74;0,37;14,49;403;false;true;true;10,69;0;7,88
75;0,37;14,21;401;false;true;true;10,64;0;7,97
76;0,37;14,16;399;false;true;true;10,76;0;8,18
77;0,38;14,18;397;false;true;true;10,89;0;8,39
78;0,38;14,15;395;false;true;true;10,94;0;8,58
79;0,38;14,52;394;false;true;true;11,18;0;9,76
80;0,38;13,67;389;false;true;true;10,73;0;7,64
81;0,39;12,91;387;false;true;true;10,27;0;7,2
82;0,39;12,69;386;false;true;true;10,12;0;7,66
83;0,39;13,24;385;false;true;true;10,17;0;8,32
84;0,4;13,5;384;false;true;true;10,8;0;9,27
85;0,4;13,64;380;false;true;true;11,02;0;8,14
86;0,4;13,36;378;false;true;true;10,71;0;8,04
87;0,41;12,97;375;false;true;true;10,41;0;7,15
88;0,41;12,59;373;false;true;true;9,65;0;6,88
89;0,41;12,49;372;false;true;true;9,47;0;7,35
90;0,41;12,12;370;false;true;true;9,45;0;7,14
91;0,42;12,01;369;false;true;true;9,79;0;7,55
92;0,42;11,99;367;false;true;true;10,18;0;7,44
93;0,42;11,73;366;false;true;true;9,86;0;7,5
94;0,43;11,67;364;false;true;true;10,11;0;7,17
95;0,43;11,45;363;false;true;true;10,18;0;7,47
96;0,43;11,81;362;false;true;true;10,39;0;8,16
97;0,43;12,19;360;false;true;true;10,72;0;8,32
98;0,44;12,22;357;false;true;true;10,8;0;7,66
99;0,44;11,56;353;false;true;true;9,89;0;5,72
100;0,44;11,25;353;false;true;true;9,45;0;6,53
101;0,44;11,53;352;false;true;true;9,28;0;6,76
102;0,44;11,42;351;false;true;true;9,49;0;6,94
103;0,44;12,1;350;false;true;true;10,06;0;7,86
104;0,45;11,75;346;false;true;true;9,78;0;6,25
105;0,45;10,89;344;false;true;true;9,16;0;5,34
106;0,45;10,59;344;false;true;true;8,84;0;5,95
107;0,45;10,61;344;false;true;true;8,99;0;6,72
108;0,46;11,02;344;false;true;true;9,7;0;7,8
109;0,46;11,5;342;false;true;true;10,55;0;7,72
110;0,46;11,58;339;false;true;true;10,53;0;6,87
111;0,46;11,22;337;false;true;true;9,74;0;6,19
112;0,46;10,76;335;false;true;true;9,25;0;5,56
113;0,47;10,55;335;false;true;true;8,95;0;6,27
114;0,47;10,85;333;false;true;true;8,63;0;6,59
115;0,47;11,14;332;false;true;true;8,87;0;7,67
116;0,47;10,18;329;false;true;true;9,11;0;6,24
117;0,47;10,13;328;false;true;true;9,32;0;6,42
118;0,48;10,24;327;false;true;true;9,32;0;6,82
119;0,48;10,32;325;false;true;true;9,16;0;6,36
120;0,48;9,9;323;false;true;true;8,83;0;5,54
121;0,48;9,83;323;false;true;true;8,82;0;6,3
122;0,48;10,26;322;false;true;true;8,68;0;6,48
123;0,49;9,92;320;false;true;true;8,5;0;5,72
124;0,49;9,8;318;false;true;true;8,67;0;5,12
125;0,49;9,51;318;false;true;true;8,54;0;5,74
126;0,49;9,47;317;false;true;true;8,62;0;5,84
127;0,5;9,45;316;false;true;true;8,56;0;5,99
128;0,5;9,39;315;false;true;true;8,72;0;6,01
129;0,5;9,62;315;false;true;true;9,06;0;6,95
130;0,5;9,48;312;false;true;true;9,01;0;5,93
131;0,5;9,13;311;false;true;true;8,73;0;5,81
132;0,5;9,11;311;false;true;true;8,71;0;6,59
133;0,51;9,1;310;false;true;true;8,82;0;6,65
134;0,51;8,94;309;false;true;true;8,87;0;6,71
135;0,51;8,69;308;false;true;true;8,95;0;6,82
136;0,51;8,68;306;false;true;true;8,71;0;6,07
137;0,51;8,5;304;false;true;true;8,31;0;5,2
138;0,52;8,37;304;false;true;true;8,26;0;5,83
139;0,52;8,03;303;false;true;true;7,99;0;5,49
140;0,52;8,03;303;false;true;true;8,24;0;6,06
141;0,52;8,37;303;false;true;true;8,77;0;6,93
142;0,52;8,49;301;false;true;true;9,02;0;6,31
143;0,53;8,52;299;false;true;true;8,61;0;5,42
144;0,53;8,41;298;false;true;true;8,08;0;5,16
145;0,53;8,28;297;false;true;true;7,83;0;5,03
146;0,53;8,15;297;false;true;true;7,84;0;5,58
147;0,54;8,05;296;false;true;true;7,82;0;5,4
148;0,54;8,2;296;false;true;true;8,16;0;6,12
149;0,54;8,45;295;false;true;true;8,6;0;6,37
150;0,54;8;292;false;true;true;8,08;0;4,63
151;0,54;7,65;292;false;true;true;7,77;0;5,01
152;0,55;7,54;292;false;true;true;7,74;0;5,47
153;0,55;7,7;292;false;true;true;7,95;0;6,13
154;0,55;7,85;291;false;true;true;8,22;0;6,1
155;0,55;7,91;289;false;true;true;8,24;0;5,37
156;0,55;7,6;288;false;true;true;7,88;0;5
157;0,56;7,39;288;false;true;true;7,67;0;5,48
158;0,56;7,21;287;false;true;true;7,65;0;5,26
159;0,56;7,09;287;false;true;true;7,89;0;5,72
160;0,56;7,25;287;false;true;true;8,24;0;6,39
161;0,56;7,62;286;false;true;true;8,13;0;6,3
162;0,56;6,79;284;false;true;true;7,76;0;4,87
163;0,57;6,69;284;false;true;true;7,78;0;5,32
164;0,57;6,82;283;false;true;true;7,76;0;5,2
165;0,57;6,86;282;false;true;true;7,57;0;5,07
166;0,57;6,64;280;false;true;true;7,39;0;4,03
167;0,57;6,27;280;false;true;true;7,1;0;4,23
168;0,57;6,05;280;false;true;true;6,95;0;4,46
169;0,58;5,93;280;false;true;true;6,95;0;4,71
170;0,58;5,92;280;false;true;true;7,19;0;5,03
171;0,58;6,18;279;false;true;true;7,08;0;4,55
172;0,58;6,07;279;false;true;true;7,26;0;4,85
173;0,58;6,12;279;false;true;true;7,49;0;5,26
174;0,59;6,47;279;false;true;true;7,83;0;5,94
175;0,59;6,16;277;false;true;true;7,6;0;4,7
176;0,59;6,09;277;false;true;true;7,58;0;5,06
177;0,59;6,24;277;false;true;true;7,66;0;5,59
178;0,59;6,23;275;false;true;true;7,26;0;4,45
179;0,6;6,1;275;false;true;true;7,23;0;4,81
180;0,6;5,9;274;false;true;true;6,96;0;4,31
181;0,6;5,75;274;false;true;true;6,9;0;4,56
182;0,6;5,73;274;false;true;true;7,02;0;4,88
183;0,6;5,94;274;false;true;true;7,27;0;5,41
184;0,6;5,82;273;false;true;true;7,32;0;5,03
185;0,6;5,52;272;false;true;true;7;0;4,38
186;0,61;5,38;272;false;true;true;6,98;0;4,58
187;0,61;5,31;272;false;true;true;7,02;0;4,8
188;0,61;5,31;272;false;true;true;7,2;0;5,07
189;0,61;5,41;272;false;true;true;7,45;0;5,43
190;0,61;5,7;272;false;true;true;7,79;0;5,98
191;0,61;5,77;271;false;true;true;7,84;0;5,66
192;0,61;5,9;270;false;true;true;7,62;0;5,36
193;0,62;5,59;269;false;true;true;7,39;0;4,89
194;0,62;5,67;268;false;true;true;6,95;0;4,41
195;0,62;5,45;268;false;true;true;6,86;0;4,67
196;0,62;5,42;268;false;true;true;6,92;0;5,01
197;0,62;5,25;267;false;true;true;6,77;0;4,46
198;0,62;5,13;267;false;true;true;6,9;0;4,67
199;0,62;5,09;267;false;true;true;7,05;0;4,93
200;0,62;5,16;267;false;true;true;7,25;0;5,25
201;0,63;5,39;267;false;true;true;7,53;0;5,73
202;0,63;5,44;266;false;true;true;7,69;0;5,44
203;0,63;5,69;265;false;true;true;7,44;0;5,07
204;0,63;5,68;264;false;true;true;7,23;0;4,77
205;0,63;5,52;263;false;true;true;6,77;0;4,37
206;0,63;5,39;263;false;true;true;6,7;0;4,67
207;0,63;5,36;262;false;true;true;6,41;0;4,15
208;0,63;5,21;262;false;true;true;6,43;0;4,38
209;0,64;5,2;261;false;true;true;6,02;0;3,69
210;0,64;5,11;261;false;true;true;6,09;0;3,96
211;0,64;5,01;260;false;true;true;6,15;0;3,51
212;0,64;4,8;260;false;true;true;6,1;0;3,66
213;0,64;4,69;260;false;true;true;6,1;0;3,85
214;0,64;4,68;260;false;true;true;6,15;0;4,1
215;0,64;4,59;259;false;true;true;5,96;0;3,54
216;0,64;4,43;259;false;true;true;5,95;0;3,67
217;0,65;4,34;259;false;true;true;5,99;0;3,82
218;0,65;4,3;259;false;true;true;6,05;0;3,99
219;0,65;4,31;259;false;true;true;6,18;0;4,2
220;0,65;4,42;259;false;true;true;6,37;0;4,51
221;0,65;4,77;259;false;true;true;6,61;0;5,07
222;0,65;4,46;257;false;true;true;6,13;0;3,56
223;0,65;4,23;257;false;true;true;5,96;0;3,68
224;0,65;4,1;257;false;true;true;5,89;0;3,83
225;0,66;4,07;257;false;true;true;5,9;0;4,02
226;0,66;4,03;256;false;true;true;5,71;0;3,49
227;0,66;3,88;256;false;true;true;5,71;0;3,58
228;0,66;3,78;256;false;true;true;5,74;0;3,66
229;0,66;3,71;256;false;true;true;5,78;0;3,76
230;0,66;3,66;256;false;true;true;5,86;0;3,86
231;0,66;3,64;256;false;true;true;5,97;0;3,97
232;0,67;3,64;256;false;true;true;6,09;0;4,11
233;0,67;3,69;256;false;true;true;6,22;0;4,29
234;0,67;3,82;256;false;true;true;6,38;0;4,57
235;0,67;3,83;255;false;true;true;6,16;0;4
236;0,67;3,85;255;false;true;true;6,16;0;4,23
237;0,67;3,8;254;false;true;true;5,96;0;3,62
238;0,67;3,65;254;false;true;true;5,83;0;3,7
239;0,68;3,54;254;false;true;true;5,78;0;3,78
240;0,68;3,47;254;false;true;true;5,79;0;3,86
241;0,68;3,42;254;false;true;true;5,86;0;3,94
242;0,68;3,39;254;false;true;true;5,97;0;4,03
243;0,68;3,38;254;false;true;true;6,07;0;4,14
244;0,68;3,38;254;false;true;true;6,18;0;4,25
245;0,68;3,41;254;false;true;true;6,29;0;4,4
246;0,68;3,48;254;false;true;true;6,42;0;4,58
247;0,69;3,61;254;false;true;true;6,57;0;4,83
248;0,69;4,04;253;false;true;true;6,49;0;4,43
249;0,69;3,83;252;false;true;true;6,05;0;3,77
250;0,69;3,68;252;false;true;true;5,92;0;3,88
251;0,69;3,6;252;false;true;true;5,87;0;4
252;0,69;3,59;252;false;true;true;5,93;0;4,15
253;0,69;3,66;252;false;true;true;6,05;0;4,37
254;0,69;3,76;251;false;true;true;6;0;3,83
255;0,7;3,65;251;false;true;true;5,94;0;3,95
256;0,7;3,6;251;false;true;true;5,94;0;4,1
257;0,7;3,64;251;false;true;true;5,99;0;4,31
258;0,7;3,59;250;false;true;true;5,72;0;3,67
259;0,7;3,46;250;false;true;true;5,69;0;3,76
260;0,7;3,39;250;false;true;true;5,71;0;3,86
261;0,7;3,36;250;false;true;true;5,75;0;3,97
262;0,7;3,39;250;false;true;true;5,86;0;4,13
263;0,71;3,55;249;false;true;true;5,59;0;3,48
264;0,71;3,4;249;false;true;true;5,54;0;3,54
265;0,71;3,31;249;false;true;true;5,53;0;3,61
266;0,71;3,25;249;false;true;true;5,57;0;3,67
267;0,71;3,2;249;false;true;true;5,66;0;3,75
268;0,71;3,18;249;false;true;true;5,74;0;3,83
269;0,71;3,17;249;false;true;true;5,83;0;3,93
270;0,71;3,19;249;false;true;true;5,92;0;4,05
271;0,72;3,26;249;false;true;true;6,03;0;4,22
272;0,72;3,33;248;false;true;true;5,82;0;3,68
273;0,72;3,25;248;false;true;true;5,77;0;3,77
274;0,72;3,23;248;false;true;true;5,77;0;3,88
275;0,72;3,27;248;false;true;true;5,8;0;4,03
276;0,72;3,51;247;false;true;true;5,56;0;3,47
277;0,72;3,31;247;false;true;true;5,5;0;3,53
278;0,73;3,18;247;false;true;true;5,47;0;3,58
279;0,73;3,09;247;false;true;true;5,45;0;3,63
280;0,73;3,03;247;false;true;true;5,52;0;3,69
281;0,73;2,99;247;false;true;true;5,59;0;3,74
282;0,73;2,96;247;false;true;true;5,65;0;3,8
283;0,73;2,94;247;false;true;true;5,72;0;3,87
284;0,73;2,93;247;false;true;true;5,78;0;3,94
285;0,73;2,93;247;false;true;true;5,85;0;4,02
286;0,74;2,94;247;false;true;true;5,92;0;4,11
287;0,74;2,96;247;false;true;true;5,99;0;4,22
288;0,74;3,02;247;false;true;true;6,09;0;4,37
289;0,74;3,12;247;false;true;true;6,21;0;4,57
290;0,74;3,28;246;false;true;true;5,95;0;4,02
291;0,74;3,26;246;false;true;true;5,91;0;4,21
292;0,74;3,4;245;false;true;true;5,79;0;3,65
293;0,74;3,24;245;false;true;true;5,63;0;3,75
294;0,75;3,17;245;false;true;true;5,59;0;3,86
295;0,75;3,17;245;false;true;true;5,62;0;4
296;0,75;3,25;245;false;true;true;5,72;0;4,22
297;0,75;3,16;244;false;true;true;5,45;0;3,54
298;0,75;3,06;244;false;true;true;5,42;0;3,6
299;0,75;2,99;244;false;true;true;5,42;0;3,67
300;0,75;2,94;244;false;true;true;5,43;0;3,74
301;0,76;2,92;244;false;true;true;5,48;0;3,82
302;0,76;2,92;244;false;true;true;5,58;0;3,92
303;0,76;2,95;244;false;true;true;5,68;0;4,05
304;0,76;3,05;244;false;true;true;5,8;0;4,25
305;0,76;3,17;243;false;true;true;5,5;0;3,51
306;0,76;3,04;243;false;true;true;5,42;0;3,58
307;0,76;2,96;243;false;true;true;5,38;0;3,65
308;0,77;2,92;243;false;true;true;5,4;0;3,74
309;0,77;2,94;243;false;true;true;5,5;0;3,85
310;0,77;3,02;243;false;true;true;5,61;0;4,03
311;0,77;3,09;242;false;true;true;5,47;0;3,41
312;0,77;2,95;242;false;true;true;5,36;0;3,45
313;0,77;2,85;242;false;true;true;5,3;0;3,49
314;0,77;2,78;242;false;true;true;5,25;0;3,54
315;0,78;2,73;242;false;true;true;5,28;0;3,58
316;0,78;2,69;242;false;true;true;5,33;0;3,63
317;0,78;2,67;242;false;true;true;5,39;0;3,68
318;0,78;2,66;242;false;true;true;5,44;0;3,74
319;0,78;2,65;242;false;true;true;5,49;0;3,81
320;0,78;2,67;242;false;true;true;5,55;0;3,9
321;0,78;2,72;242;false;true;true;5,62;0;4,03
322;0,78;2,85;242;false;true;true;5,72;0;4,25
323;0,78;2,76;241;false;true;true;5,38;0;3,51
324;0,79;2,68;241;false;true;true;5,32;0;3,55
325;0,79;2,62;241;false;true;true;5,28;0;3,6
326;0,79;2,58;241;false;true;true;5,27;0;3,64
327;0,79;2,55;241;false;true;true;5,28;0;3,68
328;0,79;2,53;241;false;true;true;5,34;0;3,73
329;0,79;2,52;241;false;true;true;5,39;0;3,79
330;0,8;2,52;241;false;true;true;5,45;0;3,85
331;0,8;2,54;241;false;true;true;5,51;0;3,93
332;0,8;2,58;241;false;true;true;5,57;0;4,04
333;0,8;2,68;241;false;true;true;5,66;0;4,21
334;0,8;2,77;240;false;true;true;5,46;0;3,55
335;0,8;2,65;240;false;true;true;5,35;0;3,58
336;0,8;2,56;240;false;true;true;5,27;0;3,62
337;0,8;2,49;240;false;true;true;5,22;0;3,65
338;0,8;2,45;240;false;true;true;5,27;0;3,68
339;0,81;2,41;240;false;true;true;5,31;0;3,72
340;0,81;2,38;240;false;true;true;5,35;0;3,75
341;0,81;2,36;240;false;true;true;5,39;0;3,79
342;0,81;2,34;240;false;true;true;5,43;0;3,83
343;0,81;2,33;240;false;true;true;5,46;0;3,87
344;0,81;2,32;240;false;true;true;5,49;0;3,92
345;0,81;2,32;240;false;true;true;5,53;0;3,97
346;0,81;2,34;240;false;true;true;5,58;0;4,04
347;0,81;2,37;240;false;true;true;5,63;0;4,13
348;0,82;2,44;240;false;true;true;5,7;0;4,25
349;0,82;2,6;240;false;true;true;5,79;0;4,48
350;0,82;2,48;239;false;true;true;5,43;0;3,7
351;0,82;2,41;239;false;true;true;5,36;0;3,74
352;0,82;2,36;239;false;true;true;5,31;0;3,77
353;0,83;2,32;239;false;true;true;5,28;0;3,8
354;0,83;2,3;239;false;true;true;5,3;0;3,83
355;0,83;2,28;239;false;true;true;5,34;0;3,87
356;0,84;2,26;239;false;true;true;5,38;0;3,9
357;0,84;2,24;239;false;true;true;5,42;0;3,94
358;0,84;2,23;239;false;true;true;5,46;0;3,98
359;0,84;2,23;239;false;true;true;5,5;0;4,02
360;0,85;2,22;239;false;true;true;5,54;0;4,06
361;0,85;2,22;239;false;true;true;5,58;0;4,11
362;0,85;2,22;239;false;true;true;5,62;0;4,16
363;0,85;2,24;239;false;true;true;5,67;0;4,22
364;0,85;2,25;239;false;true;true;5,72;0;4,29
365;0,85;2,29;239;false;true;true;5,79;0;4,38
366;0,85;2,34;239;false;true;true;5,86;0;4,49
367;0,86;2,42;239;false;true;true;5,95;0;4,64
368;0,86;2,59;239;false;true;true;6,07;0;4,87
369;0,86;2,96;238;false;true;true;5,85;0;4,27
370;0,86;3,07;237;false;true;true;5,44;0;3,71
371;0,86;2,89;237;false;true;true;5,26;0;3,79
372;0,86;2,79;237;false;true;true;5,23;0;3,87
373;0,86;2,74;237;false;true;true;5,29;0;3,95
374;0,86;2,73;237;false;true;true;5,4;0;4,06
375;0,86;2,77;237;false;true;true;5,51;0;4,18
376;0,87;2,86;237;false;true;true;5,65;0;4,36
377;0,87;3,08;237;false;true;true;5,81;0;4,66
378;0,87;3,38;235;false;true;true;5,23;0;3,76
379;0,87;3,39;235;false;true;true;5,05;0;4,06
380;0,87;3,08;234;false;true;true;5,26;0;3,64
381;0,87;2,97;234;false;true;true;5,09;0;3,74
382;0,88;2,91;234;false;true;true;5,03;0;3,85
383;0,88;2,91;234;false;true;true;5,08;0;3,99
384;0,93;2,99;234;false;true;true;5,26;0;4,21
385;0,93;2,99;233;false;true;true;5,18;0;3,59
386;0,94;2,85;233;false;true;true;5,13;0;3,65
387;0,94;2,76;233;false;true;true;5,11;0;3,73
388;0,94;2,71;233;false;true;true;5,12;0;3,81
389;0,94;2,68;233;false;true;true;5,19;0;3,9
390;0,94;2,7;233;false;true;true;5,3;0;4,03
391;0,94;2,77;233;false;true;true;5,42;0;4,22
392;0,94;2,82;232;false;true;true;5,26;0;3,62
393;0,94;2,68;232;false;true;true;5,16;0;3,67
394;0,94;2,6;232;false;true;true;5,11;0;3,73
395;0,94;2,55;232;false;true;true;5,11;0;3,78
396;0,94;2,51;232;false;true;true;5,2;0;3,84
397;0,95;2,49;232;false;true;true;5,27;0;3,91
398;0,95;2,47;232;false;true;true;5,35;0;3,98
399;0,95;2,47;232;false;true;true;5,42;0;4,06
400;0,95;2,48;232;false;true;true;5,49;0;4,15
401;0,95;2,52;232;false;true;true;5,58;0;4,27
402;0,95;2,58;232;false;true;true;5,67;0;4,42
403;0,95;2,72;232;false;true;true;5,8;0;4,64
404;0,95;2,88;231;false;true;true;5,72;0;4,11
405;0,95;2,84;231;false;true;true;5,66;0;4,27
406;0,95;2,92;231;false;true;true;5,68;0;4,51
407;0,96;3,09;230;false;true;true;5,46;0;4,01
408;0,96;3,08;229;false;true;true;4,91;0;3,39
409;0,96;2,88;229;false;true;true;4,82;0;3,43
410;0,96;2,73;229;false;true;true;4,77;0;3,47
411;0,96;2,62;229;false;true;true;4,81;0;3,51
412;0,96;2,53;229;false;true;true;4,85;0;3,54
413;0,96;2,46;229;false;true;true;4,92;0;3,58
414;0,96;2,4;229;false;true;true;4,98;0;3,62
415;0,96;2,36;229;false;true;true;5,03;0;3,66
416;0,96;2,32;229;false;true;true;5,08;0;3,7
417;0,97;2,29;229;false;true;true;5,12;0;3,75
418;0,97;2,27;229;false;true;true;5,16;0;3,81
419;0,97;2,26;229;false;true;true;5,21;0;3,87
420;0,97;2,25;229;false;true;true;5,26;0;3,94
421;0,97;2,27;229;false;true;true;5,32;0;4,03
422;0,97;2,29;229;false;true;true;5,38;0;4,14
423;0,97;2,36;229;false;true;true;5,47;0;4,29
424;0,97;2,49;229;false;true;true;5,58;0;4,51
425;0,97;2,74;228;false;true;true;5,43;0;4,02
426;0,98;2,77;227;false;true;true;5,12;0;3,45
427;0,98;2,57;227;false;true;true;4,91;0;3,5
428;0,98;2,45;227;false;true;true;4,79;0;3,55
429;0,98;2,37;227;false;true;true;4,77;0;3,61
430;0,98;2,3;227;false;true;true;4,83;0;3,67
431;0,98;2,26;227;false;true;true;4,9;0;3,73
432;0,98;2,25;227;false;true;true;4,97;0;3,81
433;0,98;2,26;227;false;true;true;5,04;0;3,91
434;0,98;2,32;227;false;true;true;5,13;0;4,07
435;0,98;2,35;226;false;true;true;4,87;0;3,45
436;0,99;2,24;226;false;true;true;4,79;0;3,5
437;0,99;2,16;226;false;true;true;4,75;0;3,54
438;0,99;2,1;226;false;true;true;4,73;0;3,59
439;0,99;2,05;226;false;true;true;4,74;0;3,64
440;0,99;2,02;226;false;true;true;4,79;0;3,69
441;0,99;1,99;226;false;true;true;4,84;0;3,75
442;0,99;1,97;226;false;true;true;4,89;0;3,81
443;0,99;1,97;226;false;true;true;4,95;0;3,89
444;0,99;1,98;226;false;true;true;5,01;0;3,98
445;0,99;2,01;226;false;true;true;5,09;0;4,1
446;1;2,11;226;false;true;true;5,18;0;4,28
447;1;2,23;225;false;true;true;4,92;0;3,63
448;1;2,09;225;false;true;true;4,8;0;3,69
449;1;2,03;225;false;true;true;4,75;0;3,76
450;1;1,99;225;false;true;true;4,77;0;3,83
451;1;1,98;225;false;true;true;4,85;0;3,9
452;1;1,98;225;false;true;true;4,93;0;3,99
453;1;2;225;false;true;true;5,02;0;4,1
454;1;2,04;225;false;true;true;5,11;0;4,24
455;1;2,15;225;false;true;true;5,23;0;4,44
456;1;2,58;224;false;true;true;5,01;0;3,92
457;1,01;2,56;223;false;true;true;4,62;0;3,26
458;1,01;2,36;223;false;true;true;4,43;0;3,32
459;1,01;2,23;223;false;true;true;4,36;0;3,39
460;1,01;2,16;223;false;true;true;4,39;0;3,47
461;1,01;2,14;223;false;true;true;4,48;0;3,58
462;1,01;2,18;223;false;true;true;4,59;0;3,74
463;1,01;2,16;222;false;true;true;4,3;0;3,09
464;1,01;2,03;222;false;true;true;4,24;0;3,13
465;1,01;1,94;222;false;true;true;4,2;0;3,16
466;1,01;1,87;222;false;true;true;4,18;0;3,2
467;1,02;1,81;222;false;true;true;4,18;0;3,23
468;1,02;1,76;222;false;true;true;4,22;0;3,26
469;1,02;1,72;222;false;true;true;4,26;0;3,29
470;1,02;1,69;222;false;true;true;4,29;0;3,33
471;1,02;1,66;222;false;true;true;4,32;0;3,37
472;1,02;1,64;222;false;true;true;4,35;0;3,41
473;1,02;1,63;222;false;true;true;4,39;0;3,46
474;1,02;1,63;222;false;true;true;4,43;0;3,53
475;1,02;1,64;222;false;true;true;4,47;0;3,61
476;1,03;1,68;222;false;true;true;4,53;0;3,72
477;1,03;1,89;221;false;true;true;4,24;0;3,09
478;1,03;1,74;221;false;true;true;4,1;0;3,12
479;1,03;1,66;221;false;true;true;4,04;0;3,15
480;1,03;1,61;221;false;true;true;4,04;0;3,17
481;1,03;1,56;221;false;true;true;4,07;0;3,2
482;1,03;1,51;221;false;true;true;4,1;0;3,22
483;1,03;1,48;221;false;true;true;4,13;0;3,25
484;1,03;1,44;221;false;true;true;4,15;0;3,27
485;1,04;1,41;221;false;true;true;4,16;0;3,3
486;1,04;1,39;221;false;true;true;4,18;0;3,33
487;1,04;1,37;221;false;true;true;4,2;0;3,37
488;1,04;1,36;221;false;true;true;4,21;0;3,41
489;1,04;1,36;221;false;true;true;4,24;0;3,45
490;1,04;1,38;221;false;true;true;4,28;0;3,51
491;1,05;1,41;221;false;true;true;4,31;0;3,6
492;1,05;1,49;221;false;true;true;4,37;0;3,73
493;1,05;1,52;220;false;true;true;4,06;0;3,09
494;1,05;1,43;220;false;true;true;3,97;0;3,11
495;1,05;1,37;220;false;true;true;3,9;0;3,13
496;1,05;1,33;220;false;true;true;3,85;0;3,14
497;1,05;1,29;220;false;true;true;3,84;0;3,16
498;1,06;1,26;220;false;true;true;3,87;0;3,17
499;1,06;1,23;220;false;true;true;3,89;0;3,19
500;1,06;1,2;220;false;true;true;3,91;0;3,2
501;1,06;1,18;220;false;true;true;3,92;0;3,22
502;1,06;1,16;220;false;true;true;3,94;0;3,23
503;1,06;1,14;220;false;true;true;3,95;0;3,24
504;1,06;1,12;220;false;true;true;3,96;0;3,26
505;1,06;1,1;220;false;true;true;3,97;0;3,27
506;1,07;1,08;220;false;true;true;3,98;0;3,28
507;1,07;1,07;220;false;true;true;3,99;0;3,3
508;1,07;1,06;220;false;true;true;4;0;3,31
509;1,07;1,05;220;false;true;true;4,01;0;3,32
510;1,07;1,03;220;false;true;true;4,02;0;3,34
511;1,07;1,02;220;false;true;true;4,03;0;3,36
512;1,07;1,02;220;false;true;true;4,04;0;3,37
513;1,07;1,01;220;false;true;true;4,06;0;3,39
514;1,07;1,01;220;false;true;true;4,07;0;3,41
515;1,07;1,01;220;false;true;true;4,08;0;3,43
516;1,08;1,01;220;false;true;true;4,1;0;3,46
517;1,08;1,01;220;false;true;true;4,11;0;3,49
518;1,08;1,02;220;false;true;true;4,13;0;3,52
519;1,08;1,04;220;false;true;true;4,16;0;3,56
520;1,08;1,07;220;false;true;true;4,19;0;3,62
521;1,08;1,11;220;false;true;true;4,23;0;3,7
522;1,09;1,21;220;false;true;true;4,29;0;3,84
523;1,09;1,25;219;false;true;true;3,98;0;3,18
524;1,09;1,2;219;false;true;true;3,86;0;3,19
525;1,09;1,16;219;false;true;true;3,79;0;3,21
526;1,09;1,12;219;false;true;true;3,75;0;3,22
527;1,09;1,09;219;false;true;true;3,75;0;3,23
528;1,1;1,06;219;false;true;true;3,78;0;3,24
529;1,1;1,03;219;false;true;true;3,81;0;3,25
530;1,1;1,01;219;false;true;true;3,83;0;3,27
531;1,1;0,99;219;false;true;true;3,85;0;3,28
532;1,1;0,97;219;false;true;true;3,87;0;3,28
533;1,1;0,95;219;false;true;true;3,88;0;3,29
534;1,1;0,94;219;false;true;true;3,9;0;3,3
535;1,1;0,92;219;false;true;true;3,9;0;3,31
536;1,1;0,91;219;false;true;true;3,91;0;3,32
537;1,1;0,9;219;false;true;true;3,92;0;3,34
538;1,11;0,89;219;false;true;true;3,93;0;3,35
539;1,11;0,88;219;false;true;true;3,94;0;3,36
540;1,11;0,88;219;false;true;true;3,95;0;3,37
541;1,11;0,87;219;false;true;true;3,96;0;3,38
542;1,11;0,86;219;false;true;true;3,96;0;3,39
543;1,11;0,86;219;false;true;true;3,97;0;3,41
544;1,11;0,85;219;false;true;true;3,98;0;3,42
545;1,11;0,86;219;false;true;true;4;0;3,44
546;1,11;0,86;219;false;true;true;4,01;0;3,46
547;1,11;0,86;219;false;true;true;4,02;0;3,48
548;1,12;0,86;219;false;true;true;4,04;0;3,5
549;1,12;0,88;219;false;true;true;4,06;0;3,53
550;1,12;0,89;219;false;true;true;4,08;0;3,57
551;1,12;0,91;219;false;true;true;4,1;0;3,61
552;1,12;0,95;219;false;true;true;4,14;0;3,67
553;1,12;1,01;219;false;true;true;4,18;0;3,75
554;1,12;1,13;219;false;true;true;4,23;0;3,9
555;1,12;1,24;218;false;true;true;3,82;0;3,21
556;1,12;1,12;218;false;true;true;3,77;0;3,22
557;1,12;1,04;218;false;true;true;3,75;0;3,23
558;1,12;0,98;218;false;true;true;3,72;0;3,24
559;1,13;0,94;218;false;true;true;3,73;0;3,25
560;1,13;0,91;218;false;true;true;3,76;0;3,26
561;1,13;0,89;218;false;true;true;3,79;0;3,27
562;1,13;0,87;218;false;true;true;3,81;0;3,28
563;1,13;0,85;218;false;true;true;3,82;0;3,29
564;1,13;0,84;218;false;true;true;3,84;0;3,3
565;1,13;0,83;218;false;true;true;3,85;0;3,3
566;1,13;0,82;218;false;true;true;3,86;0;3,31
567;1,13;0,81;218;false;true;true;3,87;0;3,32
568;1,13;0,8;218;false;true;true;3,87;0;3,33
569;1,14;0,79;218;false;true;true;3,88;0;3,34
570;1,14;0,79;218;false;true;true;3,89;0;3,35
571;1,14;0,78;218;false;true;true;3,9;0;3,36
572;1,14;0,77;218;false;true;true;3,91;0;3,37
573;1,14;0,77;218;false;true;true;3,92;0;3,38
574;1,14;0,76;218;false;true;true;3,92;0;3,4
575;1,14;0,76;218;false;true;true;3,93;0;3,41
576;1,14;0,76;218;false;true;true;3,94;0;3,42
577;1,14;0,75;218;false;true;true;3,95;0;3,44
578;1,14;0,76;218;false;true;true;3,96;0;3,45
579;1,15;0,76;218;false;true;true;3,98;0;3,47
580;1,15;0,89;218;false;true;true;3,99;0;3,37
581;1,15;0,85;218;false;true;true;3,96;0;3,39
582;1,15;0,83;218;false;true;true;3,96;0;3,42
583;1,15;0,83;218;false;true;true;3,96;0;3,45
584;1,15;0,83;218;false;true;true;3,98;0;3,49
585;1,15;0,86;218;false;true;true;4;0;3,55
586;1,15;0,9;218;false;true;true;4,04;0;3,63
587;1,15;1;218;false;true;true;4,1;0;3,76
588;1,15;1,05;217;false;true;true;3,77;0;3,1
589;1,16;0,97;217;false;true;true;3,68;0;3,12
590;1,16;0,92;217;false;true;true;3,62;0;3,13
591;1,16;0,88;217;false;true;true;3,59;0;3,14
592;1,16;0,86;217;false;true;true;3,59;0;3,15
593;1,16;0,83;217;false;true;true;3,61;0;3,16
594;1,16;0,81;217;false;true;true;3,63;0;3,17
595;1,16;0,79;217;false;true;true;3,65;0;3,19
596;1,16;0,78;217;false;true;true;3,67;0;3,2
597;1,16;0,77;217;false;true;true;3,69;0;3,21
598;1,16;0,76;217;false;true;true;3,7;0;3,22
599;1,17;0,74;217;false;true;true;3,71;0;3,23
600;1,17;0,74;217;false;true;true;3,72;0;3,24
601;1,17;0,72;217;false;true;true;3,73;0;3,25
602;1,17;0,72;217;false;true;true;3,74;0;3,26
603;1,17;0,71;217;false;true;true;3,75;0;3,27
604;1,17;0,71;217;false;true;true;3,76;0;3,28
605;1,17;0,7;217;false;true;true;3,76;0;3,29
606;1,17;0,7;217;false;true;true;3,77;0;3,3
607;1,17;0,69;217;false;true;true;3,78;0;3,32
608;1,18;0,69;217;false;true;true;3,79;0;3,33
609;1,18;0,68;217;false;true;true;3,8;0;3,34
610;1,18;0,68;217;false;true;true;3,81;0;3,36
611;1,18;0,68;217;false;true;true;3,82;0;3,38
612;1,18;0,68;217;false;true;true;3,84;0;3,39
613;1,18;0,68;217;false;true;true;3,85;0;3,41
614;1,18;0,68;217;false;true;true;3,87;0;3,43
615;1,18;0,69;217;false;true;true;3,88;0;3,46
616;1,18;0,7;217;false;true;true;3,91;0;3,48
617;1,18;0,7;217;false;true;true;3,92;0;3,51
618;1,19;0,72;217;false;true;true;3,95;0;3,54
619;1,19;0,73;217;false;true;true;3,97;0;3,58
620;1,19;0,76;217;false;true;true;4,01;0;3,64
621;1,19;0,8;217;false;true;true;4,05;0;3,7
622;1,19;0,85;217;false;true;true;4,09;0;3,79
623;1,19;0,97;217;false;true;true;4,17;0;3,94
624;1,19;1,02;216;false;true;true;3,84;0;3,27
625;1,2;0,95;216;false;true;true;3,76;0;3,3
626;1,2;0,91;216;false;true;true;3,72;0;3,33
627;1,2;0,9;216;false;true;true;3,7;0;3,37
628;1,2;0,9;216;false;true;true;3,73;0;3,42
629;1,2;0,91;216;false;true;true;3,79;0;3,48
630;1,2;0,96;216;false;true;true;3,86;0;3,57
631;1,2;1,06;216;false;true;true;3,93;0;3,72
632;1,2;1,2;215;false;true;true;3,51;0;2,95
633;1,2;1,09;215;false;true;true;3,41;0;2,97
634;1,21;1,02;215;false;true;true;3,37;0;2,99
635;1,21;0,97;215;false;true;true;3,42;0;3
636;1,21;0,94;215;false;true;true;3,46;0;3,02
637;1,21;0,91;215;false;true;true;3,49;0;3,04
638;1,21;0,89;215;false;true;true;3,52;0;3,05
639;1,21;0,87;215;false;true;true;3,55;0;3,07
640;1,21;0,86;215;false;true;true;3,57;0;3,08
641;1,21;0,84;215;false;true;true;3,58;0;3,1
642;1,21;0,82;215;false;true;true;3,6;0;3,11
643;1,21;0,8;215;false;true;true;3,61;0;3,13
644;1,22;0,79;215;false;true;true;3,62;0;3,14
645;1,22;0,78;215;false;true;true;3,63;0;3,16
646;1,22;0,77;215;false;true;true;3,64;0;3,17
647;1,22;0,76;215;false;true;true;3,65;0;3,19
648;1,22;0,75;215;false;true;true;3,66;0;3,2
649;1,22;0,74;215;false;true;true;3,67;0;3,22
650;1,22;0,73;215;false;true;true;3,68;0;3,24
651;1,22;0,72;215;false;true;true;3,69;0;3,25
652;1,22;0,71;215;false;true;true;3,7;0;3,27
653;1,22;0,71;215;false;true;true;3,71;0;3,29
654;1,23;0,71;215;false;true;true;3,73;0;3,31
655;1,23;0,7;215;false;true;true;3,74;0;3,33
656;1,23;0,71;215;false;true;true;3,77;0;3,36
657;1,23;0,71;215;false;true;true;3,78;0;3,39
658;1,23;0,72;215;false;true;true;3,81;0;3,42
659;1,23;0,72;215;false;true;true;3,83;0;3,45
660;1,23;0,73;215;false;true;true;3,85;0;3,49
661;1,23;0,75;215;false;true;true;3,88;0;3,54
662;1,23;0,78;215;false;true;true;3,92;0;3,6
663;1,23;0,82;215;false;true;true;3,97;0;3,68
664;1,24;0,9;215;false;true;true;4,03;0;3,8
665;1,24;1,07;215;false;true;true;4,12;0;4,02
666;1,24;1;214;false;true;true;3,7;0;3,2
667;1,24;0,93;214;false;true;true;3,63;0;3,24
668;1,24;0,9;214;false;true;true;3,6;0;3,28
669;1,24;0,89;214;false;true;true;3,59;0;3,32
670;1,24;0,89;214;false;true;true;3,64;0;3,37
671;1,24;0,92;214;false;true;true;3,71;0;3,44
672;1,24;0,97;214;false;true;true;3,78;0;3,55
673;1,24;1,11;214;false;true;true;3,87;0;3,73
674;1,25;1,13;213;false;true;true;3,49;0;2,91
675;1,25;1,02;213;false;true;true;3,39;0;2,92
676;1,25;0,94;213;false;true;true;3,33;0;2,94
677;1,25;0,88;213;false;true;true;3,33;0;2,95
678;1,25;0,84;213;false;true;true;3,36;0;2,96
679;1,25;0,8;213;false;true;true;3,38;0;2,97
680;1,25;0,78;213;false;true;true;3,4;0;2,98
681;1,25;0,75;213;false;true;true;3,41;0;2,99
682;1,25;0,72;213;false;true;true;3,42;0;3
683;1,25;0,69;213;false;true;true;3,42;0;3,01
684;1,25;0,67;213;false;true;true;3,43;0;3,01
685;1,26;0,65;213;false;true;true;3,43;0;3,02
686;1,26;0,63;213;false;true;true;3,44;0;3,03
687;1,26;0,61;213;false;true;true;3,44;0;3,04
688;1,26;0,6;213;false;true;true;3,44;0;3,04
689;1,26;0,58;213;false;true;true;3,44;0;3,05
690;1,26;0,57;213;false;true;true;3,44;0;3,06
691;1,26;0,55;213;false;true;true;3,44;0;3,07
692;1,26;0,54;213;false;true;true;3,44;0;3,07
693;1,26;0,53;213;false;true;true;3,45;0;3,08
694;1,26;0,52;213;false;true;true;3,45;0;3,09
695;1,27;0,51;213;false;true;true;3,44;0;3,1
696;1,27;0,5;213;false;true;true;3,45;0;3,1
697;1,27;0,49;213;false;true;true;3,45;0;3,11
698;1,27;0,48;213;false;true;true;3,45;0;3,12
699;1,27;0,47;213;false;true;true;3,45;0;3,13
700;1,27;0,47;213;false;true;true;3,46;0;3,14
701;1,27;0,47;213;false;true;true;3,47;0;3,15
702;1,27;0,46;213;false;true;true;3,47;0;3,15
703;1,27;0,46;213;false;true;true;3,48;0;3,16
704;1,27;0,46;213;false;true;true;3,49;0;3,18
705;1,28;0,46;213;false;true;true;3,49;0;3,19
706;1,28;0,47;213;false;true;true;3,5;0;3,2
707;1,28;0,46;213;false;true;true;3,51;0;3,21
708;1,28;0,46;213;false;true;true;3,52;0;3,23
709;1,28;0,46;213;false;true;true;3,52;0;3,24
710;1,28;0,46;213;false;true;true;3,53;0;3,26
711;1,28;0,48;213;false;true;true;3,55;0;3,28
712;1,28;0,49;213;false;true;true;3,57;0;3,31
713;1,28;0,5;213;false;true;true;3,58;0;3,34
714;1,28;0,52;213;false;true;true;3,61;0;3,38
715;1,29;0,56;213;false;true;true;3,64;0;3,43
716;1,29;0,61;213;false;true;true;3,68;0;3,5
717;1,29;0,71;213;false;true;true;3,75;0;3,63
718;1,29;0,78;212;false;true;true;3,36;0;2,92
719;1,29;0,71;212;false;true;true;3,27;0;2,93
720;1,29;0,66;212;false;true;true;3,22;0;2,94
721;1,29;0,62;212;false;true;true;3,19;0;2,95
722;1,29;0,6;212;false;true;true;3,21;0;2,95
723;1,29;0,58;212;false;true;true;3,23;0;2,96
724;1,29;0,56;212;false;true;true;3,25;0;2,96
725;1,3;0,54;212;false;true;true;3,26;0;2,97
726;1,3;0,53;212;false;true;true;3,28;0;2,97
727;1,3;0,52;212;false;true;true;3,29;0;2,98
728;1,3;0,5;212;false;true;true;3,29;0;2,98
729;1,3;0,49;212;false;true;true;3,3;0;2,99
730;1,3;0,48;212;false;true;true;3,3;0;2,99
731;1,3;0,48;212;false;true;true;3,31;0;2,99
732;1,3;0,47;212;false;true;true;3,31;0;3
733;1,3;0,46;212;false;true;true;3,32;0;3
734;1,3;0,45;212;false;true;true;3,32;0;3,01
735;1,31;0,45;212;false;true;true;3,32;0;3,01
736;1,31;0,44;212;false;true;true;3,32;0;3,01
737;1,31;0,43;212;false;true;true;3,32;0;3,01
738;1,31;0,43;212;false;true;true;3,33;0;3,02
739;1,31;0,42;212;false;true;true;3,32;0;3,02
740;1,31;0,42;212;false;true;true;3,32;0;3,02
741;1,31;0,41;212;false;true;true;3,32;0;3,03
742;1,31;0,41;212;false;true;true;3,33;0;3,03
743;1,31;0,4;212;false;true;true;3,33;0;3,03
744;1,32;0,4;212;false;true;true;3,32;0;3,03
745;1,32;0,39;212;false;true;true;3,32;0;3,04
746;1,32;0,39;212;false;true;true;3,33;0;3,04
747;1,32;0,38;212;false;true;true;3,33;0;3,04
748;1,32;0,38;212;false;true;true;3,33;0;3,05
749;1,32;0,38;212;false;true;true;3,33;0;3,05
750;1,32;0,37;212;false;true;true;3,33;0;3,05
751;1,32;0,37;212;false;true;true;3,33;0;3,05
752;1,32;0,36;212;false;true;true;3,33;0;3,06
753;1,33;0,36;212;false;true;true;3,33;0;3,06
754;1,33;0,35;212;false;true;true;3,33;0;3,06
755;1,33;0,35;212;false;true;true;3,33;0;3,06
756;1,33;0,35;212;false;true;true;3,33;0;3,07
757;1,33;0,35;212;false;true;true;3,33;0;3,07
758;1,33;0,34;212;false;true;true;3,33;0;3,07
759;1,33;0,34;212;false;true;true;3,33;0;3,07
760;1,33;0,34;212;false;true;true;3,33;0;3,08
761;1,33;0,34;212;false;true;true;3,33;0;3,08
762;1,33;0,33;212;false;true;true;3,33;0;3,08
763;1,34;0,33;212;false;true;true;3,33;0;3,08
764;1,34;0,33;212;false;true;true;3,33;0;3,09
765;1,34;0,32;212;false;true;true;3,33;0;3,09
766;1,34;0,32;212;false;true;true;3,33;0;3,09
767;1,34;0,32;212;false;true;true;3,33;0;3,09
768;1,34;0,32;212;false;true;true;3,34;0;3,1
769;1,34;0,31;212;false;true;true;3,33;0;3,1
770;1,34;0,31;212;false;true;true;3,33;0;3,1
771;1,34;0,31;212;false;true;true;3,33;0;3,1
772;1,34;0,31;212;false;true;true;3,34;0;3,11
773;1,35;0,3;212;false;true;true;3,33;0;3,11
774;1,35;0,3;212;false;true;true;3,33;0;3,11
775;1,35;0,29;212;false;true;true;3,33;0;3,11
776;1,35;0,3;212;false;true;true;3,34;0;3,12
777;1,35;0,29;212;false;true;true;3,34;0;3,12
778;1,35;0,29;212;false;true;true;3,34;0;3,12
779;1,35;0,29;212;false;true;true;3,34;0;3,13
780;1,35;0,29;212;false;true;true;3,34;0;3,13
781;1,35;0,29;212;false;true;true;3,34;0;3,13
782;1,35;0,29;212;false;true;true;3,34;0;3,13
783;1,36;0,28;212;false;true;true;3,34;0;3,14
784;1,36;0,28;212;false;true;true;3,35;0;3,14
785;1,36;0,28;212;false;true;true;3,34;0;3,14
786;1,36;0,28;212;false;true;true;3,35;0;3,15
787;1,36;0,27;212;false;true;true;3,35;0;3,15
788;1,36;0,28;212;false;true;true;3,35;0;3,15
789;1,36;0,28;212;false;true;true;3,36;0;3,16
790;1,36;0,28;212;false;true;true;3,36;0;3,16
791;1,36;0,27;212;false;true;true;3,36;0;3,16
792;1,36;0,27;212;false;true;true;3,36;0;3,17
793;1,37;0,27;212;false;true;true;3,36;0;3,17
794;1,37;0,27;212;false;true;true;3,37;0;3,18
795;1,37;0,27;212;false;true;true;3,37;0;3,18
796;1,37;0,27;212;false;true;true;3,37;0;3,18
797;1,37;0,26;212;false;true;true;3,37;0;3,19
798;1,37;0,26;212;false;true;true;3,37;0;3,19
799;1,37;0,26;212;false;true;true;3,37;0;3,2
800;1,37;0,26;212;false;true;true;3,38;0;3,2
801;1,37;0,26;212;false;true;true;3,38;0;3,21
802;1,37;0,26;212;false;true;true;3,39;0;3,21
803;1,38;0,26;212;false;true;true;3,39;0;3,22
804;1,38;0,27;212;false;true;true;3,4;0;3,22
805;1,38;0,26;212;false;true;true;3,4;0;3,23
806;1,38;0,27;212;false;true;true;3,41;0;3,23
807;1,38;0,27;212;false;true;true;3,41;0;3,24
808;1,38;0,27;212;false;true;true;3,42;0;3,25
809;1,38;0,27;212;false;true;true;3,42;0;3,25
810;1,38;0,27;212;false;true;true;3,43;0;3,26
811;1,38;0,27;212;false;true;true;3,43;0;3,27
812;1,38;0,28;212;false;true;true;3,44;0;3,28
813;1,38;0,28;212;false;true;true;3,45;0;3,29
814;1,39;0,28;212;false;true;true;3,46;0;3,3
815;1,39;0,29;212;false;true;true;3,47;0;3,31
816;1,39;0,29;212;false;true;true;3,47;0;3,33
817;1,39;0,3;212;false;true;true;3,49;0;3,35
818;1,39;0,31;212;false;true;true;3,51;0;3,37
819;1,39;0,32;212;false;true;true;3,52;0;3,39
820;1,39;0,35;212;false;true;true;3,55;0;3,42
821;1,39;0,37;212;false;true;true;3,57;0;3,46
822;1,39;0,41;212;false;true;true;3,61;0;3,51
823;1,39;0,47;212;false;true;true;3,65;0;3,6
824;1,4;0,6;212;false;true;true;3,71;0;3,75
825;1,4;0,62;211;false;true;true;3,23;0;2,94
826;1,4;0,55;211;false;true;true;3,16;0;2,95
827;1,4;0,51;211;false;true;true;3,11;0;2,96
828;1,4;0,48;211;false;true;true;3,11;0;2,97
829;1,4;0,46;211;false;true;true;3,14;0;2,97
830;1,4;0,44;211;false;true;true;3,16;0;2,97
831;1,4;0,43;211;false;true;true;3,19;0;2,98
832;1,4;0,41;211;false;true;true;3,2;0;2,98
833;1,4;0,4;211;false;true;true;3,21;0;2,99
834;1,41;0,39;211;false;true;true;3,22;0;2,99
835;1,41;0,38;211;false;true;true;3,22;0;2,99
836;1,41;0,37;211;false;true;true;3,23;0;2,99
837;1,41;0,36;211;false;true;true;3,23;0;3
838;1,41;0,35;211;false;true;true;3,23;0;3
839;1,41;0,35;211;false;true;true;3,23;0;3
840;1,41;0,34;211;false;true;true;3,23;0;3
841;1,41;0,34;211;false;true;true;3,24;0;3
842;1,41;0,33;211;false;true;true;3,24;0;3,01
843;1,41;0,33;211;false;true;true;3,24;0;3,01
844;1,42;0,33;211;false;true;true;3,24;0;3,01
845;1,42;0,32;211;false;true;true;3,24;0;3,01
846;1,42;0,32;211;false;true;true;3,24;0;3,01
847;1,42;0,32;211;false;true;true;3,24;0;3,01
848;1,42;0,31;211;false;true;true;3,25;0;3,01
849;1,42;0,31;211;false;true;true;3,24;0;3,02
850;1,42;0,31;211;false;true;true;3,25;0;3,02
851;1,42;0,3;211;false;true;true;3,24;0;3,02
852;1,42;0,3;211;false;true;true;3,24;0;3,02
853;1,42;0,29;211;false;true;true;3,24;0;3,02
854;1,43;0,29;211;false;true;true;3,24;0;3,02
855;1,43;0,29;211;false;true;true;3,24;0;3,02
856;1,43;0,29;211;false;true;true;3,24;0;3,02
857;1,43;0,28;211;false;true;true;3,24;0;3,03
858;1,43;0,28;211;false;true;true;3,24;0;3,03
859;1,43;0,28;211;false;true;true;3,24;0;3,03
860;1,43;0,28;211;false;true;true;3,24;0;3,03
861;1,43;0,27;211;false;true;true;3,23;0;3,03
862;1,43;0,27;211;false;true;true;3,24;0;3,03
863;1,43;0,27;211;false;true;true;3,24;0;3,03
864;1,44;0,27;211;false;true;true;3,23;0;3,03
865;1,44;0,26;211;false;true;true;3,23;0;3,03
866;1,44;0,26;211;false;true;true;3,23;0;3,04
867;1,44;0,26;211;false;true;true;3,23;0;3,04
868;1,44;0,26;211;false;true;true;3,23;0;3,04
869;1,44;0,26;211;false;true;true;3,23;0;3,04
870;1,44;0,25;211;false;true;true;3,23;0;3,04
871;1,44;0,25;211;false;true;true;3,23;0;3,04
872;1,44;0,24;211;false;true;true;3,22;0;3,04
873;1,45;0,24;211;false;true;true;3,22;0;3,04
874;1,45;0,24;211;false;true;true;3,22;0;3,04
875;1,45;0,24;211;false;true;true;3,22;0;3,04
876;1,45;0,24;211;false;true;true;3,22;0;3,05
877;1,45;0,24;211;false;true;true;3,22;0;3,05
878;1,45;0,23;211;false;true;true;3,22;0;3,05
879;1,45;0,23;211;false;true;true;3,22;0;3,05
880;1,45;0,23;211;false;true;true;3,22;0;3,05
881;1,45;0,23;211;false;true;true;3,22;0;3,05
882;1,46;0,23;211;false;true;true;3,22;0;3,05
883;1,46;0,23;211;false;true;true;3,22;0;3,05
884;1,46;0,23;211;false;true;true;3,22;0;3,05
885;1,46;0,23;211;false;true;true;3,22;0;3,05
886;1,46;0,22;211;false;true;true;3,22;0;3,05
887;1,46;0,22;211;false;true;true;3,22;0;3,06
888;1,46;0,21;211;false;true;true;3,21;0;3,06
889;1,46;0,22;211;false;true;true;3,22;0;3,06
890;1,46;0,21;211;false;true;true;3,21;0;3,06
891;1,47;0,21;211;false;true;true;3,21;0;3,06
892;1,47;0,21;211;false;true;true;3,22;0;3,06
893;1,47;0,21;211;false;true;true;3,22;0;3,06
894;1,47;0,21;211;false;true;true;3,22;0;3,06
895;1,47;0,21;211;false;true;true;3,22;0;3,06
896;1,47;0,21;211;false;true;true;3,22;0;3,06
897;1,47;0,21;211;false;true;true;3,22;0;3,06
898;1,47;0,2;211;false;true;true;3,21;0;3,06
899;1,47;0,21;211;false;true;true;3,22;0;3,07
900;1,47;0,2;211;false;true;true;3,21;0;3,07
901;1,48;0,2;211;false;true;true;3,21;0;3,07
902;1,48;0,2;211;false;true;true;3,22;0;3,07
903;1,48;0,2;211;false;true;true;3,21;0;3,07
904;1,48;0,2;211;false;true;true;3,21;0;3,07
905;1,48;0,2;211;false;true;true;3,21;0;3,07
906;1,48;0,19;211;false;true;true;3,21;0;3,07
907;1,48;0,19;211;false;true;true;3,21;0;3,07
908;1,48;0,19;211;false;true;true;3,21;0;3,07
909;1,48;0,19;211;false;true;true;3,22;0;3,07
910;1,48;0,19;211;false;true;true;3,22;0;3,07
911;1,49;0,19;211;false;true;true;3,22;0;3,07
912;1,49;0,19;211;false;true;true;3,22;0;3,07
913;1,49;0,19;211;false;true;true;3,22;0;3,08
914;1,49;0,19;211;false;true;true;3,22;0;3,08
915;1,49;0,19;211;false;true;true;3,22;0;3,08
916;1,49;0,18;211;false;true;true;3,22;0;3,08
917;1,49;0,19;211;false;true;true;3,22;0;3,08
918;1,49;0,18;211;false;true;true;3,22;0;3,08
919;1,49;0,19;211;false;true;true;3,22;0;3,08
920;1,49;0,19;211;false;true;true;3,22;0;3,08
921;1,5;0,18;211;false;true;true;3,22;0;3,08
922;1,5;0,18;211;false;true;true;3,22;0;3,08
923;1,5;0,18;211;false;true;true;3,22;0;3,08
924;1,5;0,18;211;false;true;true;3,22;0;3,08
925;1,5;0,18;211;false;true;true;3,22;0;3,08
926;1,5;0,18;211;false;true;true;3,22;0;3,08
927;1,5;0,18;211;false;true;true;3,22;0;3,08
928;1,5;0,18;211;false;true;true;3,22;0;3,09
929;1,5;0,18;211;false;true;true;3,22;0;3,09
930;1,5;0,17;211;false;true;true;3,22;0;3,09
931;1,5;0,17;211;false;true;true;3,22;0;3,09
932;1,51;0,17;211;false;true;true;3,22;0;3,09
933;1,51;0,18;211;false;true;true;3,22;0;3,09
934;1,51;0,17;211;false;true;true;3,22;0;3,09
935;1,51;0,17;211;false;true;true;3,22;0;3,09
936;1,51;0,17;211;false;true;true;3,22;0;3,09
937;1,51;0,17;211;false;true;true;3,22;0;3,09
938;1,51;0,17;211;false;true;true;3,22;0;3,09
939;1,51;0,17;211;false;true;true;3,22;0;3,09
940;1,51;0,17;211;false;true;true;3,22;0;3,09
941;1,52;0,17;211;false;true;true;3,22;0;3,09
942;1,52;0,17;211;false;true;true;3,22;0;3,09
943;1,52;0,17;211;false;true;true;3,22;0;3,09
944;1,52;0,16;211;false;true;true;3,22;0;3,09
945;1,52;0,16;211;false;true;true;3,22;0;3,1
946;1,52;0,16;211;false;true;true;3,22;0;3,1
947;1,52;0,16;211;false;true;true;3,22;0;3,1
948;1,52;0,16;211;false;true;true;3,22;0;3,1
949;1,52;0,16;211;false;true;true;3,22;0;3,1
950;1,52;0,16;211;false;true;true;3,22;0;3,1
951;1,53;0,16;211;false;true;true;3,22;0;3,1
952;1,53;0,17;211;false;true;true;3,23;0;3,1
953;1,53;0,16;211;false;true;true;3,22;0;3,1
954;1,53;0,16;211;false;true;true;3,22;0;3,1
955;1,53;0,16;211;false;true;true;3,22;0;3,1
956;1,53;0,16;211;false;true;true;3,23;0;3,1
957;1,53;0,16;211;false;true;true;3,22;0;3,1
958;1,53;0,16;211;false;true;true;3,23;0;3,1
959;1,53;0,16;211;false;true;true;3,23;0;3,1
960;1,53;0,16;211;false;true;true;3,23;0;3,1
961;1,54;0,16;211;false;true;true;3,22;0;3,1
962;1,54;0,16;211;false;true;true;3,23;0;3,1
963;1,54;0,15;211;false;true;true;3,23;0;3,1
964;1,54;0,16;211;false;true;true;3,23;0;3,11
965;1,54;0,16;211;false;true;true;3,23;0;3,11
966;1,54;0,16;211;false;true;true;3,23;0;3,11
967;1,54;0,16;211;false;true;true;3,23;0;3,11
968;1,54;0,15;211;false;true;true;3,23;0;3,11
969;1,54;0,15;211;false;true;true;3,23;0;3,11
970;1,54;0,15;211;false;true;true;3,23;0;3,11
971;1,55;0,15;211;false;true;true;3,23;0;3,11
972;1,55;0,15;211;false;true;true;3,23;0;3,11
973;1,55;0,15;211;false;true;true;3,23;0;3,11
974;1,55;0,15;211;false;true;true;3,23;0;3,11
975;1,55;0,15;211;false;true;true;3,22;0;3,11
976;1,55;0,15;211;false;true;true;3,23;0;3,11
977;1,55;0,15;211;false;true;true;3,23;0;3,11
978;1,55;0,15;211;false;true;true;3,23;0;3,11
979;1,55;0,15;211;false;true;true;3,23;0;3,11
980;1,55;0,15;211;false;true;true;3,23;0;3,11
981;1,56;0,15;211;false;true;true;3,23;0;3,11
982;1,56;0,15;211;false;true;true;3,23;0;3,11
983;1,56;0,15;211;false;true;true;3,23;0;3,11
984;1,56;0,15;211;false;true;true;3,23;0;3,11
985;1,56;0,15;211;false;true;true;3,23;0;3,12
986;1,56;0,14;211;false;true;true;3,23;0;3,12
987;1,56;0,14;211;false;true;true;3,23;0;3,12
988;1,56;0,14;211;false;true;true;3,23;0;3,12
989;1,56;0,14;211;false;true;true;3,23;0;3,12
990;1,57;0,14;211;false;true;true;3,23;0;3,12
991;1,57;0,14;211;false;true;true;3,23;0;3,12
992;1,57;0,14;211;false;true;true;3,23;0;3,12
993;1,57;0,14;211;false;true;true;3,23;0;3,12
994;1,57;0,14;211;false;true;true;3,23;0;3,12
995;1,57;0,14;211;false;true;true;3,23;0;3,12
996;1,57;0,14;211;false;true;true;3,23;0;3,12
997;1,57;0,14;211;false;true;true;3,23;0;3,12
998;1,57;0,14;211;false;true;true;3,23;0;3,12
999;1,57;0,14;211;false;true;true;3,23;0;3,12
1000;1,58;0,14;211;false;true;true;3,23;0;3,12
1001;1,58;0,14;211;false;true;true;3,23;0;3,12
1002;1,58;0,14;211;false;true;true;3,24;0;3,12
1003;1,58;0,14;211;false;true;true;3,23;0;3,12
1004;1,58;0,14;211;false;true;true;3,23;0;3,12
1005;1,58;0,14;211;false;true;true;3,23;0;3,12
1006;1,58;0,14;211;false;true;true;3,24;0;3,12
1007;1,59;0,14;211;false;true;true;3,24;0;3,12
1008;1,59;0,14;211;false;true;true;3,24;0;3,12
1009;1,59;0,14;211;false;true;true;3,24;0;3,12
1010;1,59;0,14;211;false;true;true;3,23;0;3,13
1011;1,59;0,14;211;false;true;true;3,23;0;3,13
1012;1,59;0,13;211;false;true;true;3,23;0;3,13
1013;1,59;0,14;211;false;true;true;3,24;0;3,13
1014;1,59;0,13;211;false;true;true;3,23;0;3,13
1015;1,59;0,13;211;false;true;true;3,23;0;3,13
1016;1,59;0,13;211;false;true;true;3,23;0;3,13
1017;1,6;0,13;211;false;true;true;3,23;0;3,13
1018;1,6;0,13;211;false;true;true;3,24;0;3,13
1019;1,6;0,13;211;false;true;true;3,23;0;3,13
1020;1,6;0,14;211;false;true;true;3,24;0;3,13
1021;1,6;0,13;211;false;true;true;3,23;0;3,13
1022;1,6;0,13;211;false;true;true;3,23;0;3,13
1023;1,6;0,13;211;false;true;true;3,23;0;3,13
1024;1,6;0,13;211;false;true;true;3,23;0;3,13
1025;1,6;0,13;211;false;true;true;3,24;0;3,13
1026;1,6;0,13;211;false;true;true;3,23;0;3,13
1027;1,61;0,13;211;false;true;true;3,24;0;3,13
1028;1,61;0,13;211;false;true;true;3,24;0;3,13
1029;1,61;0,13;211;false;true;true;3,24;0;3,13
1030;1,61;0,13;211;false;true;true;3,24;0;3,13
1031;1,61;0,13;211;false;true;true;3,24;0;3,13
1032;1,61;0,13;211;false;true;true;3,24;0;3,13
1033;1,61;0,13;211;false;true;true;3,24;0;3,13
1034;1,61;0,13;211;false;true;true;3,24;0;3,13
1035;1,61;0,12;211;false;true;true;3,23;0;3,13
1036;1,61;0,13;211;false;true;true;3,24;0;3,13
1037;1,62;0,12;211;false;true;true;3,23;0;3,14
1038;1,62;0,12;211;false;true;true;3,24;0;3,14
1039;1,62;0,12;211;false;true;true;3,24;0;3,14
1040;1,62;0,12;211;false;true;true;3,24;0;3,14
1041;1,62;0,12;211;false;true;true;3,23;0;3,14
1042;1,62;0,13;211;false;true;true;3,24;0;3,14
1043;1,62;0,12;211;false;true;true;3,23;0;3,14
1044;1,62;0,12;211;false;true;true;3,24;0;3,14
1045;1,62;0,13;211;false;true;true;3,24;0;3,14
1046;1,62;0,13;211;false;true;true;3,24;0;3,14
1047;1,62;0,13;211;false;true;true;3,24;0;3,14
1048;1,63;0,12;211;false;true;true;3,24;0;3,14
1049;1,63;0,12;211;false;true;true;3,24;0;3,14
1050;1,63;0,12;211;false;true;true;3,24;0;3,14
1051;1,63;0,12;211;false;true;true;3,24;0;3,14
1052;1,63;0,12;211;false;true;true;3,24;0;3,14
1053;1,63;0,12;211;false;true;true;3,24;0;3,14
1054;1,63;0,12;211;false;true;true;3,24;0;3,14
1055;1,63;0,12;211;false;true;true;3,24;0;3,14
1056;1,63;0,12;211;false;true;true;3,24;0;3,14
1057;1,63;0,12;211;false;true;true;3,24;0;3,14
1058;1,64;0,12;211;false;true;true;3,24;0;3,14
1059;1,64;0,12;211;false;true;true;3,24;0;3,14
1060;1,64;0,12;211;false;true;true;3,24;0;3,14
1061;1,64;0,12;211;false;true;true;3,24;0;3,14
1062;1,64;0,12;211;false;true;true;3,24;0;3,14
1063;1,64;0,12;211;false;true;true;3,24;0;3,14
1064;1,64;0,11;211;false;true;true;3,24;0;3,14
1065;1,64;0,12;211;false;true;true;3,24;0;3,14
1066;1,64;0,12;211;false;true;true;3,24;0;3,14
1067;1,64;0,12;211;false;true;true;3,24;0;3,15
1068;1,65;0,12;211;false;true;true;3,24;0;3,15
1069;1,65;0,11;211;false;true;true;3,24;0;3,15
1070;1,65;0,12;211;false;true;true;3,25;0;3,15
1071;1,65;0,11;211;false;true;true;3,24;0;3,15
1072;1,65;0,12;211;false;true;true;3,24;0;3,15
1073;1,65;0,11;211;false;true;true;3,24;0;3,15
1074;1,65;0,11;211;false;true;true;3,24;0;3,15
1075;1,65;0,12;211;false;true;true;3,24;0;3,15
1076;1,65;0,12;211;false;true;true;3,24;0;3,15
1077;1,65;0,12;211;false;true;true;3,24;0;3,15
1078;1,66;0,11;211;false;true;true;3,24;0;3,15
1079;1,66;0,12;211;false;true;true;3,25;0;3,15
1080;1,66;0,12;211;false;true;true;3,24;0;3,15
1081;1,66;0,11;211;false;true;true;3,24;0;3,15
1082;1,66;0,11;211;false;true;true;3,24;0;3,15
1083;1,66;0,11;211;false;true;true;3,24;0;3,15
1084;1,66;0,11;211;false;true;true;3,24;0;3,15
1085;1,66;0,11;211;false;true;true;3,24;0;3,15
1086;1,66;0,11;211;false;true;true;3,24;0;3,15
1087;1,66;0,11;211;false;true;true;3,24;0;3,15
1088;1,67;0,12;211;false;true;true;3,25;0;3,15
1089;1,67;0,11;211;false;true;true;3,24;0;3,15
1090;1,67;0,11;211;false;true;true;3,24;0;3,15
1091;1,67;0,11;211;false;true;true;3,25;0;3,15
1092;1,67;0,12;211;false;true;true;3,25;0;3,15
1093;1,67;0,12;211;false;true;true;3,25;0;3,15
1094;1,67;0,11;211;false;true;true;3,24;0;3,15
1095;1,67;0,11;211;false;true;true;3,24;0;3,15
1096;1,67;0,11;211;false;true;true;3,25;0;3,15
1097;1,67;0,11;211;false;true;true;3,24;0;3,15
1098;1,68;0,11;211;false;true;true;3,24;0;3,15
1099;1,68;0,11;211;false;true;true;3,24;0;3,15
1100;1,68;0,11;211;false;true;true;3,24;0;3,16
1101;1,68;0,11;211;false;true;true;3,25;0;3,16
1102;1,68;0,11;211;false;true;true;3,24;0;3,16
1103;1,68;0,11;211;false;true;true;3,25;0;3,16
1104;1,68;0,11;211;false;true;true;3,25;0;3,16
1105;1,68;0,11;211;false;true;true;3,25;0;3,16
1106;1,68;0,11;211;false;true;true;3,25;0;3,16
1107;1,68;0,11;211;false;true;true;3,25;0;3,16
1108;1,69;0,11;211;false;true;true;3,25;0;3,16
1109;1,69;0,11;211;false;true;true;3,25;0;3,16
1110;1,69;0,11;211;false;true;true;3,25;0;3,16
1111;1,69;0,11;211;false;true;true;3,24;0;3,16
1112;1,69;0,11;211;false;true;true;3,25;0;3,16
1113;1,69;0,11;211;false;true;true;3,25;0;3,16
1114;1,69;0,11;211;false;true;true;3,25;0;3,16
1115;1,69;0,11;211;false;true;true;3,25;0;3,16
1116;1,69;0,1;211;false;true;true;3,25;0;3,16
1117;1,7;0,1;211;false;true;true;3,25;0;3,16
1118;1,7;0,1;211;false;true;true;3,25;0;3,16
1119;1,7;0,1;211;false;true;true;3,25;0;3,16
1120;1,7;0,1;211;false;true;true;3,24;0;3,16
1121;1,7;0,1;211;false;true;true;3,25;0;3,16
1122;1,7;0,11;211;false;true;true;3,25;0;3,16
1123;1,7;0,1;211;false;true;true;3,25;0;3,16
1124;1,7;0,1;211;false;true;true;3,25;0;3,16
1125;1,7;0,1;211;false;true;true;3,25;0;3,16
1126;1,7;0,11;211;false;true;true;3,25;0;3,16
1127;1,71;0,11;211;false;true;true;3,25;0;3,16
1128;1,71;0,11;211;false;true;true;3,25;0;3,16
1129;1,71;0,11;211;false;true;true;3,25;0;3,16
1130;1,71;0,11;211;false;true;true;3,25;0;3,16
1131;1,71;0,11;211;false;true;true;3,25;0;3,16
1132;1,71;0,11;211;false;true;true;3,25;0;3,16
1133;1,71;0,1;211;false;true;true;3,25;0;3,16
1134;1,71;0,11;211;false;true;true;3,25;0;3,16
1135;1,71;0,11;211;false;true;true;3,25;0;3,16
1136;1,71;0,11;211;false;true;true;3,25;0;3,17
1137;1,72;0,1;211;false;true;true;3,25;0;3,17
1138;1,72;0,1;211;false;true;true;3,25;0;3,17
1139;1,72;0,11;211;false;true;true;3,26;0;3,17
1140;1,72;0,1;211;false;true;true;3,25;0;3,17
1141;1,72;0,1;211;false;true;true;3,25;0;3,17
1142;1,72;0,1;211;false;true;true;3,25;0;3,17
1143;1,72;0,1;211;false;true;true;3,25;0;3,17
1144;1,72;0,1;211;false;true;true;3,25;0;3,17
1145;1,72;0,1;211;false;true;true;3,25;0;3,17
1146;1,72;0,1;211;false;true;true;3,25;0;3,17
1147;1,73;0,1;211;false;true;true;3,25;0;3,17
1148;1,73;0,1;211;false;true;true;3,26;0;3,17
1149;1,73;0,11;211;false;true;true;3,26;0;3,17
1150;1,73;0,1;211;false;true;true;3,25;0;3,17
1151;1,73;0,1;211;false;true;true;3,25;0;3,17
1152;1,73;0,1;211;false;true;true;3,25;0;3,17
1153;1,73;0,1;211;false;true;true;3,26;0;3,17
1154;1,73;0,1;211;false;true;true;3,26;0;3,17
1155;1,73;0,1;211;false;true;true;3,25;0;3,17
1156;1,73;0,1;211;false;true;true;3,25;0;3,17
1157;1,74;0,1;211;false;true;true;3,26;0;3,17
1158;1,74;0,1;211;false;true;true;3,25;0;3,17
1159;1,74;0,1;211;false;true;true;3,25;0;3,17
1160;1,74;0,1;211;false;true;true;3,25;0;3,17
1161;1,74;0,1;211;false;true;true;3,25;0;3,17
1162;1,74;0,1;211;false;true;true;3,25;0;3,17
1163;1,74;0,1;211;false;true;true;3,25;0;3,17
1164;1,74;0,1;211;false;true;true;3,25;0;3,17
1165;1,74;0,09;211;false;true;true;3,25;0;3,17
1166;1,74;0,1;211;false;true;true;3,25;0;3,17
1167;1,75;0,1;211;false;true;true;3,25;0;3,17
1168;1,75;0,1;211;false;true;true;3,26;0;3,17
1169;1,75;0,1;211;false;true;true;3,26;0;3,17
1170;1,75;0,1;211;false;true;true;3,26;0;3,17
1171;1,75;0,1;211;false;true;true;3,26;0;3,17
1172;1,75;0,1;211;false;true;true;3,26;0;3,17
1173;1,75;0,1;211;false;true;true;3,26;0;3,17
1174;1,75;0,1;211;false;true;true;3,26;0;3,17
1175;1,75;0,1;211;false;true;true;3,26;0;3,18
1176;1,75;0,1;211;false;true;true;3,26;0;3,18
1177;1,75;0,1;211;false;true;true;3,26;0;3,18
1178;1,76;0,1;211;false;true;true;3,26;0;3,18
1179;1,76;0,1;211;false;true;true;3,25;0;3,18
1180;1,76;0,09;211;false;true;true;3,25;0;3,18
1181;1,76;0,1;211;false;true;true;3,26;0;3,18
1182;1,76;0,09;211;false;true;true;3,25;0;3,18
1183;1,76;0,1;211;false;true;true;3,26;0;3,18
1184;1,76;0,09;211;false;true;true;3,26;0;3,18
1185;1,76;0,09;211;false;true;true;3,25;0;3,18
1186;1,76;0,09;211;false;true;true;3,25;0;3,18
1187;1,76;0,09;211;false;true;true;3,26;0;3,18
1188;1,77;0,09;211;false;true;true;3,26;0;3,18
1189;1,77;0,09;211;false;true;true;3,26;0;3,18
1190;1,77;0,09;211;false;true;true;3,26;0;3,18
1191;1,77;0,09;211;false;true;true;3,25;0;3,18
1192;1,77;0,1;211;false;true;true;3,26;0;3,18
1193;1,77;0,09;211;false;true;true;3,26;0;3,18
1194;1,77;0,09;211;false;true;true;3,26;0;3,18
1195;1,77;0,09;211;false;true;true;3,26;0;3,18
1196;1,77;0,09;211;false;true;true;3,26;0;3,18
1197;1,77;0,09;211;false;true;true;3,26;0;3,18
1198;1,78;0,09;211;false;true;true;3,26;0;3,18
1199;1,78;0,09;211;false;true;true;3,26;0;3,18
1200;1,78;0,1;211;false;true;true;3,26;0;3,18
1201;1,78;0,09;211;false;true;true;3,25;0;3,18
1202;1,78;0,09;211;false;true;true;3,26;0;3,18
1203;1,78;0,09;211;false;true;true;3,26;0;3,18
1204;1,78;0,09;211;false;true;true;3,26;0;3,18
1205;1,78;0,09;211;false;true;true;3,26;0;3,18
1206;1,78;0,09;211;false;true;true;3,26;0;3,18
1207;1,78;0,09;211;false;true;true;3,25;0;3,18
1208;1,79;0,09;211;false;true;true;3,26;0;3,18
1209;1,79;0,09;211;false;true;true;3,26;0;3,18
1210;1,79;0,09;211;false;true;true;3,26;0;3,18
1211;1,79;0,09;211;false;true;true;3,26;0;3,18
1212;1,79;0,09;211;false;true;true;3,26;0;3,18
1213;1,79;0,1;211;false;true;true;3,27;0;3,18
1214;1,79;0,09;211;false;true;true;3,26;0;3,18
1215;1,79;0,09;211;false;true;true;3,26;0;3,18
1216;1,79;0,09;211;false;true;true;3,26;0;3,18
1217;1,79;0,09;211;false;true;true;3,26;0;3,19
1218;1,8;0,09;211;false;true;true;3,26;0;3,19
1219;1,8;0,09;211;false;true;true;3,26;0;3,19
1220;1,8;0,09;211;false;true;true;3,26;0;3,19
1221;1,8;0,09;211;false;true;true;3,26;0;3,19
1222;1,8;0,09;211;false;true;true;3,26;0;3,19
1223;1,8;0,09;211;false;true;true;3,26;0;3,19
1224;1,8;0,09;211;false;true;true;3,26;0;3,19
1225;1,8;0,09;211;false;true;true;3,26;0;3,19
1226;1,8;0,09;211;false;true;true;3,26;0;3,19
1227;1,81;0,09;211;false;true;true;3,26;0;3,19
1228;1,81;0,09;211;false;true;true;3,26;0;3,19
1229;1,81;0,09;211;false;true;true;3,26;0;3,19
1230;1,81;0,09;211;false;true;true;3,26;0;3,19
1231;1,81;0,09;211;false;true;true;3,26;0;3,19
1232;1,81;0,08;211;false;true;true;3,26;0;3,19
1233;1,81;0,09;211;false;true;true;3,26;0;3,19
1234;1,81;0,09;211;false;true;true;3,26;0;3,19
1235;1,82;0,09;211;false;true;true;3,26;0;3,19
1236;1,82;0,09;211;false;true;true;3,26;0;3,19
1237;1,82;0,09;211;false;true;true;3,26;0;3,19
1238;1,82;0,09;211;false;true;true;3,26;0;3,19
1239;1,82;0,08;211;false;true;true;3,26;0;3,19
1240;1,82;0,08;211;false;true;true;3,26;0;3,19
1241;1,82;0,08;211;false;true;true;3,26;0;3,19
1242;1,82;0,09;211;false;true;true;3,26;0;3,19
1243;1,82;0,09;211;false;true;true;3,27;0;3,19
1244;1,82;0,09;211;false;true;true;3,27;0;3,19
1245;1,83;0,09;211;false;true;true;3,27;0;3,19
1246;1,83;0,09;211;false;true;true;3,27;0;3,19
1247;1,83;0,09;211;false;true;true;3,26;0;3,19
1248;1,83;0,09;211;false;true;true;3,27;0;3,19
1249;1,83;0,09;211;false;true;true;3,27;0;3,19
1250;1,83;0,09;211;false;true;true;3,27;0;3,19
1251;1,83;0,08;211;false;true;true;3,26;0;3,19
1252;1,83;0,08;211;false;true;true;3,26;0;3,19
1253;1,83;0,08;211;false;true;true;3,26;0;3,19
1254;1,83;0,08;211;false;true;true;3,26;0;3,19
1255;1,84;0,09;211;false;true;true;3,27;0;3,19
1256;1,84;0,08;211;false;true;true;3,27;0;3,19
1257;1,84;0,08;211;false;true;true;3,26;0;3,19
1258;1,84;0,09;211;false;true;true;3,27;0;3,19
1259;1,84;0,09;211;false;true;true;3,27;0;3,19
1260;1,84;0,09;211;false;true;true;3,27;0;3,2
1261;1,84;0,08;211;false;true;true;3,26;0;3,2
1262;1,84;0,09;211;false;true;true;3,27;0;3,2
1263;1,85;0,09;211;false;true;true;3,27;0;3,2
1264;1,85;0,08;211;false;true;true;3,26;0;3,2
1265;1,85;0,09;211;false;true;true;3,27;0;3,2
1266;1,85;0,09;211;false;true;true;3,27;0;3,2
1267;1,85;0,08;211;false;true;true;3,27;0;3,2
1268;1,85;0,08;211;false;true;true;3,27;0;3,2
1269;1,85;0,08;211;false;true;true;3,26;0;3,2
1270;1,85;0,08;211;false;true;true;3,27;0;3,2
1271;1,85;0,08;211;false;true;true;3,27;0;3,2
1272;1,86;0,08;211;false;true;true;3,27;0;3,2
1273;1,86;0,09;211;false;true;true;3,27;0;3,2
1274;1,86;0,09;211;false;true;true;3,27;0;3,2
1275;1,86;0,08;211;false;true;true;3,27;0;3,2
1276;1,86;0,08;211;false;true;true;3,26;0;3,2
1277;1,86;0,08;211;false;true;true;3,26;0;3,2
1278;1,86;0,08;211;false;true;true;3,26;0;3,2
1279;1,86;0,08;211;false;true;true;3,27;0;3,2
1280;1,86;0,08;211;false;true;true;3,27;0;3,2
1281;1,86;0,08;211;false;true;true;3,27;0;3,2
1282;1,87;0,08;211;false;true;true;3,27;0;3,2
1283;1,87;0,08;211;false;true;true;3,27;0;3,2
1284;1,87;0,09;211;false;true;true;3,27;0;3,2
1285;1,87;0,08;211;false;true;true;3,27;0;3,2
1286;1,87;0,08;211;false;true;true;3,27;0;3,2
1287;1,87;0,08;211;false;true;true;3,27;0;3,2
1288;1,87;0,08;211;false;true;true;3,27;0;3,2
1289;1,87;0,08;211;false;true;true;3,27;0;3,2
1290;1,87;0,08;211;false;true;true;3,27;0;3,2
1291;1,88;0,08;211;false;true;true;3,27;0;3,2
1292;1,88;0,08;211;false;true;true;3,27;0;3,2
1293;1,88;0,08;211;false;true;true;3,27;0;3,2
1294;1,88;0,08;211;false;true;true;3,27;0;3,2
1295;1,88;0,08;211;false;true;true;3,27;0;3,2
1296;1,88;0,08;211;false;true;true;3,27;0;3,2
1297;1,88;0,08;211;false;true;true;3,27;0;3,2
1298;1,88;0,08;211;false;true;true;3,27;0;3,2
1299;1,88;0,08;211;false;true;true;3,27;0;3,2
1300;1,88;0,08;211;false;true;true;3,27;0;3,2
1301;1,89;0,08;211;false;true;true;3,27;0;3,2
1302;1,89;0,08;211;false;true;true;3,27;0;3,2
1303;1,89;0,08;211;false;true;true;3,28;0;3,2
1304;1,89;0,08;211;false;true;true;3,28;0;3,2
1305;1,89;0,08;211;false;true;true;3,27;0;3,21
1306;1,89;0,08;211;false;true;true;3,28;0;3,21
1307;1,89;0,08;211;false;true;true;3,27;0;3,21
1308;1,89;0,08;211;false;true;true;3,28;0;3,21
1309;1,9;0,08;211;false;true;true;3,27;0;3,21
1310;1,9;0,08;211;false;true;true;3,27;0;3,21
1311;1,9;0,08;211;false;true;true;3,27;0;3,21
1312;1,9;0,08;211;false;true;true;3,27;0;3,21
1313;1,9;0,08;211;false;true;true;3,27;0;3,21
1314;1,9;0,08;211;false;true;true;3,27;0;3,21
1315;1,91;0,08;211;false;true;true;3,27;0;3,21
1316;1,91;0,08;211;false;true;true;3,27;0;3,21
1317;1,91;0,08;211;false;true;true;3,28;0;3,21
1318;1,91;0,08;211;false;true;true;3,27;0;3,21
1319;1,91;0,08;211;false;true;true;3,28;0;3,21
1320;1,91;0,08;211;false;true;true;3,28;0;3,21
1321;1,91;0,08;211;false;true;true;3,28;0;3,21
1322;1,91;0,08;211;false;true;true;3,28;0;3,21
1323;1,91;0,08;211;false;true;true;3,28;0;3,21
1324;1,91;0,08;211;false;true;true;3,28;0;3,21
1325;1,92;0,08;211;false;true;true;3,27;0;3,21
1326;1,92;0,08;211;false;true;true;3,27;0;3,21
1327;1,92;0,08;211;false;true;true;3,27;0;3,21
1328;1,92;0,08;211;false;true;true;3,27;0;3,21
1329;1,92;0,07;211;false;true;true;3,27;0;3,21
1330;1,92;0,08;211;false;true;true;3,28;0;3,21
1331;1,92;0,08;211;false;true;true;3,28;0;3,21
1332;1,92;0,09;211;false;true;true;3,28;0;3,21
1333;1,92;0,08;211;false;true;true;3,28;0;3,21
1334;1,92;0,08;211;false;true;true;3,28;0;3,21
1335;1,93;0,08;211;false;true;true;3,28;0;3,21
1336;1,93;0,08;211;false;true;true;3,28;0;3,21
1337;1,93;0,08;211;false;true;true;3,28;0;3,21
1338;1,93;0,08;211;false;true;true;3,28;0;3,21
1339;1,93;0,08;211;false;true;true;3,28;0;3,21
1340;1,93;0,08;211;false;true;true;3,28;0;3,21
1341;1,93;0,08;211;false;true;true;3,28;0;3,21
1342;1,93;0,08;211;false;true;true;3,28;0;3,21
1343;1,93;0,08;211;false;true;true;3,28;0;3,21
1344;1,93;0,07;211;false;true;true;3,27;0;3,21
1345;1,94;0,07;211;false;true;true;3,27;0;3,21
1346;1,94;0,07;211;false;true;true;3,28;0;3,21
1347;1,94;0,07;211;false;true;true;3,28;0;3,21
1348;1,94;0,08;211;false;true;true;3,28;0;3,21
1349;1,94;0,07;211;false;true;true;3,28;0;3,21
1350;1,94;0,08;211;false;true;true;3,28;0;3,22
1351;1,94;0,08;211;false;true;true;3,28;0;3,22
1352;1,94;0,08;211;false;true;true;3,28;0;3,22
1353;1,94;0,08;211;false;true;true;3,28;0;3,22
1354;1,95;0,08;211;false;true;true;3,28;0;3,22
1355;1,95;0,08;211;false;true;true;3,28;0;3,22
1356;1,95;0,08;211;false;true;true;3,28;0;3,22
1357;1,95;0,07;211;false;true;true;3,28;0;3,22
1358;1,95;0,07;211;false;true;true;3,28;0;3,22
1359;1,95;0,07;211;false;true;true;3,28;0;3,22
1360;1,95;0,08;211;false;true;true;3,28;0;3,22
1361;1,95;0,08;211;false;true;true;3,28;0;3,22
1362;1,95;0,07;211;false;true;true;3,28;0;3,22
1363;1,95;0,07;211;false;true;true;3,28;0;3,22
1364;1,96;0,08;211;false;true;true;3,28;0;3,22
1365;1,96;0,08;211;false;true;true;3,28;0;3,22
1366;1,96;0,08;211;false;true;true;3,28;0;3,22
1367;1,96;0,07;211;false;true;true;3,28;0;3,22
1368;1,96;0,07;211;false;true;true;3,28;0;3,22
1369;1,96;0,08;211;false;true;true;3,28;0;3,22
1370;1,96;0,08;211;false;true;true;3,28;0;3,22
1371;1,96;0,08;211;false;true;true;3,28;0;3,22
1372;1,96;0,08;211;false;true;true;3,29;0;3,22
1373;1,96;0,08;211;false;true;true;3,28;0;3,22
1374;1,97;0,07;211;false;true;true;3,28;0;3,22
1375;1,97;0,07;211;false;true;true;3,28;0;3,22
1376;1,97;0,07;211;false;true;true;3,28;0;3,22
1377;1,97;0,07;211;false;true;true;3,28;0;3,22
1378;1,97;0,07;211;false;true;true;3,28;0;3,22
1379;1,97;0,07;211;false;true;true;3,28;0;3,22
1380;1,97;0,07;211;false;true;true;3,28;0;3,22
1381;1,97;0,07;211;false;true;true;3,28;0;3,22
1382;1,97;0,07;211;false;true;true;3,28;0;3,22
1383;1,97;0,07;211;false;true;true;3,29;0;3,22
1384;1,98;0,08;211;false;true;true;3,29;0;3,22
1385;1,98;0,07;211;false;true;true;3,28;0;3,22
1386;1,98;0,08;211;false;true;true;3,29;0;3,22
1387;1,98;0,08;211;false;true;true;3,29;0;3,22
1388;1,98;0,07;211;false;true;true;3,28;0;3,22
1389;1,98;0,07;211;false;true;true;3,28;0;3,22
1390;1,98;0,07;211;false;true;true;3,29;0;3,22
1391;1,98;0,07;211;false;true;true;3,28;0;3,22
1392;1,98;0,08;211;false;true;true;3,29;0;3,22
1393;1,98;0,07;211;false;true;true;3,28;0;3,22
1394;1,99;0,07;211;false;true;true;3,28;0;3,22
1395;1,99;0,07;211;false;true;true;3,29;0;3,22
1396;1,99;0,07;211;false;true;true;3,28;0;3,23
1397;1,99;0,07;211;false;true;true;3,29;0;3,23
1398;1,99;0,07;211;false;true;true;3,29;0;3,23
1399;1,99;0,07;211;false;true;true;3,29;0;3,23
1400;1,99;0,07;211;false;true;true;3,28;0;3,23
1401;1,99;0,07;211;false;true;true;3,29;0;3,23
1402;1,99;0,07;211;false;true;true;3,29;0;3,23
1403;1,99;0,07;211;false;true;true;3,29;0;3,23
1404;2;0,07;211;false;true;true;3,29;0;3,23
1405;2;0,07;211;false;true;true;3,29;0;3,23
1406;2;0,07;211;false;true;true;3,29;0;3,23
1407;2;0,07;211;false;true;true;3,29;0;3,23
1408;2;0,07;211;false;true;true;3,28;0;3,23
1409;2;0,07;211;false;true;true;3,29;0;3,23
1410;2;0,07;211;false;true;true;3,29;0;3,23
1411;2;0,07;211;false;true;true;3,29;0;3,23
1412;2;0,07;211;false;true;true;3,29;0;3,23
1413;2;0,07;211;false;true;true;3,29;0;3,23
1414;2,01;0,07;211;false;true;true;3,29;0;3,23
1415;2,01;0,07;211;false;true;true;3,29;0;3,23
1416;2,01;0,07;211;false;true;true;3,29;0;3,23
1417;2,01;0,07;211;false;true;true;3,29;0;3,23
1418;2,01;0,07;211;false;true;true;3,29;0;3,23
1419;2,01;0,07;211;false;true;true;3,29;0;3,23
1420;2,01;0,07;211;false;true;true;3,29;0;3,23
1421;2,01;0,07;211;false;true;true;3,29;0;3,23
1422;2,01;0,07;211;false;true;true;3,29;0;3,23
1423;2,01;0,07;211;false;true;true;3,29;0;3,23
1424;2,02;0,07;211;false;true;true;3,29;0;3,23
1425;2,02;0,07;211;false;true;true;3,29;0;3,23
1426;2,02;0,07;211;false;true;true;3,29;0;3,23
1427;2,02;0,07;211;false;true;true;3,29;0;3,23
1428;2,02;0,06;211;false;true;true;3,29;0;3,23
1429;2,02;0,07;211;false;true;true;3,29;0;3,23
1430;2,02;0,07;211;false;true;true;3,29;0;3,23
1431;2,02;0,07;211;false;true;true;3,29;0;3,23
1432;2,02;0,07;211;false;true;true;3,3;0;3,23
1433;2,02;0,07;211;false;true;true;3,29;0;3,23
1434;2,03;0,07;211;false;true;true;3,29;0;3,23
1435;2,03;0,07;211;false;true;true;3,29;0;3,23
1436;2,03;0,07;211;false;true;true;3,29;0;3,23
1437;2,03;0,07;211;false;true;true;3,29;0;3,23
1438;2,03;0,07;211;false;true;true;3,29;0;3,23
1439;2,03;0,07;211;false;true;true;3,29;0;3,23
1440;2,03;0,07;211;false;true;true;3,29;0;3,23
1441;2,03;0,07;211;false;true;true;3,29;0;3,24
1442;2,03;0,06;211;false;true;true;3,29;0;3,24
1443;2,03;0,06;211;false;true;true;3,29;0;3,24
1444;2,04;0,07;211;false;true;true;3,29;0;3,24
1445;2,04;0,07;211;false;true;true;3,29;0;3,24
1446;2,04;0,07;211;false;true;true;3,29;0;3,24
1447;2,04;0,07;211;false;true;true;3,3;0;3,24
1448;2,04;0,07;211;false;true;true;3,3;0;3,24
1449;2,04;0,07;211;false;true;true;3,3;0;3,24
1450;2,04;0,07;211;false;true;true;3,29;0;3,24
1451;2,04;0,07;211;false;true;true;3,3;0;3,24
1452;2,04;0,06;211;false;true;true;3,29;0;3,24
1453;2,04;0,07;211;false;true;true;3,29;0;3,24
1454;2,05;0,07;211;false;true;true;3,3;0;3,24
1455;2,05;0,07;211;false;true;true;3,3;0;3,24
1456;2,05;0,07;211;false;true;true;3,3;0;3,24
1457;2,05;0,07;211;false;true;true;3,3;0;3,24
1458;2,05;0,07;211;false;true;true;3,3;0;3,24
1459;2,05;0,07;211;false;true;true;3,3;0;3,24
1460;2,05;0,07;211;false;true;true;3,3;0;3,24
1461;2,05;0,07;211;false;true;true;3,3;0;3,24
1462;2,06;0,07;211;false;true;true;3,3;0;3,24
1463;2,06;0,07;211;false;true;true;3,3;0;3,24
1464;2,06;0,07;211;false;true;true;3,3;0;3,24
1465;2,06;0,07;211;false;true;true;3,3;0;3,24
1466;2,06;0,07;211;false;true;true;3,3;0;3,24
1467;2,06;0,07;211;false;true;true;3,3;0;3,24
1468;2,06;0,07;211;false;true;true;3,3;0;3,24
1469;2,06;0,07;211;false;true;true;3,3;0;3,24
1470;2,06;0,07;211;false;true;true;3,3;0;3,24
1471;2,06;0,07;211;false;true;true;3,3;0;3,24
1472;2,07;0,07;211;false;true;true;3,3;0;3,24
1473;2,07;0,07;211;false;true;true;3,3;0;3,24
1474;2,07;0,07;211;false;true;true;3,3;0;3,24
1475;2,07;0,06;211;false;true;true;3,3;0;3,24
1476;2,07;0,07;211;false;true;true;3,3;0;3,24
1477;2,07;0,06;211;false;true;true;3,3;0;3,24
1478;2,07;0,06;211;false;true;true;3,3;0;3,24
1479;2,07;0,07;211;false;true;true;3,3;0;3,24
1480;2,07;0,06;211;false;true;true;3,3;0;3,24
1481;2,07;0,06;211;false;true;true;3,3;0;3,24
1482;2,08;0,07;211;false;true;true;3,3;0;3,24
1483;2,08;0,07;211;false;true;true;3,3;0;3,25
1484;2,08;0,07;211;false;true;true;3,3;0;3,25
1485;2,08;0,07;211;false;true;true;3,3;0;3,25
1486;2,08;0,07;211;false;true;true;3,3;0;3,25
1487;2,08;0,07;211;false;true;true;3,3;0;3,25
1488;2,08;0,07;211;false;true;true;3,3;0;3,25
1489;2,08;0,06;211;false;true;true;3,3;0;3,25
1490;2,08;0,07;211;false;true;true;3,3;0;3,25
1491;2,08;0,07;211;false;true;true;3,3;0;3,25
1492;2,09;0,07;211;false;true;true;3,3;0;3,25
1493;2,09;0,07;211;false;true;true;3,3;0;3,25
1494;2,09;0,07;211;false;true;true;3,31;0;3,25
1495;2,09;0,06;211;false;true;true;3,3;0;3,25
1496;2,09;0,07;211;false;true;true;3,3;0;3,25
1497;2,09;0,07;211;false;true;true;3,3;0;3,25
1498;2,09;0,06;211;false;true;true;3,3;0;3,25
1499;2,1;0,07;211;false;true;true;3,31;0;3,25
1500;2,1;0,06;211;false;true;true;3,3;0;3,25
1501;2,1;0,07;211;false;true;true;3,3;0;3,25
1502;2,1;0,07;211;false;true;true;3,31;0;3,25
1503;2,1;0,07;211;false;true;true;3,31;0;3,25
1504;2,1;0,06;211;false;true;true;3,3;0;3,25
1505;2,11;0,06;211;false;true;true;3,3;0;3,25
1506;2,11;0,07;211;false;true;true;3,31;0;3,25
1507;2,11;0,06;211;false;true;true;3,3;0;3,25
1508;2,11;0,06;211;false;true;true;3,3;0;3,25
1509;2,11;0,06;211;false;true;true;3,31;0;3,25
1510;2,11;0,06;211;false;true;true;3,3;0;3,25
1511;2,11;0,06;211;false;true;true;3,3;0;3,25
1512;2,11;0,06;211;false;true;true;3,3;0;3,25
1513;2,11;0,06;211;false;true;true;3,3;0;3,25
1514;2,12;0,06;211;false;true;true;3,3;0;3,25
1515;2,12;0,06;211;false;true;true;3,31;0;3,25
1516;2,12;0,06;211;false;true;true;3,3;0;3,25
1517;2,12;0,06;211;false;true;true;3,31;0;3,25
1518;2,12;0,06;211;false;true;true;3,31;0;3,25
1519;2,12;0,07;211;false;true;true;3,31;0;3,25
1520;2,12;0,07;211;false;true;true;3,31;0;3,25
1521;2,12;0,06;211;false;true;true;3,31;0;3,25
1522;2,12;0,06;211;false;true;true;3,3;0;3,26
1523;2,12;0,06;211;false;true;true;3,31;0;3,26
1524;2,12;0,06;211;false;true;true;3,31;0;3,26
1525;2,13;0,06;211;false;true;true;3,31;0;3,26
1526;2,13;0,06;211;false;true;true;3,31;0;3,26
1527;2,13;0,06;211;false;true;true;3,31;0;3,26
1528;2,13;0,06;211;false;true;true;3,3;0;3,26
1529;2,13;0,06;211;false;true;true;3,31;0;3,26
1530;2,13;0,06;211;false;true;true;3,31;0;3,26
1531;2,13;0,06;211;false;true;true;3,31;0;3,26
1532;2,13;0,06;211;false;true;true;3,31;0;3,26
1533;2,13;0,06;211;false;true;true;3,31;0;3,26
1534;2,13;0,06;211;false;true;true;3,31;0;3,26
1535;2,14;0,06;211;false;true;true;3,31;0;3,26
1536;2,14;0,06;211;false;true;true;3,31;0;3,26
1537;2,14;0,06;211;false;true;true;3,31;0;3,26
1538;2,14;0,06;211;false;true;true;3,31;0;3,26
1539;2,14;0,07;211;false;true;true;3,32;0;3,26
1540;2,14;0,06;211;false;true;true;3,31;0;3,26
1541;2,14;0,06;211;false;true;true;3,31;0;3,26
1542;2,14;0,06;211;false;true;true;3,31;0;3,26
1543;2,14;0,06;211;false;true;true;3,31;0;3,26
1544;2,14;0,06;211;false;true;true;3,32;0;3,26
1545;2,15;0,07;211;false;true;true;3,32;0;3,26
1546;2,15;0,06;211;false;true;true;3,32;0;3,26
1547;2,15;0,06;211;false;true;true;3,31;0;3,26
1548;2,15;0,07;211;false;true;true;3,32;0;3,26
1549;2,15;0,06;211;false;true;true;3,31;0;3,26
1550;2,15;0,06;211;false;true;true;3,31;0;3,26
1551;2,15;0,06;211;false;true;true;3,31;0;3,26
1552;2,15;0,06;211;false;true;true;3,31;0;3,26
1553;2,15;0,06;211;false;true;true;3,31;0;3,26
1554;2,15;0,06;211;false;true;true;3,32;0;3,26
1555;2,16;0,06;211;false;true;true;3,31;0;3,26
1556;2,16;0,06;211;false;true;true;3,31;0;3,26
1557;2,16;0,06;211;false;true;true;3,31;0;3,27
1558;2,16;0,06;211;false;true;true;3,32;0;3,27
1559;2,16;0,06;211;false;true;true;3,32;0;3,27
1560;2,16;0,06;211;false;true;true;3,32;0;3,27
1561;2,16;0,06;211;false;true;true;3,32;0;3,27
1562;2,16;0,06;211;false;true;true;3,32;0;3,27
1563;2,16;0,06;211;false;true;true;3,32;0;3,27
1564;2,17;0,06;211;false;true;true;3,32;0;3,27
1565;2,17;0,06;211;false;true;true;3,32;0;3,27
1566;2,17;0,06;211;false;true;true;3,32;0;3,27
1567;2,17;0,06;211;false;true;true;3,32;0;3,27
1568;2,17;0,06;211;false;true;true;3,32;0;3,27
1569;2,17;0,06;211;false;true;true;3,32;0;3,27
1570;2,17;0,06;211;false;true;true;3,32;0;3,27
1571;2,17;0,06;211;false;true;true;3,32;0;3,27
1572;2,17;0,06;211;false;true;true;3,32;0;3,27
1573;2,17;0,05;211;false;true;true;3,31;0;3,27
1574;2,18;0,06;211;false;true;true;3,32;0;3,27
1575;2,18;0,05;211;false;true;true;3,31;0;3,27
1576;2,18;0,06;211;false;true;true;3,32;0;3,27
1577;2,18;0,06;211;false;true;true;3,33;0;3,27
1578;2,18;0,06;211;false;true;true;3,32;0;3,27
1579;2,18;0,06;211;false;true;true;3,33;0;3,27
1580;2,18;0,06;211;false;true;true;3,32;0;3,27
1581;2,18;0,06;211;false;true;true;3,33;0;3,27
1582;2,18;0,06;211;false;true;true;3,33;0;3,27
1583;2,18;0,06;211;false;true;true;3,32;0;3,27
1584;2,19;0,07;211;false;true;true;3,33;0;3,27
1585;2,19;0,06;211;false;true;true;3,33;0;3,27
1586;2,19;0,06;211;false;true;true;3,33;0;3,27
1587;2,19;0,07;211;false;true;true;3,33;0;3,27
1588;2,19;0,06;211;false;true;true;3,32;0;3,28
1589;2,19;0,06;211;false;true;true;3,32;0;3,28
1590;2,19;0,06;211;false;true;true;3,33;0;3,28
1591;2,19;0,06;211;false;true;true;3,33;0;3,28
1592;2,19;0,06;211;false;true;true;3,33;0;3,28
1593;2,19;0,06;211;false;true;true;3,33;0;3,28
1594;2,2;0,06;211;false;true;true;3,33;0;3,28
1595;2,2;0,06;211;false;true;true;3,33;0;3,28
1596;2,2;0,06;211;false;true;true;3,33;0;3,28
1597;2,2;0,06;211;false;true;true;3,33;0;3,28
1598;2,2;0,06;211;false;true;true;3,33;0;3,28
1599;2,2;0,06;211;false;true;true;3,33;0;3,28
1600;2,2;0,06;211;false;true;true;3,33;0;3,28
1601;2,2;0,06;211;false;true;true;3,33;0;3,28
1602;2,2;0,06;211;false;true;true;3,33;0;3,28
1603;2,2;0,06;211;false;true;true;3,33;0;3,28
1604;2,21;0,06;211;false;true;true;3,33;0;3,28
1605;2,21;0,06;211;false;true;true;3,33;0;3,28
1606;2,21;0,06;211;false;true;true;3,33;0;3,28
1607;2,21;0,06;211;false;true;true;3,33;0;3,28
1608;2,21;0,06;211;false;true;true;3,33;0;3,28
1609;2,21;0,06;211;false;true;true;3,33;0;3,28
1610;2,21;0,06;211;false;true;true;3,33;0;3,28
1611;2,21;0,05;211;false;true;true;3,33;0;3,28
1612;2,21;0,06;211;false;true;true;3,33;0;3,29
1613;2,21;0,06;211;false;true;true;3,33;0;3,29
1614;2,22;0,06;211;false;true;true;3,34;0;3,29
1615;2,22;0,06;211;false;true;true;3,34;0;3,29
1616;2,22;0,06;211;false;true;true;3,34;0;3,29
1617;2,22;0,06;211;false;true;true;3,33;0;3,29
1618;2,22;0,06;211;false;true;true;3,33;0;3,29
1619;2,22;0,06;211;false;true;true;3,34;0;3,29
1620;2,22;0,06;211;false;true;true;3,33;0;3,29
1621;2,22;0,06;211;false;true;true;3,33;0;3,29
1622;2,22;0,06;211;false;true;true;3,34;0;3,29
1623;2,22;0,06;211;false;true;true;3,34;0;3,29
1624;2,23;0,06;211;false;true;true;3,34;0;3,29
1625;2,23;0,06;211;false;true;true;3,34;0;3,29
1626;2,23;0,06;211;false;true;true;3,34;0;3,29
1627;2,23;0,06;211;false;true;true;3,34;0;3,29
1628;2,23;0,06;211;false;true;true;3,34;0;3,29
1629;2,23;0,06;211;false;true;true;3,34;0;3,29
1630;2,23;0,06;211;false;true;true;3,34;0;3,29
1631;2,23;0,06;211;false;true;true;3,34;0;3,3
1632;2,23;0,06;211;false;true;true;3,34;0;3,3
1633;2,23;0,07;211;false;true;true;3,35;0;3,3
1634;2,24;0,07;211;false;true;true;3,35;0;3,3
1635;2,24;0,07;211;false;true;true;3,35;0;3,3
1636;2,24;0,07;211;false;true;true;3,35;0;3,3
1637;2,24;0,07;211;false;true;true;3,35;0;3,3
1638;2,24;0,07;211;false;true;true;3,35;0;3,3
1639;2,24;0,07;211;false;true;true;3,35;0;3,3
1640;2,24;0,07;211;false;true;true;3,35;0;3,3
1641;2,24;0,07;211;false;true;true;3,35;0;3,3
1642;2,24;0,06;211;false;true;true;3,35;0;3,3
1643;2,24;0,06;211;false;true;true;3,35;0;3,3
1644;2,25;0,06;211;false;true;true;3,35;0;3,3
1645;2,25;0,06;211;false;true;true;3,35;0;3,3
1646;2,25;0,06;211;false;true;true;3,35;0;3,31
1647;2,25;0,06;211;false;true;true;3,35;0;3,31
1648;2,25;0,06;211;false;true;true;3,35;0;3,31
1649;2,25;0,06;211;false;true;true;3,36;0;3,31
1650;2,25;0,07;211;false;true;true;3,36;0;3,31
1651;2,25;0,06;211;false;true;true;3,35;0;3,31
1652;2,26;0,06;211;false;true;true;3,36;0;3,31
1653;2,26;0,06;211;false;true;true;3,36;0;3,31
1654;2,26;0,07;211;false;true;true;3,36;0;3,31
1655;2,26;0,07;211;false;true;true;3,36;0;3,31
1656;2,26;0,06;211;false;true;true;3,36;0;3,31
1657;2,26;0,07;211;false;true;true;3,36;0;3,31
1658;2,26;0,07;211;false;true;true;3,37;0;3,32
1659;2,26;0,07;211;false;true;true;3,37;0;3,32
1660;2,26;0,07;211;false;true;true;3,37;0;3,32
1661;2,26;0,07;211;false;true;true;3,37;0;3,32
1662;2,27;0,07;211;false;true;true;3,37;0;3,32
1663;2,27;0,07;211;false;true;true;3,37;0;3,32
1664;2,27;0,07;211;false;true;true;3,37;0;3,32
1665;2,27;0,07;211;false;true;true;3,37;0;3,32
1666;2,27;0,07;211;false;true;true;3,37;0;3,32
1667;2,27;0,07;211;false;true;true;3,38;0;3,33
1668;2,27;0,08;211;false;true;true;3,38;0;3,33
1669;2,27;0,07;211;false;true;true;3,38;0;3,33
1670;2,27;0,08;211;false;true;true;3,39;0;3,33
1671;2,27;0,07;211;false;true;true;3,38;0;3,33
1672;2,28;0,07;211;false;true;true;3,39;0;3,33
1673;2,28;0,07;211;false;true;true;3,38;0;3,33
1674;2,28;0,07;211;false;true;true;3,38;0;3,34
1675;2,28;0,07;211;false;true;true;3,39;0;3,34
1676;2,28;0,07;211;false;true;true;3,39;0;3,34
1677;2,28;0,07;211;false;true;true;3,39;0;3,34
1678;2,28;0,08;211;false;true;true;3,4;0;3,34
1679;2,28;0,08;211;false;true;true;3,4;0;3,34
1680;2,29;0,08;211;false;true;true;3,4;0;3,35
1681;2,29;0,08;211;false;true;true;3,4;0;3,35
1682;2,29;0,07;211;false;true;true;3,4;0;3,35
1683;2,29;0,07;211;false;true;true;3,4;0;3,35
1684;2,29;0,07;211;false;true;true;3,4;0;3,36
1685;2,29;0,07;211;false;true;true;3,4;0;3,36
1686;2,29;0,08;211;false;true;true;3,41;0;3,36
1687;2,29;0,08;211;false;true;true;3,41;0;3,36
1688;2,29;0,08;211;false;true;true;3,42;0;3,37
1689;2,29;0,08;211;false;true;true;3,42;0;3,37
1690;2,3;0,08;211;false;true;true;3,42;0;3,37
1691;2,3;0,09;211;false;true;true;3,43;0;3,38
1692;2,3;0,09;211;false;true;true;3,43;0;3,38
1693;2,3;0,09;211;false;true;true;3,43;0;3,38
1694;2,3;0,09;211;false;true;true;3,44;0;3,39
1695;2,3;0,09;211;false;true;true;3,44;0;3,39
1696;2,3;0,09;211;false;true;true;3,44;0;3,4
1697;2,3;0,1;211;false;true;true;3,45;0;3,4
1698;2,3;0,1;211;false;true;true;3,46;0;3,41
1699;2,3;0,11;211;false;true;true;3,47;0;3,42
1700;2,31;0,11;211;false;true;true;3,47;0;3,42
1701;2,31;0,11;211;false;true;true;3,48;0;3,43
1702;2,31;0,12;211;false;true;true;3,49;0;3,44
1703;2,31;0,13;211;false;true;true;3,5;0;3,45
1704;2,31;0,13;211;false;true;true;3,51;0;3,46
1705;2,31;0,14;211;false;true;true;3,52;0;3,48
1706;2,31;0,15;211;false;true;true;3,54;0;3,5
1707;2,31;0,16;211;false;true;true;3,55;0;3,52
1708;2,31;0,18;211;false;true;true;3,57;0;3,55
1709;2,32;0,21;211;false;true;true;3,6;0;3,59
1710;2,32;0,26;211;false;true;true;3,63;0;3,65
1711;2,32;0,33;211;false;true;true;3,68;0;3,74
1712;2,32;0,61;210;false;true;true;3,32;0;3,01
1713;2,32;0,5;210;false;true;true;3,2;0;3,02
1714;2,32;0,43;210;false;true;true;3,13;0;3,03
1715;2,32;0,39;210;false;true;true;3,11;0;3,03
1716;2,32;0,35;210;false;true;true;3,13;0;3,04
1717;2,32;0,33;210;false;true;true;3,16;0;3,04
1718;2,33;0,31;210;false;true;true;3,17;0;3,05
1719;2,33;0,3;210;false;true;true;3,19;0;3,05
1720;2,33;0,29;210;false;true;true;3,2;0;3,05
1721;2,33;0,28;210;false;true;true;3,2;0;3,05
1722;2,33;0,26;210;false;true;true;3,2;0;3,06
1723;2,33;0,25;210;false;true;true;3,21;0;3,06
1724;2,33;0,24;210;false;true;true;3,21;0;3,06
1725;2,33;0,23;210;false;true;true;3,21;0;3,06
1726;2,33;0,22;210;false;true;true;3,21;0;3,06
1727;2,33;0,22;210;false;true;true;3,21;0;3,06
1728;2,34;0,21;210;false;true;true;3,21;0;3,07
1729;2,34;0,21;210;false;true;true;3,21;0;3,07
1730;2,34;0,2;210;false;true;true;3,21;0;3,07
1731;2,34;0,2;210;false;true;true;3,21;0;3,07
1732;2,34;0,2;210;false;true;true;3,21;0;3,07
1733;2,34;0,19;210;false;true;true;3,21;0;3,07
1734;2,34;0,18;210;false;true;true;3,21;0;3,07
1735;2,34;0,18;210;false;true;true;3,21;0;3,07
1736;2,34;0,18;210;false;true;true;3,21;0;3,07
1737;2,34;0,17;210;false;true;true;3,21;0;3,07
1738;2,35;0,17;210;false;true;true;3,21;0;3,07
1739;2,35;0,17;210;false;true;true;3,21;0;3,08
1740;2,35;0,17;210;false;true;true;3,21;0;3,08
1741;2,35;0,16;210;false;true;true;3,21;0;3,08
1742;2,35;0,16;210;false;true;true;3,21;0;3,08
1743;2,35;0,16;210;false;true;true;3,21;0;3,08
1744;2,35;0,16;210;false;true;true;3,21;0;3,08
1745;2,35;0,16;210;false;true;true;3,21;0;3,08
1746;2,35;0,16;210;false;true;true;3,21;0;3,08
1747;2,35;0,15;210;false;true;true;3,21;0;3,08
1748;2,36;0,15;210;false;true;true;3,2;0;3,08
1749;2,36;0,15;210;false;true;true;3,2;0;3,08
1750;2,36;0,14;210;false;true;true;3,2;0;3,08
1751;2,36;0,15;210;false;true;true;3,2;0;3,08
1752;2,36;0,14;210;false;true;true;3,2;0;3,08
1753;2,36;0,14;210;false;true;true;3,2;0;3,08
1754;2,36;0,14;210;false;true;true;3,2;0;3,08
1755;2,36;0,14;210;false;true;true;3,2;0;3,08
1756;2,36;0,14;210;false;true;true;3,2;0;3,08
1757;2,36;0,14;210;false;true;true;3,2;0;3,08
1758;2,37;0,14;210;false;true;true;3,2;0;3,08
1759;2,37;0,14;210;false;true;true;3,2;0;3,08
1760;2,37;0,14;210;false;true;true;3,2;0;3,08
1761;2,37;0,14;210;false;true;true;3,2;0;3,08
1762;2,37;0,13;210;false;true;true;3,19;0;3,08
1763;2,37;0,13;210;false;true;true;3,2;0;3,08
1764;2,37;0,13;210;false;true;true;3,19;0;3,09
1765;2,37;0,13;210;false;true;true;3,19;0;3,09
1766;2,37;0,13;210;false;true;true;3,19;0;3,09
1767;2,37;0,12;210;false;true;true;3,19;0;3,09
1768;2,38;0,12;210;false;true;true;3,19;0;3,09
1769;2,38;0,13;210;false;true;true;3,19;0;3,09
1770;2,38;0,12;210;false;true;true;3,19;0;3,09
1771;2,38;0,13;210;false;true;true;3,2;0;3,09
1772;2,38;0,13;210;false;true;true;3,2;0;3,09
1773;2,38;0,12;210;false;true;true;3,2;0;3,09
1774;2,38;0,12;210;false;true;true;3,19;0;3,09
1775;2,38;0,12;210;false;true;true;3,2;0;3,09
1776;2,38;0,12;210;false;true;true;3,19;0;3,09
1777;2,38;0,12;210;false;true;true;3,19;0;3,09
1778;2,39;0,12;210;false;true;true;3,19;0;3,09
1779;2,39;0,12;210;false;true;true;3,19;0;3,09
1780;2,39;0,11;210;false;true;true;3,19;0;3,09
1781;2,39;0,12;210;false;true;true;3,19;0;3,09
1782;2,39;0,12;210;false;true;true;3,19;0;3,09
1783;2,39;0,12;210;false;true;true;3,19;0;3,09
1784;2,39;0,11;210;false;true;true;3,19;0;3,09
1785;2,39;0,11;210;false;true;true;3,19;0;3,09
1786;2,39;0,11;210;false;true;true;3,19;0;3,09
1787;2,39;0,12;210;false;true;true;3,19;0;3,09
1788;2,4;0,12;210;false;true;true;3,19;0;3,09
1789;2,4;0,12;210;false;true;true;3,19;0;3,09
1790;2,4;0,12;210;false;true;true;3,19;0;3,09
1791;2,4;0,12;210;false;true;true;3,19;0;3,09
1792;2,4;0,12;210;false;true;true;3,19;0;3,09
1793;2,4;0,12;210;false;true;true;3,19;0;3,09
1794;2,4;0,12;210;false;true;true;3,19;0;3,09
1795;2,4;0,12;210;false;true;true;3,2;0;3,09
1796;2,4;0,12;210;false;true;true;3,2;0;3,09
1797;2,4;0,12;210;false;true;true;3,2;0;3,09
1798;2,41;0,12;210;false;true;true;3,19;0;3,09
1799;2,41;0,11;210;false;true;true;3,19;0;3,09
1800;2,41;0,11;210;false;true;true;3,19;0;3,09
1801;2,41;0,11;210;false;true;true;3,19;0;3,09
1802;2,41;0,11;210;false;true;true;3,19;0;3,09
1803;2,41;0,11;210;false;true;true;3,19;0;3,09
1804;2,41;0,11;210;false;true;true;3,19;0;3,09
1805;2,41;0,11;210;false;true;true;3,19;0;3,09
1806;2,41;0,11;210;false;true;true;3,19;0;3,09
1807;2,41;0,12;210;false;true;true;3,2;0;3,09
1808;2,42;0,11;210;false;true;true;3,19;0;3,09
1809;2,42;0,12;210;false;true;true;3,2;0;3,09
1810;2,42;0,11;210;false;true;true;3,19;0;3,09
1811;2,42;0,11;210;false;true;true;3,19;0;3,09
1812;2,42;0,1;210;false;true;true;3,18;0;3,09
1813;2,42;0,1;210;false;true;true;3,18;0;3,09
1814;2,42;0,1;210;false;true;true;3,18;0;3,09
1815;2,42;0,1;210;false;true;true;3,18;0;3,09
1816;2,42;0,1;210;false;true;true;3,18;0;3,09
1817;2,43;0,1;210;false;true;true;3,18;0;3,09
1818;2,43;0,09;210;false;true;true;3,18;0;3,09
1819;2,43;0,1;210;false;true;true;3,18;0;3,09
1820;2,43;0,1;210;false;true;true;3,18;0;3,09
1821;2,43;0,1;210;false;true;true;3,18;0;3,09
1822;2,43;0,1;210;false;true;true;3,18;0;3,09
1823;2,43;0,1;210;false;true;true;3,18;0;3,09
1824;2,43;0,09;210;false;true;true;3,18;0;3,09
1825;2,43;0,1;210;false;true;true;3,18;0;3,09
1826;2,44;0,09;210;false;true;true;3,18;0;3,09
1827;2,44;0,1;210;false;true;true;3,18;0;3,09
1828;2,44;0,09;210;false;true;true;3,18;0;3,1
1829;2,44;0,1;210;false;true;true;3,18;0;3,1
1830;2,44;0,1;210;false;true;true;3,18;0;3,1
1831;2,44;0,1;210;false;true;true;3,18;0;3,1
1832;2,44;0,1;210;false;true;true;3,18;0;3,1
1833;2,44;0,1;210;false;true;true;3,18;0;3,1
1834;2,44;0,09;210;false;true;true;3,18;0;3,1
1835;2,44;0,09;210;false;true;true;3,18;0;3,1
1836;2,45;0,09;210;false;true;true;3,18;0;3,1
1837;2,45;0,1;210;false;true;true;3,18;0;3,1
1838;2,45;0,09;210;false;true;true;3,18;0;3,1
1839;2,45;0,1;210;false;true;true;3,18;0;3,1
1840;2,45;0,09;210;false;true;true;3,18;0;3,1
1841;2,45;0,09;210;false;true;true;3,18;0;3,1
1842;2,45;0,09;210;false;true;true;3,17;0;3,1
1843;2,45;0,09;210;false;true;true;3,17;0;3,1
1844;2,45;0,09;210;false;true;true;3,18;0;3,1
1845;2,45;0,09;210;false;true;true;3,17;0;3,1
1846;2,46;0,09;210;false;true;true;3,18;0;3,1
1847;2,46;0,09;210;false;true;true;3,17;0;3,1
1848;2,46;0,09;210;false;true;true;3,18;0;3,1
1849;2,46;0,09;210;false;true;true;3,18;0;3,1
1850;2,46;0,09;210;false;true;true;3,18;0;3,1
1851;2,46;0,09;210;false;true;true;3,17;0;3,1
1852;2,46;0,09;210;false;true;true;3,18;0;3,1
1853;2,46;0,09;210;false;true;true;3,18;0;3,1
1854;2,46;0,09;210;false;true;true;3,17;0;3,1
1855;2,46;0,08;210;false;true;true;3,17;0;3,1
1856;2,47;0,08;210;false;true;true;3,17;0;3,1
1857;2,47;0,08;210;false;true;true;3,17;0;3,1
1858;2,47;0,08;210;false;true;true;3,17;0;3,1
1859;2,47;0,08;210;false;true;true;3,17;0;3,1
1860;2,47;0,08;210;false;true;true;3,17;0;3,1
1861;2,47;0,08;210;false;true;true;3,17;0;3,1
1862;2,47;0,09;210;false;true;true;3,18;0;3,1
1863;2,47;0,09;210;false;true;true;3,17;0;3,1
1864;2,47;0,09;210;false;true;true;3,17;0;3,1
1865;2,48;0,08;210;false;true;true;3,17;0;3,1
1866;2,48;0,09;210;false;true;true;3,18;0;3,1
1867;2,48;0,09;210;false;true;true;3,17;0;3,1
1868;2,48;0,09;210;false;true;true;3,17;0;3,1
1869;2,48;0,08;210;false;true;true;3,17;0;3,1
1870;2,48;0,08;210;false;true;true;3,17;0;3,1
1871;2,48;0,08;210;false;true;true;3,17;0;3,1
1872;2,48;0,08;210;false;true;true;3,17;0;3,1
1873;2,48;0,08;210;false;true;true;3,17;0;3,1
1874;2,48;0,08;210;false;true;true;3,17;0;3,1
1875;2,49;0,08;210;false;true;true;3,17;0;3,1
1876;2,49;0,08;210;false;true;true;3,17;0;3,1
1877;2,49;0,08;210;false;true;true;3,17;0;3,1
1878;2,49;0,08;210;false;true;true;3,17;0;3,1
1879;2,49;0,08;210;false;true;true;3,17;0;3,1
1880;2,49;0,08;210;false;true;true;3,17;0;3,1
1881;2,49;0,08;210;false;true;true;3,17;0;3,1
1882;2,49;0,07;210;false;true;true;3,16;0;3,1
1883;2,49;0,07;210;false;true;true;3,16;0;3,1
1884;2,49;0,07;210;false;true;true;3,16;0;3,1
1885;2,5;0,07;210;false;true;true;3,16;0;3,1
1886;2,5;0,08;210;false;true;true;3,16;0;3,1
1887;2,5;0,08;210;false;true;true;3,17;0;3,1
1888;2,5;0,07;210;false;true;true;3,16;0;3,1
1889;2,5;0,08;210;false;true;true;3,17;0;3,1
1890;2,5;0,08;210;false;true;true;3,17;0;3,1
1891;2,5;0,08;210;false;true;true;3,16;0;3,1
1892;2,5;0,08;210;false;true;true;3,17;0;3,1
1893;2,5;0,07;210;false;true;true;3,16;0;3,1
1894;2,51;0,08;210;false;true;true;3,17;0;3,1
1895;2,51;0,08;210;false;true;true;3,17;0;3,1
1896;2,51;0,08;210;false;true;true;3,17;0;3,1
1897;2,51;0,08;210;false;true;true;3,17;0;3,1
1898;2,51;0,08;210;false;true;true;3,17;0;3,1
1899;2,51;0,08;210;false;true;true;3,17;0;3,1
1900;2,51;0,08;210;false;true;true;3,17;0;3,1
1901;2,51;0,08;210;false;true;true;3,17;0;3,1
1902;2,51;0,08;210;false;true;true;3,17;0;3,1
1903;2,51;0,08;210;false;true;true;3,17;0;3,1
1904;2,52;0,08;210;false;true;true;3,17;0;3,1
1905;2,52;0,08;210;false;true;true;3,17;0;3,1
1906;2,52;0,08;210;false;true;true;3,17;0;3,1
1907;2,52;0,08;210;false;true;true;3,17;0;3,1
1908;2,52;0,08;210;false;true;true;3,17;0;3,1
1909;2,52;0,07;210;false;true;true;3,17;0;3,1
1910;2,52;0,07;210;false;true;true;3,16;0;3,1
1911;2,52;0,07;210;false;true;true;3,16;0;3,1
1912;2,52;0,07;210;false;true;true;3,16;0;3,1
1913;2,52;0,07;210;false;true;true;3,16;0;3,1
1914;2,53;140,46;210;true;true;true;0;130,89;0
1915;2,53;34,11;210;true;true;true;0;29,74;0
1916;2,53;27,14;210;true;true;true;0;24,48;0
1917;2,54;21,28;210;true;true;true;0;22,45;0
1918;2,54;20,29;210;true;true;true;0;21,18;0
1919;2,55;17,81;210;true;true;true;0;20,62;0
1920;2,55;17,38;210;true;true;true;0;19,79;0
1921;2,56;16,49;210;true;true;true;0;19,28;0
1922;2,56;16,25;210;true;true;true;0;18,41;0
1923;2,57;15,88;210;true;true;true;0;17,83;0
1924;2,57;15,54;210;true;true;true;0;17,11;0
1925;2,57;14,98;210;true;true;true;0;16,52;0
1926;2,58;14,48;210;true;true;true;0;17,09;0
1927;2,58;14,07;210;true;true;true;0;16,77;0
1928;2,59;13,75;210;true;true;true;0;16,47;0
1929;2,59;13,48;210;true;true;true;0;15,99;0
1930;2,6;13,36;210;true;true;true;0;15,85;0
1931;2,6;13,31;210;true;true;true;0;15,67;0
1932;2,6;13,31;210;true;true;true;0;15,49;0
1933;2,65;13,3;210;true;true;true;0;15,31;0
1934;2,65;13,31;210;true;true;true;0;15,12;0
1935;2,66;13,29;210;true;true;true;0;14,93;0
1936;2,66;13,27;210;true;true;true;0;14,73;0
1937;2,67;13,21;210;true;true;true;0;14,54;0
1938;2,67;13,14;210;true;true;true;0;14,36;0
1939;2,67;13,05;210;true;true;true;0;14,2;0
1940;2,68;12,95;210;true;true;true;0;14,05;0
1941;2,68;12,86;210;true;true;true;0;13,92;0
1942;2,69;12,76;210;true;true;true;0;13,81;0
1943;2,69;12,68;210;true;true;true;0;13,71;0
1944;2,7;12,6;210;true;true;true;0;13,63;0
1945;2,7;12,53;210;true;true;true;0;13,56;0
1946;2,71;12,45;210;true;true;true;0;12,76;0
1947;2,71;12,38;210;true;true;true;0;12,72;0
1948;2,71;12,32;210;true;true;true;0;12,67;0
1949;2,72;12,26;210;true;true;true;0;12,63;0
1950;2,72;12,21;210;true;true;true;0;12,6;0
1951;2,73;12,16;210;true;true;true;0;12,57;0
1952;2,73;12,11;210;true;true;true;0;12,54;0
1953;2,73;12,07;210;true;true;true;0;12,51;0
1954;2,74;12,03;210;true;true;true;0;12,48;0
1955;2,74;11,99;210;true;true;true;0;12,46;0
1956;2,75;11,95;210;true;true;true;0;12,43;0
1957;2,75;11,91;210;true;true;true;0;12,41;0
1958;2,76;11,87;210;true;true;true;0;12,39;0
1959;2,76;11,86;210;true;true;true;0;12,39;0
1960;2,76;11,83;210;true;true;true;0;12,38;0
1961;2,77;11,81;210;true;true;true;0;12,37;0
1962;2,77;11,78;210;true;true;true;0;12,36;0
1963;2,78;11,75;210;true;true;true;0;12,34;0
1964;2,78;11,73;210;true;true;true;0;12,33;0
1965;2,79;11,71;210;true;true;true;0;12,32;0
1966;2,79;11,68;210;true;true;true;0;12,31;0
1967;2,8;11,66;210;true;true;true;0;12,3;0
1968;2,8;11,63;210;true;true;true;0;12,29;0
1969;2,8;11,61;210;true;true;true;0;12,28;0
1970;2,81;11,59;210;true;true;true;0;12,27;0
1971;2,81;11,57;210;true;true;true;0;12,26;0
1972;2,82;11,55;210;true;true;true;0;12,25;0
1973;2,82;11,53;210;true;true;true;0;12,24;0
1974;2,82;11,51;210;true;true;true;0;12,23;0
1975;2,83;11,49;210;true;true;true;0;12,22;0
1976;2,83;11,48;210;true;true;true;0;12,21;0
1977;2,84;11,46;210;true;true;true;0;12,21;0
1978;2,84;11,45;210;true;true;true;0;12,2;0
1979;2,84;11,43;210;true;true;true;0;12,19;0
1980;2,85;11,42;210;true;true;true;0;12,19;0
1981;2,85;11,41;210;true;true;true;0;12,18;0
1982;2,86;11,39;210;true;true;true;0;12,17;0
1983;2,86;11,38;210;true;true;true;0;12,17;0
1984;2,87;11,37;210;true;true;true;0;12,16;0
1985;2,87;11,36;210;true;true;true;0;12,16;0
1986;2,87;11,36;210;true;true;true;0;12,15;0
1987;2,88;11,35;210;true;true;true;0;12,14;0
1988;2,88;11,34;210;true;true;true;0;12,14;0
1989;2,88;11,34;210;true;true;true;0;12,13;0
1990;2,89;11,33;210;true;true;true;0;12,13;0
1991;2,89;11,33;210;true;true;true;0;12,12;0
1992;2,9;11,33;210;true;true;true;0;12,12;0
1993;2,9;11,32;210;true;true;true;0;12,11;0
1994;2,9;11,32;210;true;true;true;0;12,11;0
1995;2,91;11,32;210;true;true;true;0;12,1;0
1996;2,91;11,32;210;true;true;true;0;12,1;0
1997;2,92;11,32;210;true;true;true;0;12,09;0
1998;2,92;11,32;210;true;true;true;0;12,09;0
1999;2,92;11,32;210;true;true;true;0;12,08;0
2000;2,93;11,32;210;true;true;true;0;12,08;0
2001;2,93;11,32;210;true;true;true;0;12,07;0
2002;2,94;11,32;210;true;true;true;0;12,07;0
2003;2,94;11,33;210;true;true;true;0;12,07;0
2004;2,94;11,34;210;true;true;true;0;12,08;0
2005;2,95;11,35;210;true;true;true;0;12,08;0
2006;2,95;11,36;210;true;true;true;0;12,08;0
2007;2,96;11,36;210;true;true;true;0;12,08;0
2008;2,96;11,37;210;true;true;true;0;12,08;0
2009;2,97;11,38;210;true;true;true;0;12,08;0
2010;2,97;11,38;210;true;true;true;0;12,08;0
2011;2,97;11,39;210;true;true;true;0;12,07;0
2012;2,98;11,39;210;true;true;true;0;12,07;0
2013;2,98;11,4;210;true;true;true;0;12,07;0
2014;2,99;11,41;210;true;true;true;0;12,07;0
2015;2,99;11,41;210;true;true;true;0;12,07;0
2016;3;11,42;210;true;true;true;0;12,07;0
2017;3;11,43;210;true;true;true;0;12,06;0
2018;3,01;11,43;210;true;true;true;0;12,06;0
2019;3,01;11,44;210;true;true;true;0;12,06;0
2020;3,01;11,45;210;true;true;true;0;12,06;0
2021;3,02;11,45;210;true;true;true;0;12,06;0
2022;3,02;11,46;210;true;true;true;0;12,05;0
2023;3,03;11,47;210;true;true;true;0;12,05;0
2024;3,03;11,47;210;true;true;true;0;12,05;0
2025;3,03;11,48;210;true;true;true;0;12,05;0
2026;3,04;11,48;210;true;true;true;0;12,04;0
2027;3,04;11,49;210;true;true;true;0;12,04;0
2028;3,05;11,5;210;true;true;true;0;12,04;0
2029;3,05;11,5;210;true;true;true;0;12,04;0
2030;3,06;11,51;210;true;true;true;0;12,03;0
2031;3,06;11,52;210;true;true;true;0;12,03;0
2032;3,06;11,52;210;true;true;true;0;12,03;0
2033;3,07;11,52;210;true;true;true;0;12,02;0
2034;3,07;11,53;210;true;true;true;0;12,02;0
2035;3,08;11,53;210;true;true;true;0;12,02;0
2036;3,08;11,53;210;true;true;true;0;12,01;0
2037;3,08;11,53;210;true;true;true;0;12,01;0
2038;3,09;11,53;210;true;true;true;0;12,01;0
2039;3,09;11,53;210;true;true;true;0;12;0
2040;3,1;11,53;210;true;true;true;0;12;0
2041;3,1;11,53;210;true;true;true;0;12;0
2042;3,11;11,53;210;true;true;true;0;11,99;0
2043;3,11;11,53;210;true;true;true;0;11,99;0
2044;3,11;11,53;210;true;true;true;0;11,98;0
2045;3,12;11,53;210;true;true;true;0;11,97;0
2046;3,12;11,53;210;true;true;true;0;11,97;0
2047;3,13;11,53;210;true;true;true;0;11,96;0
2048;3,13;11,52;210;true;true;true;0;11,95;0
2049;3,14;11,52;210;true;true;true;0;11,95;0
2050;3,14;11,51;210;true;true;true;0;11,94;0
2051;3,15;11,51;210;true;true;true;0;11,93;0
2052;3,15;11,5;210;true;true;true;0;11,93;0
2053;3,15;11,49;210;true;true;true;0;11,92;0
2054;3,16;11,48;210;true;true;true;0;11,91;0
2055;3,16;11,48;210;true;true;true;0;11,91;0
2056;3,17;11,47;210;true;true;true;0;11,9;0
2057;3,17;11,45;210;true;true;true;0;11,89;0
2058;3,18;11,44;210;true;true;true;0;11,88;0
2059;3,18;11,43;210;true;true;true;0;11,87;0
2060;3,18;11,41;210;true;true;true;0;11,87;0
2061;3,19;11,39;210;true;true;true;0;11,86;0
2062;3,19;11,37;210;true;true;true;0;11,85;0
2063;3,2;11,35;210;true;true;true;0;11,84;0
2064;3,2;11,33;210;true;true;true;0;11,82;0
2065;3,2;11,31;210;true;true;true;0;11,81;0
2066;3,21;11,28;210;true;true;true;0;11,8;0
2067;3,21;11,26;210;true;true;true;0;11,79;0
2068;3,22;11,23;210;true;true;true;0;11,77;0
2069;3,22;11,21;210;true;true;true;0;11,76;0
2070;3,22;11,18;210;true;true;true;0;11,74;0
2071;3,23;11,16;210;true;true;true;0;11,72;0
2072;3,23;11,14;210;true;true;true;0;11,71;0
2073;3,24;11,14;210;true;true;true;0;11,69;0
2074;3,24;11,15;210;true;true;true;0;11,67;0
2075;3,25;11,17;210;true;true;true;0;11,65;0
2076;3,25;11,19;210;true;true;true;0;12,02;0
2077;3,26;11,22;210;true;true;true;0;12,01;0
2078;3,26;11,24;210;true;true;true;0;12;0
2079;3,26;11,26;210;true;true;true;0;11,99;0
2080;3,27;11,29;210;true;true;true;0;11,97;0
2081;3,27;11,31;210;true;true;true;0;11,96;0
2082;3,28;11,33;210;true;true;true;0;11,94;0
2083;3,28;11,35;210;true;true;true;0;11,92;0
2084;3,28;11,37;210;true;true;true;0;11,9;0
2085;3,29;11,4;